FinishTime,ArrivalTime,ServiceTime,ID
3.289835925485679e+00,1.525130043132738e+00,5.882352941176471e-01,15248384
4.750181487483199e+00,2.985475605130258e+00,5.882352941176471e-01,15248385
5.867056721728337e+00,4.102350839375396e+00,5.882352941176471e-01,15248386
7.152827287872788e+00,5.388121405519847e+00,5.882352941176471e-01,15248387
9.579991628282149e+00,6.050579863576266e+00,1.176470588235294e+00,15248389
1.011213164249420e+01,8.347425760141256e+00,5.882352941176471e-01,15248390
1.088255803020157e+01,5.588440383142746e+00,1.764705882352941e+00,15248388
1.464838302369064e+01,1.288367714133770e+01,5.882352941176471e-01,15248393
1.503195055962405e+01,1.150253879491817e+01,1.176470588235294e+00,15248391
1.568307497449842e+01,1.215366320979253e+01,1.176470588235294e+00,15248392
1.679665644197700e+01,1.459599768790028e+01,5.882352941176471e-01,15248395
1.994250067074946e+01,1.459093648233736e+01,1.764705882352941e+00,15248394
2.360740407435837e+01,1.831328642729955e+01,1.764705882352941e+00,15248396
2.402511105710158e+01,1.873099341004275e+01,1.764705882352941e+00,15248397
2.578981693945452e+01,2.221630410189473e+01,5.882352941176471e-01,15248400
2.650992931370638e+01,2.121581166664755e+01,1.764705882352941e+00,15248398
2.755452282180746e+01,2.352242964824416e+01,5.882352941176471e-01,15248401
2.890152172141719e+01,2.219686781915840e+01,1.764705882352941e+00,15248399
3.315464150698557e+01,3.138993562463262e+01,5.882352941176471e-01,15248402
3.362260328477846e+01,3.185789740242552e+01,5.882352941176471e-01,15248403
3.372992996886514e+01,3.196522408651220e+01,5.882352941176471e-01,15248404
3.683841601696427e+01,3.507371013461132e+01,5.882352941176471e-01,15248405
3.938937823280052e+01,3.762467235044757e+01,5.882352941176471e-01,15248406
4.268069262201091e+01,4.091598673965797e+01,5.882352941176471e-01,15248408
4.406963320543490e+01,4.230492732308196e+01,5.882352941176471e-01,15248409
4.421120148952961e+01,3.891708384247079e+01,1.764705882352941e+00,15248407
4.580569518193230e+01,4.404098929957935e+01,5.882352941176471e-01,15248410
4.864320846842051e+01,4.687850258606757e+01,5.882352941176471e-01,15248412
4.876207026134469e+01,4.699736437899175e+01,5.882352941176471e-01,15248413
5.009840021445540e+01,4.480428256739658e+01,1.764705882352941e+00,15248411
5.052677614369763e+01,4.748992458654399e+01,5.882352941176471e-01,15248415
5.386853072099026e+01,5.033911895628438e+01,1.176470588235294e+00,15248416
5.393732611547933e+01,4.730635547014279e+01,1.764705882352941e+00,15248414
5.570203199783228e+01,5.165586056249013e+01,5.882352941176471e-01,15248419
5.582089379075645e+01,5.038663639754277e+01,1.764705882352941e+00,15248417
5.746673788018522e+01,5.214414301162436e+01,5.882352941176471e-01,15248420
5.916264836804909e+01,5.100157232508345e+01,1.764705882352941e+00,15248418
5.923144376253816e+01,5.287355859176020e+01,5.882352941176471e-01,15248422
6.111501143781528e+01,5.279837922930621e+01,1.764705882352941e+00,15248421
6.276085552724404e+01,5.536321157485846e+01,1.176470588235294e+00,15248424
6.287971732016822e+01,5.536690104709551e+01,5.882352941176471e-01,15248425
6.445676601510791e+01,5.524788723217816e+01,1.764705882352941e+00,15248423
6.622147189746085e+01,5.631349884632417e+01,5.882352941176471e-01,15248428
6.629026729194992e+01,5.555509861021122e+01,1.176470588235294e+00,15248426
6.640912908487410e+01,5.616939007408789e+01,1.176470588235294e+00,15248427
7.151558954451968e+01,5.717161181618139e+01,1.764705882352941e+00,15248429
7.158438493900875e+01,5.751896082903709e+01,1.764705882352941e+00,15248430
7.170324673193292e+01,5.792546656609026e+01,1.764705882352941e+00,15248431
7.328029542687262e+01,5.829368274041868e+01,5.882352941176471e-01,15248432
7.334909082136169e+01,5.872031598844972e+01,5.882352941176471e-01,15248433
7.346795261428586e+01,5.900348247490017e+01,5.882352941176471e-01,15248434
7.504500130922556e+01,6.059939682862770e+01,5.882352941176471e-01,15248435
7.523265849663881e+01,6.193123484509954e+01,5.882352941176471e-01,15248437
7.680970719157850e+01,6.267460780419514e+01,5.882352941176471e-01,15248438
7.687850258606757e+01,6.164834203204979e+01,1.176470588235294e+00,15248436
7.876207026134469e+01,6.404617389030377e+01,1.176470588235294e+00,15248439
8.040791435077345e+01,6.495066257875192e+01,1.176470588235294e+00,15248441
8.052677614369763e+01,6.750324144602170e+01,5.882352941176471e-01,15248442
8.210382483863732e+01,6.463444171847245e+01,1.764705882352941e+00,15248440
8.217262023312639e+01,6.777769987923219e+01,5.882352941176471e-01,15248443
8.229148202605057e+01,6.810151405533137e+01,5.882352941176471e-01,15248444
8.386853072099026e+01,6.929837399081482e+01,5.882352941176471e-01,15248445
8.393732611547933e+01,6.941236285692933e+01,5.882352941176471e-01,15248446
8.563323660334321e+01,7.357829572940644e+01,5.882352941176471e-01,15248448
8.570203199783228e+01,7.395327228799214e+01,5.882352941176471e-01,15248449
8.739794248569615e+01,7.400094413534932e+01,5.882352941176471e-01,15248450
8.746673788018522e+01,7.498398283034002e+01,5.882352941176471e-01,15248451
8.758559967310939e+01,7.183130382521333e+01,1.764705882352941e+00,15248447
8.916264836804909e+01,7.564571490518408e+01,5.882352941176471e-01,15248452
8.923144376253816e+01,7.622630348326981e+01,5.882352941176471e-01,15248453
8.935030555546234e+01,7.642042993448652e+01,5.882352941176471e-01,15248454
9.099614964489110e+01,7.802899378014086e+01,5.882352941176471e-01,15248456
9.287971732016822e+01,7.809699207292891e+01,1.176470588235294e+00,15248457
9.445676601510791e+01,7.761355354383186e+01,1.764705882352941e+00,15248455
9.464442320252116e+01,7.912717162869383e+01,5.882352941176471e-01,15248459
9.629026729194992e+01,7.818025757648657e+01,1.764705882352941e+00,15248458
9.817383496722704e+01,8.111257662824797e+01,1.176470588235294e+00,15248461
9.975088366216673e+01,8.090408763950411e+01,1.764705882352941e+00,15248460
9.993854084957998e+01,8.204477444592494e+01,5.882352941176471e-01,15248463
1.015843849390087e+02,8.175032626082237e+01,1.764705882352941e+00,15248462
1.050450013092256e+02,8.248765112372362e+01,1.764705882352941e+00,15248464
1.051137967037146e+02,8.351208299238603e+01,1.176470588235294e+00,15248466
1.052326584966388e+02,8.288953619248730e+01,1.764705882352941e+00,15248465
1.069973643789917e+02,8.664598516638582e+01,5.882352941176471e-01,15248469
1.087620702613447e+02,8.716759342480803e+01,5.882352941176471e-01,15248470
1.103391189562844e+02,8.550811093889709e+01,1.764705882352941e+00,15248467
1.104079143507735e+02,8.643279967451945e+01,1.764705882352941e+00,15248468
1.121038248386373e+02,8.788629003165809e+01,5.882352941176471e-01,15248472
1.122914820260506e+02,8.725801658805652e+01,1.176470588235294e+00,15248471
1.157020319978323e+02,8.846309464308833e+01,1.764705882352941e+00,15248473
1.173979424856961e+02,9.000617789201752e+01,1.764705882352941e+00,15248474
1.175855996731094e+02,9.178970687964731e+01,1.764705882352941e+00,15248475
1.191626483680491e+02,9.521793760573204e+01,5.882352941176471e-01,15248477
1.209961496448911e+02,9.504828001879138e+01,1.764705882352941e+00,15248476
1.211150114378153e+02,9.646959907133822e+01,1.176470588235294e+00,15248478
1.228797173201682e+02,9.774475477835627e+01,5.882352941176471e-01,15248481
1.244567660151079e+02,9.715951571621208e+01,1.764705882352941e+00,15248479
1.245255614095970e+02,9.729787801770871e+01,1.176470588235294e+00,15248480
1.246444232025212e+02,9.938526829712639e+01,5.882352941176471e-01,15248482
1.262214718974609e+02,9.978801692323716e+01,5.882352941176471e-01,15248483
1.279861777798138e+02,1.030790165397688e+02,5.882352941176471e-01,15248486
1.280549731743029e+02,1.002143951762436e+02,1.176470588235294e+00,15248484
1.298196790566558e+02,1.053486892676761e+02,5.882352941176471e-01,15248488
1.299385408495800e+02,1.030549763750863e+02,1.764705882352941e+00,15248485
1.315843849390087e+02,1.061569652806786e+02,5.882352941176471e-01,15248489
1.317032467319329e+02,1.061838268785138e+02,5.882352941176471e-01,15248490
1.332802954268726e+02,1.043636314405477e+02,1.764705882352941e+00,15248487
1.334679526142859e+02,1.066407846251853e+02,5.882352941176471e-01,15248492
1.350450013092256e+02,1.067754190036477e+02,5.882352941176471e-01,15248493
1.368097071915785e+02,1.081967431515428e+02,5.882352941176471e-01,15248495
1.368785025860676e+02,1.064281120463254e+02,1.764705882352941e+00,15248491
1.369973643789917e+02,1.069511086349892e+02,1.176470588235294e+00,15248494
1.385744130739314e+02,1.094084967746872e+02,5.882352941176471e-01,15248496
1.386432084684205e+02,1.118524572394086e+02,5.882352941176471e-01,15248497
1.387620702613447e+02,1.130438203028274e+02,5.882352941176471e-01,15248498
1.404079143507735e+02,1.162680404453993e+02,5.882352941176471e-01,15248500
1.405267761436976e+02,1.173411143350321e+02,5.882352941176471e-01,15248501
1.421726202331264e+02,1.201842944393515e+02,5.882352941176471e-01,15248502
1.438685307209903e+02,1.132616237657473e+02,1.764705882352941e+00,15248499
1.439373261154793e+02,1.203814667024014e+02,5.882352941176471e-01,15248504
1.456332366033432e+02,1.223529766035062e+02,5.882352941176471e-01,15248505
1.457020319978323e+02,1.224439991017869e+02,5.882352941176471e-01,15248506
1.458208937907565e+02,1.202133669744440e+02,1.764705882352941e+00,15248503
1.474667378801852e+02,1.246653602959371e+02,5.882352941176471e-01,15248508
1.475855996731094e+02,1.267809053665178e+02,5.882352941176471e-01,15248509
1.491626483680491e+02,1.237669032618113e+02,1.176470588235294e+00,15248507
1.492314437625382e+02,1.276176499881662e+02,5.882352941176471e-01,15248510
1.493503055554623e+02,1.281184430673522e+02,5.882352941176471e-01,15248511
1.509273542504020e+02,1.287693350261301e+02,5.882352941176471e-01,15248512
1.509961496448911e+02,1.290523321530654e+02,5.882352941176471e-01,15248513
1.511150114378153e+02,1.302801545589625e+02,5.882352941176471e-01,15248514
1.526920601327550e+02,1.304526181654967e+02,5.882352941176471e-01,15248515
1.562902672919499e+02,1.307373635377756e+02,1.764705882352941e+00,15248516
1.564091290848741e+02,1.331872589322553e+02,1.764705882352941e+00,15248517
1.579861777798138e+02,1.332905552093938e+02,1.764705882352941e+00,15248518
1.580549731743029e+02,1.335224204540672e+02,5.882352941176471e-01,15248519
1.597508836621667e+02,1.356351786764254e+02,5.882352941176471e-01,15248521
1.598196790566558e+02,1.374566490271620e+02,5.882352941176471e-01,15248522
1.615843849390087e+02,1.400891453654320e+02,5.882352941176471e-01,15248524
1.617032467319329e+02,1.350237365244861e+02,1.764705882352941e+00,15248520
1.632802954268726e+02,1.383868078106228e+02,1.176470588235294e+00,15248523
1.650450013092256e+02,1.420842458486828e+02,5.882352941176471e-01,15248527
1.652326584966388e+02,1.419937971707357e+02,1.176470588235294e+00,15248526
1.668785025860676e+02,1.409822033253456e+02,1.764705882352941e+00,15248525
1.669973643789917e+02,1.432943718931193e+02,5.882352941176471e-01,15248529
1.686432084684205e+02,1.436461227387052e+02,5.882352941176471e-01,15248530
1.703391189562844e+02,1.429051455405295e+02,1.764705882352941e+00,15248528
1.704079143507735e+02,1.469481971540920e+02,5.882352941176471e-01,15248532
1.721726202331264e+02,1.493994054184463e+02,5.882352941176471e-01,15248534
1.722914820260506e+02,1.457956856517854e+02,1.764705882352941e+00,15248531
1.738685307209903e+02,1.474868637481552e+02,1.176470588235294e+00,15248533
1.756332366033432e+02,1.561682471230869e+02,5.882352941176471e-01,15248537
1.774667378801852e+02,1.497037680010782e+02,1.764705882352941e+00,15248535
1.775855996731094e+02,1.555069438213003e+02,1.764705882352941e+00,15248536
1.793503055554623e+02,1.606639079648192e+02,5.882352941176471e-01,15248540
1.809273542504020e+02,1.583436352861728e+02,1.764705882352941e+00,15248538
1.811150114378153e+02,1.618213099525553e+02,5.882352941176471e-01,15248541
1.827608555272440e+02,1.593467044068781e+02,1.764705882352941e+00,15248539
1.845255614095970e+02,1.634066680564419e+02,5.882352941176471e-01,15248544
1.862214718974609e+02,1.619742671929386e+02,1.764705882352941e+00,15248542
1.864091290848741e+02,1.625456433997304e+02,1.764705882352941e+00,15248543
1.880549731743029e+02,1.640155904576842e+02,1.176470588235294e+00,15248545
1.898196790566558e+02,1.669987198611799e+02,5.882352941176471e-01,15248548
1.899385408495800e+02,1.667391365919233e+02,1.176470588235294e+00,15248547
1.915155895445197e+02,1.643987546504957e+02,1.764705882352941e+00,15248546
1.915843849390087e+02,1.674623660595354e+02,5.882352941176471e-01,15248549
1.932802954268726e+02,1.691906581312937e+02,5.882352941176471e-01,15248551
1.934679526142859e+02,1.682485567722444e+02,1.176470588235294e+00,15248550
1.950450013092256e+02,1.725005640829323e+02,5.882352941176471e-01,15248553
1.952326584966388e+02,1.737428771814047e+02,5.882352941176471e-01,15248554
1.968785025860676e+02,1.693054640695715e+02,1.764705882352941e+00,15248552
1.969973643789917e+02,1.750219748980345e+02,5.882352941176471e-01,15248556
1.985744130739314e+02,1.742756075653595e+02,1.176470588235294e+00,15248555
2.003391189562844e+02,1.803103514931534e+02,5.882352941176471e-01,15248559
2.004079143507735e+02,1.793234206320329e+02,1.176470588235294e+00,15248557
2.021726202331264e+02,1.835613795913378e+02,5.882352941176471e-01,15248561
2.022914820260506e+02,1.797784848485489e+02,1.764705882352941e+00,15248558
2.038685307209903e+02,1.832546984323231e+02,1.176470588235294e+00,15248560
2.040561879084035e+02,1.846814570414832e+02,5.882352941176471e-01,15248563
2.056332366033432e+02,1.854391774197803e+02,5.882352941176471e-01,15248564
2.073979424856961e+02,1.891542606126271e+02,5.882352941176471e-01,15248566
2.074667378801852e+02,1.841125414325086e+02,1.764705882352941e+00,15248562
2.075855996731094e+02,1.859458710965371e+02,1.176470588235294e+00,15248565
2.092314437625382e+02,1.946899394304168e+02,5.882352941176471e-01,15248568
2.093503055554623e+02,1.949340944352574e+02,5.882352941176471e-01,15248569
2.109961496448911e+02,1.953387428637230e+02,5.882352941176471e-01,15248570
2.126920601327550e+02,1.903352294848656e+02,1.764705882352941e+00,15248567
2.127608555272440e+02,1.962613530251107e+02,5.882352941176471e-01,15248572
2.128797173201682e+02,1.956254606668760e+02,1.176470588235294e+00,15248571
2.144567660151079e+02,1.962820983370332e+02,5.882352941176471e-01,15248573
2.162214718974609e+02,2.001329212152883e+02,5.882352941176471e-01,15248576
2.180549731743029e+02,1.973415759103915e+02,1.764705882352941e+00,15248574
2.181738349672270e+02,1.989234344115921e+02,1.764705882352941e+00,15248575
2.198196790566558e+02,2.012589341545631e+02,5.882352941176471e-01,15248578
2.215155895445197e+02,2.006224834570864e+02,1.764705882352941e+00,15248577
2.215843849390087e+02,2.062695656188696e+02,5.882352941176471e-01,15248580
2.232802954268726e+02,2.072139664633835e+02,5.882352941176471e-01,15248581
2.233490908213617e+02,2.084018831317438e+02,5.882352941176471e-01,15248582
2.234679526142859e+02,2.024033407738920e+02,1.764705882352941e+00,15248579
2.250450013092256e+02,2.099975456139767e+02,5.882352941176471e-01,15248583
2.269973643789917e+02,2.144773760996661e+02,1.176470588235294e+00,15248585
2.286432084684205e+02,2.140204174888128e+02,1.764705882352941e+00,15248584
2.287620702613447e+02,2.164008832929482e+02,5.882352941176471e-01,15248587
2.303391189562844e+02,2.148779926617575e+02,1.764705882352941e+00,15248586
2.304079143507735e+02,2.166917623477597e+02,5.882352941176471e-01,15248588
2.305267761436976e+02,2.169060543868308e+02,5.882352941176471e-01,15248589
2.338685307209903e+02,2.186873400928667e+02,1.176470588235294e+00,15248590
2.339373261154793e+02,2.188521471216118e+02,1.176470588235294e+00,15248591
2.356332366033432e+02,2.218667345937864e+02,5.882352941176471e-01,15248593
2.358208937907565e+02,2.205998744201299e+02,1.764705882352941e+00,15248592
2.373979424856961e+02,2.252829156812473e+02,5.882352941176471e-01,15248595
2.391626483680491e+02,2.259282565160828e+02,5.882352941176471e-01,15248597
2.392314437625382e+02,2.226632125623466e+02,1.764705882352941e+00,15248594
2.409273542504020e+02,2.275344736073418e+02,5.882352941176471e-01,15248598
2.411150114378153e+02,2.256239086882150e+02,1.764705882352941e+00,15248596
2.427608555272440e+02,2.291625002233681e+02,1.176470588235294e+00,15248599
2.428797173201682e+02,2.313386744288114e+02,5.882352941176471e-01,15248601
2.444567660151079e+02,2.310122659334342e+02,1.176470588235294e+00,15248600
2.445255614095970e+02,2.318852323539060e+02,5.882352941176471e-01,15248602
2.446444232025212e+02,2.322310275671962e+02,5.882352941176471e-01,15248603
2.462214718974609e+02,2.352459100811382e+02,5.882352941176471e-01,15248604
2.462902672919499e+02,2.355120082084996e+02,5.882352941176471e-01,15248605
2.464091290848741e+02,2.397391423831537e+02,5.882352941176471e-01,15248606
2.480549731743029e+02,2.438724801341658e+02,5.882352941176471e-01,15248608
2.481738349672270e+02,2.447168375758429e+02,5.882352941176471e-01,15248609
2.498196790566558e+02,2.460565716303611e+02,5.882352941176471e-01,15248610
2.515155895445197e+02,2.418115483379021e+02,1.764705882352941e+00,15248607
2.515843849390087e+02,2.475299592410889e+02,5.882352941176471e-01,15248612
2.532802954268726e+02,2.479457071534677e+02,5.882352941176471e-01,15248613
2.533490908213617e+02,2.482093382036830e+02,5.882352941176471e-01,15248614
2.534679526142859e+02,2.473239408597376e+02,1.764705882352941e+00,15248611
2.550450013092256e+02,2.483080836800253e+02,5.882352941176471e-01,15248615
2.568097071915785e+02,2.524784008190215e+02,5.882352941176471e-01,15248618
2.568785025860676e+02,2.511510762197006e+02,1.176470588235294e+00,15248616
2.569973643789917e+02,2.523336192557922e+02,1.176470588235294e+00,15248617
2.587620702613447e+02,2.540302449886840e+02,5.882352941176471e-01,15248621
2.605267761436976e+02,2.546478696635901e+02,5.882352941176471e-01,15248622
2.621038248386373e+02,2.532289550564755e+02,1.764705882352941e+00,15248619
2.621726202331264e+02,2.539619704266182e+02,1.764705882352941e+00,15248620
2.622914820260506e+02,2.553902992070151e+02,5.882352941176471e-01,15248623
2.638685307209903e+02,2.579389801177749e+02,5.882352941176471e-01,15248624
2.639373261154793e+02,2.607269041643229e+02,5.882352941176471e-01,15248625
2.671868920629845e+02,2.654221861806316e+02,5.882352941176471e-01,15248627
2.674652763929229e+02,2.657005705105700e+02,5.882352941176471e-01,15248628
2.692521278987078e+02,2.639580102516490e+02,1.764705882352941e+00,15248626
2.694158491504785e+02,2.676511432681256e+02,5.882352941176471e-01,15248629
2.710168337810607e+02,2.684609386626465e+02,5.882352941176471e-01,15248631
2.733936956735359e+02,2.680995780264770e+02,1.764705882352941e+00,15248630
2.751485226974527e+02,2.716191109327468e+02,1.176470588235294e+00,15248632
2.769132285798056e+02,2.738538428943524e+02,5.882352941176471e-01,15248635
2.769264262414227e+02,2.733970144767168e+02,1.176470588235294e+00,15248634
2.770729513380511e+02,2.717788336909922e+02,1.764705882352941e+00,15248633
2.808012384613637e+02,2.772718266966578e+02,1.176470588235294e+00,15248638
2.822073462268645e+02,2.753130437897445e+02,1.764705882352941e+00,15248636
2.822205438884815e+02,2.765733401992576e+02,1.764705882352941e+00,15248637
2.825659443437167e+02,2.786475093300106e+02,5.882352941176471e-01,15248639
2.839852497708345e+02,2.802037476293519e+02,5.882352941176471e-01,15248641
2.866570490807220e+02,2.848923431983690e+02,5.882352941176471e-01,15248642
2.875014638739233e+02,2.797630623900763e+02,1.764705882352941e+00,15248640
2.875127386802413e+02,2.857480327978883e+02,5.882352941176471e-01,15248643
2.884217549630749e+02,2.864693952091115e+02,5.882352941176471e-01,15248644
2.924747580283724e+02,2.907100521460194e+02,5.882352941176471e-01,15248646
2.928880788028350e+02,2.875939611557762e+02,1.764705882352941e+00,15248645
2.942394639107253e+02,2.915757960583396e+02,5.882352941176471e-01,15248648
2.944993736211765e+02,2.909699618564706e+02,1.176470588235294e+00,15248647
2.946527846851879e+02,2.921006324771983e+02,5.882352941176471e-01,15248649
2.960041697930783e+02,2.928229730579462e+02,5.882352941176471e-01,15248650
2.981821964498938e+02,2.930351791830437e+02,1.176470588235294e+00,15248652
2.997934912682353e+02,2.928718418451287e+02,1.764705882352941e+00,15248651
3.012982874401371e+02,2.931151023186092e+02,1.764705882352941e+00,15248653
3.015581971505882e+02,2.947925479023082e+02,5.882352941176471e-01,15248655
3.030629933224900e+02,2.955064603704333e+02,5.882352941176471e-01,15248656
3.034763140969527e+02,2.937546134788659e+02,1.764705882352941e+00,15248654
3.044757194982780e+02,3.027110136159250e+02,5.882352941176471e-01,15248657
3.076071296306040e+02,3.058424237482510e+02,5.882352941176471e-01,15248659
3.077234159445949e+02,3.041940041798890e+02,1.176470588235294e+00,15248658
3.098622490567840e+02,3.080975431744311e+02,5.882352941176471e-01,15248660
3.101332012751831e+02,3.083684953928301e+02,5.882352941176471e-01,15248661
3.118400967478899e+02,3.100753908655369e+02,5.882352941176471e-01,15248663
3.136048026302428e+02,3.114160896344274e+02,5.882352941176471e-01,15248665
3.152055757609979e+02,3.099114581139391e+02,1.764705882352941e+00,15248662
3.153695085125958e+02,3.116987418495391e+02,5.882352941176471e-01,15248666
3.157505453275358e+02,3.104564276804770e+02,1.764705882352941e+00,15248664
3.169702816433508e+02,3.141114051656720e+02,5.882352941176471e-01,15248667
3.180857015394009e+02,3.163209956570479e+02,5.882352941176471e-01,15248669
3.187349875257038e+02,3.163326497772485e+02,5.882352941176471e-01,15248670
3.198504074217538e+02,3.164897882123297e+02,5.882352941176471e-01,15248671
3.204996934080567e+02,3.167269118444077e+02,5.882352941176471e-01,15248672
3.206636261596546e+02,3.144460826651527e+02,1.764705882352941e+00,15248668
3.216151133041068e+02,3.176371975683853e+02,5.882352941176471e-01,15248673
3.257938110551155e+02,3.203906977500129e+02,1.764705882352941e+00,15248674
3.262786774451071e+02,3.209845597980483e+02,1.764705882352941e+00,15248675
3.269092309511656e+02,3.215369085715504e+02,1.764705882352941e+00,15248676
3.275585169374685e+02,3.218181155006884e+02,5.882352941176471e-01,15248677
3.280433833274600e+02,3.245808494776146e+02,5.882352941176471e-01,15248678
3.286739368335185e+02,3.250391230521372e+02,5.882352941176471e-01,15248679
3.301566013586710e+02,3.283918954763180e+02,5.882352941176471e-01,15248680
3.304305481765491e+02,3.286658422941962e+02,5.882352941176471e-01,15248681
3.319213072410239e+02,3.297690253467270e+02,5.882352941176471e-01,15248683
3.346930729327726e+02,3.293989552857138e+02,1.764705882352941e+00,15248682
3.354507190057298e+02,3.314127088539226e+02,1.176470588235294e+00,15248685
3.359609995961309e+02,3.306668819490721e+02,1.764705882352941e+00,15248684
3.364577788151255e+02,3.330018643159236e+02,5.882352941176471e-01,15248686
3.377257054784838e+02,3.343768210454329e+02,5.882352941176471e-01,15248688
3.382224846974785e+02,3.356347167949370e+02,5.882352941176471e-01,15248689
3.389801307704357e+02,3.335838437300816e+02,1.176470588235294e+00,15248687
3.394904113608368e+02,3.372794450776086e+02,5.882352941176471e-01,15248690
3.407448366527886e+02,3.379378315227999e+02,5.882352941176471e-01,15248692
3.412551172431897e+02,3.394333772115837e+02,5.882352941176471e-01,15248693
3.430198231255427e+02,3.397732761180339e+02,5.882352941176471e-01,15248695
3.435166023445373e+02,3.375319136936100e+02,1.764705882352941e+00,15248691
3.447845290078956e+02,3.413952070971447e+02,5.882352941176471e-01,15248696
3.460389542998474e+02,3.395813091851613e+02,1.764705882352941e+00,15248694
3.465492348902485e+02,3.433440893039423e+02,5.882352941176471e-01,15248698
3.470460141092432e+02,3.426426058080680e+02,1.176470588235294e+00,15248697
3.510495308894579e+02,3.492848250071049e+02,5.882352941176471e-01,15248700
3.513330719469062e+02,3.453802261426030e+02,1.764705882352941e+00,15248699
3.518464311643343e+02,3.500817252819814e+02,5.882352941176471e-01,15248701
3.548521060185479e+02,3.530874001361950e+02,5.882352941176471e-01,15248703
3.549023601744884e+02,3.531376542921355e+02,5.882352941176471e-01,15248704
3.566168119009008e+02,3.531751869689431e+02,5.882352941176471e-01,15248705
3.566670660568414e+02,3.540226983535113e+02,5.882352941176471e-01,15248706
3.577687483438952e+02,3.524746306968364e+02,1.764705882352941e+00,15248702
3.619109295479597e+02,3.556868000617568e+02,1.764705882352941e+00,15248707
3.626343520012607e+02,3.573402343542018e+02,1.764705882352941e+00,15248708
3.627386626828220e+02,3.592092509181162e+02,1.176470588235294e+00,15248709
3.643990578836136e+02,3.609862438481796e+02,5.882352941176471e-01,15248711
3.661637637659665e+02,3.621201593141146e+02,5.882352941176471e-01,15248713
3.672050471950185e+02,3.600288758566842e+02,1.764705882352941e+00,15248710
3.680327803298809e+02,3.611415838842960e+02,1.764705882352941e+00,15248712
3.689697530773714e+02,3.626635671779560e+02,5.882352941176471e-01,15248715
3.707344589597244e+02,3.662673032166015e+02,5.882352941176471e-01,15248717
3.714578814130254e+02,3.624399776969851e+02,1.764705882352941e+00,15248714
3.732225872953783e+02,3.672089174115800e+02,5.882352941176471e-01,15248719
3.733268979769397e+02,3.630919184019168e+02,1.764705882352941e+00,15248716
3.750916038592926e+02,3.693975208977987e+02,5.882352941176471e-01,15248721
3.760285766067832e+02,3.667848451644579e+02,1.764705882352941e+00,15248718
3.777932824891361e+02,3.701738545992274e+02,5.882352941176471e-01,15248723
3.785167049424371e+02,3.675182294904595e+02,1.764705882352941e+00,15248720
3.786210156239985e+02,3.700372022409939e+02,1.176470588235294e+00,15248722
3.795579883714891e+02,3.704455050946462e+02,5.882352941176471e-01,15248724
3.838108225894959e+02,3.713107719335074e+02,1.764705882352941e+00,15248725
3.839151332710573e+02,3.728353898078096e+02,1.764705882352941e+00,15248726
3.848521060185479e+02,3.731407615173090e+02,1.764705882352941e+00,15248727
3.855755284718489e+02,3.736626395934130e+02,5.882352941176471e-01,15248728
3.856798391534103e+02,3.741544506381003e+02,5.882352941176471e-01,15248729
3.866168119009008e+02,3.745154589041289e+02,5.882352941176471e-01,15248730
3.874445450357632e+02,3.760869130266558e+02,5.882352941176471e-01,15248732
3.892092509181162e+02,3.765488325749807e+02,5.882352941176471e-01,15248734
3.908696461189077e+02,3.748051512103816e+02,1.764705882352941e+00,15248731
3.919109295479597e+02,3.763508283534291e+02,1.764705882352941e+00,15248733
3.926343520012607e+02,3.790328847716823e+02,5.882352941176471e-01,15248736
3.943990578836136e+02,3.852901450039792e+02,5.882352941176471e-01,15248738
3.945033685651750e+02,3.774183077201103e+02,1.764705882352941e+00,15248735
3.972050471950185e+02,3.798220064072893e+02,1.764705882352941e+00,15248737
3.989697530773714e+02,3.873622931466462e+02,5.882352941176471e-01,15248741
3.996931755306724e+02,3.855737041060364e+02,1.764705882352941e+00,15248739
3.997974862122338e+02,3.863513432679531e+02,1.764705882352941e+00,15248740
4.007344589597244e+02,3.876987381987870e+02,5.882352941176471e-01,15248742
4.014578814130254e+02,3.893515487500197e+02,5.882352941176471e-01,15248743
4.024991648420773e+02,3.895790593949225e+02,5.882352941176471e-01,15248745
4.032225872953783e+02,3.897149592871192e+02,5.882352941176471e-01,15248746
4.050916038592926e+02,3.894524380400367e+02,1.764705882352941e+00,15248744
4.077932824891361e+02,3.914950400016261e+02,1.764705882352941e+00,15248747
4.085167049424371e+02,3.934886369414869e+02,1.764705882352941e+00,15248748
4.103857215063515e+02,3.938683041115407e+02,1.764705882352941e+00,15248749
4.120461167071430e+02,3.945498876828021e+02,1.176470588235294e+00,15248751
4.121504273887044e+02,3.945758885870146e+02,5.882352941176471e-01,15248752
4.130874001361950e+02,3.944953744628706e+02,1.764705882352941e+00,15248750
4.138108225894959e+02,3.956817284703729e+02,5.882352941176471e-01,15248753
4.148521060185479e+02,3.960698847689558e+02,5.882352941176471e-01,15248755
4.156798391534103e+02,3.958499113282568e+02,1.176470588235294e+00,15248754
4.166168119009008e+02,3.967403600022361e+02,5.882352941176471e-01,15248757
4.174445450357632e+02,3.967758573661657e+02,5.882352941176471e-01,15248758
4.183815177832538e+02,3.985246354895611e+02,5.882352941176471e-01,15248759
4.191049402365548e+02,3.963918358764736e+02,1.764705882352941e+00,15248756
4.192092509181162e+02,4.000760557304283e+02,5.882352941176471e-01,15248760
4.219109295479597e+02,4.010556864779740e+02,1.176470588235294e+00,15248761
4.236756354303126e+02,4.041754955796186e+02,5.882352941176471e-01,15248764
4.243990578836136e+02,4.016547661538819e+02,1.764705882352941e+00,15248762
4.245033685651750e+02,4.018553705823487e+02,1.764705882352941e+00,15248763
4.254403413126655e+02,4.045832541808232e+02,5.882352941176471e-01,15248765
4.262680744475279e+02,4.056320304216790e+02,5.882352941176471e-01,15248767
4.279284696483195e+02,4.056231152474119e+02,1.176470588235294e+00,15248766
4.280327803298809e+02,4.069596816337576e+02,5.882352941176471e-01,15248769
4.296931755306724e+02,4.081957966105661e+02,5.882352941176471e-01,15248770
4.297974862122338e+02,4.110319025166482e+02,5.882352941176471e-01,15248771
4.307344589597244e+02,4.065283120234455e+02,1.764705882352941e+00,15248768
4.314578814130254e+02,4.126135099136962e+02,5.882352941176471e-01,15248772
4.315621920945867e+02,4.131939606249590e+02,5.882352941176471e-01,15248773
4.332225872953783e+02,4.145141822073226e+02,5.882352941176471e-01,15248775
4.333268979769397e+02,4.145213160962983e+02,5.882352941176471e-01,15248776
4.342638707244302e+02,4.134087362923778e+02,1.176470588235294e+00,15248774
4.349872931777312e+02,4.165848011440704e+02,5.882352941176471e-01,15248777
4.350916038592926e+02,4.169297615979321e+02,5.882352941176471e-01,15248778
4.360285766067832e+02,4.178598553955835e+02,5.882352941176471e-01,15248779
4.368563097416456e+02,4.226973658260982e+02,5.882352941176471e-01,15248781
4.395579883714891e+02,4.243337747617623e+02,1.176470588235294e+00,15248782
4.402814108247901e+02,4.183391953586459e+02,1.764705882352941e+00,15248780
4.403857215063515e+02,4.256353317254510e+02,1.176470588235294e+00,15248783
4.413226942538420e+02,4.257832072069370e+02,5.882352941176471e-01,15248784
4.420461167071430e+02,4.259574173933510e+02,5.882352941176471e-01,15248785
4.421504273887044e+02,4.270938500842839e+02,5.882352941176471e-01,15248786
4.439151332710573e+02,4.281700102692770e+02,5.882352941176471e-01,15248789
4.456798391534103e+02,4.289069865842270e+02,5.882352941176471e-01,15248790
4.466168119009008e+02,4.272800866028842e+02,1.764705882352941e+00,15248787
4.473402343542018e+02,4.273017950702510e+02,1.764705882352941e+00,15248788
4.509739568004691e+02,4.310010239711539e+02,1.764705882352941e+00,15248791
4.519109295479597e+02,4.310801957551112e+02,1.764705882352941e+00,15248792
4.526343520012607e+02,4.312171994179063e+02,1.764705882352941e+00,15248793
4.536756354303126e+02,4.321388949094336e+02,5.882352941176471e-01,15248795
4.543990578836136e+02,4.321607712034830e+02,5.882352941176471e-01,15248796
4.554403413126655e+02,4.327270126330930e+02,5.882352941176471e-01,15248797
4.562680744475279e+02,4.317616530602940e+02,1.764705882352941e+00,15248794
4.596931755306724e+02,4.337482000253764e+02,1.764705882352941e+00,15248798
4.597974862122338e+02,4.352480078079282e+02,1.176470588235294e+00,15248800
4.607344589597244e+02,4.349853845828479e+02,1.764705882352941e+00,15248799
4.615621920945868e+02,4.374644158533786e+02,5.882352941176471e-01,15248802
4.624991648420773e+02,4.377523395236375e+02,5.882352941176471e-01,15248803
4.633268979769397e+02,4.381604894433137e+02,5.882352941176471e-01,15248804
4.649872931777312e+02,4.362819768806190e+02,1.764705882352941e+00,15248801
4.650916038592926e+02,4.390524230370676e+02,5.882352941176471e-01,15248806
4.667519990600842e+02,4.402457299164358e+02,5.882352941176471e-01,15248807
4.677932824891361e+02,4.382783564650878e+02,1.764705882352941e+00,15248805
4.703857215063515e+02,4.422151917041593e+02,1.764705882352941e+00,15248808
4.720461167071430e+02,4.437856125107313e+02,1.764705882352941e+00,15248809
4.721504273887044e+02,4.450782324792389e+02,5.882352941176471e-01,15248811
4.730874001361950e+02,4.439794817177039e+02,1.764705882352941e+00,15248810
4.738108225894959e+02,4.455579839693682e+02,5.882352941176471e-01,15248812
4.748521060185479e+02,4.482674372237978e+02,5.882352941176471e-01,15248814
4.774445450357632e+02,4.456208833681384e+02,1.764705882352941e+00,15248813
4.791049402365548e+02,4.486947208340974e+02,1.764705882352941e+00,15248815
4.792092509181162e+02,4.511601440591568e+02,5.882352941176471e-01,15248817
4.801462236656067e+02,4.501666537531414e+02,1.764705882352941e+00,15248816
4.808696461189077e+02,4.513590240601782e+02,5.882352941176471e-01,15248818
4.809739568004691e+02,4.522511761486508e+02,5.882352941176471e-01,15248819
4.819109295479597e+02,4.531868988610704e+02,5.882352941176471e-01,15248820
4.826343520012607e+02,4.550221256435688e+02,5.882352941176471e-01,15248821
4.827386626828220e+02,4.562947331177042e+02,5.882352941176471e-01,15248822
4.836756354303126e+02,4.580353846018918e+02,5.882352941176471e-01,15248823
4.843990578836136e+02,4.582410534526221e+02,5.882352941176471e-01,15248824
4.845033685651750e+02,4.583111816191773e+02,5.882352941176471e-01,15248825
4.861637637659665e+02,4.604852707973911e+02,5.882352941176471e-01,15248827
4.862680744475279e+02,4.648092840154343e+02,5.882352941176471e-01,15248828
4.879284696483195e+02,4.672940639591967e+02,5.882352941176471e-01,15248829
4.880327803298809e+02,4.688918865334728e+02,5.882352941176471e-01,15248830
4.889697530773714e+02,4.598383242998475e+02,1.764705882352941e+00,15248826
4.896931755306724e+02,4.700697612850585e+02,5.882352941176471e-01,15248831
4.914578814130254e+02,4.728350978719366e+02,5.882352941176471e-01,15248834
4.932225872953783e+02,4.733256790380652e+02,5.882352941176471e-01,15248835
4.933268979769397e+02,4.706294049728563e+02,1.764705882352941e+00,15248832
4.942638707244302e+02,4.720227495640301e+02,1.764705882352941e+00,15248833
4.950916038592926e+02,4.759785800433539e+02,5.882352941176471e-01,15248837
4.977932824891361e+02,4.762836840538915e+02,1.176470588235294e+00,15248838
4.985167049424371e+02,4.745998423039844e+02,1.764705882352941e+00,15248836
4.995579883714891e+02,4.790184502275980e+02,5.882352941176471e-01,15248840
5.002814108247901e+02,4.806438632927744e+02,5.882352941176471e-01,15248841
5.003857215063515e+02,4.789069906282575e+02,1.764705882352941e+00,15248839
5.038108225894959e+02,4.847709262285621e+02,1.176470588235294e+00,15248843
5.048521060185479e+02,4.813447971800072e+02,1.764705882352941e+00,15248842
5.055755284718489e+02,4.873021102543801e+02,5.882352941176471e-01,15248845
5.056798391534103e+02,4.862989014993463e+02,1.764705882352941e+00,15248844
5.073402343542018e+02,4.902150886534347e+02,5.882352941176471e-01,15248847
5.074445450357632e+02,4.909409852132592e+02,5.882352941176471e-01,15248848
5.091049402365548e+02,4.912998209908011e+02,5.882352941176471e-01,15248849
5.092092509181162e+02,4.927287170297928e+02,5.882352941176471e-01,15248850
5.101462236656067e+02,4.887420611948844e+02,1.764705882352941e+00,15248846
5.108696461189077e+02,4.927777688883653e+02,5.882352941176471e-01,15248851
5.109739568004691e+02,4.932051197804828e+02,5.882352941176471e-01,15248852
5.119109295479597e+02,4.935052387788091e+02,5.882352941176471e-01,15248853
5.126343520012607e+02,4.951783512694707e+02,5.882352941176471e-01,15248854
5.127386626828220e+02,4.955821363100692e+02,5.882352941176471e-01,15248855
5.136756354303126e+02,4.997378170452120e+02,5.882352941176471e-01,15248856
5.143990578836136e+02,5.001602992317248e+02,5.882352941176471e-01,15248857
5.154403413126655e+02,5.037139304883793e+02,5.882352941176471e-01,15248859
5.161637637659665e+02,5.051833117207975e+02,5.882352941176471e-01,15248860
5.172050471950185e+02,5.055164470641860e+02,5.882352941176471e-01,15248861
5.180327803298809e+02,5.028686991822591e+02,1.764705882352941e+00,15248858
5.196931755306724e+02,5.073542977575915e+02,1.176470588235294e+00,15248862
5.197974862122338e+02,5.106355752257622e+02,5.882352941176471e-01,15248864
5.214578814130254e+02,5.109465981723965e+02,5.882352941176471e-01,15248865
5.215621920945867e+02,5.116023362200769e+02,5.882352941176471e-01,15248866
5.224991648420773e+02,5.081218573238877e+02,1.764705882352941e+00,15248863
5.232225872953783e+02,5.133379240289179e+02,5.882352941176471e-01,15248867
5.233268979769397e+02,5.137933337035706e+02,5.882352941176471e-01,15248868
5.242638707244302e+02,5.139970318638775e+02,5.882352941176471e-01,15248869
5.260285766067832e+02,5.178691048608832e+02,5.882352941176471e-01,15248872
5.285167049424371e+02,5.154113196920729e+02,1.764705882352941e+00,15248870
5.286210156239985e+02,5.171303560071673e+02,1.764705882352941e+00,15248871
5.302814108247901e+02,5.189169487858137e+02,5.882352941176471e-01,15248874
5.303857215063515e+02,5.201164924976720e+02,5.882352941176471e-01,15248875
5.313226942538420e+02,5.182415877657514e+02,1.764705882352941e+00,15248873
5.320461167071430e+02,5.206121103906605e+02,5.882352941176471e-01,15248876
5.330874001361950e+02,5.219633195307341e+02,5.882352941176471e-01,15248878
5.356798391534103e+02,5.208174804135257e+02,1.764705882352941e+00,15248877
5.373402343542018e+02,5.238856762249288e+02,1.764705882352941e+00,15248879
5.374445450357632e+02,5.248218160987048e+02,5.882352941176471e-01,15248881
5.383815177832538e+02,5.241081957408445e+02,1.764705882352941e+00,15248880
5.391049402365548e+02,5.265970585369878e+02,5.882352941176471e-01,15248882
5.427386626828220e+02,5.282474076064507e+02,1.764705882352941e+00,15248883
5.436756354303126e+02,5.295483585672443e+02,1.764705882352941e+00,15248884
5.443990578836136e+02,5.314260193075651e+02,1.764705882352941e+00,15248885
5.445033685651750e+02,5.321279732490666e+02,5.882352941176471e-01,15248886
5.454403413126655e+02,5.332280808621846e+02,5.882352941176471e-01,15248887
5.472050471950185e+02,5.364942377720070e+02,5.882352941176471e-01,15248890
5.480327803298809e+02,5.359393134724473e+02,1.176470588235294e+00,15248889
5.489697530773714e+02,5.375006142167914e+02,5.882352941176471e-01,15248891
5.496931755306724e+02,5.339708644832543e+02,1.764705882352941e+00,15248888
5.497974862122338e+02,5.394189231502298e+02,5.882352941176471e-01,15248892
5.515621920945867e+02,5.406838450926305e+02,5.882352941176471e-01,15248895
5.542638707244302e+02,5.395552283634340e+02,1.764705882352941e+00,15248893
5.549872931777312e+02,5.398333056131162e+02,1.764705882352941e+00,15248894
5.560285766067832e+02,5.415506020718933e+02,5.882352941176471e-01,15248897
5.567519990600842e+02,5.433292902349250e+02,5.882352941176471e-01,15248898
5.568563097416456e+02,5.409699212372019e+02,1.764705882352941e+00,15248896
5.577932824891361e+02,5.446700588966984e+02,5.882352941176471e-01,15248899
5.595579883714891e+02,5.465315294858894e+02,5.882352941176471e-01,15248902
5.613226942538420e+02,5.467618595599525e+02,5.882352941176471e-01,15248903
5.620461167071430e+02,5.446737083157914e+02,1.764705882352941e+00,15248900
5.621504273887044e+02,5.464515742591508e+02,1.764705882352941e+00,15248901
5.630874001361950e+02,5.469798617750634e+02,5.882352941176471e-01,15248904
5.638108225894959e+02,5.475572465770624e+02,5.882352941176471e-01,15248905
5.639151332710573e+02,5.497969831252031e+02,5.882352941176471e-01,15248906
5.648521060185479e+02,5.499638071687969e+02,5.882352941176471e-01,15248907
5.655755284718489e+02,5.501394664836445e+02,5.882352941176471e-01,15248908
5.666168119009008e+02,5.512008186765174e+02,5.882352941176471e-01,15248910
5.683815177832538e+02,5.515381512821022e+02,5.882352941176471e-01,15248912
5.692092509181162e+02,5.503396426833334e+02,1.764705882352941e+00,15248909
5.701462236656067e+02,5.537337804380536e+02,5.882352941176471e-01,15248913
5.708696461189077e+02,5.512439949061258e+02,1.764705882352941e+00,15248911
5.709739568004691e+02,5.561374867232100e+02,5.882352941176471e-01,15248914
5.727386626828220e+02,5.583509505574487e+02,5.882352941176471e-01,15248917
5.745033685651750e+02,5.592872934542922e+02,5.882352941176471e-01,15248918
5.754403413126655e+02,5.562214972604637e+02,1.764705882352941e+00,15248915
5.761637637659665e+02,5.582158233893311e+02,1.764705882352941e+00,15248916
5.762680744475279e+02,5.600845142784552e+02,5.882352941176471e-01,15248919
5.772050471950185e+02,5.602187596532775e+02,5.882352941176471e-01,15248920
5.779284696483195e+02,5.610360849652625e+02,5.882352941176471e-01,15248921
5.780327803298809e+02,5.617367693851986e+02,5.882352941176471e-01,15248922
5.789697530773714e+02,5.632773613370997e+02,5.882352941176471e-01,15248923
5.796931755306724e+02,5.641099475590640e+02,5.882352941176471e-01,15248924
5.797974862122338e+02,5.647738607163699e+02,5.882352941176471e-01,15248925
5.807344589597244e+02,5.663388998257605e+02,5.882352941176471e-01,15248926
5.814578814130254e+02,5.676301500429844e+02,5.882352941176471e-01,15248927
5.815621920945867e+02,5.709173592137907e+02,5.882352941176471e-01,15248928
5.824991648420773e+02,5.745621518453796e+02,5.882352941176471e-01,15248929
5.832225872953783e+02,5.746901484290738e+02,5.882352941176471e-01,15248930
5.849872931777312e+02,5.760651544718158e+02,5.882352941176471e-01,15248933
5.867519990600842e+02,5.810606654467411e+02,5.882352941176471e-01,15248934
5.868563097416456e+02,5.747310956376533e+02,1.764705882352941e+00,15248931
5.877932824891361e+02,5.751043684032086e+02,1.764705882352941e+00,15248932
5.911219198219528e+02,5.875925080572470e+02,1.176470588235294e+00,15248936
5.920461167071430e+02,5.852045541235362e+02,1.764705882352941e+00,15248935
5.934268406467636e+02,5.881327229997048e+02,1.764705882352941e+00,15248937
5.938108225894959e+02,5.902692061364066e+02,5.882352941176471e-01,15248939
5.964160374690117e+02,5.886098864434522e+02,1.764705882352941e+00,15248938
5.973402343542018e+02,5.932561996997949e+02,1.176470588235294e+00,15248941
5.981807433513646e+02,5.934793594970318e+02,5.882352941176471e-01,15248942
5.987209582938224e+02,5.930250324422499e+02,1.764705882352941e+00,15248940
5.991049402365548e+02,5.936667753258488e+02,5.882352941176471e-01,15248943
5.999454492337176e+02,5.954242033004282e+02,5.882352941176471e-01,15248944
6.008696461189077e+02,5.990054551738868e+02,5.882352941176471e-01,15248946
6.017101551160705e+02,5.995708110644910e+02,5.882352941176471e-01,15248947
6.040150759408812e+02,5.964653672427431e+02,1.764705882352941e+00,15248945
6.049040824765771e+02,6.031393765942241e+02,5.882352941176471e-01,15248948
6.051838326784709e+02,6.034191267961180e+02,5.882352941176471e-01,15248949
6.057797818232342e+02,6.039948866278630e+02,5.882352941176471e-01,15248950
6.066687883589300e+02,6.042915892192007e+02,5.882352941176471e-01,15248951
6.083915781205818e+02,6.066268722382288e+02,5.882352941176471e-01,15248953
6.109277118528749e+02,6.056335942058161e+02,1.764705882352941e+00,15248952
6.119209898852876e+02,6.076257890641664e+02,1.176470588235294e+00,15248955
6.126090377458739e+02,6.073149200988150e+02,1.764705882352941e+00,15248954
6.136856957676406e+02,6.077672760712610e+02,5.882352941176471e-01,15248957
6.144571236175808e+02,6.077109857320285e+02,1.176470588235294e+00,15248956
6.161384495105798e+02,6.096785908082490e+02,1.176470588235294e+00,15248958
6.172151075323465e+02,6.105654172941541e+02,1.176470588235294e+00,15248959
6.196678612752856e+02,6.116405001537914e+02,1.176470588235294e+00,15248961
6.197512412646396e+02,6.114088347120021e+02,1.764705882352941e+00,15248960
6.214325671576386e+02,6.123527891135438e+02,5.882352941176471e-01,15248963
6.225092251794053e+02,6.116842485270162e+02,1.764705882352941e+00,15248962
6.242739310617582e+02,6.176527194458283e+02,5.882352941176471e-01,15248966
6.249619789223445e+02,6.162622881346879e+02,1.176470588235294e+00,15248965
6.250453589116985e+02,6.152308937388741e+02,1.764705882352941e+00,15248964
6.260386369441112e+02,6.200019591134535e+02,5.882352941176471e-01,15248967
6.267266848046974e+02,6.209371634895403e+02,5.882352941176471e-01,15248968
6.295680487088171e+02,6.214955834846662e+02,1.176470588235294e+00,15248970
6.303394765587573e+02,6.209391370699365e+02,1.764705882352941e+00,15248969
6.320208024517562e+02,6.215054335388037e+02,1.764705882352941e+00,15248971
6.337855083341092e+02,6.223556044421025e+02,5.882352941176471e-01,15248974
6.348621663558759e+02,6.218852537168309e+02,1.764705882352941e+00,15248972
6.355502142164621e+02,6.232159880835814e+02,5.882352941176471e-01,15248975
6.356335942058161e+02,6.222778294065151e+02,1.764705882352941e+00,15248973
6.373149200988150e+02,6.283999903373481e+02,5.882352941176471e-01,15248977
6.373983000881691e+02,6.287521305697025e+02,5.882352941176471e-01,15248978
6.383915781205818e+02,6.272221347027032e+02,1.176470588235294e+00,15248976
6.390796259811680e+02,6.288303791930244e+02,5.882352941176471e-01,15248979
6.391630059705220e+02,6.289027260866949e+02,5.882352941176471e-01,15248980
6.401562840029347e+02,6.333241004339269e+02,5.882352941176471e-01,15248981
6.419209898852876e+02,6.348571649029315e+02,5.882352941176471e-01,15248984
6.436856957676406e+02,6.380344539520004e+02,5.882352941176471e-01,15248985
6.443737436282268e+02,6.344683413894465e+02,1.764705882352941e+00,15248982
6.444571236175808e+02,6.344773217805723e+02,1.764705882352941e+00,15248983
6.454504016499935e+02,6.380747326815137e+02,5.882352941176471e-01,15248986
6.462218294999338e+02,6.401625767793784e+02,5.882352941176471e-01,15248988
6.496678612752856e+02,6.394684095061658e+02,1.764705882352941e+00,15248987
6.507445192970523e+02,6.404610534060658e+02,1.764705882352941e+00,15248989
6.514325671576386e+02,6.417758459912439e+02,5.882352941176471e-01,15248991
6.515159471469926e+02,6.416321300827297e+02,1.764705882352941e+00,15248990
6.525092251794053e+02,6.418627683607500e+02,5.882352941176471e-01,15248992
6.531972730399915e+02,6.421555949049391e+02,5.882352941176471e-01,15248993
6.532806530293455e+02,6.424727936656016e+02,5.882352941176471e-01,15248994
6.549619789223445e+02,6.437176391452683e+02,5.882352941176471e-01,15248996
6.550453589116985e+02,6.464667443247370e+02,5.882352941176471e-01,15248997
6.567266848046974e+02,6.466169917346589e+02,5.882352941176471e-01,15248998
6.578033428264641e+02,6.426717278273134e+02,1.764705882352941e+00,15248995
6.584913906870503e+02,6.489584355252962e+02,5.882352941176471e-01,15249000
6.595680487088171e+02,6.527882966356485e+02,5.882352941176471e-01,15249001
6.603394765587573e+02,6.481100797214736e+02,1.764705882352941e+00,15248999
6.613327545911700e+02,6.534634487854981e+02,5.882352941176471e-01,15249003
6.620208024517562e+02,6.529710710416211e+02,1.176470588235294e+00,15249002
6.630974604735229e+02,6.565635587327462e+02,5.882352941176471e-01,15249005
6.638688883234632e+02,6.565586316422957e+02,1.176470588235294e+00,15249004
6.648621663558759e+02,6.588653574078998e+02,5.882352941176471e-01,15249007
6.666268722382288e+02,6.597448188405586e+02,5.882352941176471e-01,15249009
6.673149200988150e+02,6.569885510299977e+02,1.764705882352941e+00,15249006
6.683915781205818e+02,6.604150523951354e+02,5.882352941176471e-01,15249010
6.691630059705220e+02,6.595681451579287e+02,1.764705882352941e+00,15249008
6.701562840029347e+02,6.620277575496265e+02,5.882352941176471e-01,15249012
6.708443318635209e+02,6.614801963793421e+02,1.176470588235294e+00,15249011
6.709277118528749e+02,6.625137068019336e+02,5.882352941176471e-01,15249013
6.736856957676406e+02,6.626128216126232e+02,1.176470588235294e+00,15249014
6.744571236175808e+02,6.651848372926182e+02,1.176470588235294e+00,15249016
6.761384495105798e+02,6.636434978619486e+02,1.764705882352941e+00,15249015
6.762218294999338e+02,6.660275262604044e+02,5.882352941176471e-01,15249018
6.779865353822867e+02,6.691941861881585e+02,5.882352941176471e-01,15249020
6.789798134146994e+02,6.653768366074646e+02,1.764705882352941e+00,15249017
6.807445192970523e+02,6.703746770199189e+02,5.882352941176471e-01,15249022
6.814325671576386e+02,6.665758945271477e+02,1.764705882352941e+00,15249019
6.825092251794053e+02,6.712561166733617e+02,5.882352941176471e-01,15249023
6.832806530293455e+02,6.703554168737352e+02,1.764705882352941e+00,15249021
6.842739310617582e+02,6.756742813781267e+02,5.882352941176471e-01,15249025
6.850453589116985e+02,6.777239163718032e+02,5.882352941176471e-01,15249026
6.860386369441112e+02,6.782106453063456e+02,5.882352941176471e-01,15249027
6.867266848046974e+02,6.727125945912756e+02,1.764705882352941e+00,15249024
6.868100647940514e+02,6.782532813008858e+02,5.882352941176471e-01,15249028
6.878033428264641e+02,6.794300127529172e+02,5.882352941176471e-01,15249029
6.903394765587573e+02,6.807195655897705e+02,1.176470588235294e+00,15249031
6.913327545911700e+02,6.824311600533937e+02,1.176470588235294e+00,15249032
6.920208024517562e+02,6.800158124150112e+02,1.764705882352941e+00,15249030
6.930974604735229e+02,6.863651791585629e+02,5.882352941176471e-01,15249034
6.937855083341092e+02,6.880865158453413e+02,5.882352941176471e-01,15249035
6.938688883234632e+02,6.833684182876478e+02,1.176470588235294e+00,15249033
6.948621663558759e+02,6.884472521650575e+02,5.882352941176471e-01,15249036
6.955502142164621e+02,6.889075648048004e+02,5.882352941176471e-01,15249037
6.973149200988150e+02,6.911527993035157e+02,5.882352941176471e-01,15249040
6.983915781205818e+02,6.899018241327776e+02,1.176470588235294e+00,15249039
6.990796259811680e+02,6.921435941942258e+02,5.882352941176471e-01,15249041
6.991630059705220e+02,6.894856049107756e+02,1.764705882352941e+00,15249038
7.008443318635209e+02,6.943712197677012e+02,5.882352941176471e-01,15249043
7.036856957676406e+02,6.938427959658237e+02,1.764705882352941e+00,15249042
7.044571236175808e+02,6.957327526265482e+02,1.764705882352941e+00,15249044
7.061384495105798e+02,6.977502707459492e+02,1.764705882352941e+00,15249045
7.062218294999338e+02,6.986085513876824e+02,5.882352941176471e-01,15249047
7.079031553929327e+02,7.020006406872123e+02,5.882352941176471e-01,15249048
7.079865353822867e+02,7.027234133908567e+02,5.882352941176471e-01,15249049
7.089798134146994e+02,6.978954514198262e+02,1.764705882352941e+00,15249046
7.097512412646396e+02,7.045126719548513e+02,5.882352941176471e-01,15249051
7.107445192970523e+02,7.061575396361408e+02,5.882352941176471e-01,15249052
7.115159471469926e+02,7.070088202077952e+02,5.882352941176471e-01,15249053
7.131972730399915e+02,7.032432340513146e+02,1.764705882352941e+00,15249050
7.132806530293455e+02,7.090109561471160e+02,5.882352941176471e-01,15249055
7.149619789223445e+02,7.091230734198455e+02,5.882352941176471e-01,15249056
7.150453589116985e+02,7.092479736614187e+02,5.882352941176471e-01,15249057
7.160386369441112e+02,7.089329634101290e+02,1.764705882352941e+00,15249054
7.167266848046974e+02,7.121833364196055e+02,5.882352941176471e-01,15249058
7.168100647940514e+02,7.128259259784555e+02,5.882352941176471e-01,15249059
7.178033428264641e+02,7.139897773573034e+02,5.882352941176471e-01,15249060
7.184913906870503e+02,7.159135207442432e+02,5.882352941176471e-01,15249061
7.221041824411102e+02,7.160295007645603e+02,1.764705882352941e+00,15249062
7.230974604735229e+02,7.171450709541240e+02,1.764705882352941e+00,15249063
7.237855083341092e+02,7.171988125032978e+02,1.764705882352941e+00,15249064
7.238688883234632e+02,7.183241739519652e+02,5.882352941176471e-01,15249065
7.248621663558759e+02,7.208521476803704e+02,5.882352941176471e-01,15249066
7.255502142164621e+02,7.213395260018283e+02,5.882352941176471e-01,15249067
7.273149200988150e+02,7.231566402338897e+02,5.882352941176471e-01,15249070
7.290796259811680e+02,7.232021404492070e+02,5.882352941176471e-01,15249071
7.291630059705220e+02,7.218156273215391e+02,1.764705882352941e+00,15249068
7.301562840029347e+02,7.226575968642747e+02,1.764705882352941e+00,15249069
7.309277118528749e+02,7.250410481595131e+02,5.882352941176471e-01,15249073
7.319209898852876e+02,7.255983255352334e+02,5.882352941176471e-01,15249074
7.336856957676406e+02,7.270434654558508e+02,5.882352941176471e-01,15249076
7.343737436282268e+02,7.235758422069829e+02,1.764705882352941e+00,15249072
7.354504016499935e+02,7.272406033175867e+02,5.882352941176471e-01,15249077
7.362218294999338e+02,7.256226802127274e+02,1.764705882352941e+00,15249075
7.372151075323465e+02,7.319105193757509e+02,5.882352941176471e-01,15249079
7.389798134146994e+02,7.345927840880818e+02,5.882352941176471e-01,15249081
7.396678612752856e+02,7.294600252455815e+02,1.764705882352941e+00,15249078
7.397512412646396e+02,7.328573987922311e+02,1.176470588235294e+00,15249080
7.407445192970523e+02,7.382026608583628e+02,5.882352941176471e-01,15249082
7.414325671576386e+02,7.383800841937712e+02,5.882352941176471e-01,15249083
7.415159471469926e+02,7.386876701791825e+02,5.882352941176471e-01,15249084
7.431972730399915e+02,7.393687954722085e+02,5.882352941176471e-01,15249086
7.432806530293455e+02,7.400309207345819e+02,5.882352941176471e-01,15249087
7.449619789223445e+02,7.403607780991761e+02,5.882352941176471e-01,15249088
7.460386369441112e+02,7.389459336755524e+02,1.764705882352941e+00,15249085
7.467266848046974e+02,7.407129674605138e+02,5.882352941176471e-01,15249090
7.478033428264641e+02,7.416940373935540e+02,5.882352941176471e-01,15249091
7.484913906870503e+02,7.423254686885201e+02,5.882352941176471e-01,15249092
7.485747706764043e+02,7.406996654435075e+02,1.764705882352941e+00,15249089
7.495680487088171e+02,7.465498066606519e+02,5.882352941176471e-01,15249093
7.525971994224033e+02,7.490677876576974e+02,1.176470588235294e+00,15249095
7.542985219065524e+02,7.490044042594936e+02,1.764705882352941e+00,15249094
7.543619053047562e+02,7.504588502604655e+02,5.882352941176471e-01,15249097
7.548621663558759e+02,7.493301192112148e+02,1.764705882352941e+00,15249096
7.561266111871092e+02,7.523044281987133e+02,5.882352941176471e-01,15249099
7.566268722382288e+02,7.528537244491442e+02,5.882352941176471e-01,15249100
7.578913170694621e+02,7.537356131061746e+02,5.882352941176471e-01,15249101
7.595926395536112e+02,7.507212979768943e+02,1.764705882352941e+00,15249098
7.601562840029347e+02,7.545510782049126e+02,1.176470588235294e+00,15249102
7.613573454359642e+02,7.575115332483688e+02,5.882352941176471e-01,15249104
7.614207288341680e+02,7.574848851712493e+02,1.176470588235294e+00,15249103
7.619209898852876e+02,7.587467788797230e+02,5.882352941176471e-01,15249105
7.631220513183171e+02,7.602216106412954e+02,5.882352941176471e-01,15249106
7.631854347165209e+02,7.603215323461009e+02,5.882352941176471e-01,15249107
7.670430977047603e+02,7.635136859400544e+02,1.176470588235294e+00,15249108
7.676804926313127e+02,7.659157867489597e+02,5.882352941176471e-01,15249109
7.716810873966419e+02,7.699163815142890e+02,5.882352941176471e-01,15249112
7.717498303922293e+02,7.664557127451705e+02,1.764705882352941e+00,15249110
7.724190484397630e+02,7.671249307927042e+02,1.764705882352941e+00,15249111
7.759363107351744e+02,7.741716048528214e+02,5.882352941176471e-01,15249114
7.778997303989988e+02,7.726056127519400e+02,1.764705882352941e+00,15249113
7.796644362813518e+02,7.760272192677071e+02,5.882352941176471e-01,15249117
7.799228190823983e+02,7.746287014353395e+02,1.764705882352941e+00,15249115
7.812304283822332e+02,7.752416990673627e+02,1.764705882352941e+00,15249116
7.829951342645862e+02,7.772539842140949e+02,5.882352941176471e-01,15249120
7.831938480460577e+02,7.763067051297211e+02,1.176470588235294e+00,15249118
7.847598401469391e+02,7.772705009724670e+02,5.882352941176471e-01,15249121
7.849585539284106e+02,7.774539866575538e+02,5.882352941176471e-01,15249122
7.852169367294571e+02,7.765343326097674e+02,1.764705882352941e+00,15249119
7.865245460292920e+02,7.782598081555651e+02,5.882352941176471e-01,15249123
7.887463484941630e+02,7.801818894293705e+02,1.176470588235294e+00,15249125
7.902526715754694e+02,7.791046927960540e+02,1.764705882352941e+00,15249124
7.918186636763509e+02,7.805477164227546e+02,1.764705882352941e+00,15249126
7.935833695587038e+02,7.831159557816725e+02,5.882352941176471e-01,15249129
7.940404661412218e+02,7.827179394430579e+02,1.764705882352941e+00,15249127
7.953480754410567e+02,7.831976299547695e+02,5.882352941176471e-01,15249130
7.955467892225282e+02,7.830945405355102e+02,1.764705882352941e+00,15249128
7.988774872057626e+02,7.838382195768166e+02,1.176470588235294e+00,15249132
7.990762009872341e+02,7.842125088926801e+02,1.176470588235294e+00,15249133
7.993345837882806e+02,7.831988960885475e+02,1.764705882352941e+00,15249131
8.006421930881156e+02,7.848996205081245e+02,5.882352941176471e-01,15249134
8.008409068695871e+02,7.851442062963999e+02,5.882352941176471e-01,15249135
8.010992896706336e+02,7.857312725564713e+02,5.882352941176471e-01,15249136
8.024068989704685e+02,7.868071107583504e+02,5.882352941176471e-01,15249137
8.026056127519400e+02,7.872585066642758e+02,5.882352941176471e-01,15249138
8.028639955529865e+02,7.889919639969376e+02,5.882352941176471e-01,15249139
8.046287014353395e+02,7.911735005092981e+02,5.882352941176471e-01,15249142
8.063934073176924e+02,7.924572312308672e+02,5.882352941176471e-01,15249143
8.077010166175273e+02,7.891141088617256e+02,1.764705882352941e+00,15249140
8.078997303989988e+02,7.909436764110932e+02,1.764705882352941e+00,15249141
8.094657224998803e+02,7.938324263472779e+02,5.882352941176471e-01,15249145
8.096644362813518e+02,7.943008378139310e+02,5.882352941176471e-01,15249146
8.099228190823983e+02,7.924689776445342e+02,1.176470588235294e+00,15249144
8.116875249647512e+02,7.997208910458408e+02,5.882352941176471e-01,15249149
8.134522308471042e+02,8.018415345381160e+02,5.882352941176471e-01,15249150
8.147598401469391e+02,7.973629280694200e+02,1.764705882352941e+00,15249147
8.149585539284106e+02,7.986673537798113e+02,1.764705882352941e+00,15249148
8.152169367294571e+02,8.025931029406544e+02,5.882352941176471e-01,15249151
8.167232598107635e+02,8.058315574708016e+02,5.882352941176471e-01,15249153
8.169816426118100e+02,8.064788854027783e+02,5.882352941176471e-01,15249154
8.187463484941630e+02,8.076887511271010e+02,5.882352941176471e-01,15249156
8.200539577939979e+02,8.047498139561210e+02,1.764705882352941e+00,15249152
8.202526715754694e+02,8.072824614516244e+02,1.176470588235294e+00,15249155
8.205110543765159e+02,8.079380937304309e+02,5.882352941176471e-01,15249157
8.218186636763509e+02,8.105823611543124e+02,5.882352941176471e-01,15249158
8.220173774578224e+02,8.129784331232916e+02,5.882352941176471e-01,15249159
8.235833695587038e+02,8.178389618942894e+02,5.882352941176471e-01,15249161
8.258051720235747e+02,8.160580941276048e+02,1.764705882352941e+00,15249160
8.271127813234097e+02,8.210067472830578e+02,1.176470588235294e+00,15249163
8.273114951048812e+02,8.180898988454641e+02,1.764705882352941e+00,15249162
8.275698779059277e+02,8.211580211754830e+02,5.882352941176471e-01,15249164
8.290762009872341e+02,8.228139695961752e+02,5.882352941176471e-01,15249166
8.308409068695871e+02,8.243394631849228e+02,5.882352941176471e-01,15249168
8.324068989704685e+02,8.221933250995400e+02,1.764705882352941e+00,15249165
8.326056127519400e+02,8.246631868820601e+02,5.882352941176471e-01,15249169
8.328639955529865e+02,8.233546999668220e+02,1.764705882352941e+00,15249167
8.377010166175273e+02,8.263796021933224e+02,1.764705882352941e+00,15249170
8.378997303989988e+02,8.268177187922347e+02,1.764705882352941e+00,15249171
8.381581132000453e+02,8.277731507632818e+02,1.764705882352941e+00,15249172
8.399228190823983e+02,8.306778331531503e+02,5.882352941176471e-01,15249175
8.414291421637047e+02,8.303163145039370e+02,1.176470588235294e+00,15249174
8.429951342645862e+02,8.301131112214415e+02,1.764705882352941e+00,15249173
8.431938480460577e+02,8.315035022975757e+02,5.882352941176471e-01,15249177
8.447598401469391e+02,8.323938561657877e+02,5.882352941176471e-01,15249178
8.449585539284106e+02,8.329057665019556e+02,5.882352941176471e-01,15249179
8.452169367294571e+02,8.310208076776720e+02,1.764705882352941e+00,15249176
8.465245460292920e+02,8.337037215153284e+02,5.882352941176471e-01,15249180
8.469816426118100e+02,8.345673811538186e+02,5.882352941176471e-01,15249182
8.502526715754694e+02,8.339399827775054e+02,1.764705882352941e+00,15249181
8.518186636763509e+02,8.358190489570636e+02,1.764705882352941e+00,15249183
8.520173774578224e+02,8.374425871182321e+02,5.882352941176471e-01,15249185
8.522757602588689e+02,8.359378228036729e+02,1.764705882352941e+00,15249184
8.540404661412218e+02,8.386356241501918e+02,5.882352941176471e-01,15249188
8.571127813234097e+02,8.377612878235985e+02,1.764705882352941e+00,15249186
8.573114951048812e+02,8.383159845111131e+02,1.764705882352941e+00,15249187
8.588774872057626e+02,8.399107977165151e+02,5.882352941176471e-01,15249190
8.593345837882806e+02,8.394774325368505e+02,1.764705882352941e+00,15249189
8.606421930881156e+02,8.408432574642780e+02,5.882352941176471e-01,15249192
8.610992896706336e+02,8.420926999236126e+02,5.882352941176471e-01,15249193
8.624068989704685e+02,8.431863789006271e+02,5.882352941176471e-01,15249194
8.626056127519400e+02,8.400007069152093e+02,1.764705882352941e+00,15249191
8.641716048528214e+02,8.448451796556352e+02,5.882352941176471e-01,15249196
8.643703186342929e+02,8.448771444428934e+02,5.882352941176471e-01,15249197
8.646287014353395e+02,8.447100918335593e+02,1.176470588235294e+00,15249195
8.659363107351744e+02,8.453302741493315e+02,5.882352941176471e-01,15249198
8.661350245166459e+02,8.470769229489685e+02,5.882352941176471e-01,15249199
8.677010166175273e+02,8.488902165005625e+02,5.882352941176471e-01,15249201
8.678997303989988e+02,8.495368012596199e+02,5.882352941176471e-01,15249202
8.694657224998803e+02,8.549923380298221e+02,5.882352941176471e-01,15249203
8.699228190823983e+02,8.483162114201489e+02,1.764705882352941e+00,15249200
8.716875249647512e+02,8.583934127005813e+02,5.882352941176471e-01,15249206
8.729951342645862e+02,8.560825504902869e+02,1.176470588235294e+00,15249205
8.731938480460577e+02,8.557702818962761e+02,1.764705882352941e+00,15249204
8.734522308471042e+02,8.601132245311707e+02,5.882352941176471e-01,15249207
8.747598401469391e+02,8.613255481154128e+02,5.882352941176471e-01,15249208
8.752169367294571e+02,8.643398113191708e+02,5.882352941176471e-01,15249210
8.765245460292920e+02,8.646981246340045e+02,5.882352941176471e-01,15249211
8.769816426118100e+02,8.672252995911065e+02,5.882352941176471e-01,15249212
8.782892519116450e+02,8.677984749361115e+02,5.882352941176471e-01,15249213
8.784879656931165e+02,8.630905718080627e+02,1.764705882352941e+00,15249209
8.787463484941630e+02,8.696633018089757e+02,5.882352941176471e-01,15249214
8.802526715754694e+02,8.716161413207270e+02,5.882352941176471e-01,15249216
8.805110543765159e+02,8.721310264216991e+02,5.882352941176471e-01,15249217
8.820173774578224e+02,8.724071261843319e+02,5.882352941176471e-01,15249218
8.835833695587038e+02,8.705275106783257e+02,1.764705882352941e+00,15249215
8.837820833401753e+02,8.732574057758051e+02,5.882352941176471e-01,15249220
8.853480754410567e+02,8.736191168051241e+02,5.882352941176471e-01,15249221
8.855467892225282e+02,8.746107905686787e+02,5.882352941176471e-01,15249222
8.858051720235747e+02,8.730727348942004e+02,1.764705882352941e+00,15249219
8.871127813234097e+02,8.750826227767939e+02,5.882352941176471e-01,15249223
8.873114951048812e+02,8.757178117575193e+02,5.882352941176471e-01,15249224
8.910992896706336e+02,8.761396777240491e+02,1.764705882352941e+00,15249225
8.924068989704685e+02,8.767936161996109e+02,1.764705882352941e+00,15249226
8.926056127519400e+02,8.778686944300651e+02,1.764705882352941e+00,15249227
8.928639955529865e+02,8.790458509140696e+02,5.882352941176471e-01,15249228
8.943703186342929e+02,8.805235339444880e+02,5.882352941176471e-01,15249230
8.946287014353395e+02,8.812675416521868e+02,5.882352941176471e-01,15249231
8.961350245166459e+02,8.817960994340107e+02,5.882352941176471e-01,15249232
8.963934073176924e+02,8.826876088799316e+02,5.882352941176471e-01,15249233
8.977010166175273e+02,8.804579200805060e+02,1.764705882352941e+00,15249229
8.981581132000453e+02,8.865016964082929e+02,5.882352941176471e-01,15249235
8.994657224998803e+02,8.896700010913500e+02,5.882352941176471e-01,15249236
8.999228190823983e+02,8.905810200855628e+02,5.882352941176471e-01,15249237
9.012304283822332e+02,8.913886370593466e+02,5.882352941176471e-01,15249238
9.014291421637047e+02,8.832424979041575e+02,1.764705882352941e+00,15249234
9.016875249647512e+02,8.928415144780956e+02,5.882352941176471e-01,15249239
9.031938480460577e+02,8.952269743284542e+02,5.882352941176471e-01,15249241
9.034522308471042e+02,8.963966339119748e+02,5.882352941176471e-01,15249242
9.049585539284106e+02,8.969067423913579e+02,5.882352941176471e-01,15249243
9.052169367294571e+02,8.979009896147628e+02,5.882352941176471e-01,15249244
9.065245460292920e+02,8.943595620095448e+02,1.764705882352941e+00,15249240
9.067232598107635e+02,9.009254734672092e+02,5.882352941176471e-01,15249245
9.069816426118100e+02,9.020666016174452e+02,5.882352941176471e-01,15249246
9.082892519116450e+02,9.045930632625233e+02,5.882352941176471e-01,15249247
9.084879656931165e+02,9.046230723912659e+02,5.882352941176471e-01,15249248
9.087463484941630e+02,9.065076373977137e+02,5.882352941176471e-01,15249249
9.100539577939979e+02,9.072061892274559e+02,5.882352941176471e-01,15249250
9.105110543765159e+02,9.084330228723823e+02,5.882352941176471e-01,15249252
9.118186636763509e+02,9.095193802626937e+02,5.882352941176471e-01,15249253
9.120173774578224e+02,9.076277026452761e+02,1.176470588235294e+00,15249251
9.122757602588689e+02,9.100207067313492e+02,5.882352941176471e-01,15249254
9.135833695587038e+02,9.113535282193085e+02,5.882352941176471e-01,15249255
9.140404661412218e+02,9.119287112245561e+02,5.882352941176471e-01,15249257
9.163351728330213e+02,9.145704669506683e+02,5.882352941176471e-01,15249258
9.173114951048812e+02,9.115321449278021e+02,1.764705882352941e+00,15249256
9.190762009872341e+02,9.166605801173072e+02,5.882352941176471e-01,15249261
9.200972637796058e+02,9.148031461325470e+02,1.764705882352941e+00,15249259
9.216292904800801e+02,9.160473168890480e+02,1.764705882352941e+00,15249260
9.238903768135656e+02,9.221256709312127e+02,5.882352941176471e-01,15249263
9.243703186342929e+02,9.174918332583594e+02,1.764705882352941e+00,15249262
9.245179445187190e+02,9.227532386363661e+02,5.882352941176471e-01,15249264
9.261350245166459e+02,9.234938685675906e+02,5.882352941176471e-01,15249266
9.274197885782715e+02,9.232766127587476e+02,1.176470588235294e+00,15249265
9.280473562834249e+02,9.235872334210583e+02,1.176470588235294e+00,15249267
9.291844944606244e+02,9.246603173170421e+02,5.882352941176471e-01,15249269
9.307707724543025e+02,9.290060665719496e+02,5.882352941176471e-01,15249270
9.314291421637047e+02,9.239519943526532e+02,1.764705882352941e+00,15249268
9.321500621081504e+02,9.303853562257975e+02,5.882352941176471e-01,15249271
9.339287163044729e+02,9.321640104221199e+02,5.882352941176471e-01,15249272
9.348347881048553e+02,9.330700822225024e+02,5.882352941176471e-01,15249274
9.362206942577203e+02,9.326912824930144e+02,1.176470588235294e+00,15249273
9.390019911911294e+02,9.372372853087764e+02,5.882352941176471e-01,15249277
9.392228339515317e+02,9.338241243094585e+02,1.764705882352941e+00,15249275
9.424475292446897e+02,9.371534115976309e+02,1.764705882352941e+00,15249276
9.426698055011392e+02,9.409050996187863e+02,5.882352941176471e-01,15249278
9.429973489546595e+02,9.412326430723066e+02,5.882352941176471e-01,15249279
9.444345113834921e+02,9.426312041810865e+02,5.882352941176471e-01,15249281
9.465889104296358e+02,9.448242045472828e+02,5.882352941176471e-01,15249282
9.477416468917485e+02,9.416295875113356e+02,1.764705882352941e+00,15249280
9.502742932293242e+02,9.485095873469712e+02,5.882352941176471e-01,15249284
9.503266969905724e+02,9.485619911082195e+02,5.882352941176471e-01,15249285
9.518718573843414e+02,9.465777397372825e+02,1.764705882352941e+00,15249283
9.520389991116771e+02,9.491473267050862e+02,5.882352941176471e-01,15249286
9.536365632666943e+02,9.508018876750320e+02,5.882352941176471e-01,15249288
9.538037049940300e+02,9.509877273666033e+02,5.882352941176471e-01,15249289
9.554012691490472e+02,9.530515442446224e+02,5.882352941176471e-01,15249290
9.555684108763830e+02,9.531792898636620e+02,5.882352941176471e-01,15249291
9.556487892605872e+02,9.503546716135284e+02,1.764705882352941e+00,15249287
9.571659750314002e+02,9.545612014876995e+02,5.882352941176471e-01,15249292
9.584270636084162e+02,9.566623577260633e+02,5.882352941176471e-01,15249293
9.590966246996763e+02,9.573319188173233e+02,5.882352941176471e-01,15249295
9.609201159576168e+02,9.591554100752638e+02,5.882352941176471e-01,15249297
9.619564753731221e+02,9.581123637722414e+02,1.176470588235294e+00,15249296
9.620067871528233e+02,9.567126695057644e+02,1.764705882352941e+00,15249294
9.638359802359375e+02,9.620712743535845e+02,5.882352941176471e-01,15249298
9.642782078345937e+02,9.625135019522408e+02,5.882352941176471e-01,15249300
9.660429137169467e+02,9.631315772119314e+02,5.882352941176471e-01,15249302
9.673653920006433e+02,9.625832638490171e+02,1.176470588235294e+00,15249301
9.675411138673918e+02,9.622469962203330e+02,1.764705882352941e+00,15249299
9.691300978829963e+02,9.646642142570998e+02,5.882352941176471e-01,15249304
9.693058197497447e+02,9.654205454869681e+02,5.882352941176471e-01,15249305
9.713370313640055e+02,9.644670355117158e+02,1.764705882352941e+00,15249303
9.744242155300551e+02,9.665570110998470e+02,1.764705882352941e+00,15249306
9.745999373968036e+02,9.677866424305681e+02,1.764705882352941e+00,15249307
9.761889214124080e+02,9.691627002981382e+02,5.882352941176471e-01,15249309
9.763646432791565e+02,9.696059822434979e+02,5.882352941176471e-01,15249310
9.766311490110643e+02,9.685593395343064e+02,1.764705882352941e+00,15249308
9.781293491615094e+02,9.705804426090605e+02,5.882352941176471e-01,15249312
9.783958548934173e+02,9.712090594444095e+02,5.882352941176471e-01,15249313
9.797183331771139e+02,9.703967161264627e+02,1.176470588235294e+00,15249311
9.798940550438624e+02,9.714701048336320e+02,5.882352941176471e-01,15249314
9.801605607757702e+02,9.734728772970554e+02,5.882352941176471e-01,15249315
9.814830390594669e+02,9.735492811349734e+02,5.882352941176471e-01,15249316
9.816587609262153e+02,9.738607801889821e+02,5.882352941176471e-01,15249317
9.819252666581231e+02,9.743617777238007e+02,5.882352941176471e-01,15249318
9.834234668085683e+02,9.754533538745002e+02,5.882352941176471e-01,15249320
9.836899725404761e+02,9.765434016930268e+02,5.882352941176471e-01,15249321
9.854546784228290e+02,9.791106234860754e+02,5.882352941176471e-01,15249323
9.867771567065257e+02,9.753657911034270e+02,1.764705882352941e+00,15249319
9.885418625888786e+02,9.804737216382278e+02,5.882352941176471e-01,15249325
9.887175844556271e+02,9.786955230980904e+02,1.764705882352941e+00,15249322
9.904822903379800e+02,9.833784543988795e+02,5.882352941176471e-01,15249327
9.907487960698878e+02,9.804048179244161e+02,1.764705882352941e+00,15249324
9.922469962203330e+02,9.839302444860234e+02,5.882352941176471e-01,15249328
9.925135019522408e+02,9.839772460927474e+02,5.882352941176471e-01,15249329
9.938359802359375e+02,9.825885718280247e+02,1.764705882352941e+00,15249326
9.940117021026859e+02,9.842449577841700e+02,5.882352941176471e-01,15249330
9.960429137169467e+02,9.857185855802791e+02,1.176470588235294e+00,15249331
9.978076195992996e+02,9.892341688575741e+02,5.882352941176471e-01,15249334
9.991300978829963e+02,9.869154073788648e+02,1.764705882352941e+00,15249332
9.993058197497447e+02,9.887611194960401e+02,1.764705882352941e+00,15249333
9.995723254816525e+02,9.904059008915916e+02,5.882352941176471e-01,15249335
1.001070525632098e+03,9.926632577865511e+02,5.882352941176471e-01,15249337
1.001337031364005e+03,9.968802668554679e+02,5.882352941176471e-01,15249338
1.002835231514451e+03,9.972430285044110e+02,5.882352941176471e-01,15249339
1.003101737246358e+03,9.973756634898799e+02,5.882352941176471e-01,15249340
1.004424215530055e+03,9.910627279067698e+02,1.764705882352941e+00,15249336
1.004599937396804e+03,9.978134443432153e+02,5.882352941176471e-01,15249341
1.004866443128711e+03,9.980931767396577e+02,5.882352941176471e-01,15249342
1.006188921412408e+03,9.998608963192526e+02,5.882352941176471e-01,15249343
1.009718333177114e+03,1.003110048076356e+03,1.176470588235294e+00,15249346
1.009894055043862e+03,1.000912370277540e+03,1.764705882352941e+00,15249344
1.010160560775770e+03,1.002347701777904e+03,1.764705882352941e+00,15249345
1.011483039059467e+03,1.003781805500732e+03,5.882352941176471e-01,15249347
1.011658760926215e+03,1.004519402830013e+03,5.882352941176471e-01,15249348
1.011925266658123e+03,1.005951984669887e+03,5.882352941176471e-01,15249349
1.013423466808568e+03,1.006756968683743e+03,5.882352941176471e-01,15249351
1.013689972540476e+03,1.007077074885879e+03,5.882352941176471e-01,15249352
1.015012450824173e+03,1.006367849813759e+03,1.176470588235294e+00,15249350
1.015188172690921e+03,1.007572883568909e+03,5.882352941176471e-01,15249353
1.015454678422829e+03,1.009209714879223e+03,5.882352941176471e-01,15249354
1.016952878573274e+03,1.012740655197566e+03,5.882352941176471e-01,15249356
1.017219384305182e+03,1.013842248281749e+03,5.882352941176471e-01,15249357
1.020306568471232e+03,1.012017158392547e+03,1.764705882352941e+00,15249355
1.021773848123350e+03,1.020009142240997e+03,5.882352941176471e-01,15249358
1.022350426396401e+03,1.020585720514048e+03,5.882352941176471e-01,15249359
1.023538554005703e+03,1.021401779955271e+03,5.882352941176471e-01,15249361
1.024115132278754e+03,1.021696548163598e+03,5.882352941176471e-01,15249362
1.024374015163407e+03,1.020844603398701e+03,1.176470588235294e+00,15249360
1.026934403717990e+03,1.025169697835637e+03,5.882352941176471e-01,15249365
1.028699109600343e+03,1.025517361222715e+03,5.882352941176471e-01,15249366
1.028832671652762e+03,1.023425660614170e+03,1.764705882352941e+00,15249363
1.029597739201320e+03,1.024303621554262e+03,1.764705882352941e+00,15249364
1.030597377535115e+03,1.026442955088544e+03,5.882352941176471e-01,15249368
1.033993227247402e+03,1.026068990728597e+03,1.764705882352941e+00,15249367
1.034891856848379e+03,1.027631685128236e+03,1.764705882352941e+00,15249369
1.035891495182174e+03,1.028998710629963e+03,1.764705882352941e+00,15249370
1.036656562730732e+03,1.029788592020989e+03,5.882352941176471e-01,15249372
1.037656201064526e+03,1.030256043564884e+03,5.882352941176471e-01,15249373
1.038421268613085e+03,1.031304969049732e+03,5.882352941176471e-01,15249374
1.039287344894461e+03,1.029012753309368e+03,1.764705882352941e+00,15249371
1.039420906946879e+03,1.032115502451746e+03,5.882352941176471e-01,15249375
1.041185612829232e+03,1.035967521307208e+03,5.882352941176471e-01,15249378
1.042950318711585e+03,1.035968635424758e+03,5.882352941176471e-01,15249379
1.043715386260144e+03,1.032291132984454e+03,1.764705882352941e+00,15249376
1.044581462541519e+03,1.033354237923147e+03,1.764705882352941e+00,15249377
1.045480092142497e+03,1.038694572510104e+03,5.882352941176471e-01,15249381
1.047244798024850e+03,1.041649672068564e+03,5.882352941176471e-01,15249383
1.048244436358644e+03,1.036131908110433e+03,1.764705882352941e+00,15249380
1.049009503907203e+03,1.041967480118639e+03,5.882352941176471e-01,15249384
1.049875580188578e+03,1.040145792124591e+03,1.764705882352941e+00,15249382
1.050009142240997e+03,1.046280202368999e+03,5.882352941176471e-01,15249385
1.050774209789556e+03,1.046664824633201e+03,5.882352941176471e-01,15249386
1.051773848123350e+03,1.048977746388530e+03,5.882352941176471e-01,15249388
1.053538554005703e+03,1.051011058064355e+03,5.882352941176471e-01,15249390
1.055169697835637e+03,1.047747865843291e+03,1.764705882352941e+00,15249387
1.056068327436615e+03,1.049041808832583e+03,1.764705882352941e+00,15249389
1.057087859516261e+03,1.053558447751556e+03,1.176470588235294e+00,15249391
1.057710899056179e+03,1.055946193173826e+03,5.882352941176471e-01,15249392
1.061229627177542e+03,1.059464921295189e+03,5.882352941176471e-01,15249393
1.062167658060323e+03,1.060402952177970e+03,5.882352941176471e-01,15249395
1.062994333059895e+03,1.061176641690708e+03,5.882352941176471e-01,15249396
1.063159932705369e+03,1.059630520940663e+03,1.176470588235294e+00,15249394
1.064759038942248e+03,1.061948752449180e+03,5.882352941176471e-01,15249398
1.064924638587722e+03,1.062159896940563e+03,5.882352941176471e-01,15249399
1.066523744824600e+03,1.063501007135049e+03,5.882352941176471e-01,15249400
1.066689344470075e+03,1.063681190921399e+03,5.882352941176471e-01,15249401
1.067461775707382e+03,1.061832228742903e+03,1.764705882352941e+00,15249397
1.069197244779972e+03,1.067432538897619e+03,5.882352941176471e-01,15249403
1.072185752786905e+03,1.066891635139846e+03,1.764705882352941e+00,15249402
1.075013293577122e+03,1.069719175930063e+03,1.764705882352941e+00,15249404
1.075024748750500e+03,1.069730631103441e+03,1.764705882352941e+00,15249405
1.076789454632852e+03,1.070371555488968e+03,5.882352941176471e-01,15249408
1.077479870433964e+03,1.070198023624314e+03,1.764705882352941e+00,15249406
1.078542705341828e+03,1.070341813342388e+03,1.176470588235294e+00,15249407
1.082083572279911e+03,1.070771450434163e+03,1.764705882352941e+00,15249409
1.082773988081022e+03,1.075090357463356e+03,1.764705882352941e+00,15249410
1.083836822988887e+03,1.075418856871087e+03,1.764705882352941e+00,15249411
1.083848278162264e+03,1.076574887838349e+03,5.882352941176471e-01,15249412
1.084538693963375e+03,1.077813803280245e+03,5.882352941176471e-01,15249413
1.085601528871240e+03,1.077851832880644e+03,5.882352941176471e-01,15249414
1.085612984044617e+03,1.078634536115027e+03,5.882352941176471e-01,15249415
1.086303399845728e+03,1.082032558155039e+03,5.882352941176471e-01,15249416
1.087377689926970e+03,1.083331540993458e+03,5.882352941176471e-01,15249418
1.088068105728081e+03,1.084795879914706e+03,5.882352941176471e-01,15249419
1.089130940635946e+03,1.083117716281742e+03,1.176470588235294e+00,15249417
1.090907101691676e+03,1.086251605828320e+03,1.176470588235294e+00,15249420
1.093362223375140e+03,1.086372913223750e+03,1.764705882352941e+00,15249421
1.094425058283004e+03,1.088354511672232e+03,1.764705882352941e+00,15249422
1.095126929257493e+03,1.090084696562756e+03,5.882352941176471e-01,15249424
1.096189764165357e+03,1.090392067641369e+03,5.882352941176471e-01,15249425
1.096201219338735e+03,1.089254803773262e+03,1.764705882352941e+00,15249423
1.096891635139846e+03,1.090731213158269e+03,5.882352941176471e-01,15249426
1.097954470047710e+03,1.091582495398673e+03,5.882352941176471e-01,15249427
1.098656341022199e+03,1.094800963182914e+03,5.882352941176471e-01,15249429
1.101495336985794e+03,1.093394843817189e+03,1.764705882352941e+00,15249428
1.103248587694769e+03,1.095147154859501e+03,1.764705882352941e+00,15249430
1.103260042868147e+03,1.096656682356428e+03,5.882352941176471e-01,15249432
1.103950458669258e+03,1.095969842826390e+03,1.764705882352941e+00,15249431
1.105013293577122e+03,1.096920915427630e+03,5.882352941176471e-01,15249433
1.105024748750500e+03,1.097260279389513e+03,5.882352941176471e-01,15249434
1.106789454632852e+03,1.101968191989993e+03,5.882352941176471e-01,15249437
1.107479870433964e+03,1.097844732390317e+03,1.176470588235294e+00,15249435
1.108554160515205e+03,1.103974354723049e+03,5.882352941176471e-01,15249438
1.109276342035739e+03,1.107511636153386e+03,5.882352941176471e-01,15249439
1.110307411224181e+03,1.101914101520884e+03,1.764705882352941e+00,15249436
1.110318866397558e+03,1.107647963032336e+03,5.882352941176471e-01,15249440
1.112451042513289e+03,1.110686336630936e+03,5.882352941176471e-01,15249441
1.116170013190668e+03,1.114405307308315e+03,5.882352941176471e-01,15249443
1.116594985959726e+03,1.114830280077373e+03,5.882352941176471e-01,15249444
1.117934719073021e+03,1.115762012394482e+03,5.882352941176471e-01,15249445
1.118516004138327e+03,1.113221886491268e+03,1.764705882352941e+00,15249442
1.119699424955374e+03,1.116910526225840e+03,5.882352941176471e-01,15249447
1.120124397724432e+03,1.115904123120216e+03,1.176470588235294e+00,15249446
1.120280710020680e+03,1.117037211896276e+03,5.882352941176471e-01,15249448
1.123228836720080e+03,1.117334358194615e+03,1.176470588235294e+00,15249449
1.123653809489138e+03,1.118851798436002e+03,1.176470588235294e+00,15249450
1.124993542602433e+03,1.120938666602779e+03,5.882352941176471e-01,15249452
1.125785436537898e+03,1.120491318890839e+03,1.764705882352941e+00,15249451
1.127550142420251e+03,1.123769055392953e+03,5.882352941176471e-01,15249455
1.128522954367139e+03,1.121709825446007e+03,1.176470588235294e+00,15249454
1.128947927136196e+03,1.121335505553894e+03,1.764705882352941e+00,15249453
1.129314848302604e+03,1.124347019198138e+03,5.882352941176471e-01,15249456
1.131079554184957e+03,1.128642249545426e+03,5.882352941176471e-01,15249459
1.132844260067310e+03,1.128647220177347e+03,5.882352941176471e-01,15249460
1.133817072014198e+03,1.125190757429596e+03,1.764705882352941e+00,15249457
1.134242044783255e+03,1.125734505164041e+03,1.764705882352941e+00,15249458
1.134608965949663e+03,1.128909005621594e+03,5.882352941176471e-01,15249461
1.135581777896551e+03,1.131223234820660e+03,5.882352941176471e-01,15249462
1.136006750665608e+03,1.131286592955755e+03,5.882352941176471e-01,15249463
1.136373671832016e+03,1.133287059709795e+03,5.882352941176471e-01,15249464
1.137346483778904e+03,1.134565409789456e+03,5.882352941176471e-01,15249465
1.137771456547961e+03,1.135864585277027e+03,5.882352941176471e-01,15249466
1.139903083596722e+03,1.136013262876173e+03,1.176470588235294e+00,15249467
1.140217709561190e+03,1.138453003678837e+03,5.882352941176471e-01,15249469
1.141637625278826e+03,1.138108213514120e+03,1.176470588235294e+00,15249468
1.141667789479075e+03,1.138909953811228e+03,5.882352941176471e-01,15249470
1.141982415443543e+03,1.139430529972730e+03,5.882352941176471e-01,15249471
1.143402331161179e+03,1.140284988680034e+03,5.882352941176471e-01,15249472
1.143747121325896e+03,1.141706822240805e+03,5.882352941176471e-01,15249474
1.145511827208249e+03,1.142478628898394e+03,5.882352941176471e-01,15249476
1.146961907126133e+03,1.140952024213979e+03,1.764705882352941e+00,15249473
1.148696448808237e+03,1.142147095299842e+03,1.764705882352941e+00,15249475
1.148726613008486e+03,1.143367498003106e+03,5.882352941176471e-01,15249478
1.150461154690590e+03,1.144427183936545e+03,5.882352941176471e-01,15249479
1.150805944855307e+03,1.143256153866219e+03,1.764705882352941e+00,15249477
1.152570650737660e+03,1.146005106574728e+03,5.882352941176471e-01,15249482
1.154020730655545e+03,1.145467803282854e+03,1.764705882352941e+00,15249480
1.154335356620013e+03,1.146912119797400e+03,5.882352941176471e-01,15249483
1.155755272337649e+03,1.145990072243365e+03,1.764705882352941e+00,15249481
1.157519978220002e+03,1.148564915050697e+03,5.882352941176471e-01,15249486
1.157550142420251e+03,1.147348639862110e+03,1.176470588235294e+00,15249484
1.159314848302604e+03,1.151044880134581e+03,5.882352941176471e-01,15249488
1.159629474267072e+03,1.148083266141760e+03,1.764705882352941e+00,15249485
1.161394180149425e+03,1.151504022835664e+03,5.882352941176471e-01,15249490
1.162814095867061e+03,1.149193563107402e+03,1.764705882352941e+00,15249487
1.162844260067310e+03,1.151308427140294e+03,1.176470588235294e+00,15249489
1.164578801749414e+03,1.153273206730558e+03,5.882352941176471e-01,15249492
1.166343507631767e+03,1.154503127747028e+03,5.882352941176471e-01,15249494
1.166373671832016e+03,1.153499825082717e+03,1.176470588235294e+00,15249493
1.166688297796484e+03,1.151604491187342e+03,1.764705882352941e+00,15249491
1.168108213514120e+03,1.155506502179907e+03,5.882352941176471e-01,15249495
1.168138377714369e+03,1.158541992096177e+03,5.882352941176471e-01,15249496
1.168453003678837e+03,1.160247170014591e+03,5.882352941176471e-01,15249497
1.171667789479075e+03,1.162492122761565e+03,1.176470588235294e+00,15249499
1.173402331161179e+03,1.161281852305422e+03,1.764705882352941e+00,15249498
1.173747121325896e+03,1.163861831255098e+03,1.764705882352941e+00,15249500
1.175167037043532e+03,1.169545802336797e+03,5.882352941176471e-01,15249502
1.175511827208249e+03,1.171161280570979e+03,5.882352941176471e-01,15249503
1.176961907126133e+03,1.165268082896482e+03,1.764705882352941e+00,15249501
1.177276533090602e+03,1.172467915982403e+03,5.882352941176471e-01,15249505
1.178726613008486e+03,1.173346463843145e+03,5.882352941176471e-01,15249506
1.180461154690590e+03,1.172066129155091e+03,1.764705882352941e+00,15249504
1.180491318890839e+03,1.174938155709023e+03,5.882352941176471e-01,15249508
1.180805944855307e+03,1.174921555051466e+03,1.176470588235294e+00,15249507
1.183588685952471e+03,1.181823980070118e+03,5.882352941176471e-01,15249511
1.185341397118092e+03,1.181811985353386e+03,1.176470588235294e+00,15249510
1.185755272337649e+03,1.177392875386696e+03,1.764705882352941e+00,15249509
1.187106103000445e+03,1.182870538903121e+03,5.882352941176471e-01,15249513
1.188882803599530e+03,1.182581860924866e+03,1.764705882352941e+00,15249512
1.190635514765151e+03,1.184363927135555e+03,1.176470588235294e+00,15249515
1.190647509481883e+03,1.184404921849378e+03,5.882352941176471e-01,15249516
1.191049389984708e+03,1.183896772622990e+03,1.764705882352941e+00,15249514
1.192412215364236e+03,1.185374823526457e+03,5.882352941176471e-01,15249518
1.192814095867061e+03,1.186778974306966e+03,5.882352941176471e-01,15249519
1.194164926529857e+03,1.185177302219266e+03,1.176470588235294e+00,15249517
1.194578801749414e+03,1.190429004679592e+03,5.882352941176471e-01,15249521
1.195929632412210e+03,1.192527151548359e+03,5.882352941176471e-01,15249522
1.195941627128942e+03,1.188708957809640e+03,1.176470588235294e+00,15249520
1.196343507631767e+03,1.192576602107286e+03,5.882352941176471e-01,15249523
1.197694338294563e+03,1.194865150559648e+03,5.882352941176471e-01,15249524
1.199471038893648e+03,1.195194187905059e+03,1.176470588235294e+00,15249525
1.200859274441877e+03,1.199094568559524e+03,5.882352941176471e-01,15249526
1.201439318449512e+03,1.199674612567159e+03,5.882352941176471e-01,15249528
1.202623980324230e+03,1.199944412116716e+03,5.882352941176471e-01,15249529
1.203204024331865e+03,1.200675229620590e+03,5.882352941176471e-01,15249530
1.204388686206583e+03,1.201148134480484e+03,5.882352941176471e-01,15249531
1.204612976565725e+03,1.199318858918666e+03,1.764705882352941e+00,15249527
1.204968730214218e+03,1.201248633707372e+03,5.882352941176471e-01,15249532
1.207918097971289e+03,1.202773050394702e+03,1.176470588235294e+00,15249533
1.211256640745520e+03,1.209491934863167e+03,5.882352941176471e-01,15249535
1.211279293347714e+03,1.209514587465361e+03,5.882352941176471e-01,15249536
1.213556289760535e+03,1.208262172113476e+03,1.764705882352941e+00,15249534
1.215320995642888e+03,1.211612071273097e+03,5.882352941176471e-01,15249539
1.216550758392579e+03,1.210776977625887e+03,1.764705882352941e+00,15249537
1.216573410994773e+03,1.211069818443606e+03,1.764705882352941e+00,15249538
1.218315464274932e+03,1.214076207186298e+03,5.882352941176471e-01,15249541
1.220080170157285e+03,1.215138017876678e+03,5.882352941176471e-01,15249543
1.220615113289947e+03,1.211729039118549e+03,1.764705882352941e+00,15249540
1.221844876039637e+03,1.217658475657714e+03,5.882352941176471e-01,15249544
1.221867528641832e+03,1.214712684187971e+03,1.764705882352941e+00,15249542
1.225909230937005e+03,1.218284207256948e+03,1.764705882352941e+00,15249545
1.227138993686696e+03,1.219277943396460e+03,1.764705882352941e+00,15249546
1.227161646288891e+03,1.219524902531483e+03,1.764705882352941e+00,15249547
1.231203348584064e+03,1.219735822794175e+03,1.764705882352941e+00,15249548
1.232433111333755e+03,1.221330790793720e+03,1.764705882352941e+00,15249549
1.232455763935949e+03,1.221835991896252e+03,1.764705882352941e+00,15249550
1.235962523098461e+03,1.222404181080160e+03,1.176470588235294e+00,15249552
1.236497466231123e+03,1.222391057448448e+03,1.764705882352941e+00,15249551
1.237749881583008e+03,1.222433879035239e+03,1.764705882352941e+00,15249553
1.241256640745520e+03,1.222548819946173e+03,1.764705882352941e+00,15249554
1.241279293347714e+03,1.229245330130923e+03,1.176470588235294e+00,15249556
1.241791583878182e+03,1.226984143348372e+03,1.764705882352941e+00,15249555
1.243021346627873e+03,1.229871801919345e+03,5.882352941176471e-01,15249557
1.244786052510226e+03,1.232472447216520e+03,5.882352941176471e-01,15249560
1.246573410994773e+03,1.231005345509958e+03,1.764705882352941e+00,15249558
1.247085701525241e+03,1.231844839468290e+03,1.764705882352941e+00,15249559
1.250080170157285e+03,1.232723738548103e+03,1.764705882352941e+00,15249561
1.250102822759479e+03,1.232844640184827e+03,1.176470588235294e+00,15249562
1.251867528641832e+03,1.240811693538186e+03,5.882352941176471e-01,15249565
1.252379819172299e+03,1.233667483780300e+03,1.764705882352941e+00,15249563
1.254144525054652e+03,1.241142199011581e+03,5.882352941176471e-01,15249567
1.255374287804343e+03,1.238392049908029e+03,1.764705882352941e+00,15249564
1.257138993686696e+03,1.243005200694965e+03,5.882352941176471e-01,15249569
1.257161646288891e+03,1.241030779173741e+03,1.764705882352941e+00,15249566
1.259438642701711e+03,1.241868879646862e+03,1.764705882352941e+00,15249568
1.260691058053597e+03,1.244906246708410e+03,1.176470588235294e+00,15249571
1.261203348584064e+03,1.246536657061867e+03,5.882352941176471e-01,15249572
1.262433111333755e+03,1.243172462475353e+03,1.764705882352941e+00,15249570
1.262968054466417e+03,1.248229845710911e+03,5.882352941176471e-01,15249574
1.264197817216108e+03,1.249282108894367e+03,5.882352941176471e-01,15249575
1.264732760348770e+03,1.253111315393543e+03,5.882352941176471e-01,15249576
1.265962523098461e+03,1.255189289646619e+03,5.882352941176471e-01,15249577
1.265985175700655e+03,1.248005074973945e+03,1.764705882352941e+00,15249573
1.266497466231123e+03,1.257359077317364e+03,5.882352941176471e-01,15249578
1.267727228980814e+03,1.257692477542910e+03,5.882352941176471e-01,15249579
1.269491934863167e+03,1.260160790801654e+03,5.882352941176471e-01,15249582
1.270026877995829e+03,1.260032541587689e+03,1.176470588235294e+00,15249581
1.271279293347714e+03,1.258090609634293e+03,1.764705882352941e+00,15249580
1.271791583878182e+03,1.261926088476529e+03,5.882352941176471e-01,15249584
1.273043999230067e+03,1.263355095262650e+03,5.882352941176471e-01,15249585
1.273556289760535e+03,1.265107682556054e+03,5.882352941176471e-01,15249586
1.274786052510226e+03,1.261524933302348e+03,1.764705882352941e+00,15249583
1.275320995642888e+03,1.266756331417990e+03,5.882352941176471e-01,15249588
1.276550758392579e+03,1.267245019659138e+03,5.882352941176471e-01,15249589
1.277085701525241e+03,1.268217440803914e+03,5.882352941176471e-01,15249590
1.278338116877126e+03,1.265290717626397e+03,1.764705882352941e+00,15249587
1.278850407407594e+03,1.268720630081337e+03,5.882352941176471e-01,15249592
1.280080170157285e+03,1.268586598096130e+03,1.176470588235294e+00,15249591
1.280615113289947e+03,1.273275385051467e+03,5.882352941176471e-01,15249594
1.282379819172299e+03,1.280208811718233e+03,5.882352941176471e-01,15249596
1.283632234524185e+03,1.269541624716523e+03,1.764705882352941e+00,15249593
1.284144525054652e+03,1.280280980222229e+03,5.882352941176471e-01,15249597
1.285374287804343e+03,1.274076074850445e+03,1.764705882352941e+00,15249595
1.285396940406538e+03,1.280495132598558e+03,5.882352941176471e-01,15249598
1.287161646288891e+03,1.282543933337272e+03,5.882352941176471e-01,15249601
1.288926352171244e+03,1.282705674935037e+03,5.882352941176471e-01,15249602
1.289438642701711e+03,1.280863914981560e+03,1.764705882352941e+00,15249599
1.290668405451402e+03,1.281040410615095e+03,1.764705882352941e+00,15249600
1.290691058053597e+03,1.283325789013560e+03,5.882352941176471e-01,15249603
1.291203348584064e+03,1.283489432554367e+03,5.882352941176471e-01,15249604
1.292433111333755e+03,1.285822630272324e+03,5.882352941176471e-01,15249605
1.292455763935949e+03,1.287458469924021e+03,5.882352941176471e-01,15249606
1.294732760348770e+03,1.288067961238388e+03,1.176470588235294e+00,15249607
1.295187006416084e+03,1.293422300533731e+03,5.882352941176471e-01,15249609
1.296497466231123e+03,1.294667212526740e+03,5.882352941176471e-01,15249610
1.296951712298437e+03,1.294734665478398e+03,5.882352941176471e-01,15249611
1.297727228980814e+03,1.288686250980722e+03,1.764705882352941e+00,15249608
1.298262172113476e+03,1.296017936442525e+03,5.882352941176471e-01,15249612
1.304721642334289e+03,1.299427524687230e+03,1.764705882352941e+00,15249613
1.304924891353096e+03,1.299630773706037e+03,1.764705882352941e+00,15249614
1.305103637356401e+03,1.299809519709343e+03,1.764705882352941e+00,15249615
1.306486348216642e+03,1.300371314854924e+03,5.882352941176471e-01,15249616
1.306689597235449e+03,1.300633889688093e+03,5.882352941176471e-01,15249617
1.306868343238754e+03,1.300926896483657e+03,5.882352941176471e-01,15249618
1.308251054098995e+03,1.301008310121090e+03,5.882352941176471e-01,15249619
1.308454303117802e+03,1.303256932965248e+03,5.882352941176471e-01,15249620
1.308633049121107e+03,1.303846360798069e+03,5.882352941176471e-01,15249621
1.310015759981348e+03,1.305511744229198e+03,5.882352941176471e-01,15249622
1.310219009000155e+03,1.308332622308390e+03,5.882352941176471e-01,15249623
1.311780465863701e+03,1.308976155493895e+03,5.882352941176471e-01,15249625
1.311983714882508e+03,1.309194291029564e+03,5.882352941176471e-01,15249626
1.312162460885813e+03,1.308546430398968e+03,1.176470588235294e+00,15249624
1.313545171746054e+03,1.310153632765366e+03,5.882352941176471e-01,15249627
1.315108200921929e+03,1.313343495039576e+03,5.882352941176471e-01,15249628
1.318663445102054e+03,1.316898739219701e+03,5.882352941176471e-01,15249631
1.319440233868286e+03,1.314146116221228e+03,1.764705882352941e+00,15249629
1.320270028310976e+03,1.314975910663917e+03,1.764705882352941e+00,15249630
1.320510394121025e+03,1.318745688238672e+03,5.882352941176471e-01,15249632
1.322034734193329e+03,1.319657598759635e+03,5.882352941176471e-01,15249634
1.324885698861449e+03,1.319591581214390e+03,1.764705882352941e+00,15249633
1.330988007424561e+03,1.329223301542208e+03,5.882352941176471e-01,15249635
1.331257695668351e+03,1.329492989785998e+03,5.882352941176471e-01,15249637
1.332752713306914e+03,1.329587212704744e+03,5.882352941176471e-01,15249638
1.334724693115239e+03,1.329430575468181e+03,1.764705882352941e+00,15249636
1.337724258430868e+03,1.335959552548515e+03,5.882352941176471e-01,15249639
1.338860310901911e+03,1.337095605019558e+03,5.882352941176471e-01,15249641
1.339928894307260e+03,1.336399482542554e+03,1.176470588235294e+00,15249640
1.342504995176729e+03,1.340740289294376e+03,5.882352941176471e-01,15249643
1.343725294301772e+03,1.341960588419419e+03,5.882352941176471e-01,15249644
1.344108532037933e+03,1.340579120273227e+03,1.176470588235294e+00,15249642
1.345513572285434e+03,1.343748866403082e+03,5.882352941176471e-01,15249646
1.347753088125866e+03,1.345988382243514e+03,5.882352941176471e-01,15249647
1.347826630045098e+03,1.342532512398039e+03,1.764705882352941e+00,15249645
1.349635529355673e+03,1.347870823473320e+03,5.882352941176471e-01,15249649
1.350161534307050e+03,1.346632122542344e+03,1.176470588235294e+00,15249648
1.352731152976934e+03,1.349201741212228e+03,1.176470588235294e+00,15249650
1.354520584254954e+03,1.352755878372601e+03,5.882352941176471e-01,15249653
1.354929647002732e+03,1.349620732982381e+03,1.764705882352941e+00,15249651
1.356285290137307e+03,1.352774683489871e+03,5.882352941176471e-01,15249654
1.356763880473331e+03,1.351469762826272e+03,1.764705882352941e+00,15249652
1.358049996019660e+03,1.354641334990825e+03,5.882352941176471e-01,15249656
1.359814701902013e+03,1.355100767390725e+03,5.882352941176471e-01,15249658
1.360223764649791e+03,1.352952492304341e+03,1.764705882352941e+00,15249655
1.360293292238037e+03,1.354854255366776e+03,1.176470588235294e+00,15249657
1.361579407784366e+03,1.357150076404777e+03,5.882352941176471e-01,15249659
1.361988470532144e+03,1.358663941097194e+03,5.882352941176471e-01,15249660
1.362554402748133e+03,1.360789696865781e+03,5.882352941176471e-01,15249661
1.365685570106278e+03,1.362156158341572e+03,1.176470588235294e+00,15249662
1.370444634294672e+03,1.368679928412319e+03,5.882352941176471e-01,15249664
1.372209340177025e+03,1.369328110629871e+03,5.882352941176471e-01,15249666
1.373311847901141e+03,1.368017730254082e+03,1.764705882352941e+00,15249663
1.374198623606191e+03,1.368904505959132e+03,1.764705882352941e+00,15249665
1.375076553783494e+03,1.370126875280357e+03,5.882352941176471e-01,15249668
1.376841259665847e+03,1.374010016279187e+03,5.882352941176471e-01,15249670
1.377503457824084e+03,1.369810512726653e+03,1.764705882352941e+00,15249667
1.379268163706437e+03,1.375033345321893e+03,5.882352941176471e-01,15249672
1.379492741253250e+03,1.372863988797946e+03,1.764705882352941e+00,15249669
1.382135377312906e+03,1.374993073297601e+03,1.764705882352941e+00,15249671
1.384562281353495e+03,1.375413152198908e+03,1.764705882352941e+00,15249673
1.384786858900309e+03,1.376197922156170e+03,1.764705882352941e+00,15249674
1.386551564782662e+03,1.378193801626799e+03,5.882352941176471e-01,15249677
1.387429494959964e+03,1.377020901569211e+03,1.764705882352941e+00,15249675
1.388316270665015e+03,1.380781815663528e+03,5.882352941176471e-01,15249678
1.389194200842317e+03,1.381277065228934e+03,5.882352941176471e-01,15249679
1.389856399000554e+03,1.378192680902960e+03,1.764705882352941e+00,15249676
1.390080976547368e+03,1.381720503886449e+03,5.882352941176471e-01,15249680
1.390958906724670e+03,1.381976863062546e+03,5.882352941176471e-01,15249681
1.391621104882907e+03,1.382066729231939e+03,5.882352941176471e-01,15249682
1.391845682429721e+03,1.382625865747182e+03,5.882352941176471e-01,15249683
1.392723612607023e+03,1.383928212453472e+03,5.882352941176471e-01,15249684
1.393610388312074e+03,1.385383678630535e+03,5.882352941176471e-01,15249686
1.395375094194426e+03,1.387934386249056e+03,5.882352941176471e-01,15249688
1.396915222529966e+03,1.384056759831325e+03,1.764705882352941e+00,15249685
1.398017730254082e+03,1.386014032854310e+03,1.764705882352941e+00,15249687
1.398679928412319e+03,1.389002178507862e+03,5.882352941176471e-01,15249690
1.399782436136435e+03,1.389046395357491e+03,5.882352941176471e-01,15249691
1.400444634294672e+03,1.389958253725690e+03,5.882352941176471e-01,15249692
1.400669211841485e+03,1.388550968020674e+03,1.764705882352941e+00,15249689
1.402209340177025e+03,1.391096237530792e+03,5.882352941176471e-01,15249694
1.402433917723838e+03,1.394728522239352e+03,5.882352941176471e-01,15249695
1.403311847901141e+03,1.390192517179766e+03,1.176470588235294e+00,15249693
1.403974046059378e+03,1.396650855434237e+03,5.882352941176471e-01,15249696
1.404198623606191e+03,1.396863055804657e+03,5.882352941176471e-01,15249697
1.405076553783494e+03,1.399228581051661e+03,5.882352941176471e-01,15249698
1.405738751941731e+03,1.399467655034783e+03,5.882352941176471e-01,15249699
1.405963329488544e+03,1.400348976096445e+03,5.882352941176471e-01,15249700
1.406841259665847e+03,1.400591126170958e+03,5.882352941176471e-01,15249701
1.407503457824084e+03,1.401273417639420e+03,5.882352941176471e-01,15249702
1.407728035370897e+03,1.401705479762478e+03,5.882352941176471e-01,15249703
1.409268163706437e+03,1.401890155499480e+03,5.882352941176471e-01,15249705
1.409492741253250e+03,1.402311399541122e+03,5.882352941176471e-01,15249706
1.410370671430553e+03,1.401789111957253e+03,1.176470588235294e+00,15249704
1.412135377312906e+03,1.406192693968667e+03,5.882352941176471e-01,15249709
1.413022153017956e+03,1.403715971656059e+03,1.176470588235294e+00,15249708
1.413900083195258e+03,1.406768282521136e+03,5.882352941176471e-01,15249710
1.414562281353495e+03,1.402625072803814e+03,1.764705882352941e+00,15249707
1.415664789077611e+03,1.409294067125415e+03,5.882352941176471e-01,15249712
1.418316270665015e+03,1.408999289461650e+03,1.764705882352941e+00,15249711
1.419856399000554e+03,1.409528392766158e+03,1.764705882352941e+00,15249713
1.420080976547368e+03,1.410026586256845e+03,5.882352941176471e-01,15249715
1.420958906724670e+03,1.409589853228861e+03,1.764705882352941e+00,15249714
1.421621104882907e+03,1.412523391074243e+03,5.882352941176471e-01,15249716
1.424488318489376e+03,1.414278223144302e+03,1.176470588235294e+00,15249718
1.425375094194426e+03,1.414200479123972e+03,1.764705882352941e+00,15249717
1.426253024371729e+03,1.416357124892777e+03,5.882352941176471e-01,15249720
1.426915222529966e+03,1.415678316174705e+03,1.764705882352941e+00,15249719
1.427139800076779e+03,1.417708952774685e+03,5.882352941176471e-01,15249721
1.428017730254082e+03,1.420077238005423e+03,5.882352941176471e-01,15249722
1.428904505959132e+03,1.422703468596013e+03,5.882352941176471e-01,15249724
1.429782436136435e+03,1.422765849404930e+03,5.882352941176471e-01,15249725
1.430669211841485e+03,1.425631697820269e+03,5.882352941176471e-01,15249726
1.432209340177025e+03,1.421089470955880e+03,1.764705882352941e+00,15249723
1.432433917723838e+03,1.428697548589728e+03,5.882352941176471e-01,15249728
1.433974046059378e+03,1.429639308187531e+03,5.882352941176471e-01,15249729
1.434198623606191e+03,1.430124301208889e+03,5.882352941176471e-01,15249730
1.435076553783494e+03,1.425976223208083e+03,1.764705882352941e+00,15249727
1.435738751941731e+03,1.432089011321670e+03,5.882352941176471e-01,15249731
1.436637954869077e+03,1.434873248986724e+03,5.882352941176471e-01,15249732
1.437862749219857e+03,1.436098043337504e+03,5.882352941176471e-01,15249733
1.441698022864330e+03,1.436403905217271e+03,1.764705882352941e+00,15249734
1.441882972902691e+03,1.440118267020338e+03,5.882352941176471e-01,15249735
1.441938595983328e+03,1.440173890100975e+03,5.882352941176471e-01,15249736
1.444125196045129e+03,1.442360490162776e+03,5.882352941176471e-01,15249738
1.445474135323975e+03,1.441944723559269e+03,1.176470588235294e+00,15249737
1.446657397655534e+03,1.444892691773181e+03,5.882352941176471e-01,15249739
1.447989484137508e+03,1.446224778255156e+03,5.882352941176471e-01,15249740
1.448525465395493e+03,1.446760759513140e+03,5.882352941176471e-01,15249741
1.448820044360761e+03,1.447055338478408e+03,5.882352941176471e-01,15249742
1.449754190019861e+03,1.447114844185637e+03,5.882352941176471e-01,15249743
1.451679789001620e+03,1.449915083119267e+03,5.882352941176471e-01,15249744
1.455301315171038e+03,1.453536609288685e+03,5.882352941176471e-01,15249746
1.455422990217252e+03,1.450128872570193e+03,1.764705882352941e+00,15249745
1.456107524617030e+03,1.454342818734677e+03,5.882352941176471e-01,15249747
1.457066021053391e+03,1.454843778621384e+03,5.882352941176471e-01,15249748
1.457187696099605e+03,1.455339536741919e+03,5.882352941176471e-01,15249749
1.458911498410325e+03,1.457146792527972e+03,5.882352941176471e-01,15249751
1.459852395897328e+03,1.458087690014975e+03,5.882352941176471e-01,15249752
1.461410517753829e+03,1.456116400106771e+03,1.764705882352941e+00,15249750
1.462440910175031e+03,1.458767529796845e+03,1.176470588235294e+00,15249753
1.463069927713650e+03,1.461305221831297e+03,5.882352941176471e-01,15249754
1.463521526192410e+03,1.461756820310057e+03,5.882352941176471e-01,15249755
1.464276711159911e+03,1.462512005277558e+03,5.882352941176471e-01,15249756
1.468860648828950e+03,1.467095942946597e+03,5.882352941176471e-01,15249758
1.471619754421367e+03,1.469855048539014e+03,5.882352941176471e-01,15249759
1.471882611262144e+03,1.466588493615086e+03,1.764705882352941e+00,15249757
1.475215326259422e+03,1.469921208612363e+03,1.764705882352941e+00,15249760
1.476913872068426e+03,1.470936055906525e+03,1.764705882352941e+00,15249761
1.477176728909203e+03,1.471237231670115e+03,1.764705882352941e+00,15249762
1.478941434791556e+03,1.476790733056428e+03,5.882352941176471e-01,15249765
1.480509443906481e+03,1.471687063260442e+03,1.764705882352941e+00,15249763
1.480706140673909e+03,1.477094127404659e+03,5.882352941176471e-01,15249766
1.482207989715484e+03,1.475125494019080e+03,1.764705882352941e+00,15249764
1.484203386145531e+03,1.482438680263178e+03,5.882352941176471e-01,15249768
1.486709065012444e+03,1.483179653247738e+03,1.176470588235294e+00,15249769
1.487020848608219e+03,1.481726730961160e+03,1.764705882352941e+00,15249767
1.488473770894797e+03,1.484240626668304e+03,5.882352941176471e-01,15249771
1.489497503792589e+03,1.483614969410832e+03,1.764705882352941e+00,15249770
1.490711053933261e+03,1.488946348050908e+03,5.882352941176471e-01,15249773
1.492314966255278e+03,1.485259467017348e+03,1.764705882352941e+00,15249772
1.492475759815613e+03,1.489935286880828e+03,5.882352941176471e-01,15249775
1.494079672137631e+03,1.490069043273338e+03,5.882352941176471e-01,15249776
1.494240465697966e+03,1.490099234897430e+03,5.882352941176471e-01,15249777
1.494810925679821e+03,1.489516808032762e+03,1.764705882352941e+00,15249774
1.499373789784689e+03,1.492144243948275e+03,1.764705882352941e+00,15249778
1.499534583345025e+03,1.493641824784935e+03,1.764705882352941e+00,15249779
1.500105043326880e+03,1.493723275473466e+03,1.764705882352941e+00,15249780
1.501138495667042e+03,1.494587159818173e+03,5.882352941176471e-01,15249781
1.502903201549395e+03,1.496924198112430e+03,5.882352941176471e-01,15249784
1.504828700992084e+03,1.495661632208254e+03,1.764705882352941e+00,15249782
1.505399160973939e+03,1.495933553134521e+03,1.764705882352941e+00,15249783
1.508197319196454e+03,1.497169583894002e+03,1.764705882352941e+00,15249785
1.510122818639143e+03,1.498919306864030e+03,1.764705882352941e+00,15249786
1.510693278620997e+03,1.499379086074829e+03,1.764705882352941e+00,15249787
1.512457984503350e+03,1.502563143534277e+03,5.882352941176471e-01,15249790
1.513491436843513e+03,1.500254728818174e+03,1.764705882352941e+00,15249788
1.513652230403849e+03,1.502539243558893e+03,1.176470588235294e+00,15249789
1.514222690385703e+03,1.502748420224962e+03,5.882352941176471e-01,15249791
1.515416936286202e+03,1.507840467620773e+03,5.882352941176471e-01,15249793
1.515987396268056e+03,1.508279316762547e+03,5.882352941176471e-01,15249794
1.517181642168555e+03,1.508898466370197e+03,5.882352941176471e-01,15249795
1.518785554490572e+03,1.506867288794956e+03,1.764705882352941e+00,15249792
1.521281513915115e+03,1.509332801567375e+03,1.764705882352941e+00,15249796
1.522475759815613e+03,1.509668030121298e+03,1.764705882352941e+00,15249797
1.523046219797468e+03,1.512631590287329e+03,5.882352941176471e-01,15249799
1.524079672137631e+03,1.511309899055686e+03,1.764705882352941e+00,15249798
1.524240465697966e+03,1.514413009813962e+03,5.882352941176471e-01,15249800
1.526005171580319e+03,1.516745831511818e+03,5.882352941176471e-01,15249803
1.528340337444527e+03,1.514509657876846e+03,1.764705882352941e+00,15249801
1.529373789784689e+03,1.516141573401663e+03,1.764705882352941e+00,15249802
1.530105043326880e+03,1.517933362308495e+03,5.882352941176471e-01,15249805
1.531138495667042e+03,1.519045061280793e+03,5.882352941176471e-01,15249806
1.531299289227378e+03,1.516954997458550e+03,1.764705882352941e+00,15249804
1.532903201549395e+03,1.522323900542048e+03,5.882352941176471e-01,15249808
1.533063995109731e+03,1.522434864320954e+03,5.882352941176471e-01,15249809
1.534828700992084e+03,1.524268885068735e+03,5.882352941176471e-01,15249811
1.535399160973939e+03,1.519221659211381e+03,1.764705882352941e+00,15249807
1.536432613314101e+03,1.523849277344472e+03,1.176470588235294e+00,15249810
1.537163866856292e+03,1.524981469461486e+03,5.882352941176471e-01,15249813
1.538197319196454e+03,1.525990176001821e+03,5.882352941176471e-01,15249814
1.539962025078807e+03,1.529746157521551e+03,5.882352941176471e-01,15249816
1.540122818639143e+03,1.524581763965763e+03,1.764705882352941e+00,15249812
1.540693278620997e+03,1.526239307048132e+03,1.176470588235294e+00,15249815
1.541726730961160e+03,1.531168462632725e+03,5.882352941176471e-01,15249817
1.543491436843513e+03,1.536801696830279e+03,5.882352941176471e-01,15249820
1.544222690385703e+03,1.534152219021890e+03,1.176470588235294e+00,15249819
1.545256142725866e+03,1.540106628723703e+03,5.882352941176471e-01,15249821
1.545416936286202e+03,1.533014848476749e+03,1.764705882352941e+00,15249818
1.547020848608219e+03,1.541766712852030e+03,5.882352941176471e-01,15249823
1.547181642168555e+03,1.541857862927671e+03,5.882352941176471e-01,15249824
1.549516808032762e+03,1.540792661593844e+03,1.764705882352941e+00,15249822
1.550550260372925e+03,1.542429896875285e+03,1.176470588235294e+00,15249825
1.550711053933261e+03,1.545061142099018e+03,1.176470588235294e+00,15249826
1.551281513915115e+03,1.545467021285450e+03,5.882352941176471e-01,15249827
1.552475759815613e+03,1.548390470359051e+03,5.882352941176471e-01,15249829
1.554079672137631e+03,1.545888654531023e+03,1.176470588235294e+00,15249828
1.554240465697966e+03,1.551150137736967e+03,5.882352941176471e-01,15249831
1.556575631562174e+03,1.549582380153054e+03,1.764705882352941e+00,15249830
1.557269844103964e+03,1.555505138221611e+03,5.882352941176471e-01,15249832
1.557638243602395e+03,1.555873537720042e+03,5.882352941176471e-01,15249833
1.558340337444527e+03,1.556367227853491e+03,5.882352941176471e-01,15249834
1.563063081241575e+03,1.557768963594517e+03,1.764705882352941e+00,15249835
1.563497959896181e+03,1.558203842249122e+03,1.764705882352941e+00,15249836
1.563969027829057e+03,1.558674910181998e+03,1.764705882352941e+00,15249837
1.564827787123928e+03,1.560323847656039e+03,5.882352941176471e-01,15249838
1.565733733711410e+03,1.561785091468382e+03,5.882352941176471e-01,15249840
1.566592493006281e+03,1.562169256683701e+03,5.882352941176471e-01,15249841
1.567027371660887e+03,1.561338800858961e+03,1.176470588235294e+00,15249839
1.571027851358469e+03,1.563836156031874e+03,1.764705882352941e+00,15249842
1.571886610653340e+03,1.563932209956579e+03,1.764705882352941e+00,15249843
1.572321489307945e+03,1.565563720144542e+03,1.764705882352941e+00,15249844
1.573651316535693e+03,1.566184727439269e+03,5.882352941176471e-01,15249846
1.574086195190298e+03,1.567677495897234e+03,5.882352941176471e-01,15249847
1.574557263123175e+03,1.565680805103191e+03,1.176470588235294e+00,15249845
1.575850901072651e+03,1.568072042409325e+03,5.882352941176471e-01,15249849
1.576321969005528e+03,1.568144497454287e+03,5.882352941176471e-01,15249850
1.577180728300399e+03,1.567885066647945e+03,1.176470588235294e+00,15249848
1.577615606955004e+03,1.568492952054063e+03,5.882352941176471e-01,15249851
1.578086674887881e+03,1.569125174924782e+03,5.882352941176471e-01,15249852
1.579851380770233e+03,1.573885176298607e+03,5.882352941176471e-01,15249855
1.581616086652586e+03,1.574271984582933e+03,5.882352941176471e-01,15249856
1.582474845947458e+03,1.572960152130387e+03,1.764705882352941e+00,15249853
1.582909724602063e+03,1.573400467580069e+03,1.764705882352941e+00,15249854
1.583380792534939e+03,1.574361487005879e+03,5.882352941176471e-01,15249857
1.585145498417292e+03,1.576008801323362e+03,5.882352941176471e-01,15249860
1.586004257712164e+03,1.574579926868272e+03,1.176470588235294e+00,15249858
1.586439136366769e+03,1.575729149832074e+03,1.176470588235294e+00,15249859
1.587768963594517e+03,1.577253881620845e+03,5.882352941176471e-01,15249862
1.589968548131475e+03,1.578828740552973e+03,1.176470588235294e+00,15249863
1.590439616064351e+03,1.576446181101564e+03,1.764705882352941e+00,15249861
1.591733254013828e+03,1.580632661306005e+03,5.882352941176471e-01,15249865
1.593063081241575e+03,1.579214485785272e+03,1.764705882352941e+00,15249864
1.594827787123928e+03,1.581245132243521e+03,5.882352941176471e-01,15249868
1.595733733711410e+03,1.580684261136355e+03,1.764705882352941e+00,15249866
1.597027371660887e+03,1.581105099738813e+03,1.764705882352941e+00,15249867
1.600121904770987e+03,1.583410806547194e+03,1.764705882352941e+00,15249869
1.601027851358469e+03,1.583537832926569e+03,1.764705882352941e+00,15249870
1.602321489307945e+03,1.583783413147424e+03,1.764705882352941e+00,15249871
1.602792557240822e+03,1.587989391512664e+03,5.882352941176471e-01,15249873
1.604086195190298e+03,1.588469891425062e+03,5.882352941176471e-01,15249874
1.604557263123175e+03,1.588549163298524e+03,5.882352941176471e-01,15249875
1.605416022418046e+03,1.587078655151890e+03,1.764705882352941e+00,15249872
1.606321969005528e+03,1.593156182561705e+03,5.882352941176471e-01,15249877
1.608086674887881e+03,1.593428443566730e+03,5.882352941176471e-01,15249879
1.608945434182752e+03,1.593328909925706e+03,1.176470588235294e+00,15249878
1.609380312837357e+03,1.590370610562697e+03,1.764705882352941e+00,15249876
1.609851380770233e+03,1.593459575095897e+03,5.882352941176471e-01,15249880
1.610710140065105e+03,1.598331078002528e+03,5.882352941176471e-01,15249881
1.611145018719710e+03,1.599519391434767e+03,5.882352941176471e-01,15249882
1.612474845947458e+03,1.601101076785551e+03,5.882352941176471e-01,15249884
1.612909724602063e+03,1.601555546839282e+03,5.882352941176471e-01,15249885
1.614239551829811e+03,1.602133726626224e+03,5.882352941176471e-01,15249886
1.614674430484416e+03,1.603970939628510e+03,5.882352941176471e-01,15249887
1.615145498417292e+03,1.599710425944741e+03,1.764705882352941e+00,15249883
1.616004257712164e+03,1.604519404622244e+03,5.882352941176471e-01,15249888
1.617768963594517e+03,1.610344545617719e+03,5.882352941176471e-01,15249891
1.619533669476869e+03,1.611058310588053e+03,5.882352941176471e-01,15249892
1.619968548131475e+03,1.605195462308377e+03,1.764705882352941e+00,15249889
1.620439616064351e+03,1.609045571209379e+03,1.764705882352941e+00,15249890
1.621298375359222e+03,1.612216111916425e+03,5.882352941176471e-01,15249893
1.621733254013828e+03,1.612756717346954e+03,5.882352941176471e-01,15249894
1.623063081241575e+03,1.614652676667273e+03,5.882352941176471e-01,15249896
1.623497959896181e+03,1.617569769719161e+03,5.882352941176471e-01,15249897
1.624827787123928e+03,1.617610008964633e+03,5.882352941176471e-01,15249898
1.625262665778534e+03,1.619395622083241e+03,5.882352941176471e-01,15249899
1.625733733711410e+03,1.613963367032406e+03,1.764705882352941e+00,15249895
1.626592493006281e+03,1.621124324228008e+03,5.882352941176471e-01,15249900
1.627027371660887e+03,1.621210552566841e+03,5.882352941176471e-01,15249901
1.627498439593763e+03,1.622350610012588e+03,5.882352941176471e-01,15249902
1.628792077543239e+03,1.623622745130215e+03,5.882352941176471e-01,15249904
1.629263145476116e+03,1.624138155704664e+03,5.882352941176471e-01,15249905
1.631886610653340e+03,1.623046134297468e+03,1.764705882352941e+00,15249903
1.632792557240822e+03,1.626886901650925e+03,1.176470588235294e+00,15249907
1.633651316535693e+03,1.627663830310089e+03,5.882352941176471e-01,15249908
1.634086195190298e+03,1.625478650553180e+03,1.764705882352941e+00,15249906
1.638086674887881e+03,1.628550600537318e+03,1.764705882352941e+00,15249909
1.638945434182752e+03,1.628581104275192e+03,1.764705882352941e+00,15249910
1.639380312837357e+03,1.630522938678330e+03,1.764705882352941e+00,15249911
1.639851380770233e+03,1.631552337042163e+03,5.882352941176471e-01,15249912
1.641145018719710e+03,1.632599219480909e+03,5.882352941176471e-01,15249914
1.641616086652586e+03,1.633355400332646e+03,5.882352941176471e-01,15249915
1.643380792534939e+03,1.636618244553083e+03,5.882352941176471e-01,15249917
1.644239551829811e+03,1.632094279889486e+03,1.764705882352941e+00,15249913
1.645145498417292e+03,1.638979402520649e+03,5.882352941176471e-01,15249918
1.646439136366769e+03,1.633858433902545e+03,1.764705882352941e+00,15249916
1.646910204299645e+03,1.641152864122561e+03,5.882352941176471e-01,15249920
1.648674910181998e+03,1.643282120368301e+03,5.882352941176471e-01,15249922
1.649533669476869e+03,1.640202619206447e+03,1.764705882352941e+00,15249919
1.651298375359222e+03,1.644064587912231e+03,5.882352941176471e-01,15249924
1.651733254013828e+03,1.642935675192147e+03,1.764705882352941e+00,15249921
1.652204321946704e+03,1.643388078131982e+03,1.176470588235294e+00,15249923
1.653497959896181e+03,1.646409157867408e+03,5.882352941176471e-01,15249926
1.654827787123928e+03,1.644443065883444e+03,1.176470588235294e+00,15249925
1.657498439593763e+03,1.648008039659461e+03,1.764705882352941e+00,15249927
1.658792077543239e+03,1.648389092630317e+03,1.764705882352941e+00,15249928
1.659263145476116e+03,1.649549460399762e+03,5.882352941176471e-01,15249930
1.660121904770987e+03,1.649434770635857e+03,1.764705882352941e+00,15249929
1.660556783425592e+03,1.650821134046182e+03,5.882352941176471e-01,15249931
1.661886610653340e+03,1.651294301590285e+03,5.882352941176471e-01,15249933
1.662321489307945e+03,1.651860399362556e+03,5.882352941176471e-01,15249934
1.663651316535693e+03,1.654878613171235e+03,5.882352941176471e-01,15249935
1.664086195190298e+03,1.655435970596841e+03,5.882352941176471e-01,15249936
1.664557263123175e+03,1.651288790615522e+03,1.764705882352941e+00,15249932
1.665850901072651e+03,1.660117129179150e+03,5.882352941176471e-01,15249938
1.668086674887881e+03,1.660937924255997e+03,1.176470588235294e+00,15249939
1.668945434182752e+03,1.657787204584885e+03,1.764705882352941e+00,15249937
1.670710140065105e+03,1.663408163989316e+03,5.882352941176471e-01,15249942
1.671145018719710e+03,1.662884389392598e+03,1.764705882352941e+00,15249940
1.672474845947458e+03,1.664593391182823e+03,5.882352941176471e-01,15249943
1.672909724602063e+03,1.665055221931648e+03,5.882352941176471e-01,15249944
1.673380792534939e+03,1.663028916270423e+03,1.764705882352941e+00,15249941
1.674239551829811e+03,1.665339464069228e+03,5.882352941176471e-01,15249945
1.674674430484416e+03,1.668531544142215e+03,5.882352941176471e-01,15249946
1.675145498417292e+03,1.668571142126785e+03,5.882352941176471e-01,15249947
1.676004257712164e+03,1.669639465373311e+03,5.882352941176471e-01,15249948
1.676910204299645e+03,1.672148110429507e+03,5.882352941176471e-01,15249950
1.679968548131475e+03,1.670812511898926e+03,1.764705882352941e+00,15249949
1.681298375359222e+03,1.674187735890812e+03,1.764705882352941e+00,15249951
1.682204321946704e+03,1.675176130808507e+03,1.764705882352941e+00,15249952
1.683063081241575e+03,1.679710386273040e+03,5.882352941176471e-01,15249954
1.683497959896181e+03,1.679153215081242e+03,1.176470588235294e+00,15249953
1.683969027829057e+03,1.679888125086072e+03,5.882352941176471e-01,15249955
1.685262665778534e+03,1.680109158423425e+03,5.882352941176471e-01,15249957
1.685733733711410e+03,1.680794422161846e+03,5.882352941176471e-01,15249958
1.687498439593763e+03,1.681117120784484e+03,5.882352941176471e-01,15249960
1.688357198888634e+03,1.680002603256932e+03,1.764705882352941e+00,15249956
1.689263145476116e+03,1.684305292815033e+03,5.882352941176471e-01,15249961
1.690121904770987e+03,1.685154999771288e+03,5.882352941176471e-01,15249962
1.690556783425592e+03,1.680821128194829e+03,1.764705882352941e+00,15249959
1.692488904594479e+03,1.690724198712126e+03,5.882352941176471e-01,15249964
1.693246910188248e+03,1.691482204305895e+03,5.882352941176471e-01,15249965
1.695011616070601e+03,1.692527386194182e+03,5.882352941176471e-01,15249967
1.695444262483978e+03,1.690150144836919e+03,1.764705882352941e+00,15249963
1.696018316359185e+03,1.692454256063027e+03,1.176470588235294e+00,15249966
1.697783022241538e+03,1.694162076099831e+03,5.882352941176471e-01,15249970
1.698541027835307e+03,1.692857744742300e+03,1.176470588235294e+00,15249968
1.700305733717660e+03,1.696653784044939e+03,5.882352941176471e-01,15249972
1.700738380131036e+03,1.693692326156269e+03,1.764705882352941e+00,15249969
1.701312434006244e+03,1.695060282106135e+03,1.176470588235294e+00,15249971
1.703077139888597e+03,1.699182210287893e+03,5.882352941176471e-01,15249975
1.705599851364718e+03,1.697357380255516e+03,1.764705882352941e+00,15249973
1.706032497778095e+03,1.698755573576640e+03,1.764705882352941e+00,15249974
1.707797203660448e+03,1.700905425147115e+03,5.882352941176471e-01,15249978
1.708371257535656e+03,1.699965879854976e+03,1.764705882352941e+00,15249976
1.709561909542801e+03,1.701004088798053e+03,5.882352941176471e-01,15249979
1.710893969011777e+03,1.700489827446003e+03,1.764705882352941e+00,15249977
1.711326615425154e+03,1.703195756131690e+03,5.882352941176471e-01,15249981
1.712658674894130e+03,1.707249771753158e+03,5.882352941176471e-01,15249982
1.713091321307507e+03,1.709128992127581e+03,5.882352941176471e-01,15249983
1.713665375182715e+03,1.702209706023282e+03,1.764705882352941e+00,15249980
1.715430081065068e+03,1.712573842746441e+03,5.882352941176471e-01,15249986
1.717772153014026e+03,1.716007447131673e+03,5.882352941176471e-01,15249987
1.717952792541189e+03,1.710966866916750e+03,1.764705882352941e+00,15249984
1.718385438954566e+03,1.712146160783648e+03,1.764705882352941e+00,15249985
1.719536858896379e+03,1.717252256864380e+03,5.882352941176471e-01,15249988
1.720311322251503e+03,1.718546616369150e+03,5.882352941176471e-01,15249990
1.721981913749832e+03,1.720217207867479e+03,5.882352941176471e-01,15249991
1.723246910188248e+03,1.717300203473714e+03,1.764705882352941e+00,15249989
1.725011616070601e+03,1.722129510077484e+03,5.882352941176471e-01,15249994
1.726047029668459e+03,1.720752912021400e+03,1.764705882352941e+00,15249992
1.726776321952954e+03,1.723519200069507e+03,5.882352941176471e-01,15249995
1.727276031396890e+03,1.721210583048154e+03,1.764705882352941e+00,15249993
1.730087275439785e+03,1.728322569557432e+03,5.882352941176471e-01,15249996
1.734402091630181e+03,1.729107973983122e+03,1.764705882352941e+00,15249997
1.734984952761219e+03,1.733220246878866e+03,5.882352941176471e-01,15249999
1.736166797512534e+03,1.733593334985174e+03,5.882352941176471e-01,15250000
1.736749658643572e+03,1.733943646288234e+03,5.882352941176471e-01,15250001
1.737303868924793e+03,1.732009751277734e+03,1.764705882352941e+00,15249998
1.739696209277240e+03,1.736144091563491e+03,1.176470588235294e+00,15250002
1.744543271078427e+03,1.739249153431368e+03,1.764705882352941e+00,15250003
1.744857983914055e+03,1.741328572149350e+03,1.176470588235294e+00,15250005
1.745660045868370e+03,1.740365928221311e+03,1.764705882352941e+00,15250004
1.746307976960780e+03,1.742046436459649e+03,5.882352941176471e-01,15250006
1.746622689796408e+03,1.742404785634868e+03,5.882352941176471e-01,15250007
1.747424751750723e+03,1.743880663364662e+03,5.882352941176471e-01,15250008
1.748072682843133e+03,1.745644875680959e+03,5.882352941176471e-01,15250009
1.749849014796511e+03,1.748084308914158e+03,5.882352941176471e-01,15250010
1.751463462354197e+03,1.749698756471844e+03,5.882352941176471e-01,15250011
1.752240766849477e+03,1.750476060967124e+03,5.882352941176471e-01,15250013
1.753569102347345e+03,1.750039690582639e+03,1.176470588235294e+00,15250012
1.754750882390090e+03,1.752986176507737e+03,5.882352941176471e-01,15250014
1.755713274969706e+03,1.753948569087353e+03,5.882352941176471e-01,15250015
1.758631411795049e+03,1.756866705912696e+03,5.882352941176471e-01,15250016
1.760709351013316e+03,1.758944645130963e+03,5.882352941176471e-01,15250018
1.763110199285174e+03,1.757816081638115e+03,1.764705882352941e+00,15250017
1.765067305542048e+03,1.759773187894989e+03,1.764705882352941e+00,15250019
1.765830038467010e+03,1.764065332584657e+03,5.882352941176471e-01,15250021
1.766460065557037e+03,1.762930653792332e+03,1.176470588235294e+00,15250020
1.768501978950164e+03,1.766737273067811e+03,5.882352941176471e-01,15250023
1.768596717306754e+03,1.764932182679539e+03,1.176470588235294e+00,15250022
1.768659012942846e+03,1.766894307060493e+03,5.882352941176471e-01,15250024
1.770673229569082e+03,1.768908523686729e+03,5.882352941176471e-01,15250025
1.770710948758375e+03,1.768946242876022e+03,5.882352941176471e-01,15250026
1.773229408269751e+03,1.769699996505045e+03,1.176470588235294e+00,15250027
1.773415755585739e+03,1.771651049703386e+03,5.882352941176471e-01,15250029
1.774994114152103e+03,1.771972642647191e+03,5.882352941176471e-01,15250030
1.775180461468092e+03,1.773109258359621e+03,5.882352941176471e-01,15250031
1.776324936702619e+03,1.771030819055560e+03,1.764705882352941e+00,15250028
1.776758820034456e+03,1.773428660483099e+03,5.882352941176471e-01,15250032
1.776945167350445e+03,1.773713764505360e+03,5.882352941176471e-01,15250033
1.778089642584971e+03,1.774137449379634e+03,5.882352941176471e-01,15250034
1.778523525916809e+03,1.774896337161399e+03,5.882352941176471e-01,15250035
1.778709873232798e+03,1.775019489080214e+03,5.882352941176471e-01,15250036
1.780288231799162e+03,1.776846308049403e+03,5.882352941176471e-01,15250038
1.780474579115151e+03,1.777323507466753e+03,5.882352941176471e-01,15250039
1.781619054349677e+03,1.776440441648178e+03,1.176470588235294e+00,15250037
1.785582349446221e+03,1.777702405572742e+03,1.764705882352941e+00,15250040
1.785768696762210e+03,1.777973548671143e+03,1.764705882352941e+00,15250041
1.786913171996736e+03,1.781006163370767e+03,1.764705882352941e+00,15250042
1.787347055328574e+03,1.781130544490246e+03,5.882352941176471e-01,15250043
1.788677877879089e+03,1.781958078779957e+03,5.882352941176471e-01,15250045
1.789111761210927e+03,1.781999474303261e+03,5.882352941176471e-01,15250046
1.790442583761442e+03,1.782710341192066e+03,5.882352941176471e-01,15250047
1.791062814409268e+03,1.781798714143722e+03,1.764705882352941e+00,15250044
1.792207289643795e+03,1.787905131561410e+03,5.882352941176471e-01,15250049
1.792641172975633e+03,1.787021113499105e+03,1.176470588235294e+00,15250048
1.794405878857986e+03,1.790125786279924e+03,5.882352941176471e-01,15250052
1.794592226173974e+03,1.788381186591426e+03,1.176470588235294e+00,15250050
1.795736701408501e+03,1.789055080360659e+03,1.176470588235294e+00,15250051
1.796170584740339e+03,1.791918450546235e+03,5.882352941176471e-01,15250053
1.796356932056327e+03,1.791948593370017e+03,5.882352941176471e-01,15250054
1.797935290622692e+03,1.794760836525673e+03,5.882352941176471e-01,15250056
1.798121637938680e+03,1.795366627292443e+03,5.882352941176471e-01,15250057
1.799886343821033e+03,1.797286657590068e+03,5.882352941176471e-01,15250059
1.801030819055560e+03,1.791971747051846e+03,1.764705882352941e+00,15250055
1.801464702387398e+03,1.796418930018592e+03,1.176470588235294e+00,15250058
1.805180461468092e+03,1.799402235984120e+03,1.764705882352941e+00,15250060
1.806324936702619e+03,1.799789588789323e+03,1.764705882352941e+00,15250061
1.806758820034456e+03,1.799935942074342e+03,1.764705882352941e+00,15250062
1.806945167350445e+03,1.801063305453063e+03,5.882352941176471e-01,15250063
1.808523525916809e+03,1.803832117760757e+03,5.882352941176471e-01,15250065
1.808709873232798e+03,1.804890028938331e+03,5.882352941176471e-01,15250066
1.810288231799162e+03,1.806054638469535e+03,5.882352941176471e-01,15250067
1.811619054349677e+03,1.801855258943259e+03,1.764705882352941e+00,15250064
1.812052937681515e+03,1.806776036449933e+03,5.882352941176471e-01,15250069
1.813869584710448e+03,1.812104878828095e+03,5.882352941176471e-01,15250071
1.814003990879857e+03,1.806074159346879e+03,1.764705882352941e+00,15250068
1.815634290592801e+03,1.813830280890141e+03,5.882352941176471e-01,15250072
1.816115140872288e+03,1.814350434989935e+03,5.882352941176471e-01,15250073
1.816913171996736e+03,1.810560005448667e+03,1.764705882352941e+00,15250070
1.817879846754641e+03,1.814951448905726e+03,5.882352941176471e-01,15250075
1.820928408239860e+03,1.814870790930841e+03,1.764705882352941e+00,15250074
1.822207289643795e+03,1.816504081704763e+03,1.764705882352941e+00,15250076
1.822693114122213e+03,1.820470498264605e+03,5.882352941176471e-01,15250078
1.823188860876153e+03,1.819659449111447e+03,1.176470588235294e+00,15250077
1.824457820004566e+03,1.822692441281560e+03,5.882352941176471e-01,15250080
1.825873667912954e+03,1.824108962030601e+03,5.882352941176471e-01,15250081
1.827501407290854e+03,1.820684020358680e+03,1.764705882352941e+00,15250079
1.829266113173207e+03,1.825718810947453e+03,5.882352941176471e-01,15250084
1.830487996225510e+03,1.825193878578451e+03,1.764705882352941e+00,15250082
1.831167785560013e+03,1.825242346545236e+03,1.764705882352941e+00,15250083
1.834560230820266e+03,1.827361582205152e+03,1.764705882352941e+00,15250085
1.834697197324719e+03,1.828791154403029e+03,1.176470588235294e+00,15250087
1.835782113872569e+03,1.827479508255748e+03,1.764705882352941e+00,15250086
1.836461903207072e+03,1.832049397294486e+03,5.882352941176471e-01,15250089
1.837546819754922e+03,1.835127846602781e+03,5.882352941176471e-01,15250090
1.838389868712675e+03,1.836625162830322e+03,5.882352941176471e-01,15250091
1.839496193489646e+03,1.837731487607293e+03,5.882352941176471e-01,15250092
1.839854348467324e+03,1.830067699640887e+03,1.764705882352941e+00,15250088
1.842517211851422e+03,1.840752505969069e+03,5.882352941176471e-01,15250093
1.844281917733775e+03,1.842193401028098e+03,5.882352941176471e-01,15250096
1.844627632601800e+03,1.841098220837094e+03,1.176470588235294e+00,15250094
1.847056052516965e+03,1.841761934869906e+03,1.764705882352941e+00,15250095
1.848820758399318e+03,1.844644262831610e+03,5.882352941176471e-01,15250099
1.849576035380834e+03,1.843045628969297e+03,1.764705882352941e+00,15250097
1.849921750248859e+03,1.844544924392632e+03,1.764705882352941e+00,15250098
1.850585464281670e+03,1.847351638354562e+03,5.882352941176471e-01,15250100
1.851686456131212e+03,1.848916357795463e+03,5.882352941176471e-01,15250102
1.854114876046376e+03,1.849628865097473e+03,1.176470588235294e+00,15250103
1.854870153027892e+03,1.848299752233528e+03,1.764705882352941e+00,15250101
1.856809461206159e+03,1.853280049441453e+03,1.176470588235294e+00,15250104
1.859249047976833e+03,1.857484342094480e+03,5.882352941176471e-01,15250107
1.860922486480057e+03,1.855628368832999e+03,1.764705882352941e+00,15250105
1.862159931816503e+03,1.856865814169444e+03,1.764705882352941e+00,15250106
1.862687192362410e+03,1.860356290653720e+03,5.882352941176471e-01,15250109
1.863409328234242e+03,1.859879916469536e+03,1.176470588235294e+00,15250108
1.864635197612505e+03,1.862870491730152e+03,5.882352941176471e-01,15250111
1.867454049463561e+03,1.861581060462719e+03,1.764705882352941e+00,15250110
1.868091695557084e+03,1.866326989674731e+03,5.882352941176471e-01,15250112
1.869647697968589e+03,1.867882992086237e+03,5.882352941176471e-01,15250114
1.870065334905242e+03,1.868300629022889e+03,5.882352941176471e-01,15250115
1.871412403850942e+03,1.868574894836426e+03,5.882352941176471e-01,15250116
1.873033296576642e+03,1.867739178929583e+03,1.764705882352941e+00,15250113
1.875359452552301e+03,1.868936573169661e+03,1.764705882352941e+00,15250117
1.876706521498001e+03,1.869366996865496e+03,1.764705882352941e+00,15250118
1.878327414223701e+03,1.869791071833325e+03,1.764705882352941e+00,15250119
1.878471227380354e+03,1.870257173102314e+03,5.882352941176471e-01,15250121
1.878888864317007e+03,1.870162041213005e+03,1.176470588235294e+00,15250120
1.880092120106054e+03,1.871319424161704e+03,5.882352941176471e-01,15250122
1.880653570199360e+03,1.874947166971368e+03,5.882352941176471e-01,15250124
1.881856825988407e+03,1.876212837922961e+03,5.882352941176471e-01,15250125
1.882418276081713e+03,1.876891684638360e+03,5.882352941176471e-01,15250126
1.883621531870760e+03,1.877483875557544e+03,5.882352941176471e-01,15250127
1.883765345027413e+03,1.874882987332450e+03,1.764705882352941e+00,15250123
1.887712393728772e+03,1.878123471450203e+03,1.764705882352941e+00,15250128
1.888915649517819e+03,1.878172234410265e+03,1.764705882352941e+00,15250129
1.889059462674472e+03,1.880519471472780e+03,1.764705882352941e+00,15250130
1.890824168556825e+03,1.881926456326889e+03,5.882352941176471e-01,15250133
1.892588874439178e+03,1.883376124427332e+03,5.882352941176471e-01,15250134
1.893006511375831e+03,1.881596061980065e+03,1.764705882352941e+00,15250131
1.894209767164877e+03,1.881896339447252e+03,1.764705882352941e+00,15250132
1.894771217258184e+03,1.883665007889263e+03,5.882352941176471e-01,15250136
1.895974473047230e+03,1.884227618047398e+03,5.882352941176471e-01,15250137
1.897739178929583e+03,1.887639462755301e+03,5.882352941176471e-01,15250139
1.897882992086237e+03,1.883570707710784e+03,1.764705882352941e+00,15250135
1.899647697968589e+03,1.889047549507174e+03,5.882352941176471e-01,15250141
1.900065334905242e+03,1.886291976229361e+03,1.764705882352941e+00,15250138
1.903033296576642e+03,1.888698156996161e+03,1.764705882352941e+00,15250140
1.904941815615648e+03,1.889446374718353e+03,1.764705882352941e+00,15250142
1.905359452552301e+03,1.889463696721322e+03,1.764705882352941e+00,15250143
1.906562708341348e+03,1.891625364938203e+03,1.176470588235294e+00,15250144
1.906706521498001e+03,1.892429373851724e+03,5.882352941176471e-01,15250145
1.908327414223701e+03,1.893312116276251e+03,5.882352941176471e-01,15250147
1.908888864317007e+03,1.892938037354351e+03,1.176470588235294e+00,15250146
1.910653570199360e+03,1.899622914266291e+03,5.882352941176471e-01,15250150
1.911856825988407e+03,1.898440414536848e+03,1.176470588235294e+00,15250149
1.912000639145060e+03,1.897237014795835e+03,1.764705882352941e+00,15250148
1.912418276081713e+03,1.899649683085973e+03,5.882352941176471e-01,15250151
1.913621531870760e+03,1.899998587638298e+03,5.882352941176471e-01,15250152
1.914182981964066e+03,1.900988363347723e+03,5.882352941176471e-01,15250154
1.915530050909766e+03,1.900394930730837e+03,1.176470588235294e+00,15250153
1.917150943635466e+03,1.901251411204760e+03,1.176470588235294e+00,15250155
1.917294756792119e+03,1.902440951691234e+03,5.882352941176471e-01,15250157
1.917712393728772e+03,1.901612303961777e+03,1.176470588235294e+00,15250156
1.919477099611125e+03,1.903629284079461e+03,5.882352941176471e-01,15250160
1.921241805493478e+03,1.905354582188914e+03,5.882352941176471e-01,15250161
1.922445061282524e+03,1.902474186788700e+03,1.764705882352941e+00,15250158
1.922588874439178e+03,1.902942562707535e+03,1.764705882352941e+00,15250159
1.924209767164877e+03,1.905745563915093e+03,5.882352941176471e-01,15250163
1.925974473047230e+03,1.906944557295266e+03,5.882352941176471e-01,15250165
1.926535923140536e+03,1.905356763653753e+03,1.764705882352941e+00,15250162
1.927882992086237e+03,1.906565193918570e+03,1.764705882352941e+00,15250164
1.928300629022889e+03,1.907643763720695e+03,5.882352941176471e-01,15250167
1.930065334905242e+03,1.907762337508235e+03,5.882352941176471e-01,15250169
1.931268590694289e+03,1.907503603257681e+03,1.764705882352941e+00,15250166
1.931830040787595e+03,1.907922795480857e+03,5.882352941176471e-01,15250170
1.933177109733295e+03,1.907717557227879e+03,1.764705882352941e+00,15250168
1.933594746669948e+03,1.909572376252664e+03,5.882352941176471e-01,15250172
1.934941815615648e+03,1.909883583094508e+03,5.882352941176471e-01,15250173
1.936562708341348e+03,1.908389108613895e+03,1.764705882352941e+00,15250171
1.938327414223701e+03,1.911505404700798e+03,5.882352941176471e-01,15250176
1.938471227380354e+03,1.911316896644820e+03,1.176470588235294e+00,15250175
1.938888864317007e+03,1.910518199736879e+03,1.764705882352941e+00,15250174
1.940653570199360e+03,1.915339481492383e+03,5.882352941176471e-01,15250179
1.943621531870760e+03,1.912509638850190e+03,1.764705882352941e+00,15250177
1.943765345027413e+03,1.914409764813292e+03,1.764705882352941e+00,15250178
1.944182981964066e+03,1.916472115785063e+03,1.176470588235294e+00,15250180
1.945530050909766e+03,1.917339420610914e+03,5.882352941176471e-01,15250182
1.947294756792119e+03,1.922999151220148e+03,5.882352941176471e-01,15250184
1.947712393728772e+03,1.917944429537099e+03,1.176470588235294e+00,15250183
1.948915649517819e+03,1.917277120905451e+03,1.764705882352941e+00,15250181
1.949059462674472e+03,1.923848101963898e+03,5.882352941176471e-01,15250185
1.949477099611125e+03,1.924295853324296e+03,5.882352941176471e-01,15250186
1.950824168556825e+03,1.925418859662943e+03,5.882352941176471e-01,15250188
1.951241805493478e+03,1.925697354234916e+03,5.882352941176471e-01,15250189
1.954209767164877e+03,1.924742716928319e+03,1.764705882352941e+00,15250187
1.954771217258184e+03,1.931010426867625e+03,1.176470588235294e+00,15250191
1.956118286203884e+03,1.927631367066971e+03,1.764705882352941e+00,15250190
1.956535923140536e+03,1.934199829703227e+03,5.882352941176471e-01,15250193
1.957739178929583e+03,1.932660585520602e+03,1.176470588235294e+00,15250192
1.957882992086237e+03,1.936286161615576e+03,5.882352941176471e-01,15250194
1.958300629022889e+03,1.937300860166020e+03,5.882352941176471e-01,15250195
1.960065334905242e+03,1.939802768151933e+03,5.882352941176471e-01,15250198
1.963033296576642e+03,1.937987660734475e+03,1.764705882352941e+00,15250196
1.963177109733295e+03,1.938098811161677e+03,1.764705882352941e+00,15250197
1.964941815615648e+03,1.943035826691809e+03,5.882352941176471e-01,15250201
1.965359452552301e+03,1.941238472689031e+03,1.764705882352941e+00,15250199
1.966706521498001e+03,1.943554089880066e+03,5.882352941176471e-01,15250202
1.967124158434654e+03,1.944797442766137e+03,5.882352941176471e-01,15250203
1.968327414223701e+03,1.941827618272637e+03,1.764705882352941e+00,15250200
1.968888864317007e+03,1.946401048613575e+03,5.882352941176471e-01,15250205
1.970092120106054e+03,1.946534231017142e+03,5.882352941176471e-01,15250206
1.970235933262707e+03,1.946367275520747e+03,1.176470588235294e+00,15250204
1.971856825988407e+03,1.947188052959007e+03,5.882352941176471e-01,15250208
1.972000639145060e+03,1.947935737491891e+03,5.882352941176471e-01,15250209
1.972418276081713e+03,1.946975273625792e+03,1.176470588235294e+00,15250207
1.973765345027413e+03,1.954149365845255e+03,5.882352941176471e-01,15250211
1.975530050909766e+03,1.955272612409761e+03,5.882352941176471e-01,15250213
1.977150943635466e+03,1.948667002921813e+03,1.764705882352941e+00,15250210
1.977712393728772e+03,1.954881106168692e+03,1.764705882352941e+00,15250212
1.980680355400172e+03,1.958055230972170e+03,1.176470588235294e+00,15250215
1.980824168556825e+03,1.957090769946260e+03,1.764705882352941e+00,15250214
1.981241805493478e+03,1.959243901204692e+03,1.176470588235294e+00,15250216
1.982445061282524e+03,1.961431867418424e+03,5.882352941176471e-01,15250217
1.982588874439178e+03,1.961997254437653e+03,5.882352941176471e-01,15250218
1.983006511375831e+03,1.963479181161633e+03,5.882352941176471e-01,15250219
1.984209767164877e+03,1.964816487953881e+03,5.882352941176471e-01,15250220
1.984353580321531e+03,1.965345673422502e+03,5.882352941176471e-01,15250221
1.984771217258184e+03,1.966334392907506e+03,5.882352941176471e-01,15250222
1.986535923140536e+03,1.968983125902153e+03,5.882352941176471e-01,15250225
1.987739178929583e+03,1.968383569729581e+03,1.176470588235294e+00,15250223
1.989503884811936e+03,1.971093892248693e+03,5.882352941176471e-01,15250227
1.989647697968589e+03,1.968923545827179e+03,1.764705882352941e+00,15250224
1.990065334905242e+03,1.970699093210882e+03,1.176470588235294e+00,15250226
1.991268590694289e+03,1.971181313889103e+03,5.882352941176471e-01,15250228
1.991830040787595e+03,1.973566870584634e+03,5.882352941176471e-01,15250230
1.993033296576642e+03,1.974532077649072e+03,5.882352941176471e-01,15250231
1.994941815615648e+03,1.972025194079359e+03,1.764705882352941e+00,15250229
1.996706521498001e+03,1.979757764700383e+03,5.882352941176471e-01,15250234
1.997124158434654e+03,1.977448831068277e+03,1.764705882352941e+00,15250232
1.998327414223701e+03,1.978226650220732e+03,1.764705882352941e+00,15250233
1.998471227380354e+03,1.980545509854075e+03,5.882352941176471e-01,15250235
2.000092120106054e+03,1.984516374779476e+03,5.882352941176471e-01,15250237
2.002418276081713e+03,1.983390810854934e+03,1.764705882352941e+00,15250236
2.003765345027413e+03,1.985300993985572e+03,1.764705882352941e+00,15250238
2.004182981964066e+03,1.986557935485591e+03,5.882352941176471e-01,15250240
2.005386237753113e+03,1.986312937524545e+03,1.764705882352941e+00,15250239
2.009059462674472e+03,1.986564911237002e+03,1.764705882352941e+00,15250241
2.009477099611125e+03,1.987293043314094e+03,1.764705882352941e+00,15250242
2.010680355400172e+03,1.987359922242368e+03,1.764705882352941e+00,15250243
2.011241805493478e+03,1.989243406176914e+03,5.882352941176471e-01,15250245
2.012445061282524e+03,1.990143090045556e+03,5.882352941176471e-01,15250246
2.013006511375831e+03,1.990692991010598e+03,5.882352941176471e-01,15250247
2.014353580321531e+03,1.988872772648035e+03,1.764705882352941e+00,15250244
2.014771217258184e+03,1.992913429832927e+03,5.882352941176471e-01,15250249
2.015974473047230e+03,1.990859929563056e+03,1.176470588235294e+00,15250248
2.016118286203884e+03,1.993074187068221e+03,5.882352941176471e-01,15250250
2.016535923140536e+03,1.993531531254394e+03,5.882352941176471e-01,15250251
2.017739178929583e+03,1.993857456385199e+03,5.882352941176471e-01,15250252
2.017882992086237e+03,1.994182293495080e+03,5.882352941176471e-01,15250253
2.019647697968589e+03,2.000292987253693e+03,5.882352941176471e-01,15250256
2.021412403850942e+03,2.000910435681961e+03,5.882352941176471e-01,15250257
2.021830040787595e+03,1.994433243638861e+03,1.764705882352941e+00,15250254
2.023033296576642e+03,1.999797566422137e+03,1.764705882352941e+00,15250255
2.023177109733295e+03,2.001159358566685e+03,5.882352941176471e-01,15250258
2.024798002458995e+03,2.001345311256595e+03,5.882352941176471e-01,15250260
2.024941815615648e+03,2.001865183971026e+03,5.882352941176471e-01,15250261
2.025359452552301e+03,2.001284082794997e+03,1.176470588235294e+00,15250259
2.026706521498001e+03,2.003244035675201e+03,5.882352941176471e-01,15250263
2.030092120106054e+03,2.002525861436630e+03,1.764705882352941e+00,15250262
2.030653570199360e+03,2.004155489779180e+03,1.764705882352941e+00,15250264
2.031856825988407e+03,2.008764500055211e+03,5.882352941176471e-01,15250266
2.032000639145060e+03,2.007068181328941e+03,1.764705882352941e+00,15250265
2.032418276081713e+03,2.010626095068914e+03,5.882352941176471e-01,15250267
2.033621531870760e+03,2.011397696086782e+03,5.882352941176471e-01,15250268
2.033765345027413e+03,2.012688564244177e+03,5.882352941176471e-01,15250269
2.034182981964066e+03,2.014387030569256e+03,5.882352941176471e-01,15250270
2.037294756792119e+03,2.015726076356250e+03,1.176470588235294e+00,15250272
2.037712393728772e+03,2.015845938439197e+03,1.176470588235294e+00,15250273
2.038915649517819e+03,2.014600098938114e+03,1.764705882352941e+00,15250271
2.039477099611125e+03,2.019617702856604e+03,5.882352941176471e-01,15250275
2.040680355400172e+03,2.019838845690771e+03,5.882352941176471e-01,15250276
2.041241805493478e+03,2.019842783412178e+03,5.882352941176471e-01,15250277
2.042445061282524e+03,2.019943525638519e+03,5.882352941176471e-01,15250278
2.042588874439178e+03,2.016723635358581e+03,1.764705882352941e+00,15250274
2.043006511375831e+03,2.020406259644244e+03,5.882352941176471e-01,15250279
2.044209767164877e+03,2.021062558091878e+03,5.882352941176471e-01,15250280
2.044353580321531e+03,2.023446868423856e+03,5.882352941176471e-01,15250281
2.044771217258184e+03,2.023669222555934e+03,5.882352941176471e-01,15250282
2.045974473047230e+03,2.025448306911172e+03,5.882352941176471e-01,15250283
2.046118286203884e+03,2.029061058923506e+03,5.882352941176471e-01,15250284
2.046535923140536e+03,2.029390857170289e+03,5.882352941176471e-01,15250285
2.047882992086237e+03,2.032083405914540e+03,5.882352941176471e-01,15250287
2.048300629022889e+03,2.032752743615112e+03,5.882352941176471e-01,15250288
2.049647697968589e+03,2.033418090524476e+03,5.882352941176471e-01,15250289
2.051268590694289e+03,2.030239034037036e+03,1.764705882352941e+00,15250286
2.053594746669948e+03,2.034712698281013e+03,1.764705882352941e+00,15250290
2.054941815615648e+03,2.036930525596671e+03,1.764705882352941e+00,15250291
2.055359452552301e+03,2.040319688774828e+03,5.882352941176471e-01,15250293
2.056562708341348e+03,2.039644439392497e+03,1.764705882352941e+00,15250292
2.058327414223701e+03,2.041218864977651e+03,5.882352941176471e-01,15250296
2.060092120106054e+03,2.042522662024521e+03,5.882352941176471e-01,15250297
2.060235933262707e+03,2.040715833194240e+03,1.764705882352941e+00,15250294
2.060653570199360e+03,2.041021182038809e+03,1.764705882352941e+00,15250295
2.065386237753113e+03,2.042630597197004e+03,1.764705882352941e+00,15250298
2.065530050909766e+03,2.043585410844889e+03,1.764705882352941e+00,15250299
2.065947687846419e+03,2.044329478102061e+03,1.764705882352941e+00,15250300
2.067294756792119e+03,2.051908797957507e+03,5.882352941176471e-01,15250302
2.069059462674472e+03,2.057693397000132e+03,5.882352941176471e-01,15250304
2.070680355400172e+03,2.046035386611566e+03,1.764705882352941e+00,15250301
2.071241805493478e+03,2.056212359418778e+03,1.764705882352941e+00,15250303
2.072445061282524e+03,2.062701878939664e+03,5.882352941176471e-01,15250306
2.073006511375831e+03,2.063261974397657e+03,5.882352941176471e-01,15250307
2.074209767164877e+03,2.064060597377701e+03,5.882352941176471e-01,15250308
2.074353580321531e+03,2.060637264260304e+03,1.764705882352941e+00,15250305
2.074771217258184e+03,2.065005417411399e+03,5.882352941176471e-01,15250309
2.075974473047230e+03,2.071268363410909e+03,5.882352941176471e-01,15250310
2.076118286203884e+03,2.073000931764893e+03,5.882352941176471e-01,15250311
2.079647697968589e+03,2.075243736611645e+03,1.176470588235294e+00,15250314
2.080065334905242e+03,2.073547734786908e+03,1.764705882352941e+00,15250312
2.081268590694289e+03,2.073802800438700e+03,1.764705882352941e+00,15250313
2.081412403850942e+03,2.076432209483365e+03,5.882352941176471e-01,15250315
2.081830040787595e+03,2.076766029507428e+03,5.882352941176471e-01,15250316
2.085359452552301e+03,2.080346008423413e+03,1.176470588235294e+00,15250319
2.086562708341348e+03,2.078697198192294e+03,1.764705882352941e+00,15250317
2.086706521498001e+03,2.080179329431753e+03,1.764705882352941e+00,15250318
2.087124158434654e+03,2.080569242428518e+03,5.882352941176471e-01,15250320
2.088327414223701e+03,2.084341395199153e+03,5.882352941176471e-01,15250321
2.088888864317007e+03,2.086790497132847e+03,5.882352941176471e-01,15250323
2.090575616754704e+03,2.088810910872351e+03,5.882352941176471e-01,15250324
2.091496449581730e+03,2.089731743699377e+03,5.882352941176471e-01,15250325
2.092000639145060e+03,2.086402846042733e+03,1.764705882352941e+00,15250322
2.092340322637057e+03,2.090364040144447e+03,5.882352941176471e-01,15250326
2.094475880310407e+03,2.092711174428054e+03,5.882352941176471e-01,15250329
2.096240586192760e+03,2.094009616916651e+03,5.882352941176471e-01,15250330
2.097561890425592e+03,2.092267772778533e+03,1.764705882352941e+00,15250327
2.097636213720668e+03,2.092342096073609e+03,1.764705882352941e+00,15250328
2.098005292075113e+03,2.095693530757065e+03,5.882352941176471e-01,15250331
2.099769997957466e+03,2.097611116898374e+03,5.882352941176471e-01,15250334
2.101534703839819e+03,2.098251221694670e+03,5.882352941176471e-01,15250335
2.102856008072651e+03,2.096061023430482e+03,1.764705882352941e+00,15250332
2.102930331367727e+03,2.096169920297919e+03,1.764705882352941e+00,15250333
2.103299409722172e+03,2.098513306166964e+03,5.882352941176471e-01,15250336
2.104695037250080e+03,2.100410798783482e+03,5.882352941176471e-01,15250338
2.108150125719710e+03,2.098781722451193e+03,1.764705882352941e+00,15250337
2.108593527369231e+03,2.102605009549636e+03,1.764705882352941e+00,15250339
2.109914831602063e+03,2.102944179466604e+03,5.882352941176471e-01,15250341
2.109989154897139e+03,2.102607710830274e+03,1.764705882352941e+00,15250340
2.110358233251584e+03,2.103028816112446e+03,5.882352941176471e-01,15250342
2.111679537484416e+03,2.103186028273929e+03,5.882352941176471e-01,15250343
2.115208949249122e+03,2.107686953396922e+03,1.176470588235294e+00,15250346
2.115283272544197e+03,2.104803079550060e+03,1.764705882352941e+00,15250344
2.115652350898642e+03,2.105101557818989e+03,1.764705882352941e+00,15250345
2.116973655131475e+03,2.109031114151910e+03,5.882352941176471e-01,15250347
2.117047978426550e+03,2.109748408083101e+03,5.882352941176471e-01,15250348
2.117417056780995e+03,2.109985578047516e+03,5.882352941176471e-01,15250349
2.118738361013828e+03,2.110313244261377e+03,5.882352941176471e-01,15250350
2.120503066896181e+03,2.112079114652477e+03,5.882352941176471e-01,15250353
2.122267772778533e+03,2.113890991790333e+03,5.882352941176471e-01,15250354
2.122342096073609e+03,2.111622039423441e+03,1.764705882352941e+00,15250351
2.122711174428054e+03,2.111819235762530e+03,1.764705882352941e+00,15250352
2.124106801955962e+03,2.116097827253647e+03,5.882352941176471e-01,15250356
2.124475880310407e+03,2.116808753979241e+03,5.882352941176471e-01,15250357
2.125871507838315e+03,2.118178163133654e+03,5.882352941176471e-01,15250358
2.126240586192760e+03,2.119686912223056e+03,5.882352941176471e-01,15250359
2.127561890425592e+03,2.115980567568969e+03,1.764705882352941e+00,15250355
2.129326596307945e+03,2.122436521529608e+03,5.882352941176471e-01,15250362
2.131091302190298e+03,2.123036542977922e+03,5.882352941176471e-01,15250363
2.131165625485374e+03,2.120139358389696e+03,1.764705882352941e+00,15250360
2.131534703839819e+03,2.121741692389568e+03,1.764705882352941e+00,15250361
2.132856008072651e+03,2.123694955780282e+03,5.882352941176471e-01,15250364
2.132930331367727e+03,2.127712460875832e+03,5.882352941176471e-01,15250365
2.133299409722172e+03,2.129065993545269e+03,5.882352941176471e-01,15250366
2.134620713955004e+03,2.131118839478423e+03,5.882352941176471e-01,15250367
2.134695037250080e+03,2.131673555229113e+03,5.882352941176471e-01,15250368
2.135064115604525e+03,2.133185981411807e+03,5.882352941176471e-01,15250369
2.138873641229039e+03,2.137108935346686e+03,5.882352941176471e-01,15250371
2.139424863391758e+03,2.137660157509405e+03,5.882352941176471e-01,15250372
2.139914831602063e+03,2.133968553303640e+03,1.764705882352941e+00,15250370
2.141189569274111e+03,2.138975261883742e+03,5.882352941176471e-01,15250374
2.141679537484416e+03,2.139786813542633e+03,5.882352941176471e-01,15250375
2.142403052993745e+03,2.137747095386480e+03,1.176470588235294e+00,15250373
2.142954275156464e+03,2.140269580708784e+03,5.882352941176471e-01,15250376
2.143444243366769e+03,2.141149261740790e+03,5.882352941176471e-01,15250377
2.144635827114682e+03,2.142871121232329e+03,5.882352941176471e-01,15250378
2.146646243929982e+03,2.144881538047629e+03,5.882352941176471e-01,15250379
2.147326165161353e+03,2.145561459279001e+03,5.882352941176471e-01,15250381
2.149090871043706e+03,2.146739750519763e+03,5.882352941176471e-01,15250383
2.150840735530175e+03,2.145546617883116e+03,1.764705882352941e+00,15250380
2.151940361577041e+03,2.146501928092337e+03,1.764705882352941e+00,15250382
2.153705067459394e+03,2.149293588226013e+03,5.882352941176471e-01,15250386
2.154384988690765e+03,2.148184102321590e+03,1.764705882352941e+00,15250384
2.155469773341747e+03,2.149895591416873e+03,5.882352941176471e-01,15250387
2.156134853177234e+03,2.149074813376426e+03,1.764705882352941e+00,15250385
2.157234479224100e+03,2.150774088713970e+03,5.882352941176471e-01,15250389
2.158999185106453e+03,2.152022813451347e+03,5.882352941176471e-01,15250391
2.159679106337824e+03,2.150311772767261e+03,1.764705882352941e+00,15250388
2.161428970824293e+03,2.150795981468313e+03,1.764705882352941e+00,15250390
2.161443812220177e+03,2.155595692722953e+03,5.882352941176471e-01,15250393
2.163193676706646e+03,2.155858362805561e+03,5.882352941176471e-01,15250394
2.163208518102530e+03,2.156002241098880e+03,5.882352941176471e-01,15250395
2.164293302753512e+03,2.154154288635881e+03,1.764705882352941e+00,15250392
2.164973223984883e+03,2.161357511032682e+03,5.882352941176471e-01,15250397
2.166058008635864e+03,2.162113555720276e+03,5.882352941176471e-01,15250398
2.168243179513403e+03,2.166478473631051e+03,5.882352941176471e-01,15250400
2.168487794353705e+03,2.156142590129531e+03,1.764705882352941e+00,15250396
2.170007885395756e+03,2.166548761435641e+03,5.882352941176471e-01,15250401
2.170267341631942e+03,2.163439995544171e+03,1.764705882352941e+00,15250399
2.170663833265058e+03,2.168899127382705e+03,5.882352941176471e-01,15250402
2.172032047514295e+03,2.169918832087758e+03,5.882352941176471e-01,15250404
2.172428539147411e+03,2.170299129632490e+03,5.882352941176471e-01,15250405
2.173796753396648e+03,2.171206254180835e+03,5.882352941176471e-01,15250406
2.175302003042815e+03,2.168972084228424e+03,1.764705882352941e+00,15250403
2.175561459279001e+03,2.172349833874987e+03,5.882352941176471e-01,15250408
2.175957950912117e+03,2.172334959191541e+03,1.176470588235294e+00,15250407
2.177747006521615e+03,2.175982300639262e+03,5.882352941176471e-01,15250409
2.178008124598288e+03,2.176243418715936e+03,5.882352941176471e-01,15250410
2.179875499988281e+03,2.178110794105928e+03,5.882352941176471e-01,15250412
2.182209762425270e+03,2.176915644778211e+03,1.764705882352941e+00,15250411
2.183465206833545e+03,2.179935795068839e+03,1.176470588235294e+00,15250413
2.185308266627761e+03,2.180014148980702e+03,1.764705882352941e+00,15250414
2.187072972510114e+03,2.184688843886324e+03,5.882352941176471e-01,15250417
2.187530759673348e+03,2.182236642026289e+03,1.764705882352941e+00,15250415
2.188837678392467e+03,2.186393165312381e+03,5.882352941176471e-01,15250418
2.189169251312555e+03,2.183875133665496e+03,1.764705882352941e+00,15250416
2.192824877320407e+03,2.186700328774195e+03,1.764705882352941e+00,15250419
2.194131796039526e+03,2.187727787976711e+03,1.764705882352941e+00,15250420
2.196193689266663e+03,2.190899571619604e+03,1.764705882352941e+00,15250421
2.196612273173498e+03,2.194847567291145e+03,5.882352941176471e-01,15250423
2.199583936711702e+03,2.194289819064643e+03,1.764705882352941e+00,15250422
2.200108376247250e+03,2.196578964482544e+03,1.176470588235294e+00,15250424
2.201348642594055e+03,2.197056758135879e+03,5.882352941176471e-01,15250426
2.201873082129603e+03,2.197202530928004e+03,5.882352941176471e-01,15250427
2.201906390820557e+03,2.196608829754529e+03,1.764705882352941e+00,15250425
2.203113348476408e+03,2.197285096791191e+03,5.882352941176471e-01,15250428
2.203637788011956e+03,2.198641095046795e+03,5.882352941176471e-01,15250429
2.204878054358761e+03,2.200122851473083e+03,5.882352941176471e-01,15250431
2.207167199776662e+03,2.201569448920683e+03,1.176470588235294e+00,15250432
2.207200508467616e+03,2.199727525044780e+03,1.764705882352941e+00,15250430
2.208931905659015e+03,2.203341322716213e+03,5.882352941176471e-01,15250434
2.210172172005820e+03,2.202646858146650e+03,1.764705882352941e+00,15250433
2.210696611541367e+03,2.203805690745409e+03,5.882352941176471e-01,15250436
2.212494626114674e+03,2.203390433029070e+03,1.764705882352941e+00,15250435
2.214259331997027e+03,2.207005968450496e+03,5.882352941176471e-01,15250439
2.215466289652879e+03,2.206399549522587e+03,1.764705882352941e+00,15250437
2.215990729188426e+03,2.206853057229260e+03,1.764705882352941e+00,15250438
2.217230995535231e+03,2.208299959699853e+03,5.882352941176471e-01,15250441
2.217755435070779e+03,2.209707857615171e+03,5.882352941176471e-01,15250442
2.218995701417584e+03,2.209830470426844e+03,5.882352941176471e-01,15250443
2.219520140953132e+03,2.211808369656658e+03,5.882352941176471e-01,15250444
2.219553449644086e+03,2.207192018617415e+03,1.764705882352941e+00,15250440
2.220760407299937e+03,2.212153287407118e+03,5.882352941176471e-01,15250445
2.221284846835485e+03,2.213014994526548e+03,5.882352941176471e-01,15250446
2.221318155526439e+03,2.217715878736891e+03,5.882352941176471e-01,15250447
2.223049552717838e+03,2.219073461021814e+03,5.882352941176471e-01,15250449
2.223082861408792e+03,2.219924560775926e+03,5.882352941176471e-01,15250450
2.224814258600191e+03,2.220342826555046e+03,5.882352941176471e-01,15250451
2.224847567291145e+03,2.221382011084944e+03,5.882352941176471e-01,15250452
2.226054524946996e+03,2.217866518125400e+03,1.764705882352941e+00,15250448
2.226612273173498e+03,2.222012668500826e+03,5.882352941176471e-01,15250454
2.227819230829349e+03,2.222298930114746e+03,5.882352941176471e-01,15250455
2.230108376247250e+03,2.221469467742465e+03,1.764705882352941e+00,15250453
2.230141684938204e+03,2.223617741031457e+03,1.176470588235294e+00,15250456
2.231873082129603e+03,2.226458318887692e+03,5.882352941176471e-01,15250458
2.233113348476408e+03,2.225820296598460e+03,1.764705882352941e+00,15250457
2.233637788011956e+03,2.229136280668392e+03,5.882352941176471e-01,15250460
2.234878054358761e+03,2.230398633513331e+03,5.882352941176471e-01,15250461
2.235402493894309e+03,2.231522644225087e+03,5.882352941176471e-01,15250462
2.235435802585263e+03,2.227793704588553e+03,1.764705882352941e+00,15250459
2.236642760241114e+03,2.232239304782970e+03,5.882352941176471e-01,15250463
2.237167199776662e+03,2.234406280296193e+03,5.882352941176471e-01,15250464
2.238407466123467e+03,2.235856691848542e+03,5.882352941176471e-01,15250466
2.238931905659015e+03,2.236457236261420e+03,5.882352941176471e-01,15250467
2.240696611541367e+03,2.237397028062649e+03,5.882352941176471e-01,15250469
2.240729920232321e+03,2.235069293976831e+03,1.764705882352941e+00,15250465
2.241936877888173e+03,2.237216852491039e+03,1.176470588235294e+00,15250468
2.242494626114674e+03,2.238516739458032e+03,5.882352941176471e-01,15250471
2.243701583770526e+03,2.239775107276959e+03,5.882352941176471e-01,15250472
2.244259331997027e+03,2.242207596210446e+03,5.882352941176471e-01,15250473
2.245466289652879e+03,2.242873043827045e+03,5.882352941176471e-01,15250474
2.245990729188426e+03,2.237707914623715e+03,1.764705882352941e+00,15250470
2.246024037879380e+03,2.243393612552655e+03,5.882352941176471e-01,15250475
2.247230995535231e+03,2.243433029957160e+03,5.882352941176471e-01,15250476
2.247881244600320e+03,2.246116538717967e+03,5.882352941176471e-01,15250477
2.251986468772235e+03,2.246692351125177e+03,1.764705882352941e+00,15250478
2.253751174654588e+03,2.250627351182492e+03,5.882352941176471e-01,15250481
2.254153632847099e+03,2.248859515200040e+03,1.764705882352941e+00,15250479
2.254909671798640e+03,2.249615554151581e+03,1.764705882352941e+00,15250480
2.255515880536941e+03,2.251252813978623e+03,5.882352941176471e-01,15250482
2.256674377680993e+03,2.252690004706301e+03,5.882352941176471e-01,15250484
2.257280586419294e+03,2.253096477606337e+03,5.882352941176471e-01,15250485
2.259447750494158e+03,2.252332110379168e+03,1.764705882352941e+00,15250483
2.261968495328052e+03,2.253372244733127e+03,1.764705882352941e+00,15250486
2.262574704066353e+03,2.253900127039408e+03,1.764705882352941e+00,15250487
2.264339409948706e+03,2.257667287350395e+03,5.882352941176471e-01,15250490
2.264741868141217e+03,2.254087281681894e+03,1.764705882352941e+00,15250488
2.265497907092757e+03,2.256791810684621e+03,1.176470588235294e+00,15250489
2.266506574023569e+03,2.261290385903975e+03,5.882352941176471e-01,15250492
2.268271279905922e+03,2.262210473160950e+03,5.882352941176471e-01,15250494
2.269633527595765e+03,2.257685054376278e+03,1.764705882352941e+00,15250491
2.270035985788275e+03,2.264037975450543e+03,5.882352941176471e-01,15250495
2.270792024739816e+03,2.262045304231762e+03,1.764705882352941e+00,15250493
2.271800691670628e+03,2.265824078043819e+03,5.882352941176471e-01,15250497
2.273565397552981e+03,2.266501525893017e+03,5.882352941176471e-01,15250499
2.274321436504522e+03,2.266240345737573e+03,1.176470588235294e+00,15250498
2.274927645242824e+03,2.265718278524066e+03,1.764705882352941e+00,15250496
2.275330103435334e+03,2.268870703333385e+03,5.882352941176471e-01,15250500
2.276692351125177e+03,2.274634735513231e+03,5.882352941176471e-01,15250502
2.277850848269228e+03,2.271065331906475e+03,1.176470588235294e+00,15250501
2.278457057007530e+03,2.275750181853805e+03,5.882352941176471e-01,15250504
2.279615554151581e+03,2.276445635319844e+03,5.882352941176471e-01,15250505
2.280883362557308e+03,2.275589244910249e+03,1.764705882352941e+00,15250503
2.281380260033934e+03,2.277751272546952e+03,5.882352941176471e-01,15250507
2.282648068439661e+03,2.278248614807561e+03,5.882352941176471e-01,15250508
2.283144965916287e+03,2.281036772035996e+03,5.882352941176471e-01,15250509
2.283751174654588e+03,2.277381604984804e+03,1.764705882352941e+00,15250506
2.284412774322014e+03,2.281468038131562e+03,5.882352941176471e-01,15250510
2.287942186086720e+03,2.284165877887638e+03,1.176470588235294e+00,15250513
2.288439083563346e+03,2.282690464348887e+03,1.764705882352941e+00,15250511
2.289074584279802e+03,2.283780466632743e+03,1.764705882352941e+00,15250512
2.289706891969073e+03,2.284352043701396e+03,5.882352941176471e-01,15250514
2.293733201210404e+03,2.285403534597187e+03,1.764705882352941e+00,15250515
2.294916055935518e+03,2.289621938288459e+03,1.764705882352941e+00,15250516
2.295497907092757e+03,2.290913075333820e+03,5.882352941176471e-01,15250518
2.295669941004599e+03,2.290375823357540e+03,1.764705882352941e+00,15250517
2.296680761817871e+03,2.291225643541540e+03,5.882352941176471e-01,15250519
2.297262612975110e+03,2.291740687467328e+03,5.882352941176471e-01,15250520
2.297434646886952e+03,2.293420998506270e+03,5.882352941176471e-01,15250521
2.298445467700224e+03,2.295732906366484e+03,5.882352941176471e-01,15250522
2.299027318857463e+03,2.297036199296229e+03,5.882352941176471e-01,15250523
2.300210173582577e+03,2.298193996775266e+03,5.882352941176471e-01,15250525
2.300792024739816e+03,2.298999198150319e+03,5.882352941176471e-01,15250526
2.301974879464930e+03,2.299475642174664e+03,5.882352941176471e-01,15250527
2.302752792610448e+03,2.297458674963389e+03,1.764705882352941e+00,15250524
2.304990111168838e+03,2.303225405286485e+03,5.882352941176471e-01,15250529
2.305001863325436e+03,2.301472451560730e+03,1.176470588235294e+00,15250528
2.305427983156078e+03,2.303663277273725e+03,5.882352941176471e-01,15250530
2.306754817051191e+03,2.303749824266170e+03,5.882352941176471e-01,15250531
2.306766569207789e+03,2.304865248959155e+03,5.882352941176471e-01,15250532
2.309040457409352e+03,2.307275751526999e+03,5.882352941176471e-01,15250533
2.309458810794001e+03,2.307694104911648e+03,5.882352941176471e-01,15250534
2.310805163291705e+03,2.308070043609216e+03,5.882352941176471e-01,15250536
2.311313682153140e+03,2.307784270388435e+03,1.176470588235294e+00,15250535
2.315068585310336e+03,2.309774467663278e+03,1.764705882352941e+00,15250537
2.316639945196171e+03,2.311345827549112e+03,1.764705882352941e+00,15250538
2.316833291192689e+03,2.311880932733244e+03,5.882352941176471e-01,15250540
2.317097011615856e+03,2.311802893968797e+03,1.764705882352941e+00,15250539
2.318597997075042e+03,2.313371102935657e+03,5.882352941176471e-01,15250542
2.320362702957395e+03,2.313619740998570e+03,5.882352941176471e-01,15250544
2.321934062843230e+03,2.313236244600461e+03,1.764705882352941e+00,15250541
2.322391129262915e+03,2.313532056190039e+03,1.764705882352941e+00,15250543
2.323892114722101e+03,2.313647214956144e+03,1.176470588235294e+00,15250545
2.324155835145268e+03,2.318038660612453e+03,5.882352941176471e-01,15250547
2.325920541027621e+03,2.319984579206520e+03,5.882352941176471e-01,15250549
2.327228180490289e+03,2.313653843389087e+03,1.764705882352941e+00,15250546
2.328992886372642e+03,2.320401849264046e+03,5.882352941176471e-01,15250551
2.329186232369160e+03,2.318645606859352e+03,1.764705882352941e+00,15250548
2.330950938251513e+03,2.321078031637931e+03,5.882352941176471e-01,15250553
2.331214658674680e+03,2.320266104442679e+03,1.764705882352941e+00,15250550
2.332522298137348e+03,2.320664498022266e+03,1.176470588235294e+00,15250552
2.332715644133866e+03,2.321079664182026e+03,5.882352941176471e-01,15250554
2.334287004019701e+03,2.322567773351326e+03,5.882352941176471e-01,15250556
2.334480350016219e+03,2.323695610097615e+03,5.882352941176471e-01,15250557
2.336051709902054e+03,2.324682545221828e+03,5.882352941176471e-01,15250558
2.336245055898572e+03,2.325435232780602e+03,5.882352941176471e-01,15250559
2.336508776321739e+03,2.321202861770229e+03,1.764705882352941e+00,15250555
2.338009761780925e+03,2.326860462769714e+03,5.882352941176471e-01,15250561
2.338273482204091e+03,2.327107878498499e+03,5.882352941176471e-01,15250562
2.339581121666759e+03,2.325990558210953e+03,1.176470588235294e+00,15250560
2.339774467663278e+03,2.327725609274875e+03,5.882352941176471e-01,15250563
2.340038188086444e+03,2.327773781318719e+03,5.882352941176471e-01,15250564
2.341345827549112e+03,2.329126579648637e+03,5.882352941176471e-01,15250565
2.341802893968797e+03,2.330723611404074e+03,5.882352941176471e-01,15250567
2.343110533431465e+03,2.331491832703447e+03,5.882352941176471e-01,15250568
2.344875239313818e+03,2.336132878365767e+03,5.882352941176471e-01,15250570
2.345068585310336e+03,2.329828388174795e+03,1.764705882352941e+00,15250566
2.345332305733503e+03,2.332118599058103e+03,1.176470588235294e+00,15250569
2.346639945196171e+03,2.336548318795538e+03,5.882352941176471e-01,15250571
2.346833291192689e+03,2.336550131707584e+03,5.882352941176471e-01,15250572
2.348597997075042e+03,2.344078546499950e+03,5.882352941176471e-01,15250575
2.350169356960877e+03,2.342742237275308e+03,1.176470588235294e+00,15250574
2.350626423380562e+03,2.337879568958322e+03,1.764705882352941e+00,15250573
2.352391129262915e+03,2.350107634527088e+03,5.882352941176471e-01,15250578
2.353892114722101e+03,2.345775106063518e+03,1.764705882352941e+00,15250576
2.354155835145268e+03,2.350286405602419e+03,5.882352941176471e-01,15250579
2.355463474607936e+03,2.349662873602582e+03,1.764705882352941e+00,15250577
2.355656820604454e+03,2.350710326960032e+03,5.882352941176471e-01,15250580
2.357228180490289e+03,2.354965559660148e+03,5.882352941176471e-01,15250582
2.358214977767654e+03,2.356450271885301e+03,5.882352941176471e-01,15250583
2.358992886372642e+03,2.356761211810391e+03,5.882352941176471e-01,15250584
2.359449952792327e+03,2.352190751546991e+03,1.764705882352941e+00,15250581
2.359979683650007e+03,2.357620378574621e+03,5.882352941176471e-01,15250585
2.360757592254995e+03,2.357802486979865e+03,5.882352941176471e-01,15250586
2.361744389532360e+03,2.358711138525547e+03,5.882352941176471e-01,15250588
2.364744070439386e+03,2.358665302132293e+03,1.764705882352941e+00,15250587
2.366051709902054e+03,2.359616932376294e+03,1.764705882352941e+00,15250589
2.366508776321739e+03,2.360529240569833e+03,5.882352941176471e-01,15250591
2.367038507179419e+03,2.359797588515432e+03,1.764705882352941e+00,15250590
2.367816415784407e+03,2.360624832741576e+03,5.882352941176471e-01,15250592
2.368803213061771e+03,2.361191842440669e+03,5.882352941176471e-01,15250594
2.369581121666759e+03,2.361225748387111e+03,5.882352941176471e-01,15250595
2.370038188086444e+03,2.360763732633223e+03,1.176470588235294e+00,15250593
2.371345827549112e+03,2.362730182149117e+03,5.882352941176471e-01,15250597
2.373110533431465e+03,2.363567288759323e+03,5.882352941176471e-01,15250599
2.373567599851150e+03,2.363174672179810e+03,1.176470588235294e+00,15250598
2.374097330708830e+03,2.362177324986623e+03,1.764705882352941e+00,15250596
2.377097011615856e+03,2.364903508647890e+03,1.176470588235294e+00,15250601
2.378404651078524e+03,2.364868568681107e+03,1.764705882352941e+00,15250600
2.379391448355889e+03,2.365893858957675e+03,1.764705882352941e+00,15250602
2.381934062843230e+03,2.366526556231735e+03,1.176470588235294e+00,15250604
2.382391129262915e+03,2.366115746328501e+03,1.764705882352941e+00,15250603
2.384685566002948e+03,2.367769781592216e+03,1.764705882352941e+00,15250605
2.387228180490289e+03,2.369606004473430e+03,1.764705882352941e+00,15250606
2.387685246909974e+03,2.370297772680624e+03,1.764705882352941e+00,15250607
2.388992886372642e+03,2.371419198630885e+03,5.882352941176471e-01,15250609
2.389449952792327e+03,2.371446723136753e+03,5.882352941176471e-01,15250610
2.389979683650007e+03,2.371332554707152e+03,1.764705882352941e+00,15250608
2.391744389532360e+03,2.375303651342918e+03,5.882352941176471e-01,15250613
2.392522298137348e+03,2.371829277618583e+03,1.176470588235294e+00,15250611
2.392979364557033e+03,2.372379913865676e+03,1.176470588235294e+00,15250612
2.393509095414713e+03,2.375379575601014e+03,5.882352941176471e-01,15250614
2.394744070439386e+03,2.375777636703449e+03,5.882352941176471e-01,15250616
2.396051709902054e+03,2.375588840713448e+03,1.176470588235294e+00,15250615
2.398273482204091e+03,2.376905130664570e+03,1.176470588235294e+00,15250618
2.398803213061771e+03,2.376015120599583e+03,1.764705882352941e+00,15250617
2.400567918944124e+03,2.379594623208073e+03,5.882352941176471e-01,15250621
2.401345827549112e+03,2.378922057164265e+03,1.764705882352941e+00,15250619
2.402332624826477e+03,2.381658050961030e+03,5.882352941176471e-01,15250622
2.403110533431465e+03,2.382607070038088e+03,5.882352941176471e-01,15250623
2.403567599851150e+03,2.379028348776531e+03,1.764705882352941e+00,15250620
2.404875239313818e+03,2.383578754465069e+03,5.882352941176471e-01,15250625
2.405332305733503e+03,2.385805455340711e+03,5.882352941176471e-01,15250626
2.406639945196171e+03,2.387285919764401e+03,5.882352941176471e-01,15250627
2.407626742473536e+03,2.382752619453334e+03,1.764705882352941e+00,15250624
2.410626423380562e+03,2.391939911857494e+03,1.764705882352941e+00,15250628
2.411934062843230e+03,2.393820624621900e+03,1.764705882352941e+00,15250629
2.412391129262915e+03,2.396300227192549e+03,5.882352941176471e-01,15250631
2.412920860120595e+03,2.395745538610275e+03,1.764705882352941e+00,15250630
2.413698768725583e+03,2.396569329985515e+03,5.882352941176471e-01,15250632
2.414685566002948e+03,2.401424862747064e+03,5.882352941176471e-01,15250634
2.416450271885301e+03,2.402714011208933e+03,5.882352941176471e-01,15250636
2.417685246909974e+03,2.400269146314644e+03,1.764705882352941e+00,15250633
2.418992886372642e+03,2.402403758119746e+03,1.764705882352941e+00,15250635
2.419449952792327e+03,2.406452282703771e+03,5.882352941176471e-01,15250638
2.420757592254995e+03,2.408356965675742e+03,5.882352941176471e-01,15250639
2.421744389532360e+03,2.403262604756991e+03,1.764705882352941e+00,15250637
2.422522298137348e+03,2.409105813244756e+03,5.882352941176471e-01,15250641
2.423509095414713e+03,2.409113794482324e+03,5.882352941176471e-01,15250642
2.424287004019701e+03,2.409515725642620e+03,5.882352941176471e-01,15250643
2.424744070439386e+03,2.408611610814096e+03,1.764705882352941e+00,15250640
2.425273801297066e+03,2.410645614204879e+03,5.882352941176471e-01,15250644
2.426051709902054e+03,2.410681195914150e+03,5.882352941176471e-01,15250645
2.426508776321739e+03,2.413373585983266e+03,5.882352941176471e-01,15250646
2.427816415784407e+03,2.414402544900884e+03,5.882352941176471e-01,15250648
2.428273482204091e+03,2.414521937728874e+03,5.882352941176471e-01,15250649
2.429581121666759e+03,2.415246129610346e+03,5.882352941176471e-01,15250650
2.430038188086444e+03,2.416046697076355e+03,5.882352941176471e-01,15250651
2.430567918944124e+03,2.414110075795651e+03,1.764705882352941e+00,15250647
2.431802893968797e+03,2.418209929210714e+03,5.882352941176471e-01,15250653
2.432332624826477e+03,2.418448447032966e+03,5.882352941176471e-01,15250654
2.433110533431465e+03,2.416291833965417e+03,1.176470588235294e+00,15250652
2.434097330708830e+03,2.418960002065852e+03,5.882352941176471e-01,15250656
2.434875239313818e+03,2.419260522827724e+03,5.882352941176471e-01,15250657
2.435862036591183e+03,2.419470196764723e+03,5.882352941176471e-01,15250658
2.437097011615856e+03,2.418752524144133e+03,1.764705882352941e+00,15250655
2.437626742473536e+03,2.425557503450221e+03,5.882352941176471e-01,15250660
2.438861717498209e+03,2.426049448117826e+03,5.882352941176471e-01,15250661
2.440169356960877e+03,2.421433261960775e+03,1.764705882352941e+00,15250659
2.441156154238242e+03,2.430251762086002e+03,1.176470588235294e+00,15250662
2.444155835145268e+03,2.431610390557333e+03,1.764705882352941e+00,15250663
2.445463474607936e+03,2.432296891293610e+03,1.764705882352941e+00,15250664
2.446450271885301e+03,2.433146237802738e+03,1.764705882352941e+00,15250665
2.447228180490289e+03,2.434116532083021e+03,5.882352941176471e-01,15250667
2.448214977767654e+03,2.434123853243392e+03,5.882352941176471e-01,15250668
2.449449952792327e+03,2.433883069885160e+03,1.764705882352941e+00,15250666
2.450757592254995e+03,2.434693984918091e+03,1.176470588235294e+00,15250669
2.451214658674680e+03,2.436360175105424e+03,5.882352941176471e-01,15250671
2.452522298137348e+03,2.436860305536992e+03,5.882352941176471e-01,15250672
2.453509095414713e+03,2.435670619148809e+03,1.764705882352941e+00,15250670
2.454287004019701e+03,2.441434448743272e+03,5.882352941176471e-01,15250674
2.455273801297066e+03,2.446252986257702e+03,5.882352941176471e-01,15250675
2.456051709902054e+03,2.448328086880097e+03,5.882352941176471e-01,15250676
2.456508776321739e+03,2.437372874590946e+03,1.764705882352941e+00,15250673
2.457816415784407e+03,2.450057999792869e+03,5.882352941176471e-01,15250678
2.459581121666759e+03,2.451771131067478e+03,5.882352941176471e-01,15250680
2.460567918944124e+03,2.449641702464524e+03,1.764705882352941e+00,15250677
2.461802893968797e+03,2.450870201431990e+03,1.764705882352941e+00,15250679
2.464875239313818e+03,2.452109051365054e+03,1.764705882352941e+00,15250681
2.465332305733503e+03,2.454269113511411e+03,1.176470588235294e+00,15250683
2.465862036591183e+03,2.453158569174865e+03,1.764705882352941e+00,15250682
2.467097011615856e+03,2.455512525009680e+03,5.882352941176471e-01,15250685
2.467626742473536e+03,2.457565049476022e+03,5.882352941176471e-01,15250686
2.468404651078524e+03,2.454673845587856e+03,1.176470588235294e+00,15250684
2.468861717498209e+03,2.458370074865361e+03,5.882352941176471e-01,15250687
2.469391448355889e+03,2.459243889063318e+03,5.882352941176471e-01,15250688
2.470169356960877e+03,2.461434111979539e+03,5.882352941176471e-01,15250689
2.471934062843230e+03,2.465742847533809e+03,5.882352941176471e-01,15250692
2.473698768725583e+03,2.467427011742777e+03,5.882352941176471e-01,15250693
2.474155835145268e+03,2.463262017700799e+03,1.764705882352941e+00,15250690
2.474685566002948e+03,2.465184530795357e+03,1.764705882352941e+00,15250691
2.475463474607936e+03,2.468170296891732e+03,5.882352941176471e-01,15250694
2.477228180490289e+03,2.469423141854513e+03,5.882352941176471e-01,15250697
2.478992886372642e+03,2.472493734434524e+03,5.882352941176471e-01,15250698
2.479449952792327e+03,2.468463942804641e+03,1.764705882352941e+00,15250695
2.479979683650007e+03,2.468804854466422e+03,1.764705882352941e+00,15250696
2.480757592254995e+03,2.472701781869884e+03,5.882352941176471e-01,15250699
2.481214658674680e+03,2.475180116830618e+03,5.882352941176471e-01,15250700
2.482522298137348e+03,2.477567367271635e+03,5.882352941176471e-01,15250702
2.484287004019701e+03,2.478867288670061e+03,5.882352941176471e-01,15250704
2.485273801297066e+03,2.476616245528776e+03,1.764705882352941e+00,15250701
2.486508776321739e+03,2.477585336215700e+03,1.764705882352941e+00,15250703
2.488803213061771e+03,2.479182759762887e+03,1.176470588235294e+00,15250706
2.489581121666759e+03,2.478986673468571e+03,1.764705882352941e+00,15250705
2.491802893968797e+03,2.480199073656918e+03,1.764705882352941e+00,15250707
2.494097330708830e+03,2.481264381906469e+03,1.764705882352941e+00,15250708
2.494875239313818e+03,2.481522260349434e+03,1.764705882352941e+00,15250709
2.495862036591183e+03,2.483024712754002e+03,5.882352941176471e-01,15250711
2.496639945196171e+03,2.483399815160825e+03,5.882352941176471e-01,15250712
2.497097011615856e+03,2.482823552948208e+03,1.764705882352941e+00,15250710
2.497626742473536e+03,2.483694199794710e+03,5.882352941176471e-01,15250713
2.498404651078524e+03,2.484655471929280e+03,5.882352941176471e-01,15250714
2.498861717498209e+03,2.485953585015158e+03,5.882352941176471e-01,15250715
2.499391448355889e+03,2.489144880126567e+03,5.882352941176471e-01,15250716
2.500169356960877e+03,2.489325280046555e+03,5.882352941176471e-01,15250717
2.500626423380562e+03,2.491169526496909e+03,5.882352941176471e-01,15250718
2.501934062843230e+03,2.491626027261290e+03,5.882352941176471e-01,15250720
2.502391129262915e+03,2.492792587563604e+03,5.882352941176471e-01,15250721
2.502920860120595e+03,2.491410352945487e+03,1.176470588235294e+00,15250719
2.504155835145268e+03,2.497021710744436e+03,5.882352941176471e-01,15250723
2.504685566002948e+03,2.497146085329750e+03,5.882352941176471e-01,15250724
2.505463474607936e+03,2.494482459423609e+03,1.176470588235294e+00,15250722
2.506450271885301e+03,2.497463024934532e+03,5.882352941176471e-01,15250726
2.507228180490289e+03,2.502881239417405e+03,5.882352941176471e-01,15250727
2.508992886372642e+03,2.504879798367267e+03,5.882352941176471e-01,15250729
2.509449952792327e+03,2.497438671695834e+03,1.764705882352941e+00,15250725
2.509979683650007e+03,2.503079836650580e+03,1.176470588235294e+00,15250728
2.510757592254995e+03,2.505297130326868e+03,5.882352941176471e-01,15250730
2.511744389532360e+03,2.505643146819042e+03,5.882352941176471e-01,15250732
2.512522298137348e+03,2.510190984294542e+03,5.882352941176471e-01,15250733
2.513509095414713e+03,2.511242439791731e+03,5.882352941176471e-01,15250734
2.514287004019701e+03,2.511461600382266e+03,5.882352941176471e-01,15250735
2.514744070439386e+03,2.505411507317822e+03,1.764705882352941e+00,15250731
2.515273801297066e+03,2.512236991028547e+03,5.882352941176471e-01,15250736
2.516051709902054e+03,2.512900001391261e+03,5.882352941176471e-01,15250737
2.519732018531112e+03,2.517967312648759e+03,5.882352941176471e-01,15250739
2.521826184745619e+03,2.516532067098560e+03,1.764705882352941e+00,15250738
2.521933653295947e+03,2.518404241531241e+03,1.176470588235294e+00,15250740
2.523590890627972e+03,2.519435764551080e+03,5.882352941176471e-01,15250742
2.523698359178299e+03,2.519441493137221e+03,5.882352941176471e-01,15250743
2.525026136178170e+03,2.519180043366613e+03,1.764705882352941e+00,15250741
2.525355596510325e+03,2.521881380593316e+03,5.882352941176471e-01,15250744
2.526790842060523e+03,2.522247206063259e+03,5.882352941176471e-01,15250746
2.528555547942876e+03,2.525284349767948e+03,5.882352941176471e-01,15250748
2.528992476825358e+03,2.521967888671344e+03,1.764705882352941e+00,15250745
2.530320253825229e+03,2.525418703471447e+03,5.882352941176471e-01,15250749
2.530649714157383e+03,2.524625455691378e+03,1.764705882352941e+00,15250747
2.530758210351768e+03,2.528993504469415e+03,5.882352941176471e-01,15250750
2.532084959707582e+03,2.528994293044103e+03,5.882352941176471e-01,15250751
2.533849665589935e+03,2.531071169889545e+03,5.882352941176471e-01,15250754
2.535943831804442e+03,2.529401164332863e+03,1.764705882352941e+00,15250752
2.536052327998827e+03,2.530544071092445e+03,1.764705882352941e+00,15250753
2.536311742783160e+03,2.534547036900807e+03,5.882352941176471e-01,15250755
2.537708537686795e+03,2.534903594492749e+03,5.882352941176471e-01,15250756
2.541346445645886e+03,2.535526022350133e+03,1.764705882352941e+00,15250757
2.541605860430218e+03,2.535868355725955e+03,1.764705882352941e+00,15250758
2.543002655333854e+03,2.536497465266331e+03,1.764705882352941e+00,15250759
2.543370566312571e+03,2.537537970393743e+03,5.882352941176471e-01,15250761
2.545135272194924e+03,2.537958618119496e+03,5.882352941176471e-01,15250763
2.546640563292945e+03,2.536653144807805e+03,1.764705882352941e+00,15250760
2.546899978077277e+03,2.539602315256480e+03,5.882352941176471e-01,15250764
2.548296772980913e+03,2.537895074905543e+03,1.764705882352941e+00,15250762
2.550061478863266e+03,2.541611201275047e+03,5.882352941176471e-01,15250767
2.551934680940003e+03,2.540157952725543e+03,1.764705882352941e+00,15250765
2.552194095724336e+03,2.541465035275777e+03,1.764705882352941e+00,15250766
2.553699386822356e+03,2.543718500231136e+03,5.882352941176471e-01,15250769
2.553958801606689e+03,2.543975312346095e+03,5.882352941176471e-01,15250770
2.555355596510325e+03,2.542419397365490e+03,1.764705882352941e+00,15250768
2.555464092704709e+03,2.544506858529264e+03,5.882352941176471e-01,15250771
2.557120302392678e+03,2.547612742542457e+03,5.882352941176471e-01,15250773
2.557228798587062e+03,2.548034581252267e+03,5.882352941176471e-01,15250774
2.557488213371395e+03,2.547301542008020e+03,1.176470588235294e+00,15250772
2.558885008275030e+03,2.551069041457319e+03,5.882352941176471e-01,15250775
2.558993504469415e+03,2.552279891819708e+03,5.882352941176471e-01,15250776
2.560649714157383e+03,2.554256117345896e+03,5.882352941176471e-01,15250778
2.561017625136101e+03,2.553662403309029e+03,1.176470588235294e+00,15250777
2.564287622116474e+03,2.557385579250272e+03,1.764705882352941e+00,15250779
2.565943831804442e+03,2.557388988849073e+03,1.764705882352941e+00,15250780
2.566311742783160e+03,2.558869107644112e+03,1.764705882352941e+00,15250781
2.569916786560084e+03,2.564622668913025e+03,1.764705882352941e+00,15250782
2.570132980728332e+03,2.566603568963626e+03,1.176470588235294e+00,15250784
2.571237949451501e+03,2.565848040216245e+03,1.764705882352941e+00,15250783
2.576449185657560e+03,2.574684479775207e+03,5.882352941176471e-01,15250785
2.576658264475968e+03,2.574893558593615e+03,5.882352941176471e-01,15250786
2.578213891539913e+03,2.575426744686675e+03,5.882352941176471e-01,15250788
2.579027252272487e+03,2.577262546390134e+03,5.882352941176471e-01,15250789
2.580259549754021e+03,2.578494843871668e+03,5.882352941176471e-01,15250790
2.580393356086692e+03,2.575099238439633e+03,1.764705882352941e+00,15250787
2.580791958154840e+03,2.578775150548863e+03,5.882352941176471e-01,15250791
2.582024255636374e+03,2.579082228231434e+03,5.882352941176471e-01,15250792
2.582158061969045e+03,2.579935558219787e+03,5.882352941176471e-01,15250793
2.583922767851398e+03,2.580467856150679e+03,5.882352941176471e-01,15250796
2.585687473733750e+03,2.580515310596524e+03,5.882352941176471e-01,15250797
2.586086075801899e+03,2.580007182318567e+03,1.764705882352941e+00,15250794
2.587318373283433e+03,2.580178639090138e+03,1.764705882352941e+00,15250795
2.587452179616103e+03,2.581529799871008e+03,5.882352941176471e-01,15250798
2.589083079165786e+03,2.584462903943271e+03,5.882352941176471e-01,15250800
2.589216885498456e+03,2.585728927710577e+03,5.882352941176471e-01,15250801
2.589615487566605e+03,2.581944197071486e+03,1.176470588235294e+00,15250799
2.590981591380809e+03,2.588779655781096e+03,5.882352941176471e-01,15250803
2.591566274148046e+03,2.589801568265693e+03,5.882352941176471e-01,15250804
2.592832480830629e+03,2.591067774948276e+03,5.882352941176471e-01,15250805
2.594377196812845e+03,2.585744734387139e+03,1.764705882352941e+00,15250802
2.595343506579832e+03,2.593578800697479e+03,5.882352941176471e-01,15250807
2.596141902695198e+03,2.594333974962326e+03,5.882352941176471e-01,15250808
2.597108212462185e+03,2.594557049508279e+03,5.882352941176471e-01,15250809
2.597906608577551e+03,2.595095080229657e+03,5.882352941176471e-01,15250810
2.598713296951544e+03,2.593419179304485e+03,1.764705882352941e+00,15250806
2.598872918344538e+03,2.595326117673061e+03,5.882352941176471e-01,15250811
2.599671314459904e+03,2.595819829094772e+03,5.882352941176471e-01,15250812
2.600637624226891e+03,2.596307096041687e+03,5.882352941176471e-01,15250814
2.602402330109244e+03,2.597332419379172e+03,5.882352941176471e-01,15250816
2.603200726224610e+03,2.597001642750044e+03,1.176470588235294e+00,15250815
2.604007414598603e+03,2.595958675174637e+03,1.764705882352941e+00,15250813
2.604167035991597e+03,2.597664717077593e+03,5.882352941176471e-01,15250817
2.608494843871668e+03,2.597755785647782e+03,1.764705882352941e+00,15250818
2.609301532245662e+03,2.598056354896114e+03,1.764705882352941e+00,15250819
2.609461153638656e+03,2.599665115326300e+03,1.764705882352941e+00,15250820
2.611066238128015e+03,2.600314695340423e+03,5.882352941176471e-01,15250822
2.611225859521009e+03,2.602146125112449e+03,5.882352941176471e-01,15250823
2.612830944010368e+03,2.602670810429049e+03,5.882352941176471e-01,15250824
2.613788961518727e+03,2.600295416625103e+03,1.764705882352941e+00,15250821
2.614595649892721e+03,2.605127625739922e+03,5.882352941176471e-01,15250826
2.615553667401080e+03,2.605401516252773e+03,5.882352941176471e-01,15250827
2.616360355775074e+03,2.606764914732365e+03,5.882352941176471e-01,15250828
2.616519977168067e+03,2.603568184898147e+03,1.764705882352941e+00,15250825
2.617318373283433e+03,2.606891640531003e+03,5.882352941176471e-01,15250829
2.618284683050420e+03,2.607656203189048e+03,5.882352941176471e-01,15250831
2.619083079165786e+03,2.608155463396372e+03,5.882352941176471e-01,15250832
2.619889767539780e+03,2.607082249359614e+03,1.176470588235294e+00,15250830
2.620049388932773e+03,2.610042995941287e+03,5.882352941176471e-01,15250833
2.621814094815126e+03,2.613887462036262e+03,5.882352941176471e-01,15250836
2.623578800697479e+03,2.614161963961375e+03,5.882352941176471e-01,15250837
2.624377196812845e+03,2.611456748752283e+03,1.764705882352941e+00,15250834
2.625183885186838e+03,2.613793167460689e+03,1.764705882352941e+00,15250835
2.625343506579832e+03,2.614327545764457e+03,5.882352941176471e-01,15250838
2.626141902695198e+03,2.614699746403978e+03,5.882352941176471e-01,15250839
2.626948591069191e+03,2.615268596949603e+03,5.882352941176471e-01,15250840
2.627108212462185e+03,2.615445927340042e+03,5.882352941176471e-01,15250841
2.627906608577551e+03,2.615563929430056e+03,5.882352941176471e-01,15250842
2.628713296951544e+03,2.617178185796650e+03,5.882352941176471e-01,15250843
2.630478002833897e+03,2.620523847168718e+03,5.882352941176471e-01,15250846
2.632242708716250e+03,2.622584083245472e+03,5.882352941176471e-01,15250847
2.632402330109244e+03,2.617475926768804e+03,1.764705882352941e+00,15250844
2.633200726224610e+03,2.620344719770043e+03,1.764705882352941e+00,15250845
2.634007414598603e+03,2.622998615278111e+03,5.882352941176471e-01,15250848
2.634167035991597e+03,2.623537352681386e+03,5.882352941176471e-01,15250849
2.634965432106963e+03,2.624807728808962e+03,5.882352941176471e-01,15250850
2.635931741873950e+03,2.625294356508453e+03,5.882352941176471e-01,15250852
2.636730137989316e+03,2.626149167009300e+03,5.882352941176471e-01,15250853
2.638494843871668e+03,2.626908729343710e+03,5.882352941176471e-01,15250855
2.639301532245662e+03,2.624936942714020e+03,1.764705882352941e+00,15250851
2.640259549754021e+03,2.628068594644668e+03,5.882352941176471e-01,15250856
2.641225859521009e+03,2.626697796993141e+03,1.764705882352941e+00,15250854
2.642024255636374e+03,2.632684487707944e+03,5.882352941176471e-01,15250858
2.642830944010368e+03,2.630369705249687e+03,1.176470588235294e+00,15250857
2.646519977168067e+03,2.634834407174893e+03,1.764705882352941e+00,15250859
2.647318373283433e+03,2.636001639123875e+03,1.764705882352941e+00,15250860
2.648125061657427e+03,2.636487130228297e+03,1.764705882352941e+00,15250861
2.649083079165786e+03,2.638972382809907e+03,5.882352941176471e-01,15250863
2.649889767539780e+03,2.640149049656943e+03,5.882352941176471e-01,15250864
2.650847785048139e+03,2.640304032107933e+03,5.882352941176471e-01,15250865
2.651814094815126e+03,2.638347783358046e+03,1.764705882352941e+00,15250862
2.653578800697479e+03,2.645222623103192e+03,5.882352941176471e-01,15250868
2.655183885186838e+03,2.641209528935135e+03,1.764705882352941e+00,15250866
2.655343506579832e+03,2.645732751489919e+03,5.882352941176471e-01,15250869
2.656141902695198e+03,2.644219286142795e+03,1.764705882352941e+00,15250867
2.657108212462185e+03,2.646413836616219e+03,5.882352941176471e-01,15250871
2.658713296951544e+03,2.646289352594117e+03,1.176470588235294e+00,15250870
2.658872918344538e+03,2.648700780554222e+03,5.882352941176471e-01,15250873
2.660478002833897e+03,2.649247963159364e+03,5.882352941176471e-01,15250874
2.660637624226891e+03,2.650118122624757e+03,5.882352941176471e-01,15250875
2.661436020342257e+03,2.646978120443803e+03,1.764705882352941e+00,15250872
2.662242708716250e+03,2.650746749676802e+03,5.882352941176471e-01,15250876
2.662402330109244e+03,2.650865990358646e+03,5.882352941176471e-01,15250877
2.663200726224610e+03,2.651767923775895e+03,5.882352941176471e-01,15250878
2.664007414598603e+03,2.652945081166337e+03,5.882352941176471e-01,15250879
2.664965432106963e+03,2.654046745377981e+03,5.882352941176471e-01,15250881
2.665772120480956e+03,2.656365324783047e+03,5.882352941176471e-01,15250882
2.667696447756303e+03,2.653714514992417e+03,1.764705882352941e+00,15250880
2.669301532245662e+03,2.657027479244704e+03,1.176470588235294e+00,15250884
2.669461153638656e+03,2.657491352270682e+03,5.882352941176471e-01,15250885
2.670259549754021e+03,2.656500470244895e+03,1.764705882352941e+00,15250883
2.671066238128015e+03,2.657515163834445e+03,5.882352941176471e-01,15250886
2.671225859521009e+03,2.658068429911776e+03,5.882352941176471e-01,15250887
2.672830944010368e+03,2.661251850821196e+03,5.882352941176471e-01,15250889
2.672990565403362e+03,2.661338905739454e+03,5.882352941176471e-01,15250890
2.675553667401080e+03,2.659429865348447e+03,1.764705882352941e+00,15250888
2.678125061657427e+03,2.661389688735041e+03,1.764705882352941e+00,15250891
2.678284683050420e+03,2.661838667471633e+03,1.764705882352941e+00,15250892
2.679889767539780e+03,2.663856440153640e+03,5.882352941176471e-01,15250894
2.680847785048139e+03,2.662921961638482e+03,1.764705882352941e+00,15250893
2.682612490930492e+03,2.666317014232007e+03,5.882352941176471e-01,15250897
2.683419179304485e+03,2.664245726063694e+03,1.176470588235294e+00,15250896
2.683578800697479e+03,2.664043290600954e+03,1.764705882352941e+00,15250895
2.684377196812845e+03,2.668404226469387e+03,5.882352941176471e-01,15250898
2.685343506579832e+03,2.668963029571083e+03,5.882352941176471e-01,15250900
2.686948591069191e+03,2.668634737792170e+03,1.176470588235294e+00,15250899
2.687108212462185e+03,2.670677015797175e+03,5.882352941176471e-01,15250902
2.687906608577551e+03,2.670204552682057e+03,1.176470588235294e+00,15250901
2.691436020342257e+03,2.675489350046117e+03,1.176470588235294e+00,15250905
2.692242708716250e+03,2.672948467219830e+03,1.764705882352941e+00,15250903
2.692402330109244e+03,2.674089971873839e+03,1.764705882352941e+00,15250904
2.694167035991597e+03,2.678645300716041e+03,5.882352941176471e-01,15250908
2.694965432106963e+03,2.676191875061451e+03,1.176470588235294e+00,15250906
2.697536826363309e+03,2.678446009605789e+03,1.764705882352941e+00,15250907
2.699301532245662e+03,2.682855056758946e+03,5.882352941176471e-01,15250911
2.699461153638656e+03,2.679553445416008e+03,1.764705882352941e+00,15250909
2.700259549754021e+03,2.681267097711413e+03,1.764705882352941e+00,15250910
2.701225859521009e+03,2.683770496254693e+03,5.882352941176471e-01,15250913
2.703788961518727e+03,2.684500251556746e+03,1.176470588235294e+00,15250914
2.704595649892721e+03,2.683308304797035e+03,1.764705882352941e+00,15250912
2.705553667401080e+03,2.686179539409810e+03,5.882352941176471e-01,15250916
2.706360355775074e+03,2.686743791354362e+03,5.882352941176471e-01,15250917
2.706519977168067e+03,2.685814320018017e+03,1.764705882352941e+00,15250915
2.708284683050420e+03,2.689759613924639e+03,5.882352941176471e-01,15250920
2.709889767539780e+03,2.689742340051943e+03,1.176470588235294e+00,15250919
2.710049388932773e+03,2.689880296853124e+03,5.882352941176471e-01,15250921
2.710847785048139e+03,2.686752643198061e+03,1.764705882352941e+00,15250918
2.711654473422132e+03,2.690064227424596e+03,5.882352941176471e-01,15250922
2.711814094815126e+03,2.690277135852282e+03,5.882352941176471e-01,15250923
2.712612490930492e+03,2.690560828434854e+03,5.882352941176471e-01,15250924
2.714377196812845e+03,2.692694783894000e+03,5.882352941176471e-01,15250927
2.715343506579832e+03,2.691440562225734e+03,1.176470588235294e+00,15250926
2.716141902695198e+03,2.692756000567564e+03,5.882352941176471e-01,15250928
2.716948591069191e+03,2.691129870779428e+03,1.764705882352941e+00,15250925
2.717108212462185e+03,2.693641202450123e+03,5.882352941176471e-01,15250929
2.718713296951544e+03,2.694662231194514e+03,5.882352941176471e-01,15250931
2.718872918344538e+03,2.695625515070536e+03,5.882352941176471e-01,15250932
2.719671314459904e+03,2.694406774783827e+03,1.176470588235294e+00,15250930
2.720478002833897e+03,2.697008699654727e+03,5.882352941176471e-01,15250933
2.720637624226891e+03,2.697578558452286e+03,5.882352941176471e-01,15250934
2.721436020342257e+03,2.698400972806051e+03,5.882352941176471e-01,15250935
2.722402330109244e+03,2.699381414583181e+03,5.882352941176471e-01,15250937
2.723200726224610e+03,2.701660975144245e+03,5.882352941176471e-01,15250938
2.724007414598603e+03,2.699103031716355e+03,1.176470588235294e+00,15250936
2.724167035991597e+03,2.702485410257027e+03,5.882352941176471e-01,15250939
2.724965432106963e+03,2.703345144769188e+03,5.882352941176471e-01,15250940
2.725772120480956e+03,2.710477237892214e+03,5.882352941176471e-01,15250941
2.726730137989316e+03,2.712327154148402e+03,5.882352941176471e-01,15250943
2.727536826363309e+03,2.713401949724007e+03,5.882352941176471e-01,15250944
2.729461153638656e+03,2.711862747578373e+03,1.764705882352941e+00,15250942
2.731066238128015e+03,2.717843396601209e+03,1.176470588235294e+00,15250946
2.732024255636374e+03,2.713816047683676e+03,1.764705882352941e+00,15250945
2.733788961518727e+03,2.718737818552878e+03,5.882352941176471e-01,15250949
2.734755271285714e+03,2.717931904912742e+03,1.764705882352941e+00,15250947
2.736360355775074e+03,2.718600596236617e+03,1.764705882352941e+00,15250948
2.736519977168067e+03,2.720532530378768e+03,5.882352941176471e-01,15250951
2.737318373283433e+03,2.719672228147560e+03,1.176470588235294e+00,15250950
2.738284683050420e+03,2.721532811148939e+03,5.882352941176471e-01,15250953
2.739083079165786e+03,2.722831660092395e+03,5.882352941176471e-01,15250954
2.739889767539780e+03,2.721512742951010e+03,1.176470588235294e+00,15250952
2.740847785048139e+03,2.725214349898009e+03,5.882352941176471e-01,15250956
2.741654473422132e+03,2.725323221659077e+03,5.882352941176471e-01,15250957
2.742612490930492e+03,2.727084947118333e+03,5.882352941176471e-01,15250958
2.743578800697479e+03,2.723978881822635e+03,1.764705882352941e+00,15250955
2.744377196812845e+03,2.730113385335705e+03,5.882352941176471e-01,15250960
2.746948591069191e+03,2.729363093861924e+03,1.764705882352941e+00,15250959
2.748713296951544e+03,2.735248117134145e+03,5.882352941176471e-01,15250963
2.748872918344538e+03,2.731881302807767e+03,1.764705882352941e+00,15250961
2.749671314459904e+03,2.732316223268567e+03,1.764705882352941e+00,15250962
2.750478002833897e+03,2.735530619173072e+03,5.882352941176471e-01,15250964
2.752242708716250e+03,2.736714899634989e+03,5.882352941176471e-01,15250967
2.752402330109244e+03,2.735946870096687e+03,1.176470588235294e+00,15250965
2.754965432106963e+03,2.736233227153353e+03,1.764705882352941e+00,15250966
2.755931741873950e+03,2.741045563269361e+03,1.176470588235294e+00,15250969
2.756730137989316e+03,2.741054871479620e+03,5.882352941176471e-01,15250970
2.757536826363309e+03,2.740091898422430e+03,1.764705882352941e+00,15250968
2.757696447756303e+03,2.742110817552779e+03,5.882352941176471e-01,15250971
2.758494843871668e+03,2.742624164291414e+03,5.882352941176471e-01,15250972
2.761066238128015e+03,2.743118037835920e+03,1.176470588235294e+00,15250973
2.762990565403362e+03,2.743879965780547e+03,1.764705882352941e+00,15250974
2.763788961518727e+03,2.746841554422002e+03,1.764705882352941e+00,15250975
2.764595649892721e+03,2.747067158200524e+03,1.176470588235294e+00,15250976
2.764755271285714e+03,2.750993140787394e+03,5.882352941176471e-01,15250977
2.765553667401080e+03,2.757044862322956e+03,5.882352941176471e-01,15250978
2.766519977168067e+03,2.759462104064309e+03,5.882352941176471e-01,15250980
2.769889767539780e+03,2.758463306658846e+03,1.764705882352941e+00,15250979
2.770847785048139e+03,2.760571607669224e+03,1.764705882352941e+00,15250981
2.771654473422132e+03,2.763770429955793e+03,5.882352941176471e-01,15250983
2.771814094815126e+03,2.762844945427434e+03,1.764705882352941e+00,15250982
2.772612490930492e+03,2.765872777971500e+03,5.882352941176471e-01,15250984
2.776141902695198e+03,2.767188820417232e+03,1.176470588235294e+00,15250987
2.776948591069191e+03,2.765989905965730e+03,1.764705882352941e+00,15250985
2.777108212462185e+03,2.766217032933194e+03,1.764705882352941e+00,15250986
2.777906608577551e+03,2.767328500656372e+03,5.882352941176471e-01,15250988
2.778713296951544e+03,2.767459265707639e+03,5.882352941176471e-01,15250989
2.778872918344538e+03,2.768865197696603e+03,5.882352941176471e-01,15250990
2.779671314459904e+03,2.769634778399643e+03,5.882352941176471e-01,15250991
2.780637624226891e+03,2.771039940190188e+03,5.882352941176471e-01,15250993
2.782242708716250e+03,2.770437738741203e+03,1.176470588235294e+00,15250992
2.782402330109244e+03,2.773448934079848e+03,5.882352941176471e-01,15250995
2.784007414598603e+03,2.774411284584384e+03,5.882352941176471e-01,15250996
2.784965432106963e+03,2.771354131741085e+03,1.764705882352941e+00,15250994
2.787696447756303e+03,2.775042845033473e+03,1.764705882352941e+00,15250997
2.789301532245662e+03,2.775507733042299e+03,1.764705882352941e+00,15250998
2.789461153638656e+03,2.778554082420520e+03,5.882352941176471e-01,15251000
2.790259549754021e+03,2.776510957324992e+03,1.764705882352941e+00,15250999
2.791225859521009e+03,2.780698166380182e+03,5.882352941176471e-01,15251002
2.792990565403362e+03,2.786061174175407e+03,5.882352941176471e-01,15251004
2.794595649892721e+03,2.779327648518765e+03,1.764705882352941e+00,15251001
2.794755271285714e+03,2.790132480838753e+03,5.882352941176471e-01,15251005
2.795553667401080e+03,2.782442547531988e+03,1.764705882352941e+00,15251003
2.796360355775074e+03,2.791159147307660e+03,5.882352941176471e-01,15251006
2.798284683050420e+03,2.791212551931694e+03,1.176470588235294e+00,15251007
2.799889767539780e+03,2.793277777072011e+03,1.176470588235294e+00,15251009
2.800847785048139e+03,2.792473251454336e+03,1.764705882352941e+00,15251008
2.802612490930492e+03,2.795828424905777e+03,5.882352941176471e-01,15251012
2.803578800697479e+03,2.795323199960717e+03,1.764705882352941e+00,15251010
2.804377196812845e+03,2.795858593768387e+03,5.882352941176471e-01,15251013
2.805183885186838e+03,2.795678721543676e+03,1.764705882352941e+00,15251011
2.808872918344538e+03,2.796914312311651e+03,1.764705882352941e+00,15251014
2.809671314459904e+03,2.798413059302007e+03,1.764705882352941e+00,15251015
2.810478002833897e+03,2.799749068574905e+03,1.764705882352941e+00,15251016
2.810637624226891e+03,2.800519033330060e+03,5.882352941176471e-01,15251017
2.811436020342257e+03,2.800620290960647e+03,5.882352941176471e-01,15251018
2.812242708716250e+03,2.800726660869015e+03,5.882352941176471e-01,15251019
2.812402330109244e+03,2.801025809516821e+03,5.882352941176471e-01,15251020
2.813200726224610e+03,2.801718313982793e+03,5.882352941176471e-01,15251021
2.814965432106963e+03,2.803941486039367e+03,5.882352941176471e-01,15251024
2.817536826363309e+03,2.802107314860110e+03,1.764705882352941e+00,15251022
2.817696447756303e+03,2.802197005967654e+03,1.764705882352941e+00,15251023
2.819301532245662e+03,2.804887094188766e+03,5.882352941176471e-01,15251026
2.819461153638656e+03,2.804985681493440e+03,5.882352941176471e-01,15251027
2.820259549754021e+03,2.804001766526197e+03,1.764705882352941e+00,15251025
2.821066238128015e+03,2.807477153908952e+03,5.882352941176471e-01,15251028
2.821225859521009e+03,2.808357967160903e+03,5.882352941176471e-01,15251029
2.822024255636374e+03,2.809183755880289e+03,5.882352941176471e-01,15251030
2.822830944010368e+03,2.809654446640858e+03,5.882352941176471e-01,15251031
2.824595649892721e+03,2.811295575875028e+03,5.882352941176471e-01,15251034
2.825553667401080e+03,2.811204615063534e+03,1.176470588235294e+00,15251033
2.826360355775074e+03,2.813070969136921e+03,5.882352941176471e-01,15251035
2.826519977168067e+03,2.809723546304741e+03,1.764705882352941e+00,15251032
2.827318373283433e+03,2.814069622845075e+03,5.882352941176471e-01,15251036
2.828125061657427e+03,2.815238927962707e+03,5.882352941176471e-01,15251037
2.829083079165786e+03,2.815727340836680e+03,5.882352941176471e-01,15251039
2.830847785048139e+03,2.820809682469057e+03,5.882352941176471e-01,15251041
2.831654473422132e+03,2.819513615883959e+03,1.176470588235294e+00,15251040
2.831814094815126e+03,2.815440759326904e+03,1.764705882352941e+00,15251038
2.832612490930492e+03,2.820950355613798e+03,5.882352941176471e-01,15251042
2.833419179304485e+03,2.822094339316777e+03,5.882352941176471e-01,15251043
2.833578800697479e+03,2.822101908821783e+03,5.882352941176471e-01,15251044
2.835183885186838e+03,2.823314944404865e+03,5.882352941176471e-01,15251046
2.836141902695198e+03,2.823199850691532e+03,1.176470588235294e+00,15251045
2.838872918344538e+03,2.824115392507313e+03,1.764705882352941e+00,15251047
2.840478002833897e+03,2.824363192034562e+03,1.764705882352941e+00,15251048
2.840637624226891e+03,2.827320999652491e+03,5.882352941176471e-01,15251050
2.841436020342257e+03,2.826798623891701e+03,1.764705882352941e+00,15251049
2.842242708716250e+03,2.827830108593407e+03,5.882352941176471e-01,15251051
2.842402330109244e+03,2.828289153870247e+03,5.882352941176471e-01,15251052
2.846730137989316e+03,2.828851917910733e+03,1.764705882352941e+00,15251053
2.847536826363309e+03,2.829213464337785e+03,1.764705882352941e+00,15251054
2.847696447756303e+03,2.829350544368167e+03,1.764705882352941e+00,15251055
2.848494843871668e+03,2.830491957341859e+03,5.882352941176471e-01,15251056
2.851066238128015e+03,2.832312849246631e+03,1.176470588235294e+00,15251057
2.852830944010368e+03,2.839766565698334e+03,5.882352941176471e-01,15251060
2.852990565403362e+03,2.835685872540368e+03,1.764705882352941e+00,15251058
2.853788961518727e+03,2.838431999499967e+03,1.764705882352941e+00,15251059
2.854595649892721e+03,2.840235740036061e+03,5.882352941176471e-01,15251061
2.854755271285714e+03,2.840676098273144e+03,5.882352941176471e-01,15251062
2.855553667401080e+03,2.841300273812465e+03,5.882352941176471e-01,15251063
2.856360355775074e+03,2.847161775384316e+03,5.882352941176471e-01,15251064
2.857318373283433e+03,2.848596751304480e+03,5.882352941176471e-01,15251066
2.858125061657427e+03,2.848925768926598e+03,5.882352941176471e-01,15251067
2.859083079165786e+03,2.849286500532089e+03,5.882352941176471e-01,15251068
2.859889767539780e+03,2.850327306896248e+03,5.882352941176471e-01,15251069
2.860049388932773e+03,2.847793178136286e+03,1.764705882352941e+00,15251065
2.860847785048139e+03,2.851275047623848e+03,5.882352941176471e-01,15251070
2.861814094815126e+03,2.853070372945712e+03,5.882352941176471e-01,15251072
2.862612490930492e+03,2.853468505197609e+03,5.882352941176471e-01,15251073
2.863578800697479e+03,2.854248217892869e+03,5.882352941176471e-01,15251074
2.865183885186838e+03,2.853028291188377e+03,1.764705882352941e+00,15251071
2.865343506579832e+03,2.856281429019774e+03,5.882352941176471e-01,15251076
2.866948591069191e+03,2.858484300675968e+03,5.882352941176471e-01,15251077
2.867108212462185e+03,2.859410285119155e+03,5.882352941176471e-01,15251078
2.867906608577551e+03,2.854569093437975e+03,1.764705882352941e+00,15251075
2.868713296951544e+03,2.860838810098407e+03,5.882352941176471e-01,15251079
2.868872918344538e+03,2.861033437395908e+03,5.882352941176471e-01,15251080
2.869671314459904e+03,2.861266575566166e+03,5.882352941176471e-01,15251081
2.870478002833897e+03,2.862948618490784e+03,5.882352941176471e-01,15251082
2.870637624226891e+03,2.863123226596391e+03,5.882352941176471e-01,15251083
2.871436020342257e+03,2.864361486914019e+03,5.882352941176471e-01,15251084
2.872242708716250e+03,2.865350816614455e+03,5.882352941176471e-01,15251085
2.875772120480956e+03,2.865479780929323e+03,1.176470588235294e+00,15251088
2.875931741873950e+03,2.865394967169271e+03,1.764705882352941e+00,15251086
2.876730137989316e+03,2.865403100098858e+03,1.764705882352941e+00,15251087
2.877536826363309e+03,2.865618141746097e+03,5.882352941176471e-01,15251089
2.879301532245662e+03,2.866602924500346e+03,5.882352941176471e-01,15251092
2.881066238128015e+03,2.869048971845907e+03,5.882352941176471e-01,15251093
2.881225859521009e+03,2.865919085303850e+03,1.764705882352941e+00,15251090
2.882024255636374e+03,2.866587793834464e+03,1.764705882352941e+00,15251091
2.882830944010368e+03,2.870794468836949e+03,5.882352941176471e-01,15251094
2.883788961518727e+03,2.871986425267517e+03,5.882352941176471e-01,15251096
2.884595649892721e+03,2.872257829236055e+03,5.882352941176471e-01,15251097
2.885553667401080e+03,2.876396525314831e+03,5.882352941176471e-01,15251098
2.886519977168067e+03,2.870910829899039e+03,1.764705882352941e+00,15251095
2.887318373283433e+03,2.879325585296919e+03,5.882352941176471e-01,15251100
2.888284683050420e+03,2.882300283984418e+03,5.882352941176471e-01,15251101
2.889889767539780e+03,2.878254943002260e+03,1.764705882352941e+00,15251099
2.890049388932773e+03,2.882978672706783e+03,5.882352941176471e-01,15251103
2.890847785048139e+03,2.882878971679570e+03,1.176470588235294e+00,15251102
2.891654473422132e+03,2.883132723554335e+03,5.882352941176471e-01,15251104
2.893419179304485e+03,2.885668578945413e+03,5.882352941176471e-01,15251107
2.895343506579832e+03,2.884276960647228e+03,1.764705882352941e+00,15251105
2.896141902695198e+03,2.884960562175806e+03,1.764705882352941e+00,15251106
2.897108212462185e+03,2.887230047391530e+03,5.882352941176471e-01,15251109
2.897906608577551e+03,2.888662860388362e+03,5.882352941176471e-01,15251110
2.898713296951544e+03,2.886770591520851e+03,1.764705882352941e+00,15251108
2.898872918344538e+03,2.888874814008047e+03,5.882352941176471e-01,15251111
2.899671314459904e+03,2.889125399297560e+03,5.882352941176471e-01,15251112
2.900478002833897e+03,2.890900913721455e+03,5.882352941176471e-01,15251113
2.900637624226891e+03,2.891265612148199e+03,5.882352941176471e-01,15251114
2.902242708716250e+03,2.891316588051645e+03,5.882352941176471e-01,15251116
2.902402330109244e+03,2.892275033875196e+03,5.882352941176471e-01,15251117
2.904007414598603e+03,2.892303623809113e+03,5.882352941176471e-01,15251118
2.904965432106963e+03,2.891272382492930e+03,1.764705882352941e+00,15251115
2.905772120480956e+03,2.894166980758030e+03,5.882352941176471e-01,15251120
2.907696447756303e+03,2.892903040339671e+03,1.764705882352941e+00,15251119
2.909461153638656e+03,2.895088983365613e+03,5.882352941176471e-01,15251123
2.910259549754021e+03,2.894762077473928e+03,1.764705882352941e+00,15251121
2.911066238128015e+03,2.895055421297651e+03,1.764705882352941e+00,15251122
2.912024255636374e+03,2.897698383992898e+03,5.882352941176471e-01,15251125
2.912830944010368e+03,2.897864552729074e+03,5.882352941176471e-01,15251126
2.913788961518727e+03,2.898002512594831e+03,5.882352941176471e-01,15251127
2.914755271285714e+03,2.896520676487557e+03,1.764705882352941e+00,15251124
2.915553667401080e+03,2.898216528353719e+03,5.882352941176471e-01,15251129
2.916360355775074e+03,2.898075438785553e+03,1.176470588235294e+00,15251128
2.916519977168067e+03,2.898847013721940e+03,5.882352941176471e-01,15251130
2.918125061657427e+03,2.900112079002621e+03,5.882352941176471e-01,15251132
2.918284683050420e+03,2.900127959164284e+03,5.882352941176471e-01,15251133
2.920049388932773e+03,2.903662369951631e+03,5.882352941176471e-01,15251135
2.920847785048139e+03,2.899033612581092e+03,1.764705882352941e+00,15251131
2.921814094815126e+03,2.906600830796448e+03,5.882352941176471e-01,15251136
2.923419179304485e+03,2.903393959656566e+03,1.764705882352941e+00,15251134
2.923578800697479e+03,2.910233248393296e+03,5.882352941176471e-01,15251138
2.925183885186838e+03,2.912795016438742e+03,5.882352941176471e-01,15251139
2.926141902695198e+03,2.908932406978474e+03,1.764705882352941e+00,15251137
2.927906608577551e+03,2.915058743914254e+03,5.882352941176471e-01,15251142
2.928872918344538e+03,2.913462050254816e+03,1.764705882352941e+00,15251140
2.929671314459904e+03,2.915151198836960e+03,5.882352941176471e-01,15251143
2.930478002833897e+03,2.913811109457369e+03,1.764705882352941e+00,15251141
2.930637624226891e+03,2.915391541502938e+03,5.882352941176471e-01,15251144
2.931436020342257e+03,2.917426943064159e+03,5.882352941176471e-01,15251145
2.932402330109244e+03,2.919322308872622e+03,5.882352941176471e-01,15251147
2.933200726224610e+03,2.920633350089228e+03,5.882352941176471e-01,15251148
2.935772120480956e+03,2.918431327016099e+03,1.764705882352941e+00,15251146
2.935931741873950e+03,2.923924424911126e+03,1.176470588235294e+00,15251149
2.937536826363309e+03,2.925219461458122e+03,5.882352941176471e-01,15251151
2.937696447756303e+03,2.926035178614412e+03,5.882352941176471e-01,15251152
2.938494843871668e+03,2.924535541830195e+03,1.764705882352941e+00,15251150
2.939301532245662e+03,2.929910939964269e+03,5.882352941176471e-01,15251153
2.939461153638656e+03,2.930124191224273e+03,5.882352941176471e-01,15251154
2.941066238128015e+03,2.930976576490555e+03,5.882352941176471e-01,15251156
2.943788961518727e+03,2.930408407033333e+03,1.764705882352941e+00,15251155
2.944755271285714e+03,2.931173071025146e+03,1.764705882352941e+00,15251157
2.946360355775074e+03,2.932020335582180e+03,1.764705882352941e+00,15251158
2.946519977168067e+03,2.933258365816562e+03,5.882352941176471e-01,15251160
2.948284683050420e+03,2.934882370706490e+03,5.882352941176471e-01,15251162
2.949083079165786e+03,2.933076482711562e+03,1.764705882352941e+00,15251159
2.949889767539780e+03,2.934085448753135e+03,1.176470588235294e+00,15251161
2.950049388932773e+03,2.937629211265327e+03,5.882352941176471e-01,15251163
2.950847785048139e+03,2.939165582320268e+03,5.882352941176471e-01,15251164
2.951654473422132e+03,2.939257349794008e+03,5.882352941176471e-01,15251165
2.952612490930492e+03,2.942609552072109e+03,5.882352941176471e-01,15251167
2.953578800697479e+03,2.942173248812818e+03,1.176470588235294e+00,15251166
2.954377196812845e+03,2.944366502283997e+03,5.882352941176471e-01,15251169
2.955183885186838e+03,2.942920648855123e+03,1.176470588235294e+00,15251168
2.955343506579832e+03,2.945966477435671e+03,5.882352941176471e-01,15251170
2.956948591069191e+03,2.948491978903882e+03,5.882352941176471e-01,15251172
2.958713296951544e+03,2.951614676087679e+03,5.882352941176471e-01,15251174
2.958872918344538e+03,2.948587948105961e+03,1.176470588235294e+00,15251173
2.959671314459904e+03,2.946403984151002e+03,1.764705882352941e+00,15251171
2.960478002833897e+03,2.952056476315451e+03,5.882352941176471e-01,15251175
2.961436020342257e+03,2.954157924903180e+03,5.882352941176471e-01,15251177
2.962242708716250e+03,2.954998040977218e+03,5.882352941176471e-01,15251178
2.964007414598603e+03,2.959317469058678e+03,5.882352941176471e-01,15251180
2.964167035991597e+03,2.953238426383224e+03,1.764705882352941e+00,15251176
2.965772120480956e+03,2.959770774040853e+03,5.882352941176471e-01,15251181
2.966730137989316e+03,2.957027278019837e+03,1.764705882352941e+00,15251179
2.969461153638656e+03,2.960035184847248e+03,1.764705882352941e+00,15251182
2.971066238128015e+03,2.961523933725224e+03,1.764705882352941e+00,15251183
2.972024255636374e+03,2.964578020990511e+03,1.764705882352941e+00,15251184
2.972830944010368e+03,2.968504174503502e+03,5.882352941176471e-01,15251186
2.973788961518727e+03,2.969206621270349e+03,5.882352941176471e-01,15251187
2.974595649892721e+03,2.969272839577155e+03,5.882352941176471e-01,15251188
2.974755271285714e+03,2.965703405339922e+03,1.764705882352941e+00,15251185
2.976360355775074e+03,2.969936837316421e+03,5.882352941176471e-01,15251190
2.976519977168067e+03,2.971305372268999e+03,5.882352941176471e-01,15251191
2.978125061657427e+03,2.971771956393277e+03,5.882352941176471e-01,15251192
2.978284683050420e+03,2.971994038099597e+03,5.882352941176471e-01,15251193
2.979083079165786e+03,2.969393841953474e+03,1.764705882352941e+00,15251189
2.979889767539780e+03,2.972185291796496e+03,5.882352941176471e-01,15251194
2.980049388932773e+03,2.973519871225766e+03,5.882352941176471e-01,15251195
2.984377196812845e+03,2.974093270714463e+03,1.764705882352941e+00,15251196
2.985183885186838e+03,2.974471079325098e+03,1.764705882352941e+00,15251197
2.985343506579832e+03,2.974924378273157e+03,1.764705882352941e+00,15251198
2.986141902695198e+03,2.975267337270182e+03,5.882352941176471e-01,15251199
2.986948591069191e+03,2.976205978834200e+03,5.882352941176471e-01,15251200
2.987906608577551e+03,2.977801935464527e+03,5.882352941176471e-01,15251202
2.988713296951544e+03,2.980483956327937e+03,5.882352941176471e-01,15251203
2.989671314459904e+03,2.980641768897563e+03,5.882352941176471e-01,15251204
2.990478002833897e+03,2.980649840926100e+03,5.882352941176471e-01,15251205
2.990637624226891e+03,2.976882635137490e+03,1.764705882352941e+00,15251201
2.991436020342257e+03,2.981047977301495e+03,5.882352941176471e-01,15251206
2.992242708716250e+03,2.981233665323061e+03,5.882352941176471e-01,15251207
2.994007414598603e+03,2.983027753380816e+03,5.882352941176471e-01,15251210
2.995772120480956e+03,2.984941378879143e+03,5.882352941176471e-01,15251211
2.995931741873950e+03,2.981674998003629e+03,1.764705882352941e+00,15251208
2.996730137989316e+03,2.981799319163963e+03,1.764705882352941e+00,15251209
2.998494843871668e+03,2.987521944562691e+03,5.882352941176471e-01,15251214
2.999461153638656e+03,2.987235510968389e+03,1.176470588235294e+00,15251213
3.000259549754021e+03,2.989330525124500e+03,5.882352941176471e-01,15251215
3.001066238128015e+03,2.985804787659208e+03,1.764705882352941e+00,15251212
3.002024255636374e+03,2.991511235567753e+03,5.882352941176471e-01,15251217
3.002830944010368e+03,2.992303837094005e+03,5.882352941176471e-01,15251218
3.003788961518727e+03,2.992911751762546e+03,5.882352941176471e-01,15251219
3.004755271285714e+03,2.991267003446137e+03,1.764705882352941e+00,15251216
3.005553667401080e+03,2.997611945047656e+03,5.882352941176471e-01,15251221
3.006519977168067e+03,3.000665329909649e+03,5.882352941176471e-01,15251222
3.008125061657427e+03,2.994747598745813e+03,1.764705882352941e+00,15251220
3.008284683050420e+03,3.001138879333761e+03,5.882352941176471e-01,15251224
3.009889767539780e+03,3.001422551433858e+03,5.882352941176471e-01,15251225
3.010847785048139e+03,3.000791416445673e+03,1.764705882352941e+00,15251223
3.011654473422132e+03,3.002121715335539e+03,5.882352941176471e-01,15251227
3.012612490930492e+03,3.002203078259348e+03,5.882352941176471e-01,15251228
3.013419179304485e+03,3.002734463716078e+03,5.882352941176471e-01,15251229
3.013578800697479e+03,3.002063641316275e+03,1.764705882352941e+00,15251226
3.015183885186838e+03,3.004762331178599e+03,5.882352941176471e-01,15251231
3.016141902695198e+03,3.004707182123314e+03,1.176470588235294e+00,15251230
3.017108212462185e+03,3.005396387137219e+03,1.176470588235294e+00,15251232
3.017906608577551e+03,3.007363452589325e+03,5.882352941176471e-01,15251234
3.018713296951544e+03,3.006727252103855e+03,1.176470588235294e+00,15251233
3.018872918344538e+03,3.007943444995736e+03,5.882352941176471e-01,15251235
3.019671314459904e+03,3.011175434885528e+03,5.882352941176471e-01,15251236
3.020637624226891e+03,3.014761025694020e+03,5.882352941176471e-01,15251238
3.021436020342257e+03,3.015427390507559e+03,5.882352941176471e-01,15251239
3.023200726224610e+03,3.018201210916305e+03,5.882352941176471e-01,15251241
3.024007414598603e+03,3.014596591268457e+03,1.764705882352941e+00,15251237
3.025931741873950e+03,3.017638272393722e+03,1.764705882352941e+00,15251240
3.026730137989316e+03,3.019836763863904e+03,1.176470588235294e+00,15251242
3.027536826363309e+03,3.022177738038736e+03,1.176470588235294e+00,15251243
3.028494843871668e+03,3.024552440512048e+03,5.882352941176471e-01,15251245
3.029301532245662e+03,3.026707727303862e+03,5.882352941176471e-01,15251246
3.030259549754021e+03,3.026815510199071e+03,5.882352941176471e-01,15251247
3.031066238128015e+03,3.027055657391315e+03,5.882352941176471e-01,15251248
3.031225859521009e+03,3.022865755505294e+03,1.764705882352941e+00,15251244
3.032024255636374e+03,3.027657528247295e+03,5.882352941176471e-01,15251249
3.032830944010368e+03,3.028092515366922e+03,5.882352941176471e-01,15251250
3.033788961518727e+03,3.031798501700149e+03,5.882352941176471e-01,15251252
3.036519977168067e+03,3.028548163463973e+03,1.764705882352941e+00,15251251
3.038125061657427e+03,3.031852875139144e+03,1.764705882352941e+00,15251253
3.039595395142380e+03,3.037830689260027e+03,5.882352941176471e-01,15251255
3.039709386593766e+03,3.036179974829060e+03,1.176470588235294e+00,15251254
3.040355548398650e+03,3.038590842516297e+03,5.882352941176471e-01,15251256
3.041385180992319e+03,3.039620475109966e+03,5.882352941176471e-01,15251257
3.041648670998369e+03,3.039883965116016e+03,5.882352941176471e-01,15251258
3.042561887369587e+03,3.040797181487234e+03,5.882352941176471e-01,15251259
3.048358658737155e+03,3.046593952854802e+03,5.882352941176471e-01,15251262
3.049310070453017e+03,3.045780658688311e+03,1.176470588235294e+00,15251261
3.050079262747806e+03,3.044785145100747e+03,1.764705882352941e+00,15251260
3.050884323865386e+03,3.049119617983033e+03,5.882352941176471e-01,15251263
3.053797171021265e+03,3.052032465138912e+03,5.882352941176471e-01,15251265
3.054725090619844e+03,3.049430972972785e+03,1.764705882352941e+00,15251264
3.055561876903617e+03,3.053568983114478e+03,5.882352941176471e-01,15251267
3.055955557611740e+03,3.052426145847034e+03,1.176470588235294e+00,15251266
3.057169829586320e+03,3.055405123703967e+03,5.882352941176471e-01,15251268
3.057326582785970e+03,3.055541359028889e+03,5.882352941176471e-01,15251269
3.059336912009829e+03,3.057572206127476e+03,5.882352941176471e-01,15251270
3.061613648659154e+03,3.059848942776801e+03,5.882352941176471e-01,15251271
3.063195172429940e+03,3.061430466547587e+03,5.882352941176471e-01,15251272
3.064498526223183e+03,3.062733820340830e+03,5.882352941176471e-01,15251274
3.067043507315532e+03,3.061749389668473e+03,1.764705882352941e+00,15251273
3.067631795698019e+03,3.065867089815666e+03,5.882352941176471e-01,15251276
3.070137595941552e+03,3.064843478294493e+03,1.764705882352941e+00,15251275
3.072511342190042e+03,3.067217224542984e+03,1.764705882352941e+00,15251277
3.074227778965321e+03,3.072463073082968e+03,5.882352941176471e-01,15251279
3.074756604457968e+03,3.072991898575615e+03,5.882352941176471e-01,15251280
3.075992484847674e+03,3.074102159376509e+03,5.882352941176471e-01,15251281
3.076398871695508e+03,3.071104754048449e+03,1.764705882352941e+00,15251278
3.076521310340320e+03,3.074169830258927e+03,5.882352941176471e-01,15251282
3.077757190730027e+03,3.074432168096856e+03,5.882352941176471e-01,15251283
3.078163577577861e+03,3.076030665633041e+03,5.882352941176471e-01,15251284
3.078286016222673e+03,3.076138258531584e+03,5.882352941176471e-01,15251285
3.080050722105026e+03,3.077398749190491e+03,5.882352941176471e-01,15251288
3.081692989342567e+03,3.076943554298140e+03,1.176470588235294e+00,15251287
3.083051308377086e+03,3.076899968087817e+03,1.764705882352941e+00,15251286
3.084276279480738e+03,3.082511573598385e+03,5.882352941176471e-01,15251290
3.087651770480131e+03,3.082357652833073e+03,1.764705882352941e+00,15251289
3.088676515371559e+03,3.085147103606853e+03,1.176470588235294e+00,15251292
3.089416476362484e+03,3.085646986885353e+03,5.882352941176471e-01,15251293
3.089746066597904e+03,3.084451948950845e+03,1.764705882352941e+00,15251291
3.090441221253912e+03,3.085649542229491e+03,5.882352941176471e-01,15251294
3.092205927136264e+03,3.086692786172932e+03,5.882352941176471e-01,15251297
3.093275478362610e+03,3.086384182202252e+03,1.176470588235294e+00,15251296
3.093970633018617e+03,3.088022378722344e+03,5.882352941176471e-01,15251298
3.094710594009543e+03,3.086263464465647e+03,1.764705882352941e+00,15251295
3.096475299891896e+03,3.090257973713362e+03,5.882352941176471e-01,15251301
3.097500044783323e+03,3.089974431281840e+03,1.176470588235294e+00,15251300
3.098240005774249e+03,3.090662849532242e+03,5.882352941176471e-01,15251302
3.098569596009669e+03,3.088341361455481e+03,1.764705882352941e+00,15251299
3.099264750665676e+03,3.092586557815890e+03,5.882352941176471e-01,15251303
3.101769417538955e+03,3.093172176351070e+03,1.176470588235294e+00,15251304
3.102794162430382e+03,3.096276383151444e+03,1.176470588235294e+00,15251306
3.103534123421308e+03,3.099053830283422e+03,5.882352941176471e-01,15251307
3.103863713656728e+03,3.095025123853667e+03,1.764705882352941e+00,15251305
3.105298829303661e+03,3.100073078067652e+03,5.882352941176471e-01,15251309
3.105628419539081e+03,3.100427045810270e+03,5.882352941176471e-01,15251310
3.106323574195088e+03,3.099685080647204e+03,1.176470588235294e+00,15251308
3.107063535186014e+03,3.101818687100882e+03,5.882352941176471e-01,15251311
3.107393125421434e+03,3.104418787034952e+03,5.882352941176471e-01,15251312
3.108088280077441e+03,3.104522449978143e+03,5.882352941176471e-01,15251313
3.109157831303786e+03,3.106209665007135e+03,5.882352941176471e-01,15251315
3.112357652833073e+03,3.104541539208412e+03,1.764705882352941e+00,15251314
3.113382397724500e+03,3.107298939665954e+03,1.764705882352941e+00,15251316
3.114122358715426e+03,3.108553254411803e+03,5.882352941176471e-01,15251318
3.114451948950845e+03,3.107550683138023e+03,1.764705882352941e+00,15251317
3.115887064597779e+03,3.109689278588274e+03,5.882352941176471e-01,15251320
3.116216654833198e+03,3.111140053555085e+03,5.882352941176471e-01,15251321
3.118676515371559e+03,3.108629098112858e+03,1.764705882352941e+00,15251319
3.121181182244837e+03,3.113199224829832e+03,1.764705882352941e+00,15251322
3.121510772480257e+03,3.114917785276558e+03,1.764705882352941e+00,15251323
3.122205927136264e+03,3.116197932394098e+03,1.176470588235294e+00,15251324
3.123275478362610e+03,3.120207302164797e+03,5.882352941176471e-01,15251326
3.123970633018617e+03,3.121936167614555e+03,5.882352941176471e-01,15251327
3.125040184244963e+03,3.122223911202888e+03,5.882352941176471e-01,15251328
3.125735338900970e+03,3.122502367884430e+03,5.882352941176471e-01,15251329
3.126475299891896e+03,3.119827152247337e+03,1.764705882352941e+00,15251325
3.126804890127316e+03,3.122542865303387e+03,5.882352941176471e-01,15251330
3.127500044783323e+03,3.122696762701831e+03,5.882352941176471e-01,15251331
3.128240005774249e+03,3.123804660623161e+03,5.882352941176471e-01,15251332
3.129264750665676e+03,3.124722047215360e+03,5.882352941176471e-01,15251334
3.130004711656602e+03,3.125777518379782e+03,5.882352941176471e-01,15251335
3.130334301892022e+03,3.124347916234924e+03,1.176470588235294e+00,15251333
3.131349610740058e+03,3.129584904857705e+03,5.882352941176471e-01,15251336
3.134088063979993e+03,3.132323358097640e+03,5.882352941176471e-01,15251337
3.139897194146291e+03,3.138132488263938e+03,5.882352941176471e-01,15251338
3.143897283207927e+03,3.142132577325574e+03,5.882352941176471e-01,15251340
3.146619985881850e+03,3.144855279999497e+03,5.882352941176471e-01,15251341
3.147207119744044e+03,3.141913002096985e+03,1.764705882352941e+00,15251339
3.149557333291209e+03,3.146027921526503e+03,1.176470588235294e+00,15251342
3.149654094211999e+03,3.147889388329646e+03,5.882352941176471e-01,15251343
3.152074978848984e+03,3.150310272966631e+03,5.882352941176471e-01,15251345
3.152798719605383e+03,3.151034013723030e+03,5.882352941176471e-01,15251346
3.154563425487736e+03,3.151612167499953e+03,5.882352941176471e-01,15251348
3.154675319760498e+03,3.149381202113440e+03,1.764705882352941e+00,15251344
3.156440025642851e+03,3.153139368177266e+03,5.882352941176471e-01,15251350
3.157369096496043e+03,3.151455171495258e+03,1.764705882352941e+00,15251347
3.158204731525204e+03,3.153448920891672e+03,5.882352941176471e-01,15251351
3.159133802378396e+03,3.154354176633230e+03,5.882352941176471e-01,15251352
3.159857543134794e+03,3.152240492385996e+03,1.764705882352941e+00,15251349
3.159969437407557e+03,3.154558742579485e+03,5.882352941176471e-01,15251353
3.161622249017147e+03,3.156517927871084e+03,5.882352941176471e-01,15251355
3.161734143289910e+03,3.157183124700116e+03,5.882352941176471e-01,15251356
3.164427920025455e+03,3.154891249149629e+03,1.764705882352941e+00,15251354
3.166916366664206e+03,3.159457924616542e+03,1.764705882352941e+00,15251357
3.167028260936969e+03,3.160483279730625e+03,1.764705882352941e+00,15251358
3.168792966819322e+03,3.161892344702945e+03,5.882352941176471e-01,15251361
3.169722037672513e+03,3.160513423349569e+03,1.764705882352941e+00,15251359
3.171486743554866e+03,3.162740155187371e+03,5.882352941176471e-01,15251363
3.172210484311265e+03,3.161545831477862e+03,1.764705882352941e+00,15251360
3.172322378584028e+03,3.162044716256821e+03,1.176470588235294e+00,15251362
3.173975190193618e+03,3.163451884685909e+03,5.882352941176471e-01,15251365
3.176780861201925e+03,3.162979570972105e+03,1.764705882352941e+00,15251364
3.177616496231087e+03,3.166012857193103e+03,1.764705882352941e+00,15251366
3.178545567084278e+03,3.168723861218388e+03,5.882352941176471e-01,15251368
3.179269307840677e+03,3.167819426672195e+03,1.764705882352941e+00,15251367
3.180310272966631e+03,3.171489724499573e+03,5.882352941176471e-01,15251370
3.181034013723030e+03,3.172760239431990e+03,5.882352941176471e-01,15251371
3.182074978848984e+03,3.173047834202710e+03,5.882352941176471e-01,15251372
3.182910613878145e+03,3.171229218136286e+03,1.764705882352941e+00,15251369
3.184675319760498e+03,3.175792708796760e+03,5.882352941176471e-01,15251375
3.186328131370088e+03,3.173269132397848e+03,1.764705882352941e+00,15251373
3.186440025642851e+03,3.179265806014604e+03,5.882352941176471e-01,15251376
3.187369096496043e+03,3.173702210311805e+03,1.764705882352941e+00,15251374
3.188204731525204e+03,3.182929485789096e+03,5.882352941176471e-01,15251378
3.189969437407557e+03,3.184549764790366e+03,5.882352941176471e-01,15251380
3.190898508260749e+03,3.183363562340650e+03,1.176470588235294e+00,15251379
3.191622249017147e+03,3.182573232728789e+03,1.764705882352941e+00,15251377
3.191734143289910e+03,3.185250892094090e+03,5.882352941176471e-01,15251381
3.193386954899500e+03,3.185960381369769e+03,5.882352941176471e-01,15251383
3.195151660781853e+03,3.187700984898413e+03,5.882352941176471e-01,15251385
3.196192625907808e+03,3.185575612370717e+03,1.764705882352941e+00,15251382
3.197028260936969e+03,3.186390135410019e+03,1.764705882352941e+00,15251384
3.197957331790160e+03,3.188235320907347e+03,5.882352941176471e-01,15251387
3.198681072546559e+03,3.188094333930777e+03,1.176470588235294e+00,15251386
3.198792966819322e+03,3.188992430476109e+03,5.882352941176471e-01,15251388
3.199722037672513e+03,3.191301929564837e+03,5.882352941176471e-01,15251389
3.200445778428912e+03,3.194525486516860e+03,5.882352941176471e-01,15251390
3.202210484311265e+03,3.198987594642480e+03,5.882352941176471e-01,15251393
3.203975190193618e+03,3.199483238687498e+03,5.882352941176471e-01,15251394
3.204087084466381e+03,3.195838196907990e+03,1.764705882352941e+00,15251391
3.205016155319572e+03,3.198102451600663e+03,1.764705882352941e+00,15251392
3.205739896075971e+03,3.200726321807741e+03,5.882352941176471e-01,15251395
3.205851790348734e+03,3.202541560125618e+03,5.882352941176471e-01,15251396
3.206780861201925e+03,3.203339036516007e+03,5.882352941176471e-01,15251397
3.207504601958324e+03,3.205187396262470e+03,5.882352941176471e-01,15251398
3.210487329882474e+03,3.208722624000121e+03,5.882352941176471e-01,15251401
3.211145907995792e+03,3.205788764342089e+03,1.764705882352941e+00,15251399
3.213427822117952e+03,3.208133704470893e+03,1.764705882352941e+00,15251400
3.215421363179192e+03,3.213656657296839e+03,5.882352941176471e-01,15251404
3.216130167542889e+03,3.210836049895830e+03,1.764705882352941e+00,15251402
3.217186069061545e+03,3.214068596537631e+03,5.882352941176471e-01,15251405
3.217894873425241e+03,3.215062914763293e+03,5.882352941176471e-01,15251406
3.218624172725807e+03,3.213330055078748e+03,1.764705882352941e+00,15251403
3.218950774943898e+03,3.215429036271761e+03,5.882352941176471e-01,15251407
3.219659579307594e+03,3.216115759316526e+03,5.882352941176471e-01,15251408
3.220388878608159e+03,3.217087286824489e+03,5.882352941176471e-01,15251409
3.221424285189947e+03,3.219241447659929e+03,5.882352941176471e-01,15251411
3.222480186708604e+03,3.217725025811608e+03,1.176470588235294e+00,15251410
3.223250954454203e+03,3.221486248571850e+03,5.882352941176471e-01,15251412
3.225295180122874e+03,3.223530474240521e+03,5.882352941176471e-01,15251414
3.226594376400134e+03,3.223064964635428e+03,1.176470588235294e+00,15251413
3.227918918741309e+03,3.226154212858956e+03,5.882352941176471e-01,15251416
3.231308188046563e+03,3.226014070399504e+03,1.764705882352941e+00,15251415
3.231888494047193e+03,3.226512022729279e+03,1.764705882352941e+00,15251417
3.233072893928915e+03,3.227170013286084e+03,5.882352941176471e-01,15251419
3.233213036388367e+03,3.226672169851662e+03,1.764705882352941e+00,15251418
3.235042536283342e+03,3.233277830400989e+03,5.882352941176471e-01,15251421
3.235058797215319e+03,3.233294091332966e+03,5.882352941176471e-01,15251422
3.236807242165695e+03,3.233738383547476e+03,5.882352941176471e-01,15251423
3.237182611694251e+03,3.230359114522486e+03,1.764705882352941e+00,15251420
3.238571948048048e+03,3.236196717171334e+03,5.882352941176471e-01,15251425
3.238947317576604e+03,3.237094598163147e+03,5.882352941176471e-01,15251426
3.240581718239676e+03,3.235287600592617e+03,1.764705882352941e+00,15251424
3.241645411670392e+03,3.239880705788039e+03,5.882352941176471e-01,15251428
3.243525851305612e+03,3.241761145423259e+03,5.882352941176471e-01,15251430
3.243866065695107e+03,3.238018179944227e+03,1.764705882352941e+00,15251427
3.245290557187965e+03,3.241991616439431e+03,5.882352941176471e-01,15251431
3.246604423071786e+03,3.241310305424727e+03,1.764705882352941e+00,15251429
3.248538735730794e+03,3.246774029848441e+03,5.882352941176471e-01,15251432
3.251314556854303e+03,3.249549850971950e+03,5.882352941176471e-01,15251434
3.251328093014324e+03,3.247798681249618e+03,1.176470588235294e+00,15251433
3.251683736501925e+03,3.249919030619572e+03,5.882352941176471e-01,15251435
3.254843968619009e+03,3.250090487550807e+03,1.176470588235294e+00,15251436
3.256622210661382e+03,3.251071445111575e+03,1.764705882352941e+00,15251437
3.256977854148983e+03,3.251101855895827e+03,1.764705882352941e+00,15251438
3.258386916543735e+03,3.251889715835507e+03,5.882352941176471e-01,15251440
3.260138086266068e+03,3.251372081399934e+03,1.764705882352941e+00,15251439
3.261902792148420e+03,3.255295656423505e+03,5.882352941176471e-01,15251443
3.262271971796042e+03,3.252640560164435e+03,1.764705882352941e+00,15251441
3.263667498030773e+03,3.256858513290670e+03,5.882352941176471e-01,15251444
3.263681034190794e+03,3.252640714083980e+03,1.764705882352941e+00,15251442
3.265432203913126e+03,3.258994302615845e+03,5.882352941176471e-01,15251446
3.265445740073147e+03,3.260651407846735e+03,5.882352941176471e-01,15251447
3.267210445955500e+03,3.262004142640163e+03,5.882352941176471e-01,15251449
3.267566089443101e+03,3.257018417097367e+03,1.764705882352941e+00,15251445
3.269330795325454e+03,3.265460186788151e+03,5.882352941176471e-01,15251451
3.270726321560185e+03,3.261908988303990e+03,1.764705882352941e+00,15251448
3.271095501207807e+03,3.265738058205091e+03,5.882352941176471e-01,15251452
3.272504563602559e+03,3.263574680006440e+03,1.764705882352941e+00,15251450
3.273195218629915e+03,3.271430512747562e+03,5.882352941176471e-01,15251453
3.274269269484912e+03,3.272445048964857e+03,5.882352941176471e-01,15251455
3.277689726083433e+03,3.272395608436374e+03,1.764705882352941e+00,15251454
3.278201007249963e+03,3.274671595485258e+03,1.176470588235294e+00,15251457
3.278633985902043e+03,3.273339868254984e+03,1.764705882352941e+00,15251456
3.280398691784396e+03,3.276579639256778e+03,5.882352941176471e-01,15251460
3.281730419014669e+03,3.276333920709437e+03,1.176470588235294e+00,15251459
3.282163397666749e+03,3.277824353963957e+03,5.882352941176471e-01,15251461
3.282983843730492e+03,3.276121916607590e+03,1.764705882352941e+00,15251458
3.283495124897022e+03,3.278519213221106e+03,5.882352941176471e-01,15251462
3.283928103549102e+03,3.280229058801098e+03,5.882352941176471e-01,15251463
3.287227272245506e+03,3.285462566363153e+03,5.882352941176471e-01,15251464
3.288358741847720e+03,3.286594035965367e+03,5.882352941176471e-01,15251465
3.288489011989701e+03,3.286724306107348e+03,5.882352941176471e-01,15251466
3.290072945956424e+03,3.288308240074071e+03,5.882352941176471e-01,15251467
3.290126049930044e+03,3.288361344047691e+03,5.882352941176471e-01,15251468
3.294148395973360e+03,3.288854278326301e+03,1.764705882352941e+00,15251469
3.295367063603483e+03,3.289048887614516e+03,1.764705882352941e+00,15251470
3.295420167577102e+03,3.290120509810586e+03,1.764705882352941e+00,15251471
3.297677807738066e+03,3.290817783238132e+03,1.176470588235294e+00,15251472
3.300661181250542e+03,3.290956066049927e+03,1.764705882352941e+00,15251473
3.300714285224161e+03,3.291070067582306e+03,1.764705882352941e+00,15251474
3.301207219502772e+03,3.294551182399184e+03,1.176470588235294e+00,15251475
3.302425887132895e+03,3.295124336476333e+03,5.882352941176471e-01,15251476
3.302478991106514e+03,3.295454178088939e+03,5.882352941176471e-01,15251477
3.302971925385125e+03,3.296282354404170e+03,5.882352941176471e-01,15251478
3.304243696988867e+03,3.296875363813542e+03,5.882352941176471e-01,15251480
3.306008402871220e+03,3.303424393169646e+03,5.882352941176471e-01,15251482
3.307720004779954e+03,3.296502630564218e+03,1.764705882352941e+00,15251479
3.308266043032184e+03,3.297268129756936e+03,1.764705882352941e+00,15251481
3.310030748914537e+03,3.306639926470641e+03,5.882352941176471e-01,15251485
3.311302520518279e+03,3.305711190123049e+03,1.764705882352941e+00,15251483
3.311795454796890e+03,3.306720033192987e+03,5.882352941176471e-01,15251486
3.313014122427013e+03,3.306070693592001e+03,1.764705882352941e+00,15251484
3.313067226400632e+03,3.307940574775971e+03,5.882352941176471e-01,15251487
3.314394396294575e+03,3.312629690412222e+03,5.882352941176471e-01,15251488
3.314778828309366e+03,3.312996986227478e+03,5.882352941176471e-01,15251489
3.316384659645643e+03,3.314619953763290e+03,5.882352941176471e-01,15251491
3.317950135595577e+03,3.314420723830871e+03,1.176470588235294e+00,15251490
3.318411206336809e+03,3.316646500454456e+03,5.882352941176471e-01,15251492
3.322245114993843e+03,3.320480409111490e+03,5.882352941176471e-01,15251495
3.322847611085675e+03,3.317553493438617e+03,1.764705882352941e+00,15251493
3.324565236897986e+03,3.319271119250927e+03,1.764705882352941e+00,15251494
3.324612316968028e+03,3.321218538509646e+03,5.882352941176471e-01,15251497
3.327539232640901e+03,3.321138618824371e+03,1.764705882352941e+00,15251496
3.329859354545045e+03,3.321641113317955e+03,1.764705882352941e+00,15251498
3.329906434615087e+03,3.322006154033407e+03,1.764705882352941e+00,15251499
3.331671140497440e+03,3.326849281491537e+03,5.882352941176471e-01,15251502
3.332833350287960e+03,3.324128406718905e+03,1.764705882352941e+00,15251500
3.333435846379793e+03,3.329482949100987e+03,5.882352941176471e-01,15251503
3.334808003644444e+03,3.333043297762091e+03,5.882352941176471e-01,15251504
3.335153472192104e+03,3.324149637083394e+03,1.764705882352941e+00,15251501
3.338840762408171e+03,3.337076056525818e+03,5.882352941176471e-01,15251505
3.339730622662707e+03,3.337965916780354e+03,5.882352941176471e-01,15251507
3.340605468290524e+03,3.338566351200546e+03,5.882352941176471e-01,15251508
3.343054948230232e+03,3.337760830583173e+03,1.764705882352941e+00,15251506
3.344134880055230e+03,3.340163103770034e+03,1.176470588235294e+00,15251510
3.344819654112585e+03,3.341387625793686e+03,5.882352941176471e-01,15251511
3.345024740309766e+03,3.339273411901671e+03,1.764705882352941e+00,15251509
3.346584359994938e+03,3.342503126970464e+03,5.882352941176471e-01,15251513
3.346789446192119e+03,3.343973814562292e+03,5.882352941176471e-01,15251514
3.349148263050917e+03,3.347383557168564e+03,5.882352941176471e-01,15251516
3.349428997702289e+03,3.341958754089330e+03,1.764705882352941e+00,15251512
3.350912968933270e+03,3.348322702184021e+03,5.882352941176471e-01,15251517
3.351193703584642e+03,3.348550923997034e+03,5.882352941176471e-01,15251518
3.352653320651677e+03,3.347359203004618e+03,1.764705882352941e+00,15251515
3.352986158302246e+03,3.351221452419893e+03,5.882352941176471e-01,15251519
3.361680081970666e+03,3.356385964323607e+03,1.764705882352941e+00,15251520
3.361811880037372e+03,3.356517762390313e+03,1.764705882352941e+00,15251521
3.363660572291868e+03,3.361895866409515e+03,5.882352941176471e-01,15251524
3.363731868261737e+03,3.358437750614679e+03,1.764705882352941e+00,15251522
3.365209493735371e+03,3.361447156332867e+03,1.176470588235294e+00,15251523
3.365425278174221e+03,3.361927299446526e+03,5.882352941176471e-01,15251525
3.365496574144090e+03,3.361992130443170e+03,5.882352941176471e-01,15251526
3.366974199617724e+03,3.362892785868262e+03,5.882352941176471e-01,15251527
3.367189984056574e+03,3.362911159375673e+03,5.882352941176471e-01,15251528
3.367261280026443e+03,3.364283754277514e+03,5.882352941176471e-01,15251529
3.368738905500077e+03,3.366247522246579e+03,5.882352941176471e-01,15251530
3.369384143621565e+03,3.367619437739212e+03,5.882352941176471e-01,15251531
3.373273684368138e+03,3.367979566721080e+03,1.764705882352941e+00,15251532
3.374308303512969e+03,3.372543597630616e+03,5.882352941176471e-01,15251534
3.374417075458492e+03,3.369122957811434e+03,1.764705882352941e+00,15251533
3.378777140227331e+03,3.373483022580272e+03,1.764705882352941e+00,15251535
3.379602421160028e+03,3.373842342858137e+03,1.764705882352941e+00,15251536
3.380194441239327e+03,3.374900323592268e+03,1.764705882352941e+00,15251537
3.380541846109684e+03,3.375084388317650e+03,5.882352941176471e-01,15251538
3.381367127042381e+03,3.375158907647231e+03,5.882352941176471e-01,15251539
3.381959147121680e+03,3.377662953869727e+03,5.882352941176471e-01,15251540
3.383131832924734e+03,3.378396878290866e+03,5.882352941176471e-01,15251542
3.384896538807087e+03,3.379128244194004e+03,5.882352941176471e-01,15251544
3.385835963756742e+03,3.377942713851654e+03,1.764705882352941e+00,15251541
3.386661244689440e+03,3.379180746905884e+03,5.882352941176471e-01,15251545
3.387253264768739e+03,3.379121109682630e+03,1.764705882352941e+00,15251543
3.389365375521448e+03,3.380112719465841e+03,1.176470588235294e+00,15251546
3.391130081403801e+03,3.383039656381071e+03,5.882352941176471e-01,15251549
3.391955362336499e+03,3.381563480448430e+03,1.764705882352941e+00,15251547
3.392547382415797e+03,3.381824565389736e+03,1.764705882352941e+00,15251548
3.394312088298150e+03,3.391006261423718e+03,5.882352941176471e-01,15251552
3.396076794180503e+03,3.391300563053111e+03,5.882352941176471e-01,15251553
3.396424199050860e+03,3.388099637918061e+03,1.764705882352941e+00,15251550
3.397249479983557e+03,3.389359230440432e+03,1.764705882352941e+00,15251551
3.397841500062856e+03,3.392898837566581e+03,5.882352941176471e-01,15251554
3.398188904933213e+03,3.395726038490527e+03,5.882352941176471e-01,15251555
3.399014185865910e+03,3.396059248961121e+03,5.882352941176471e-01,15251556
3.399606205945209e+03,3.396373737108934e+03,5.882352941176471e-01,15251557
3.399953610815566e+03,3.397385354031728e+03,5.882352941176471e-01,15251558
3.400778891748263e+03,3.398645327255021e+03,5.882352941176471e-01,15251559
3.402543597630616e+03,3.400332504943443e+03,5.882352941176471e-01,15251562
3.404308303512969e+03,3.402392143266206e+03,5.882352941176471e-01,15251563
3.404900323592268e+03,3.399336104286919e+03,1.764705882352941e+00,15251560
3.405247728462625e+03,3.399671414088153e+03,1.764705882352941e+00,15251561
3.406665029474621e+03,3.403080306322951e+03,5.882352941176471e-01,15251565
3.408429735356974e+03,3.403661291214128e+03,5.882352941176471e-01,15251567
3.409602421160028e+03,3.402915715004499e+03,1.764705882352941e+00,15251564
3.410194441239327e+03,3.404599642429459e+03,5.882352941176471e-01,15251568
3.410541846109684e+03,3.403550410609954e+03,1.764705882352941e+00,15251566
3.411959147121680e+03,3.404724293388916e+03,5.882352941176471e-01,15251570
3.413723853004033e+03,3.409359137006365e+03,5.882352941176471e-01,15251572
3.414896538807087e+03,3.404634768423739e+03,1.764705882352941e+00,15251569
3.415488558886386e+03,3.410555001257478e+03,5.882352941176471e-01,15251573
3.415835963756742e+03,3.407028267538182e+03,1.764705882352941e+00,15251571
3.416661244689440e+03,3.411045497686895e+03,5.882352941176471e-01,15251574
3.417600669639095e+03,3.415489629887676e+03,5.882352941176471e-01,15251576
3.418425950571793e+03,3.416489765876519e+03,5.882352941176471e-01,15251577
3.420417869513877e+03,3.418653163631524e+03,5.882352941176471e-01,15251579
3.420782676533444e+03,3.412486643543277e+03,1.764705882352941e+00,15251575
3.422894787286154e+03,3.417539340942749e+03,1.764705882352941e+00,15251578
3.423742092542540e+03,3.421977386660187e+03,5.882352941176471e-01,15251580
3.423963523883283e+03,3.422198818000930e+03,5.882352941176471e-01,15251581
3.425506798424893e+03,3.422575180922194e+03,5.882352941176471e-01,15251583
3.426751491615411e+03,3.424986785733058e+03,5.882352941176471e-01,15251584
3.428042258465592e+03,3.426277552583239e+03,5.882352941176471e-01,15251585
3.428188904933213e+03,3.422355460354235e+03,1.764705882352941e+00,15251582
3.429497226573080e+03,3.427732520690727e+03,5.882352941176471e-01,15251586
3.432173645096098e+03,3.430408939213745e+03,5.882352941176471e-01,15251588
3.434017894401088e+03,3.432253188518735e+03,5.882352941176471e-01,15251590
3.434474471445348e+03,3.429180353798289e+03,1.764705882352941e+00,15251587
3.435782600283441e+03,3.432404836649084e+03,5.882352941176471e-01,15251591
3.436830571330738e+03,3.431536453683679e+03,1.764705882352941e+00,15251589
3.438595277213091e+03,3.434672549947940e+03,5.882352941176471e-01,15251594
3.439312012048146e+03,3.433740566076946e+03,1.176470588235294e+00,15251593
3.439768589092407e+03,3.433353319685923e+03,1.764705882352941e+00,15251592
3.440359983095444e+03,3.434972848150692e+03,5.882352941176471e-01,15251595
3.441076717930499e+03,3.435366912738905e+03,5.882352941176471e-01,15251596
3.442124688977797e+03,3.436535241261870e+03,5.882352941176471e-01,15251598
3.442841423812852e+03,3.436687422683347e+03,5.882352941176471e-01,15251599
3.443298000857113e+03,3.435549573636512e+03,1.176470588235294e+00,15251597
3.443889394860150e+03,3.437021129886650e+03,5.882352941176471e-01,15251600
3.444606129695205e+03,3.439928291945974e+03,5.882352941176471e-01,15251601
3.445062706739466e+03,3.439933875460269e+03,5.882352941176471e-01,15251602
3.445654100742503e+03,3.440300725303859e+03,5.882352941176471e-01,15251603
3.446370835577558e+03,3.441071865683788e+03,5.882352941176471e-01,15251604
3.446827412621819e+03,3.441602539813294e+03,5.882352941176471e-01,15251605
3.448135541459911e+03,3.443257035797968e+03,5.882352941176471e-01,15251607
3.448592118504172e+03,3.443525486339375e+03,5.882352941176471e-01,15251608
3.449900247342264e+03,3.443643961659785e+03,5.882352941176471e-01,15251609
3.450356824386525e+03,3.444745442727407e+03,5.882352941176471e-01,15251610
3.450948218389562e+03,3.442395813357906e+03,1.764705882352941e+00,15251606
3.452121530268878e+03,3.447006204125783e+03,5.882352941176471e-01,15251612
3.452712924271915e+03,3.447190148007013e+03,5.882352941176471e-01,15251613
3.453886236151231e+03,3.447509164482583e+03,5.882352941176471e-01,15251614
3.455194364989323e+03,3.446930947946737e+03,1.764705882352941e+00,15251611
3.458007041918973e+03,3.448065335157672e+03,1.764705882352941e+00,15251615
3.459180353798289e+03,3.448170567396479e+03,1.764705882352941e+00,15251616
3.460488482636382e+03,3.449033496564134e+03,1.764705882352941e+00,15251617
3.460945059680642e+03,3.449506922065851e+03,5.882352941176471e-01,15251619
3.461536453683679e+03,3.449117564198924e+03,1.176470588235294e+00,15251618
3.462709765562995e+03,3.452319796347544e+03,5.882352941176471e-01,15251621
3.464474471445348e+03,3.453850778875431e+03,5.882352941176471e-01,15251623
3.465782600283441e+03,3.452282322386335e+03,1.764705882352941e+00,15251620
3.466239177327701e+03,3.455570434443373e+03,5.882352941176471e-01,15251624
3.466830571330738e+03,3.453667066126339e+03,1.764705882352941e+00,15251622
3.468003883210054e+03,3.456613192893691e+03,5.882352941176471e-01,15251626
3.469768589092407e+03,3.464603722723938e+03,5.882352941176471e-01,15251628
3.471076717930499e+03,3.455606509944061e+03,1.764705882352941e+00,15251625
3.471533294974760e+03,3.464884254516868e+03,5.882352941176471e-01,15251629
3.472124688977797e+03,3.462062366732096e+03,1.764705882352941e+00,15251627
3.472841423812852e+03,3.467776052719810e+03,5.882352941176471e-01,15251630
3.473889394860150e+03,3.471694776270532e+03,5.882352941176471e-01,15251632
3.474606129695205e+03,3.472515579356443e+03,5.882352941176471e-01,15251633
3.475654100742503e+03,3.473058882179428e+03,5.882352941176471e-01,15251634
3.476827412621819e+03,3.470876535624349e+03,1.764705882352941e+00,15251631
3.478592118504172e+03,3.473586553756175e+03,5.882352941176471e-01,15251637
3.479183512507209e+03,3.473492579175655e+03,1.176470588235294e+00,15251636
3.479900247342264e+03,3.473356050524043e+03,1.764705882352941e+00,15251635
3.480356824386525e+03,3.473725216957680e+03,5.882352941176471e-01,15251638
3.481664953224617e+03,3.476991889473182e+03,5.882352941176471e-01,15251640
3.482121530268878e+03,3.477354856485202e+03,5.882352941176471e-01,15251641
3.483429659106970e+03,3.479264064679906e+03,5.882352941176471e-01,15251642
3.484477630154268e+03,3.474062704588731e+03,1.764705882352941e+00,15251639
3.485194364989323e+03,3.480805787534539e+03,5.882352941176471e-01,15251644
3.486242336036621e+03,3.481077484889342e+03,5.882352941176471e-01,15251645
3.487415647915936e+03,3.480322230115833e+03,1.764705882352941e+00,15251643
3.488723776754029e+03,3.483522282713244e+03,1.176470588235294e+00,15251646
3.490488482636382e+03,3.487107202098823e+03,5.882352941176471e-01,15251649
3.491536453683679e+03,3.484137503637775e+03,1.764705882352941e+00,15251647
3.492253188518735e+03,3.487708363524357e+03,5.882352941176471e-01,15251650
3.492709765562995e+03,3.484766173286411e+03,1.764705882352941e+00,15251648
3.493301159566032e+03,3.488948910063009e+03,5.882352941176471e-01,15251651
3.494017894401088e+03,3.490210273388338e+03,5.882352941176471e-01,15251652
3.494474471445348e+03,3.490502553261521e+03,5.882352941176471e-01,15251653
3.495065865448385e+03,3.493210480482520e+03,5.882352941176471e-01,15251654
3.496746240503442e+03,3.494981534621089e+03,5.882352941176471e-01,15251655
3.497564687958208e+03,3.495799982075855e+03,5.882352941176471e-01,15251657
3.498602499751954e+03,3.496837793869601e+03,5.882352941176471e-01,15251658
3.501049384277641e+03,3.495755266630583e+03,1.764705882352941e+00,15251656
3.501094099722914e+03,3.497005236864600e+03,1.176470588235294e+00,15251659
3.502131911516660e+03,3.498085566591516e+03,1.176470588235294e+00,15251660
3.502858805605267e+03,3.498378393254928e+03,5.882352941176471e-01,15251662
3.506343501924700e+03,3.498350495901685e+03,1.764705882352941e+00,15251661
3.506388217369973e+03,3.498600360550575e+03,1.176470588235294e+00,15251664
3.507426029163719e+03,3.498545207762521e+03,1.764705882352941e+00,15251663
3.508108207807053e+03,3.498630654577087e+03,5.882352941176471e-01,15251665
3.508152923252325e+03,3.498681435564617e+03,5.882352941176471e-01,15251666
3.509190735046072e+03,3.498833926259188e+03,5.882352941176471e-01,15251667
3.509917629134678e+03,3.499461924979175e+03,5.882352941176471e-01,15251669
3.511637619571759e+03,3.499148946653210e+03,1.176470588235294e+00,15251668
3.513402325454112e+03,3.504136407033598e+03,5.882352941176471e-01,15251672
3.513447040899384e+03,3.502837294523358e+03,1.176470588235294e+00,15251671
3.514484852693131e+03,3.501093280739153e+03,1.764705882352941e+00,15251670
3.515167031336465e+03,3.504630064118002e+03,5.882352941176471e-01,15251673
3.516249558575484e+03,3.506027630638742e+03,5.882352941176471e-01,15251675
3.516976452664090e+03,3.505647690844653e+03,1.176470588235294e+00,15251674
3.520461148983524e+03,3.506519969139901e+03,1.764705882352941e+00,15251676
3.520505864428796e+03,3.508114212128736e+03,1.176470588235294e+00,15251678
3.521543676222542e+03,3.507762374888710e+03,1.764705882352941e+00,15251677
3.522225854865877e+03,3.508531977066103e+03,5.882352941176471e-01,15251679
3.522270570311149e+03,3.509536451263036e+03,5.882352941176471e-01,15251680
3.523308382104895e+03,3.511283427088390e+03,5.882352941176471e-01,15251681
3.523990560748230e+03,3.511303201326802e+03,5.882352941176471e-01,15251682
3.524035276193502e+03,3.511419704368296e+03,5.882352941176471e-01,15251683
3.525073087987248e+03,3.513035629130342e+03,5.882352941176471e-01,15251684
3.525755266630583e+03,3.513932807833150e+03,5.882352941176471e-01,15251685
3.525799982075855e+03,3.514588131708047e+03,5.882352941176471e-01,15251686
3.526837793869601e+03,3.517569686495348e+03,5.882352941176471e-01,15251687
3.527519972512936e+03,3.518727208977454e+03,5.882352941176471e-01,15251688
3.527564687958208e+03,3.520386999047899e+03,5.882352941176471e-01,15251689
3.531094099722914e+03,3.524276495550469e+03,1.176470588235294e+00,15251692
3.532131911516660e+03,3.521553030723111e+03,1.764705882352941e+00,15251690
3.532814090159994e+03,3.523752370114718e+03,1.764705882352941e+00,15251691
3.536388217369973e+03,3.524495815964367e+03,1.764705882352941e+00,15251693
3.537426029163719e+03,3.524790398583596e+03,1.764705882352941e+00,15251694
3.538108207807053e+03,3.525387379196213e+03,1.764705882352941e+00,15251695
3.538152923252325e+03,3.526473702246521e+03,5.882352941176471e-01,15251696
3.539872913689406e+03,3.529304145082691e+03,5.882352941176471e-01,15251698
3.540955440928425e+03,3.527688541879128e+03,1.176470588235294e+00,15251697
3.541637619571759e+03,3.533036295123318e+03,5.882352941176471e-01,15251700
3.542720146810778e+03,3.534409844701189e+03,5.882352941176471e-01,15251701
3.543402325454112e+03,3.535046929042710e+03,5.882352941176471e-01,15251702
3.543447040899384e+03,3.531371090269113e+03,1.764705882352941e+00,15251699
3.546249558575484e+03,3.535176837791313e+03,1.176470588235294e+00,15251703
3.548696443101171e+03,3.535759165607974e+03,1.764705882352941e+00,15251704
3.548741158546443e+03,3.535868367795260e+03,1.764705882352941e+00,15251705
3.550461148983524e+03,3.536228333736412e+03,5.882352941176471e-01,15251707
3.550505864428796e+03,3.536340199213454e+03,5.882352941176471e-01,15251708
3.551543676222542e+03,3.535943161449778e+03,1.764705882352941e+00,15251706
3.552225854865877e+03,3.536645432543789e+03,5.882352941176471e-01,15251709
3.552270570311149e+03,3.536751948582455e+03,5.882352941176471e-01,15251710
3.553308382104895e+03,3.536877732913564e+03,5.882352941176471e-01,15251711
3.553990560748230e+03,3.537151702695376e+03,5.882352941176471e-01,15251712
3.554035276193502e+03,3.537502969882475e+03,5.882352941176471e-01,15251713
3.555755266630583e+03,3.541187394234903e+03,5.882352941176471e-01,15251715
3.555799982075855e+03,3.541667400311334e+03,5.882352941176471e-01,15251716
3.556837793869601e+03,3.538512599663294e+03,1.176470588235294e+00,15251714
3.557519972512936e+03,3.542066495552155e+03,5.882352941176471e-01,15251717
3.557564687958208e+03,3.543847063445714e+03,5.882352941176471e-01,15251718
3.558602499751954e+03,3.545009965585388e+03,5.882352941176471e-01,15251719
3.559284678395288e+03,3.546318162375021e+03,5.882352941176471e-01,15251720
3.559329393840561e+03,3.546907166215895e+03,5.882352941176471e-01,15251721
3.561049384277641e+03,3.551014221584117e+03,5.882352941176471e-01,15251723
3.561094099722914e+03,3.554392794778791e+03,5.882352941176471e-01,15251724
3.562131911516660e+03,3.547892461022557e+03,1.176470588235294e+00,15251722
3.562814090159994e+03,3.555280698514009e+03,5.882352941176471e-01,15251725
3.562858805605267e+03,3.555398041907491e+03,5.882352941176471e-01,15251726
3.563896617399013e+03,3.556663432327057e+03,5.882352941176471e-01,15251727
3.564578796042347e+03,3.557225665218434e+03,5.882352941176471e-01,15251728
3.564623511487620e+03,3.558736139200571e+03,5.882352941176471e-01,15251729
3.565661323281366e+03,3.559904759807864e+03,5.882352941176471e-01,15251730
3.566343501924700e+03,3.560597657329539e+03,5.882352941176471e-01,15251731
3.566388217369973e+03,3.564441557642079e+03,5.882352941176471e-01,15251732
3.570955440928425e+03,3.565320061313502e+03,1.764705882352941e+00,15251733
3.571637619571759e+03,3.566195183635905e+03,1.764705882352941e+00,15251734
3.571682335017031e+03,3.566242793543732e+03,1.764705882352941e+00,15251735
3.572720146810778e+03,3.569043842816214e+03,5.882352941176471e-01,15251736
3.573402325454112e+03,3.570981333422450e+03,5.882352941176471e-01,15251737
3.573864099579056e+03,3.572099393696703e+03,5.882352941176471e-01,15251738
3.574484852693131e+03,3.572180134013318e+03,5.882352941176471e-01,15251739
3.575167031336465e+03,3.572588902574356e+03,5.882352941176471e-01,15251740
3.576797980713672e+03,3.575033274831319e+03,5.882352941176471e-01,15251741
3.581720468592723e+03,3.576426350945664e+03,1.764705882352941e+00,15251742
3.582131030683948e+03,3.576836913036889e+03,1.764705882352941e+00,15251743
3.582602735805906e+03,3.577308618158847e+03,1.764705882352941e+00,15251744
3.583485174475076e+03,3.577396226967460e+03,5.882352941176471e-01,15251745
3.583895736566301e+03,3.577605488026886e+03,5.882352941176471e-01,15251746
3.585249880357429e+03,3.578728895424987e+03,5.882352941176471e-01,15251748
3.585660442448654e+03,3.578798045574743e+03,5.882352941176471e-01,15251749
3.587425148331007e+03,3.579197583234625e+03,5.882352941176471e-01,15251751
3.587896853452965e+03,3.578040346894208e+03,1.764705882352941e+00,15251747
3.589189854213359e+03,3.582582044179583e+03,5.882352941176471e-01,15251752
3.590543998004488e+03,3.579005607607646e+03,1.764705882352941e+00,15251750
3.590954560095712e+03,3.585447902629336e+03,5.882352941176471e-01,15251754
3.592308703886841e+03,3.587819473947023e+03,5.882352941176471e-01,15251755
3.593190971100024e+03,3.582716661165948e+03,1.764705882352941e+00,15251753
3.594073409769194e+03,3.590758561186693e+03,5.882352941176471e-01,15251757
3.595838115651547e+03,3.591539969039494e+03,5.882352941176471e-01,15251759
3.596248677742771e+03,3.588057271784020e+03,1.764705882352941e+00,15251756
3.597602821533900e+03,3.591649573187026e+03,5.882352941176471e-01,15251760
3.598013383625124e+03,3.591698713012519e+03,5.882352941176471e-01,15251761
3.598485088747083e+03,3.591063651343120e+03,1.764705882352941e+00,15251758
3.600249794629435e+03,3.594548559800870e+03,5.882352941176471e-01,15251764
3.601132233298605e+03,3.591766150873092e+03,1.176470588235294e+00,15251762
3.603307501272183e+03,3.592323286788987e+03,1.764705882352941e+00,15251763
3.603779206394141e+03,3.595882392272883e+03,1.176470588235294e+00,15251765
3.606426350945664e+03,3.597038097104838e+03,1.764705882352941e+00,15251766
3.608601618919242e+03,3.598989392469149e+03,1.764705882352941e+00,15251767
3.609073324041200e+03,3.598999190902255e+03,1.764705882352941e+00,15251768
3.609955762710370e+03,3.599626769351369e+03,1.176470588235294e+00,15251769
3.610366324801595e+03,3.600782648295774e+03,5.882352941176471e-01,15251770
3.610838029923553e+03,3.601047155430708e+03,5.882352941176471e-01,15251771
3.611720468592723e+03,3.601162179850716e+03,5.882352941176471e-01,15251772
3.612131030683948e+03,3.601605124312573e+03,5.882352941176471e-01,15251773
3.613485174475076e+03,3.603385987786283e+03,5.882352941176471e-01,15251775
3.613895736566301e+03,3.608391082928960e+03,5.882352941176471e-01,15251776
3.616132147570612e+03,3.601621179823855e+03,1.764705882352941e+00,15251774
3.617896853452965e+03,3.612375570567906e+03,5.882352941176471e-01,15251779
3.618779292122135e+03,3.608996897463365e+03,1.764705882352941e+00,15251777
3.619189854213359e+03,3.611008260362927e+03,1.764705882352941e+00,15251778
3.619661559335318e+03,3.612555073227374e+03,5.882352941176471e-01,15251780
3.620543998004488e+03,3.612730401101142e+03,5.882352941176471e-01,15251781
3.621426265217671e+03,3.616162769907147e+03,5.882352941176471e-01,15251783
3.622308703886841e+03,3.616609947166175e+03,5.882352941176471e-01,15251784
3.623190971100024e+03,3.616621170593400e+03,5.882352941176471e-01,15251785
3.624483971860418e+03,3.615249471560510e+03,1.764705882352941e+00,15251782
3.624955676982377e+03,3.620854688649150e+03,5.882352941176471e-01,15251787
3.627019818737225e+03,3.625255112854872e+03,5.882352941176471e-01,15251789
3.627602821533900e+03,3.619991784488714e+03,1.764705882352941e+00,15251786
3.629889540073942e+03,3.624595422426883e+03,1.764705882352941e+00,15251788
3.632118337705824e+03,3.630353631823471e+03,5.882352941176471e-01,15251792
3.633883043588177e+03,3.630426546744210e+03,5.882352941176471e-01,15251793
3.634617079248158e+03,3.629322961601099e+03,1.764705882352941e+00,15251790
3.635553176740051e+03,3.630259059092992e+03,1.764705882352941e+00,15251791
3.637317882622404e+03,3.631319840601324e+03,5.882352941176471e-01,15251796
3.639177161235236e+03,3.631165977550860e+03,1.764705882352941e+00,15251794
3.639911196895217e+03,3.631265138263609e+03,1.764705882352941e+00,15251795
3.641675902777569e+03,3.633167461524693e+03,5.882352941176471e-01,15251799
3.642612000269462e+03,3.631586499567932e+03,1.764705882352941e+00,15251797
3.644471278882295e+03,3.632637588481341e+03,1.764705882352941e+00,15251798
3.646141412034168e+03,3.633982932374773e+03,1.176470588235294e+00,15251801
3.646235984764648e+03,3.635126292495748e+03,5.882352941176471e-01,15251802
3.646970020424628e+03,3.633690938405884e+03,1.764705882352941e+00,15251800
3.649765396529353e+03,3.636326716637510e+03,1.176470588235294e+00,15251804
3.650499432189334e+03,3.636639600290805e+03,1.176470588235294e+00,15251805
3.651435529681227e+03,3.635609692265332e+03,1.764705882352941e+00,15251803
3.651530102411706e+03,3.638177830715375e+03,5.882352941176471e-01,15251806
3.652264138071687e+03,3.638896522628181e+03,5.882352941176471e-01,15251807
3.653200235563580e+03,3.638997930454964e+03,5.882352941176471e-01,15251808
3.653294808294059e+03,3.640746430367848e+03,5.882352941176471e-01,15251809
3.654028843954040e+03,3.641257336961344e+03,5.882352941176471e-01,15251810
3.655059514176412e+03,3.643505840776799e+03,5.882352941176471e-01,15251812
3.655793549836393e+03,3.644678962646868e+03,5.882352941176471e-01,15251813
3.656729647328286e+03,3.641270135289115e+03,1.176470588235294e+00,15251811
3.660353631823471e+03,3.644792874193199e+03,1.764705882352941e+00,15251814
3.661087667483452e+03,3.646891127983703e+03,1.764705882352941e+00,15251815
3.662023764975345e+03,3.648443600151667e+03,1.764705882352941e+00,15251816
3.663788470857698e+03,3.652161242465482e+03,5.882352941176471e-01,15251819
3.665553176740051e+03,3.652859458959956e+03,5.882352941176471e-01,15251820
3.665647749470530e+03,3.648621125672398e+03,1.764705882352941e+00,15251817
3.666381785130511e+03,3.649859835059134e+03,1.764705882352941e+00,15251818
3.667412455352883e+03,3.655418408803245e+03,5.882352941176471e-01,15251822
3.668146491012864e+03,3.656858477676671e+03,5.882352941176471e-01,15251823
3.669082588504756e+03,3.654796214582220e+03,1.176470588235294e+00,15251821
3.669177161235236e+03,3.656984967485190e+03,5.882352941176471e-01,15251824
3.670941867117589e+03,3.659971323805764e+03,5.882352941176471e-01,15251827
3.672612000269462e+03,3.659908337420103e+03,1.176470588235294e+00,15251826
3.672706572999942e+03,3.660466452298642e+03,5.882352941176471e-01,15251828
3.673440608659922e+03,3.657908466217483e+03,1.764705882352941e+00,15251825
3.674376706151815e+03,3.663194314906419e+03,5.882352941176471e-01,15251829
3.674471278882295e+03,3.663599613135466e+03,5.882352941176471e-01,15251830
3.676141412034168e+03,3.665330764474671e+03,5.882352941176471e-01,15251832
3.676235984764648e+03,3.665957324080632e+03,5.882352941176471e-01,15251833
3.677906117916521e+03,3.667153045846850e+03,5.882352941176471e-01,15251834
3.678000690647000e+03,3.667498239073207e+03,5.882352941176471e-01,15251835
3.678734726306981e+03,3.664959879453958e+03,1.764705882352941e+00,15251831
3.679670823798874e+03,3.667567249949436e+03,5.882352941176471e-01,15251836
3.679765396529353e+03,3.667604873707174e+03,5.882352941176471e-01,15251837
3.684028843954040e+03,3.667884145297539e+03,1.764705882352941e+00,15251838
3.684964941445933e+03,3.669335928055992e+03,1.764705882352941e+00,15251839
3.685059514176412e+03,3.671344127833839e+03,1.764705882352941e+00,15251840
3.685793549836393e+03,3.671758546973787e+03,5.882352941176471e-01,15251841
3.686824220058765e+03,3.672320799232815e+03,5.882352941176471e-01,15251843
3.688494353210639e+03,3.671936508364731e+03,1.176470588235294e+00,15251842
3.688588925941118e+03,3.673280926054471e+03,5.882352941176471e-01,15251845
3.691087667483452e+03,3.673061555478249e+03,1.764705882352941e+00,15251844
3.692852373365805e+03,3.676819584840438e+03,5.882352941176471e-01,15251848
3.693788470857698e+03,3.673443452110122e+03,1.764705882352941e+00,15251846
3.693883043588177e+03,3.675724877258960e+03,1.764705882352941e+00,15251847
3.694617079248158e+03,3.676937883018181e+03,5.882352941176471e-01,15251849
3.695553176740051e+03,3.676939799798519e+03,5.882352941176471e-01,15251850
3.695647749470530e+03,3.677090044849173e+03,5.882352941176471e-01,15251851
3.697412455352883e+03,3.683502929222849e+03,5.882352941176471e-01,15251854
3.699911196895217e+03,3.678343375364894e+03,1.764705882352941e+00,15251852
3.700847294387109e+03,3.682454301571270e+03,1.764705882352941e+00,15251853
3.702706572999942e+03,3.685203987378010e+03,1.764705882352941e+00,15251855
3.704471278882295e+03,3.692607454070934e+03,5.882352941176471e-01,15251858
3.705205314542275e+03,3.689190697039838e+03,1.764705882352941e+00,15251856
3.706141412034168e+03,3.689875679972616e+03,1.764705882352941e+00,15251857
3.706235984764648e+03,3.692729205479873e+03,5.882352941176471e-01,15251859
3.706970020424628e+03,3.694710388963383e+03,5.882352941176471e-01,15251860
3.707906117916521e+03,3.696037866758554e+03,5.882352941176471e-01,15251861
3.708000690647000e+03,3.696313336433929e+03,5.882352941176471e-01,15251862
3.708734726306981e+03,3.696865264564785e+03,5.882352941176471e-01,15251863
3.710499432189334e+03,3.700078065578271e+03,5.882352941176471e-01,15251866
3.711530102411706e+03,3.697143077901227e+03,1.176470588235294e+00,15251865
3.712264138071687e+03,3.700692458772193e+03,5.882352941176471e-01,15251867
3.713200235563580e+03,3.697052246404796e+03,1.764705882352941e+00,15251864
3.713294808294059e+03,3.700850283170578e+03,5.882352941176471e-01,15251868
3.715059514176412e+03,3.706216856834372e+03,5.882352941176471e-01,15251871
3.716824220058765e+03,3.706987019292926e+03,5.882352941176471e-01,15251872
3.717558255718746e+03,3.703039122291756e+03,1.764705882352941e+00,15251869
3.718494353210639e+03,3.703392544893374e+03,1.764705882352941e+00,15251870
3.719322961601099e+03,3.709719999244721e+03,5.882352941176471e-01,15251874
3.721087667483452e+03,3.711031509404251e+03,5.882352941176471e-01,15251876
3.722118337705824e+03,3.708739388097362e+03,1.764705882352941e+00,15251873
3.722852373365805e+03,3.711165870246597e+03,5.882352941176471e-01,15251877
3.723788470857698e+03,3.710466341219033e+03,1.764705882352941e+00,15251875
3.723883043588177e+03,3.712782530118239e+03,5.882352941176471e-01,15251878
3.725647749470530e+03,3.714783413701596e+03,5.882352941176471e-01,15251881
3.728146491012864e+03,3.714361923131933e+03,1.764705882352941e+00,15251879
3.729082588504756e+03,3.714568217507056e+03,1.764705882352941e+00,15251880
3.729177161235236e+03,3.715445815712975e+03,1.176470588235294e+00,15251882
3.732612000269462e+03,3.718694996260139e+03,1.176470588235294e+00,15251884
3.733440608659922e+03,3.718011593381990e+03,1.764705882352941e+00,15251883
3.734471278882295e+03,3.718744508494968e+03,1.764705882352941e+00,15251885
3.735205314542275e+03,3.720842426302285e+03,5.882352941176471e-01,15251887
3.737906117916521e+03,3.720554213597839e+03,1.764705882352941e+00,15251886
3.739765396529353e+03,3.722145788731729e+03,1.764705882352941e+00,15251888
3.740499432189334e+03,3.722246555067059e+03,1.764705882352941e+00,15251889
3.741530102411706e+03,3.726043087302130e+03,5.882352941176471e-01,15251891
3.742264138071687e+03,3.728079538700666e+03,5.882352941176471e-01,15251892
3.743200235563580e+03,3.723493732078194e+03,1.764705882352941e+00,15251890
3.743294808294059e+03,3.729590067793898e+03,5.882352941176471e-01,15251893
3.744028843954040e+03,3.729668129875236e+03,5.882352941176471e-01,15251894
3.748494353210639e+03,3.732452704085825e+03,1.764705882352941e+00,15251895
3.748588925941118e+03,3.732738579052051e+03,1.764705882352941e+00,15251896
3.749322961601099e+03,3.732939584445118e+03,1.764705882352941e+00,15251897
3.751087667483452e+03,3.736626053905110e+03,5.882352941176471e-01,15251900
3.752852373365805e+03,3.738409260335885e+03,5.882352941176471e-01,15251901
3.753788470857698e+03,3.733672300647328e+03,1.764705882352941e+00,15251898
3.753883043588177e+03,3.735757269375176e+03,1.764705882352941e+00,15251899
3.754617079248158e+03,3.742454012126283e+03,5.882352941176471e-01,15251902
3.755647749470530e+03,3.742979282884172e+03,5.882352941176471e-01,15251904
3.756381785130511e+03,3.744578838638991e+03,5.882352941176471e-01,15251905
3.757317882622404e+03,3.742537821066843e+03,1.176470588235294e+00,15251903
3.758146491012864e+03,3.748627638317081e+03,5.882352941176471e-01,15251907
3.759082588504756e+03,3.749739568334200e+03,5.882352941176471e-01,15251908
3.760847294387109e+03,3.750605678529860e+03,5.882352941176471e-01,15251910
3.760941867117589e+03,3.747844185681662e+03,1.764705882352941e+00,15251906
3.762612000269462e+03,3.753970000236488e+03,5.882352941176471e-01,15251911
3.762706572999942e+03,3.754557248390573e+03,5.882352941176471e-01,15251912
3.763440608659922e+03,3.750565710362181e+03,1.764705882352941e+00,15251909
3.764376706151815e+03,3.754626014429200e+03,5.882352941176471e-01,15251913
3.764471278882295e+03,3.756157330111363e+03,5.882352941176471e-01,15251914
3.768000690647000e+03,3.757634309821655e+03,1.176470588235294e+00,15251917
3.768734726306981e+03,3.757117272058223e+03,1.764705882352941e+00,15251915
3.769670823798874e+03,3.757138763154895e+03,1.764705882352941e+00,15251916
3.769765396529353e+03,3.757874204406633e+03,5.882352941176471e-01,15251918
3.771435529681227e+03,3.761368340849896e+03,5.882352941176471e-01,15251920
3.772264138071687e+03,3.758009775959860e+03,1.176470588235294e+00,15251919
3.773200235563580e+03,3.763277461934282e+03,5.882352941176471e-01,15251922
3.774028843954040e+03,3.768414173426069e+03,5.882352941176471e-01,15251923
3.774964941445933e+03,3.768664457778313e+03,5.882352941176471e-01,15251924
3.775059514176412e+03,3.761805019414914e+03,1.764705882352941e+00,15251921
3.775793549836393e+03,3.769647702419566e+03,5.882352941176471e-01,15251925
3.776729647328286e+03,3.770662496163364e+03,5.882352941176471e-01,15251926
3.776824220058765e+03,3.771403411660896e+03,5.882352941176471e-01,15251927
3.777558255718746e+03,3.772750856194871e+03,5.882352941176471e-01,15251928
3.778494353210639e+03,3.772799232178859e+03,5.882352941176471e-01,15251929
3.779322961601099e+03,3.773895816371363e+03,5.882352941176471e-01,15251931
3.780259059092992e+03,3.774951414015095e+03,5.882352941176471e-01,15251932
3.780353631823471e+03,3.773461651298652e+03,1.176470588235294e+00,15251930
3.781087667483452e+03,3.775223127241242e+03,5.882352941176471e-01,15251933
3.783619537935376e+03,3.781854832053023e+03,5.882352941176471e-01,15251936
3.785553176740051e+03,3.775339186521728e+03,1.764705882352941e+00,15251934
3.786012297124338e+03,3.780718179477279e+03,1.764705882352941e+00,15251935
3.788913655582435e+03,3.782249899639070e+03,1.764705882352941e+00,15251937
3.791577236331851e+03,3.786283118684792e+03,1.764705882352941e+00,15251938
3.792128587629424e+03,3.786834469982365e+03,1.764705882352941e+00,15251939
3.792443067347141e+03,3.787052908917994e+03,1.176470588235294e+00,15251940
3.793341942214204e+03,3.788153471232615e+03,5.882352941176471e-01,15251941
3.796244155190130e+03,3.794479449307777e+03,5.882352941176471e-01,15251944
3.797422705276483e+03,3.790973166162888e+03,1.764705882352941e+00,15251942
3.797737184994200e+03,3.792351795810348e+03,1.764705882352941e+00,15251943
3.799933306912494e+03,3.798168601030141e+03,5.882352941176471e-01,15251945
3.800278700927889e+03,3.798513995045536e+03,5.882352941176471e-01,15251946
3.800308962305909e+03,3.798544256423556e+03,5.882352941176471e-01,15251947
3.801698012794847e+03,3.799725917172131e+03,5.882352941176471e-01,15251948
3.802064162234618e+03,3.800299456352265e+03,5.882352941176471e-01,15251949
3.802130195491744e+03,3.800365489609391e+03,5.882352941176471e-01,15251950
3.803462718677200e+03,3.801217725319565e+03,5.882352941176471e-01,15251951
3.805593573999324e+03,3.801490975994196e+03,1.176470588235294e+00,15251952
3.807358279881677e+03,3.803358657272635e+03,5.882352941176471e-01,15251955
3.807424313138803e+03,3.802102158748221e+03,1.764705882352941e+00,15251953
3.808756836324259e+03,3.803070928122443e+03,1.764705882352941e+00,15251954
3.809122985764030e+03,3.803541607307484e+03,5.882352941176471e-01,15251956
3.809189019021155e+03,3.806226076296826e+03,5.882352941176471e-01,15251957
3.810521542206612e+03,3.806700953137563e+03,5.882352941176471e-01,15251958
3.812286248088965e+03,3.808715986424199e+03,5.882352941176471e-01,15251961
3.812718430785861e+03,3.807548943625871e+03,1.176470588235294e+00,15251960
3.814050953971318e+03,3.809333505507522e+03,5.882352941176471e-01,15251962
3.814417103411089e+03,3.807334659857928e+03,1.764705882352941e+00,15251959
3.814483136668214e+03,3.809643295973903e+03,5.882352941176471e-01,15251963
3.815815659853671e+03,3.810137795606782e+03,5.882352941176471e-01,15251964
3.819711221058148e+03,3.811730413893924e+03,1.764705882352941e+00,15251965
3.820286670359505e+03,3.814992552712447e+03,1.764705882352941e+00,15251966
3.821475926940501e+03,3.816706823542505e+03,5.882352941176471e-01,15251968
3.821702911313904e+03,3.816408793666845e+03,1.764705882352941e+00,15251967
3.825690121377660e+03,3.823925415495307e+03,5.882352941176471e-01,15251969
3.828453103926806e+03,3.826688398044453e+03,5.882352941176471e-01,15251971
3.830627895672244e+03,3.825333778025185e+03,1.764705882352941e+00,15251970
3.831211170090347e+03,3.829446464207994e+03,5.882352941176471e-01,15251972
3.834635774972722e+03,3.832871069090370e+03,5.882352941176471e-01,15251975
3.837372530813722e+03,3.832078413166663e+03,1.764705882352941e+00,15251973
3.837835875656055e+03,3.832541758008997e+03,1.764705882352941e+00,15251974
3.839600581538408e+03,3.837190586362814e+03,5.882352941176471e-01,15251978
3.839929892619781e+03,3.833824795794233e+03,1.764705882352941e+00,15251976
3.841365287420761e+03,3.837628540997999e+03,5.882352941176471e-01,15251979
3.842666648460781e+03,3.836250014334508e+03,1.764705882352941e+00,15251977
3.843129993303114e+03,3.841268354469417e+03,5.882352941176471e-01,15251981
3.843459304384487e+03,3.839755822506901e+03,1.176470588235294e+00,15251980
3.844431354343134e+03,3.842176999724427e+03,5.882352941176471e-01,15251982
3.844894699185467e+03,3.842333525902126e+03,5.882352941176471e-01,15251983
3.845224010266840e+03,3.842692221441216e+03,5.882352941176471e-01,15251984
3.846659405067820e+03,3.842804368089868e+03,5.882352941176471e-01,15251986
3.847960766107840e+03,3.842735216556087e+03,1.176470588235294e+00,15251985
3.850518127913899e+03,3.844516935597607e+03,1.764705882352941e+00,15251987
3.851953522714879e+03,3.845090829808848e+03,1.764705882352941e+00,15251988
3.853254883754899e+03,3.845403738730260e+03,1.764705882352941e+00,15251989
3.853718228597232e+03,3.847968948105265e+03,5.882352941176471e-01,15251991
3.855019589637252e+03,3.850396152755114e+03,5.882352941176471e-01,15251992
3.855482934479585e+03,3.850722027141078e+03,5.882352941176471e-01,15251993
3.855812245560958e+03,3.845810850318412e+03,1.764705882352941e+00,15251990
3.857576951443311e+03,3.854559298893050e+03,5.882352941176471e-01,15251996
3.860313707284311e+03,3.852911726313276e+03,1.764705882352941e+00,15251994
3.860777052126644e+03,3.854015219272370e+03,1.764705882352941e+00,15251995
3.862541758008997e+03,3.857201321259421e+03,5.882352941176471e-01,15251999
3.862871069090370e+03,3.856203324799964e+03,1.764705882352941e+00,15251997
3.864306463891350e+03,3.857639152456459e+03,5.882352941176471e-01,15252000
3.864635774972722e+03,3.858593973852170e+03,5.882352941176471e-01,15252001
3.865607824931369e+03,3.857142916535231e+03,1.764705882352941e+00,15251998
3.867372530813722e+03,3.862447142751777e+03,5.882352941176471e-01,15252004
3.868165186737428e+03,3.862323537772450e+03,1.176470588235294e+00,15252003
3.869600581538408e+03,3.862077697980773e+03,1.764705882352941e+00,15252002
3.870901942578428e+03,3.865042860760522e+03,1.176470588235294e+00,15252005
3.871365287420761e+03,3.867523029827086e+03,5.882352941176471e-01,15252007
3.871694598502134e+03,3.865269814597419e+03,1.176470588235294e+00,15252006
3.872666648460781e+03,3.868121848696628e+03,5.882352941176471e-01,15252008
3.876196060225487e+03,3.872044273939501e+03,1.176470588235294e+00,15252011
3.876659405067820e+03,3.868370846015295e+03,1.764705882352941e+00,15252009
3.877117805223280e+03,3.871823687576221e+03,1.764705882352941e+00,15252010
3.880188816832526e+03,3.873863004631225e+03,1.176470588235294e+00,15252013
3.881490177872546e+03,3.872424377547365e+03,1.764705882352941e+00,15252012
3.882411922870339e+03,3.874387588011067e+03,1.764705882352941e+00,15252014
3.883718228597232e+03,3.875053855801478e+03,1.176470588235294e+00,15252015
3.884176628752692e+03,3.875614585182229e+03,5.882352941176471e-01,15252017
3.885482934479585e+03,3.876456151185474e+03,5.882352941176471e-01,15252018
3.885941334635045e+03,3.877149904879202e+03,5.882352941176471e-01,15252019
3.886784295519605e+03,3.875294523409671e+03,1.764705882352941e+00,15252016
3.887247640361938e+03,3.877311678063706e+03,5.882352941176471e-01,15252020
3.888549001401958e+03,3.878271007111989e+03,5.882352941176471e-01,15252022
3.889012346244291e+03,3.879111168020356e+03,5.882352941176471e-01,15252023
3.890313707284311e+03,3.879905257247326e+03,5.882352941176471e-01,15252024
3.890777052126644e+03,3.883320617385882e+03,5.882352941176471e-01,15252025
3.891235452282103e+03,3.878114677231992e+03,1.764705882352941e+00,15252021
3.893000158164456e+03,3.885210793633140e+03,5.882352941176471e-01,15252028
3.895607824931369e+03,3.883523631039521e+03,1.764705882352941e+00,15252026
3.896071169773702e+03,3.884797084549508e+03,1.764705882352941e+00,15252027
3.897372530813722e+03,3.889326107075881e+03,5.882352941176471e-01,15252030
3.898294275811515e+03,3.887654696357585e+03,1.764705882352941e+00,15252029
3.899137236696075e+03,3.890127068892433e+03,5.882352941176471e-01,15252032
3.900901942578428e+03,3.890783852099353e+03,5.882352941176471e-01,15252034
3.901365287420761e+03,3.890083179685495e+03,1.764705882352941e+00,15252031
3.901823687576221e+03,3.890780075336511e+03,1.176470588235294e+00,15252033
3.902666648460781e+03,3.891663593951343e+03,5.882352941176471e-01,15252035
3.903129993303114e+03,3.893021527245246e+03,5.882352941176471e-01,15252036
3.904431354343134e+03,3.894513947940988e+03,5.882352941176471e-01,15252038
3.904894699185467e+03,3.895214502342417e+03,5.882352941176471e-01,15252039
3.907117805223280e+03,3.893089100864959e+03,1.764705882352941e+00,15252037
3.908882511105633e+03,3.899297680807245e+03,5.882352941176471e-01,15252042
3.909725471990193e+03,3.896919569285608e+03,1.764705882352941e+00,15252040
3.910188816832526e+03,3.897588597689627e+03,1.764705882352941e+00,15252041
3.910647216987986e+03,3.901740583209717e+03,5.882352941176471e-01,15252043
3.911490177872546e+03,3.902664834786247e+03,5.882352941176471e-01,15252044
3.911953522714879e+03,3.903693139490064e+03,5.882352941176471e-01,15252045
3.913254883754899e+03,3.906190270214292e+03,5.882352941176471e-01,15252047
3.913718228597232e+03,3.906568187006984e+03,5.882352941176471e-01,15252048
3.914176628752692e+03,3.905150507298010e+03,1.176470588235294e+00,15252046
3.915019589637252e+03,3.907068196484856e+03,5.882352941176471e-01,15252049
3.915482934479585e+03,3.907120847802794e+03,5.882352941176471e-01,15252050
3.915941334635045e+03,3.907639571134503e+03,5.882352941176471e-01,15252051
3.916784295519605e+03,3.907869096368829e+03,5.882352941176471e-01,15252052
3.917247640361938e+03,3.908716534852906e+03,5.882352941176471e-01,15252053
3.919012346244291e+03,3.914844651736795e+03,5.882352941176471e-01,15252056
3.919470746399750e+03,3.913626915883269e+03,1.176470588235294e+00,15252054
3.920313707284311e+03,3.914090974743284e+03,1.176470588235294e+00,15252055
3.921235452282103e+03,3.916813189888525e+03,5.882352941176471e-01,15252058
3.922078413166663e+03,3.917034734714401e+03,5.882352941176471e-01,15252059
3.923000158164456e+03,3.917444657071457e+03,5.882352941176471e-01,15252060
3.923843119049016e+03,3.917545193776498e+03,5.882352941176471e-01,15252061
3.924306463891350e+03,3.915544544489709e+03,1.764705882352941e+00,15252057
3.924764864046809e+03,3.917583551435010e+03,5.882352941176471e-01,15252062
3.925607824931369e+03,3.917632834746300e+03,5.882352941176471e-01,15252063
3.927372530813722e+03,3.922748636381927e+03,5.882352941176471e-01,15252066
3.929137236696075e+03,3.924084252771583e+03,5.882352941176471e-01,15252067
3.929600581538408e+03,3.919007765257537e+03,1.764705882352941e+00,15252064
3.930058981693868e+03,3.919479765615627e+03,1.764705882352941e+00,15252065
3.930901942578428e+03,3.925720766709663e+03,5.882352941176471e-01,15252068
3.931365287420761e+03,3.926160742260776e+03,5.882352941176471e-01,15252069
3.932666648460781e+03,3.930070598104940e+03,5.882352941176471e-01,15252071
3.933129993303114e+03,3.930215834461561e+03,5.882352941176471e-01,15252072
3.933588393458574e+03,3.927025410338319e+03,1.176470588235294e+00,15252070
3.934894699185467e+03,3.930956631830967e+03,5.882352941176471e-01,15252074
3.936196060225487e+03,3.930290889338401e+03,1.176470588235294e+00,15252073
3.937117805223280e+03,3.931466503020130e+03,1.176470588235294e+00,15252075
3.938424110950173e+03,3.931677722237929e+03,1.176470588235294e+00,15252076
3.938882511105633e+03,3.932733841861684e+03,5.882352941176471e-01,15252078
3.940188816832526e+03,3.933592770564786e+03,5.882352941176471e-01,15252079
3.941490177872546e+03,3.931778885388935e+03,1.764705882352941e+00,15252077
3.943254883754899e+03,3.937549710401845e+03,5.882352941176471e-01,15252082
3.944176628752692e+03,3.934189482606208e+03,1.764705882352941e+00,15252080
3.945482934479585e+03,3.936195449421196e+03,1.764705882352941e+00,15252081
3.945941334635045e+03,3.942815706443819e+03,5.882352941176471e-01,15252084
3.948549001401958e+03,3.939918299651346e+03,1.764705882352941e+00,15252083
3.949806509869482e+03,3.948041803987129e+03,5.882352941176471e-01,15252085
3.951346531178994e+03,3.949581825296641e+03,5.882352941176471e-01,15252086
3.951882076303977e+03,3.950117370421624e+03,5.882352941176471e-01,15252087
3.954559102377490e+03,3.952794396495137e+03,5.882352941176471e-01,15252089
3.956323808259843e+03,3.953257774712112e+03,5.882352941176471e-01,15252091
3.957083774486382e+03,3.951789656839323e+03,1.764705882352941e+00,15252088
3.958530915668163e+03,3.953236798021104e+03,1.764705882352941e+00,15252090
3.958848480368735e+03,3.954262880996247e+03,5.882352941176471e-01,15252093
3.960295621550516e+03,3.954470629353398e+03,5.882352941176471e-01,15252094
3.960613186251088e+03,3.955449358727150e+03,5.882352941176471e-01,15252095
3.961617925906901e+03,3.954080630149906e+03,1.764705882352941e+00,15252092
3.965147337671607e+03,3.960473794987010e+03,1.176470588235294e+00,15252098
3.965589739197575e+03,3.958832076207756e+03,1.764705882352941e+00,15252096
3.965907303898147e+03,3.959038256994117e+03,1.764705882352941e+00,15252097
3.967354445079928e+03,3.962640494312668e+03,5.882352941176471e-01,15252100
3.967672009780500e+03,3.964431612261394e+03,5.882352941176471e-01,15252101
3.970441455318666e+03,3.961189602613205e+03,1.764705882352941e+00,15252099
3.972206161201019e+03,3.968822136892999e+03,5.882352941176471e-01,15252104
3.972648562726987e+03,3.966203425685440e+03,1.764705882352941e+00,15252102
3.972966127427559e+03,3.967441806072904e+03,1.764705882352941e+00,15252103
3.974730833309911e+03,3.970927790687600e+03,5.882352941176471e-01,15252107
3.977500278848078e+03,3.969321189813898e+03,1.764705882352941e+00,15252105
3.977942680374045e+03,3.970332712634708e+03,1.764705882352941e+00,15252106
3.979264984730431e+03,3.971716820141677e+03,5.882352941176471e-01,15252109
3.980024950956970e+03,3.971551721599033e+03,1.764705882352941e+00,15252108
3.981029690612784e+03,3.976184828364661e+03,5.882352941176471e-01,15252111
3.981789656839323e+03,3.977524648266857e+03,5.882352941176471e-01,15252112
3.982794396495137e+03,3.977869522600164e+03,5.882352941176471e-01,15252113
3.983236798021104e+03,3.971819469765051e+03,1.764705882352941e+00,15252110
3.984559102377490e+03,3.980814115322372e+03,5.882352941176471e-01,15252115
3.985766878542190e+03,3.984002172659837e+03,5.882352941176471e-01,15252116
3.987083774486382e+03,3.977955592232263e+03,1.764705882352941e+00,15252114
3.988232893670098e+03,3.986468187787745e+03,5.882352941176471e-01,15252117
3.989627994951645e+03,3.987863289069293e+03,5.882352941176471e-01,15252119
3.989997599552451e+03,3.987907965855990e+03,5.882352941176471e-01,15252120
3.991392700833998e+03,3.988088411182907e+03,5.882352941176471e-01,15252121
3.991762305434804e+03,3.989205894239106e+03,5.882352941176471e-01,15252122
3.992543222577657e+03,3.987249104930599e+03,1.764705882352941e+00,15252118
3.993157406716351e+03,3.990873304985866e+03,5.882352941176471e-01,15252123
3.993578748113466e+03,3.991814042231113e+03,5.882352941176471e-01,15252124
3.999361767921943e+03,3.997597062039591e+03,5.882352941176471e-01,15252126
4.000347303539569e+03,3.995053185892510e+03,1.764705882352941e+00,15252125
4.002766038072221e+03,4.001001332189868e+03,5.882352941176471e-01,15252127
4.002960949053619e+03,4.001196243171266e+03,5.882352941176471e-01,15252128
4.004099420107295e+03,4.002334714224942e+03,5.882352941176471e-01,15252129
4.005312646434811e+03,4.003547940552459e+03,5.882352941176471e-01,15252131
4.006591680675209e+03,4.003062268910503e+03,1.176470588235294e+00,15252130
4.007614550246155e+03,4.005849844363802e+03,5.882352941176471e-01,15252132
4.010878042586405e+03,4.009113336704052e+03,5.882352941176471e-01,15252134
4.010900100785352e+03,4.007370689020647e+03,1.176470588235294e+00,15252133
4.013197430858809e+03,4.011432724976456e+03,5.882352941176471e-01,15252135
4.016392223522747e+03,4.014627517640394e+03,5.882352941176471e-01,15252136
4.016540440577013e+03,4.014775734694660e+03,5.882352941176471e-01,15252137
4.018156929405100e+03,4.015736411644531e+03,5.882352941176471e-01,15252139
4.020226937270795e+03,4.018462231388442e+03,5.882352941176471e-01,15252140
4.020300248891893e+03,4.015006131244834e+03,1.764705882352941e+00,15252138
4.022064954774246e+03,4.019913175568853e+03,5.882352941176471e-01,15252143
4.023829660656599e+03,4.020145704759759e+03,5.882352941176471e-01,15252144
4.024310715203429e+03,4.019016597556371e+03,1.764705882352941e+00,15252141
4.025521054917854e+03,4.019249165541457e+03,1.764705882352941e+00,15252142
4.025594366538952e+03,4.020362045948424e+03,5.882352941176471e-01,15252145
4.026075421085782e+03,4.021344762234115e+03,5.882352941176471e-01,15252146
4.027285760800207e+03,4.022765152441579e+03,5.882352941176471e-01,15252147
4.029050466682560e+03,4.025107976710349e+03,5.882352941176471e-01,15252150
4.030815172564913e+03,4.027368267676305e+03,5.882352941176471e-01,15252151
4.030888484186011e+03,4.023233415240208e+03,1.764705882352941e+00,15252148
4.031369538732841e+03,4.025002647661056e+03,1.764705882352941e+00,15252149
4.032579878447266e+03,4.028167268910209e+03,5.882352941176471e-01,15252152
4.032653190068364e+03,4.029125576462543e+03,5.882352941176471e-01,15252153
4.033220708242900e+03,4.031456002360547e+03,5.882352941176471e-01,15252154
4.034417895950717e+03,4.032202824094874e+03,5.882352941176471e-01,15252156
4.036182601833070e+03,4.032505386319753e+03,5.882352941176471e-01,15252158
4.037873996094325e+03,4.031853747678424e+03,1.764705882352941e+00,15252155
4.037947307715423e+03,4.032515477312812e+03,5.882352941176471e-01,15252159
4.038514825889959e+03,4.032378451388690e+03,1.764705882352941e+00,15252157
4.039712013597776e+03,4.033165207451305e+03,5.882352941176471e-01,15252161
4.040279531772312e+03,4.033439774636833e+03,5.882352941176471e-01,15252162
4.041476719480129e+03,4.033981336086000e+03,5.882352941176471e-01,15252163
4.043168113741384e+03,4.033151000455210e+03,1.764705882352941e+00,15252160
4.045573649419370e+03,4.034623069944237e+03,1.764705882352941e+00,15252164
4.046770837127187e+03,4.034931170335005e+03,1.764705882352941e+00,15252165
4.047338355301723e+03,4.036873488834993e+03,5.882352941176471e-01,15252167
4.048462231388442e+03,4.035426051722570e+03,1.764705882352941e+00,15252166
4.048535543009540e+03,4.037591498994428e+03,5.882352941176471e-01,15252168
4.049103061184076e+03,4.039092503515205e+03,5.882352941176471e-01,15252169
4.050300248891893e+03,4.040212709763191e+03,5.882352941176471e-01,15252171
4.052064954774246e+03,4.042150727928993e+03,5.882352941176471e-01,15252173
4.053756349035501e+03,4.040060731127602e+03,1.764705882352941e+00,15252170
4.054397178831135e+03,4.040697980492954e+03,1.764705882352941e+00,15252172
4.055521054917854e+03,4.044349436125943e+03,5.882352941176471e-01,15252175
4.056161884713488e+03,4.046939505685974e+03,5.882352941176471e-01,15252176
4.057359072421305e+03,4.042604938388304e+03,1.764705882352941e+00,15252174
4.057926590595841e+03,4.047903969831769e+03,5.882352941176471e-01,15252178
4.059050466682560e+03,4.047224469123434e+03,1.176470588235294e+00,15252177
4.059123778303658e+03,4.048220239281183e+03,5.882352941176471e-01,15252179
4.059691296478194e+03,4.050900284371823e+03,5.882352941176471e-01,15252180
4.060815172564913e+03,4.051558170938507e+03,5.882352941176471e-01,15252181
4.060888484186011e+03,4.051902423502674e+03,5.882352941176471e-01,15252182
4.061456002360547e+03,4.052315522627560e+03,5.882352941176471e-01,15252183
4.062579878447266e+03,4.052412227307695e+03,5.882352941176471e-01,15252184
4.062653190068364e+03,4.052923634621794e+03,5.882352941176471e-01,15252185
4.064344584329619e+03,4.053292931594571e+03,5.882352941176471e-01,15252187
4.064417895950717e+03,4.056729162305429e+03,5.882352941176471e-01,15252188
4.066109290211972e+03,4.061591446724927e+03,5.882352941176471e-01,15252189
4.066182601833070e+03,4.061809874807339e+03,5.882352941176471e-01,15252190
4.066750120007606e+03,4.053028468653434e+03,1.764705882352941e+00,15252186
4.067873996094325e+03,4.063398568953188e+03,5.882352941176471e-01,15252191
4.067947307715423e+03,4.063411528352084e+03,5.882352941176471e-01,15252192
4.068514825889959e+03,4.063765727966936e+03,5.882352941176471e-01,15252193
4.069638701976678e+03,4.064306026851387e+03,5.882352941176471e-01,15252194
4.069712013597776e+03,4.064673704365544e+03,5.882352941176471e-01,15252195
4.070279531772312e+03,4.065062204115909e+03,5.882352941176471e-01,15252196
4.071403407859031e+03,4.065181418378456e+03,5.882352941176471e-01,15252197
4.071476719480129e+03,4.066342954075517e+03,5.882352941176471e-01,15252198
4.072044237654664e+03,4.066376671388441e+03,5.882352941176471e-01,15252199
4.073168113741384e+03,4.067905706351413e+03,5.882352941176471e-01,15252200
4.073241425362481e+03,4.070635191971808e+03,5.882352941176471e-01,15252201
4.073808943537017e+03,4.070829523976988e+03,5.882352941176471e-01,15252202
4.075006131244834e+03,4.071608978051960e+03,5.882352941176471e-01,15252204
4.076697525506090e+03,4.071502885229092e+03,1.176470588235294e+00,15252203
4.079859188154330e+03,4.074565070507272e+03,1.764705882352941e+00,15252205
4.080300248891893e+03,4.074765412395676e+03,1.764705882352941e+00,15252206
4.081623894036683e+03,4.076890156407638e+03,5.882352941176471e-01,15252208
4.081991643153148e+03,4.076046212385448e+03,1.764705882352941e+00,15252207
4.082064954774246e+03,4.077351142616853e+03,5.882352941176471e-01,15252209
4.083829660656599e+03,4.079533758377828e+03,5.882352941176471e-01,15252212
4.085153305801389e+03,4.077362180048101e+03,1.176470588235294e+00,15252210
4.085521054917854e+03,4.077777466749276e+03,1.176470588235294e+00,15252211
4.087285760800207e+03,4.080579029074836e+03,5.882352941176471e-01,15252215
4.088682717566095e+03,4.080170018497948e+03,1.176470588235294e+00,15252214
4.089050466682560e+03,4.081648371739135e+03,5.882352941176471e-01,15252216
4.089123778303658e+03,4.080018513179941e+03,1.764705882352941e+00,15252213
4.090447423448448e+03,4.082659764311088e+03,5.882352941176471e-01,15252217
4.090815172564913e+03,4.085241540810433e+03,5.882352941176471e-01,15252218
4.092212129330801e+03,4.086530190742097e+03,5.882352941176471e-01,15252220
4.092579878447266e+03,4.086778775221095e+03,5.882352941176471e-01,15252221
4.092653190068364e+03,4.086383263433281e+03,1.176470588235294e+00,15252219
4.093976835213154e+03,4.087325905423302e+03,5.882352941176471e-01,15252222
4.094344584329619e+03,4.087612155847232e+03,5.882352941176471e-01,15252223
4.094417895950717e+03,4.087920164356143e+03,5.882352941176471e-01,15252224
4.095741541095507e+03,4.087976902595965e+03,5.882352941176471e-01,15252225
4.096109290211972e+03,4.089584251774520e+03,5.882352941176471e-01,15252226
4.097506246977860e+03,4.093354413541684e+03,5.882352941176471e-01,15252228
4.097873996094325e+03,4.093557830431114e+03,5.882352941176471e-01,15252229
4.097947307715423e+03,4.091331196977948e+03,1.176470588235294e+00,15252227
4.099638701976678e+03,4.094222048034930e+03,5.882352941176471e-01,15252231
4.101403407859031e+03,4.095266397391104e+03,5.882352941176471e-01,15252233
4.102800364624919e+03,4.093932047402849e+03,1.764705882352941e+00,15252230
4.103168113741384e+03,4.095325205616390e+03,5.882352941176471e-01,15252234
4.103241425362481e+03,4.094358810760306e+03,1.764705882352941e+00,15252232
4.108094482271978e+03,4.095917319510036e+03,1.764705882352941e+00,15252235
4.108462231388442e+03,4.096422791866318e+03,1.764705882352941e+00,15252236
4.108535543009540e+03,4.096659597214958e+03,1.764705882352941e+00,15252237
4.109859188154330e+03,4.097627466609923e+03,5.882352941176471e-01,15252238
4.110226937270795e+03,4.097682412172280e+03,5.882352941176471e-01,15252239
4.111623894036683e+03,4.099902872217497e+03,5.882352941176471e-01,15252241
4.113829660656599e+03,4.099891554485838e+03,1.764705882352941e+00,15252240
4.115153305801389e+03,4.101527760559087e+03,1.176470588235294e+00,15252243
4.115521054917854e+03,4.100926217284795e+03,1.764705882352941e+00,15252242
4.115594366538952e+03,4.101961484070871e+03,5.882352941176471e-01,15252244
4.116918011683742e+03,4.104006776056517e+03,5.882352941176471e-01,15252245
4.118682717566095e+03,4.108867565559912e+03,5.882352941176471e-01,15252248
4.120447423448448e+03,4.109317147200870e+03,5.882352941176471e-01,15252249
4.120815172564913e+03,4.105642542325952e+03,1.764705882352941e+00,15252246
4.120888484186011e+03,4.107771831905497e+03,1.764705882352941e+00,15252247
4.122212129330801e+03,4.110847133033738e+03,5.882352941176471e-01,15252250
4.122653190068364e+03,4.113471108958363e+03,5.882352941176471e-01,15252252
4.123976835213154e+03,4.114610964643345e+03,5.882352941176471e-01,15252253
4.124417895950717e+03,4.115089931605307e+03,5.882352941176471e-01,15252254
4.125741541095507e+03,4.115732898420616e+03,5.882352941176471e-01,15252255
4.126109290211972e+03,4.112017604912484e+03,1.764705882352941e+00,15252251
4.126182601833070e+03,4.119127721620094e+03,5.882352941176471e-01,15252256
4.127873996094325e+03,4.122013425783329e+03,5.882352941176471e-01,15252258
4.127947307715423e+03,4.123602126218936e+03,5.882352941176471e-01,15252259
4.129638701976678e+03,4.124001953069296e+03,5.882352941176471e-01,15252260
4.131035658742566e+03,4.121930177601189e+03,1.764705882352941e+00,15252257
4.131403407859031e+03,4.125790644862399e+03,5.882352941176471e-01,15252262
4.131476719480129e+03,4.125107952243566e+03,1.176470588235294e+00,15252261
4.133241425362481e+03,4.127427080805920e+03,5.882352941176471e-01,15252265
4.134932819623737e+03,4.126631246301434e+03,1.176470588235294e+00,15252264
4.135006131244834e+03,4.129041701499154e+03,5.882352941176471e-01,15252266
4.136329776389625e+03,4.126341787446981e+03,1.764705882352941e+00,15252263
4.136697525506090e+03,4.129706435114751e+03,5.882352941176471e-01,15252267
4.138094482271978e+03,4.131877360032112e+03,5.882352941176471e-01,15252269
4.138462231388442e+03,4.131971269714622e+03,5.882352941176471e-01,15252270
4.139859188154330e+03,4.132026439151580e+03,5.882352941176471e-01,15252271
4.140226937270795e+03,4.132599372106329e+03,5.882352941176471e-01,15252272
4.140300248891893e+03,4.130603445132769e+03,1.764705882352941e+00,15252268
4.141623894036683e+03,4.133132528528242e+03,5.882352941176471e-01,15252273
4.143388599919036e+03,4.137943248902159e+03,5.882352941176471e-01,15252276
4.145521054917854e+03,4.135177599206072e+03,1.764705882352941e+00,15252274
4.145594366538952e+03,4.136189604818757e+03,1.764705882352941e+00,15252275
4.147285760800207e+03,4.139071160854277e+03,5.882352941176471e-01,15252278
4.147359072421305e+03,4.140914309579148e+03,5.882352941176471e-01,15252279
4.148682717566095e+03,4.138715673706109e+03,1.764705882352941e+00,15252277
4.149050466682560e+03,4.143270133567714e+03,5.882352941176471e-01,15252280
4.149123778303658e+03,4.144335835765530e+03,5.882352941176471e-01,15252281
4.150447423448448e+03,4.144872876977086e+03,5.882352941176471e-01,15252282
4.150815172564913e+03,4.144933338191058e+03,5.882352941176471e-01,15252283
4.150888484186011e+03,4.145285133145833e+03,5.882352941176471e-01,15252284
4.152212129330801e+03,4.145740235615221e+03,5.882352941176471e-01,15252285
4.153976835213154e+03,4.151319918070653e+03,5.882352941176471e-01,15252288
4.154344584329619e+03,4.150177511274889e+03,1.176470588235294e+00,15252286
4.155741541095507e+03,4.152478985192968e+03,5.882352941176471e-01,15252289
4.156109290211972e+03,4.153993788112051e+03,5.882352941176471e-01,15252290
4.156182601833070e+03,4.150572720070311e+03,1.764705882352941e+00,15252287
4.157506246977860e+03,4.154779589259921e+03,5.882352941176471e-01,15252291
4.160149977966244e+03,4.158385272083891e+03,5.882352941176471e-01,15252292
4.162686726652535e+03,4.160922020770182e+03,5.882352941176471e-01,15252293
4.163181621113845e+03,4.161416915231492e+03,5.882352941176471e-01,15252294
4.163480668629248e+03,4.161715962746895e+03,5.882352941176471e-01,15252295
4.164946326996198e+03,4.162736382334778e+03,5.882352941176471e-01,15252297
4.167980844299593e+03,4.162262692746340e+03,1.764705882352941e+00,15252296
4.168774786276307e+03,4.162865561901745e+03,1.764705882352941e+00,15252298
4.169118901770322e+03,4.167354195887969e+03,5.882352941176471e-01,15252299
4.172588731932460e+03,4.170824026050107e+03,5.882352941176471e-01,15252302
4.174353437814813e+03,4.171077475199494e+03,5.882352941176471e-01,15252303
4.174355965471042e+03,4.169061847823983e+03,1.764705882352941e+00,15252300
4.175989659735405e+03,4.170695542088347e+03,1.764705882352941e+00,15252301
4.176118143697166e+03,4.172399896555451e+03,5.882352941176471e-01,15252304
4.177882849579519e+03,4.174972876002921e+03,5.882352941176471e-01,15252307
4.179650083118101e+03,4.173037796168836e+03,1.764705882352941e+00,15252305
4.181283777382464e+03,4.173398246989861e+03,1.764705882352941e+00,15252306
4.183608139365608e+03,4.178314021718549e+03,1.764705882352941e+00,15252308
4.186450391763670e+03,4.181156274116612e+03,1.764705882352941e+00,15252309
4.190887158938945e+03,4.189122453056593e+03,5.882352941176471e-01,15252310
4.192023812453023e+03,4.190259106570671e+03,5.882352941176471e-01,15252312
4.192651864821298e+03,4.190355458386830e+03,5.882352941176471e-01,15252313
4.192793340926366e+03,4.189263929161660e+03,1.176470588235294e+00,15252311
4.196955320643866e+03,4.195190614761513e+03,5.882352941176471e-01,15252314
4.197670552925822e+03,4.195905847043469e+03,5.882352941176471e-01,15252315
4.201575626941698e+03,4.196281509294639e+03,1.764705882352941e+00,15252316
4.202576008322681e+03,4.197281890675622e+03,1.764705882352941e+00,15252317
4.203340332824051e+03,4.201112983073502e+03,5.882352941176471e-01,15252319
4.204340714205034e+03,4.201147948174987e+03,5.882352941176471e-01,15252320
4.205256156857315e+03,4.199962039210256e+03,1.764705882352941e+00,15252318
4.208634450471109e+03,4.201465324523208e+03,1.764705882352941e+00,15252321
4.209634831852093e+03,4.202133605676182e+03,1.764705882352941e+00,15252322
4.210399156353462e+03,4.204756894696538e+03,5.882352941176471e-01,15252324
4.210550274504374e+03,4.203490727986925e+03,1.764705882352941e+00,15252323
4.212163862235815e+03,4.208291344680894e+03,5.882352941176471e-01,15252326
4.212499111875380e+03,4.210734405993027e+03,5.882352941176471e-01,15252327
4.213164243616798e+03,4.205003317523932e+03,1.176470588235294e+00,15252325
4.214263817757733e+03,4.211262962205007e+03,5.882352941176471e-01,15252329
4.214928949499151e+03,4.211808952516342e+03,5.882352941176471e-01,15252330
4.215693274000521e+03,4.210942602904895e+03,1.176470588235294e+00,15252328
4.216693655381504e+03,4.214070849812306e+03,5.882352941176471e-01,15252332
4.217642711629167e+03,4.215878005746814e+03,5.882352941176471e-01,15252333
4.219557935404792e+03,4.213552467085333e+03,1.764705882352941e+00,15252331
4.221553846982966e+03,4.218024435218260e+03,1.176470588235294e+00,15252335
4.221987773028563e+03,4.216094584953934e+03,1.764705882352941e+00,15252334
4.226116888313602e+03,4.224352182431249e+03,5.882352941176471e-01,15252338
4.227881594195955e+03,4.224631592080862e+03,5.882352941176471e-01,15252339
4.228854830311912e+03,4.223560712664853e+03,1.764705882352941e+00,15252336
4.229239131908949e+03,4.223945014261890e+03,1.764705882352941e+00,15252337
4.229646300078308e+03,4.226703146877788e+03,5.882352941176471e-01,15252340
4.230619536194265e+03,4.226889305864539e+03,5.882352941176471e-01,15252341
4.231411005960661e+03,4.228102192392761e+03,5.882352941176471e-01,15252343
4.234148947958971e+03,4.229879531561548e+03,1.176470588235294e+00,15252344
4.234533249556008e+03,4.227134328137290e+03,1.764705882352941e+00,15252342
4.238921171217887e+03,4.235391759453181e+03,1.176470588235294e+00,15252345
4.240151224396541e+03,4.238386518514188e+03,5.882352941176471e-01,15252347
4.240797327136046e+03,4.239032621253693e+03,5.882352941176471e-01,15252348
4.241595832571914e+03,4.236301714924855e+03,1.764705882352941e+00,15252346
4.242562033018399e+03,4.240243067172627e+03,5.882352941176471e-01,15252350
4.243651397384806e+03,4.241886691502453e+03,5.882352941176471e-01,15252351
4.244326738900752e+03,4.242359128313356e+03,5.882352941176471e-01,15252352
4.245445342043600e+03,4.239579863326637e+03,1.764705882352941e+00,15252349
4.247180809149512e+03,4.243316199493987e+03,1.176470588235294e+00,15252353
4.247210047925953e+03,4.244026333114584e+03,5.882352941176471e-01,15252355
4.247856150665458e+03,4.243863753946358e+03,1.176470588235294e+00,15252354
4.248945515031865e+03,4.244330712157932e+03,5.882352941176471e-01,15252356
4.248974753808306e+03,4.244753585091346e+03,5.882352941176471e-01,15252357
4.249620856547811e+03,4.246995338513297e+03,5.882352941176471e-01,15252358
4.250710220914217e+03,4.247775712801949e+03,5.882352941176471e-01,15252359
4.254268871455364e+03,4.248006277364232e+03,1.764705882352941e+00,15252360
4.256033577337717e+03,4.253596494645652e+03,5.882352941176471e-01,15252363
4.256315942844424e+03,4.251021825197365e+03,1.764705882352941e+00,15252361
4.257356140838077e+03,4.252062023191018e+03,1.764705882352941e+00,15252362
4.259120846720430e+03,4.255125253139617e+03,5.882352941176471e-01,15252366
4.259845354609129e+03,4.254946550129901e+03,1.176470588235294e+00,15252365
4.261327694984776e+03,4.253837555357669e+03,1.764705882352941e+00,15252364
4.261610060491482e+03,4.255855784852939e+03,5.882352941176471e-01,15252368
4.263092400867129e+03,4.256790427237306e+03,5.882352941176471e-01,15252369
4.263374766373835e+03,4.257217335850930e+03,5.882352941176471e-01,15252370
4.264414964367489e+03,4.255298168153619e+03,1.764705882352941e+00,15252367
4.264857106749482e+03,4.257430736209523e+03,5.882352941176471e-01,15252371
4.266621812631835e+03,4.261451975058337e+03,5.882352941176471e-01,15252374
4.268386518514188e+03,4.263764497497430e+03,5.882352941176471e-01,15252375
4.268668884020894e+03,4.259287403912653e+03,1.764705882352941e+00,15252372
4.269709082014547e+03,4.259789775527367e+03,1.764705882352941e+00,15252373
4.270151224396541e+03,4.264310292355003e+03,5.882352941176471e-01,15252376
4.270433589903247e+03,4.265652336633064e+03,5.882352941176471e-01,15252377
4.271915930278894e+03,4.266883507416208e+03,5.882352941176471e-01,15252379
4.273238493779253e+03,4.265960323880733e+03,1.176470588235294e+00,15252378
4.275003199661606e+03,4.268576606451099e+03,5.882352941176471e-01,15252382
4.275727707550306e+03,4.267869523340784e+03,1.764705882352941e+00,15252380
4.276767905543959e+03,4.268584281134892e+03,5.882352941176471e-01,15252383
4.277210047925953e+03,4.268387957906250e+03,1.764705882352941e+00,15252381
4.277492413432659e+03,4.268726833814759e+03,5.882352941176471e-01,15252384
4.278532611426312e+03,4.268884827583445e+03,5.882352941176471e-01,15252385
4.278974753808306e+03,4.272675424916121e+03,5.882352941176471e-01,15252386
4.281021825197365e+03,4.272844061577282e+03,1.176470588235294e+00,15252387
4.282062023191018e+03,4.272914945103890e+03,1.176470588235294e+00,15252388
4.284268871455364e+03,4.272925303621963e+03,1.764705882352941e+00,15252389
4.286315942844424e+03,4.274131601644450e+03,1.764705882352941e+00,15252390
4.287356140838077e+03,4.274623309493442e+03,1.764705882352941e+00,15252391
4.287798283220070e+03,4.275028795287735e+03,1.176470588235294e+00,15252392
4.288080648726777e+03,4.275523104022462e+03,5.882352941176471e-01,15252393
4.289120846720430e+03,4.276066576490368e+03,5.882352941176471e-01,15252394
4.289845354609129e+03,4.278253572617650e+03,5.882352941176471e-01,15252396
4.290885552602783e+03,4.279523844972756e+03,5.882352941176471e-01,15252397
4.293092400867129e+03,4.276279919458109e+03,1.764705882352941e+00,15252395
4.293374766373835e+03,4.282303286234797e+03,1.176470588235294e+00,15252398
4.294857106749482e+03,4.285268411060138e+03,5.882352941176471e-01,15252400
4.296179670249842e+03,4.282585980316403e+03,1.764705882352941e+00,15252399
4.298668884020894e+03,4.286140360689786e+03,1.764705882352941e+00,15252401
4.300151224396541e+03,4.286736787813029e+03,1.764705882352941e+00,15252402
4.300433589903247e+03,4.287999972450599e+03,5.882352941176471e-01,15252404
4.301473787896900e+03,4.287707862022023e+03,1.764705882352941e+00,15252403
4.301915930278894e+03,4.288290753559661e+03,5.882352941176471e-01,15252405
4.302198295785600e+03,4.290573617752030e+03,5.882352941176471e-01,15252406
4.305727707550306e+03,4.296633414215051e+03,1.176470588235294e+00,15252409
4.306767905543959e+03,4.294513314496175e+03,1.764705882352941e+00,15252407
4.307210047925953e+03,4.294837194635723e+03,1.764705882352941e+00,15252408
4.308532611426312e+03,4.300735264352368e+03,5.882352941176471e-01,15252411
4.310297317308665e+03,4.300934662094993e+03,5.882352941176471e-01,15252413
4.311021825197365e+03,4.297103289554758e+03,1.764705882352941e+00,15252410
4.312062023191018e+03,4.303891619397934e+03,5.882352941176471e-01,15252414
4.312504165573011e+03,4.300907662030952e+03,1.764705882352941e+00,15252412
4.312786531079718e+03,4.305603676489954e+03,5.882352941176471e-01,15252415
4.313826729073371e+03,4.306522058948609e+03,5.882352941176471e-01,15252416
4.314551236962071e+03,4.307084497768356e+03,5.882352941176471e-01,15252418
4.316315942844424e+03,4.307663662213943e+03,5.882352941176471e-01,15252420
4.317798283220070e+03,4.307057699759240e+03,1.764705882352941e+00,15252417
4.318080648726777e+03,4.308082494139127e+03,5.882352941176471e-01,15252421
4.319120846720430e+03,4.307574509594424e+03,1.764705882352941e+00,15252419
4.319562989102423e+03,4.308623729743507e+03,5.882352941176471e-01,15252422
4.319845354609129e+03,4.310850566403774e+03,5.882352941176471e-01,15252423
4.320885552602783e+03,4.311167855458791e+03,5.882352941176471e-01,15252424
4.321327694984776e+03,4.312336983627039e+03,5.882352941176471e-01,15252425
4.321610060491482e+03,4.313544938683424e+03,5.882352941176471e-01,15252426
4.323092400867129e+03,4.316697678932567e+03,5.882352941176471e-01,15252428
4.323374766373835e+03,4.316973702139191e+03,5.882352941176471e-01,15252429
4.325139472256188e+03,4.319797364428221e+03,5.882352941176471e-01,15252431
4.326179670249842e+03,4.314577917193706e+03,1.764705882352941e+00,15252427
4.327944376132195e+03,4.320215589787194e+03,5.882352941176471e-01,15252433
4.328386518514188e+03,4.317179611192121e+03,1.764705882352941e+00,15252430
4.328668884020894e+03,4.319829945906031e+03,1.176470588235294e+00,15252432
4.329709082014547e+03,4.322478461241124e+03,5.882352941176471e-01,15252434
4.330151224396541e+03,4.323639121584552e+03,5.882352941176471e-01,15252435
4.330433589903247e+03,4.324646740608533e+03,5.882352941176471e-01,15252436
4.331473787896900e+03,4.324925627529768e+03,5.882352941176471e-01,15252437
4.331915930278894e+03,4.326434514388166e+03,5.882352941176471e-01,15252438
4.332198295785600e+03,4.326480783549613e+03,5.882352941176471e-01,15252439
4.333238493779253e+03,4.326691035450668e+03,5.882352941176471e-01,15252440
4.333680636161247e+03,4.327108100746554e+03,5.882352941176471e-01,15252441
4.333963001667953e+03,4.328242082121353e+03,5.882352941176471e-01,15252442
4.335003199661606e+03,4.329101179420702e+03,5.882352941176471e-01,15252443
4.335727707550306e+03,4.330706012159937e+03,5.882352941176471e-01,15252445
4.336767905543959e+03,4.332404517715047e+03,5.882352941176471e-01,15252446
4.337492413432659e+03,4.332501207945798e+03,5.882352941176471e-01,15252447
4.338532611426312e+03,4.333462730448161e+03,5.882352941176471e-01,15252448
4.338974753808306e+03,4.329825056977999e+03,1.764705882352941e+00,15252444
4.339257119315012e+03,4.334111328722684e+03,5.882352941176471e-01,15252449
4.340297317308665e+03,4.335495062636351e+03,5.882352941176471e-01,15252450
4.342062023191018e+03,4.338085223419024e+03,5.882352941176471e-01,15252453
4.342786531079718e+03,4.336607739905472e+03,1.176470588235294e+00,15252452
4.343826729073371e+03,4.339278846691735e+03,5.882352941176471e-01,15252454
4.344268871455364e+03,4.336324777279898e+03,1.764705882352941e+00,15252451
4.345591434955724e+03,4.340147153318296e+03,5.882352941176471e-01,15252456
4.346033577337717e+03,4.341417813327310e+03,5.882352941176471e-01,15252457
4.347356140838077e+03,4.342331732808359e+03,5.882352941176471e-01,15252458
4.348080648726777e+03,4.339391382983651e+03,1.764705882352941e+00,15252455
4.350687840964828e+03,4.348923135082475e+03,5.882352941176471e-01,15252461
4.350780892243990e+03,4.347251480479285e+03,1.176470588235294e+00,15252459
4.350946874917634e+03,4.347417463152929e+03,1.176470588235294e+00,15252460
4.352452546847181e+03,4.349913679222325e+03,5.882352941176471e-01,15252462
4.353805623830826e+03,4.352040917948473e+03,5.882352941176471e-01,15252464
4.355570329713179e+03,4.353541520669801e+03,5.882352941176471e-01,15252466
4.356906629750293e+03,4.351612512103234e+03,1.764705882352941e+00,15252463
4.357335035595532e+03,4.354838378267287e+03,5.882352941176471e-01,15252467
4.357746664494240e+03,4.352249340099587e+03,1.764705882352941e+00,15252465
4.358671335632646e+03,4.354978425625548e+03,5.882352941176471e-01,15252468
4.359099741477885e+03,4.355442409172765e+03,5.882352941176471e-01,15252469
4.360436041514999e+03,4.355579264504888e+03,5.882352941176471e-01,15252471
4.360864447360238e+03,4.356747083209483e+03,5.882352941176471e-01,15252472
4.362200747397352e+03,4.358294473732892e+03,5.882352941176471e-01,15252473
4.362629153242591e+03,4.359713522119466e+03,5.882352941176471e-01,15252474
4.363040782141298e+03,4.355509515837391e+03,1.764705882352941e+00,15252470
4.363965453279705e+03,4.361277332117313e+03,5.882352941176471e-01,15252475
4.365081589332141e+03,4.363316883449788e+03,5.882352941176471e-01,15252477
4.366149907503683e+03,4.364385201621330e+03,5.882352941176471e-01,15252478
4.367974682089495e+03,4.362680564442436e+03,1.764705882352941e+00,15252476
4.368104167755044e+03,4.366339461872691e+03,5.882352941176471e-01,15252479
4.368269277204399e+03,4.366504571322046e+03,5.882352941176471e-01,15252480
4.369739387971848e+03,4.367087631917700e+03,5.882352941176471e-01,15252481
4.369868873637397e+03,4.367199065501997e+03,5.882352941176471e-01,15252482
4.370033983086752e+03,4.368031454278824e+03,5.882352941176471e-01,15252483
4.371504093854201e+03,4.369280425868195e+03,5.882352941176471e-01,15252484
4.371633579519749e+03,4.369312633371316e+03,5.882352941176471e-01,15252485
4.371798688969104e+03,4.369645043028282e+03,5.882352941176471e-01,15252486
4.375241959401198e+03,4.373477253518845e+03,5.882352941176471e-01,15252488
4.375792682465405e+03,4.374027976583053e+03,5.882352941176471e-01,15252489
4.377006665283551e+03,4.375029191752952e+03,5.882352941176471e-01,15252490
4.377185308852637e+03,4.371891191205578e+03,1.764705882352941e+00,15252487
4.378771371165904e+03,4.375209505064618e+03,5.882352941176471e-01,15252492
4.378950014734990e+03,4.375421045583060e+03,5.882352941176471e-01,15252493
4.380536077048257e+03,4.376498600284688e+03,5.882352941176471e-01,15252494
4.380714720617343e+03,4.377665035311018e+03,5.882352941176471e-01,15252495
4.381086800112464e+03,4.375170682849054e+03,1.764705882352941e+00,15252491
4.383334216058985e+03,4.381569510176632e+03,5.882352941176471e-01,15252496
4.388753071810048e+03,4.386988365927695e+03,5.882352941176471e-01,15252499
4.390172763052250e+03,4.386643351287544e+03,1.176470588235294e+00,15252498
4.390517777692401e+03,4.387853136832538e+03,5.882352941176471e-01,15252500
4.391058924861447e+03,4.385764807214388e+03,1.764705882352941e+00,15252497
4.392282483574754e+03,4.389342957623670e+03,5.882352941176471e-01,15252502
4.392823630743800e+03,4.390215450560071e+03,5.882352941176471e-01,15252503
4.395313706469331e+03,4.393549000586978e+03,5.882352941176471e-01,15252504
4.395466880699308e+03,4.388272462380732e+03,1.764705882352941e+00,15252501
4.396116139415004e+03,4.394351433532651e+03,5.882352941176471e-01,15252505
4.397171998328195e+03,4.395407292445842e+03,5.882352941176471e-01,15252506
4.397462711425524e+03,4.395698005543171e+03,5.882352941176471e-01,15252507
4.402744738599927e+03,4.397450620952868e+03,1.764705882352941e+00,15252508
4.402849323372072e+03,4.401084617489719e+03,5.882352941176471e-01,15252509
4.404688165566230e+03,4.402923459683877e+03,5.882352941176471e-01,15252511
4.407741185529008e+03,4.402447067881949e+03,1.764705882352941e+00,15252510
4.408278148934991e+03,4.404748737170285e+03,1.176470588235294e+00,15252512
4.408646252950827e+03,4.406881547068474e+03,5.882352941176471e-01,15252513
4.409505891411361e+03,4.406933757293012e+03,5.882352941176471e-01,15252514
4.413861422427030e+03,4.412096716544677e+03,5.882352941176471e-01,15252515
4.414557964637944e+03,4.412793258755591e+03,5.882352941176471e-01,15252517
4.416322670520297e+03,4.414094188883770e+03,5.882352941176471e-01,15252519
4.417745827709328e+03,4.412451710062269e+03,1.764705882352941e+00,15252516
4.418087376402650e+03,4.414393644328639e+03,5.882352941176471e-01,15252520
4.419155540074088e+03,4.413415622143129e+03,1.764705882352941e+00,15252518
4.419510533591681e+03,4.416467662703477e+03,5.882352941176471e-01,15252521
4.421322998524898e+03,4.419558292642545e+03,5.882352941176471e-01,15252522
4.421902472683376e+03,4.420137766801023e+03,5.882352941176471e-01,15252524
4.424921886544098e+03,4.419627768897039e+03,1.764705882352941e+00,15252523
4.424995855955986e+03,4.423231150073633e+03,5.882352941176471e-01,15252525
4.426686592426450e+03,4.423606189600485e+03,5.882352941176471e-01,15252527
4.428451298308803e+03,4.425192471714241e+03,5.882352941176471e-01,15252529
4.428812107591207e+03,4.423517989944148e+03,1.764705882352941e+00,15252526
4.430216004191156e+03,4.426745477010487e+03,5.882352941176471e-01,15252530
4.430289973603045e+03,4.423765869670767e+03,1.764705882352941e+00,15252528
4.432054679485397e+03,4.428837553907464e+03,5.882352941176471e-01,15252533
4.432341519355912e+03,4.427357383396320e+03,1.176470588235294e+00,15252531
4.433819385367750e+03,4.428917658358918e+03,5.882352941176471e-01,15252534
4.435510121838215e+03,4.428520231972921e+03,1.764705882352941e+00,15252532
4.435584091250103e+03,4.429858309700165e+03,5.882352941176471e-01,15252536
4.437635637002971e+03,4.429674545192106e+03,1.764705882352941e+00,15252535
4.439113503014809e+03,4.433953930312038e+03,1.176470588235294e+00,15252538
4.440804239485274e+03,4.431782706176411e+03,1.764705882352941e+00,15252537
4.440878208897162e+03,4.436274619199005e+03,5.882352941176471e-01,15252540
4.442568945367627e+03,4.437799571844542e+03,5.882352941176471e-01,15252541
4.442929754650030e+03,4.434752261428951e+03,1.764705882352941e+00,15252539
4.444333651249980e+03,4.440982429147999e+03,5.882352941176471e-01,15252543
4.446098357132333e+03,4.443728818099703e+03,5.882352941176471e-01,15252545
4.446172326544221e+03,4.439828723080314e+03,1.764705882352941e+00,15252542
4.448223872297089e+03,4.442453947529305e+03,1.764705882352941e+00,15252544
4.449162587680203e+03,4.447397881797850e+03,5.882352941176471e-01,15252547
4.450720495435644e+03,4.448955789553291e+03,5.882352941176471e-01,15252548
4.451889419842098e+03,4.446595302195039e+03,1.764705882352941e+00,15252546
4.452485201317997e+03,4.449477494353453e+03,5.882352941176471e-01,15252550
4.454249907200349e+03,4.450271102673886e+03,5.882352941176471e-01,15252552
4.454456705327262e+03,4.449110461735453e+03,1.764705882352941e+00,15252549
4.457183537489156e+03,4.449961658731790e+03,1.764705882352941e+00,15252551
4.458948243371509e+03,4.451606598477460e+03,5.882352941176471e-01,15252555
4.459544024847408e+03,4.451431458558006e+03,1.764705882352941e+00,15252553
4.459750822974321e+03,4.451460297277213e+03,1.764705882352941e+00,15252554
4.460712949253862e+03,4.452345437248559e+03,5.882352941176471e-01,15252556
4.461515528856674e+03,4.453566221499404e+03,5.882352941176471e-01,15252558
4.462477655136215e+03,4.454473755641688e+03,5.882352941176471e-01,15252559
4.463280234739027e+03,4.456176297492950e+03,5.882352941176471e-01,15252560
4.464242361018568e+03,4.458486602155437e+03,5.882352941176471e-01,15252561
4.464838142494467e+03,4.452729435309402e+03,1.764705882352941e+00,15252557
4.466007066900921e+03,4.459154336974463e+03,5.882352941176471e-01,15252563
4.466602848376820e+03,4.459854126832096e+03,5.882352941176471e-01,15252564
4.468574352386085e+03,4.459001811767845e+03,1.764705882352941e+00,15252562
4.470339058268438e+03,4.462186925082132e+03,5.882352941176471e-01,15252567
4.471301184547980e+03,4.460455907912567e+03,1.764705882352941e+00,15252565
4.471896966023879e+03,4.461557734489652e+03,1.764705882352941e+00,15252566
4.473065890430333e+03,4.462897362978913e+03,5.882352941176471e-01,15252569
4.473661671906232e+03,4.464978300832929e+03,5.882352941176471e-01,15252570
4.473868470033144e+03,4.462238223617955e+03,1.176470588235294e+00,15252568
4.474830596312686e+03,4.467332313959980e+03,5.882352941176471e-01,15252571
4.475426377788585e+03,4.468998685731024e+03,5.882352941176471e-01,15252572
4.475633175915497e+03,4.469684172433842e+03,5.882352941176471e-01,15252573
4.476595302195039e+03,4.472149096947463e+03,5.882352941176471e-01,15252574
4.477397881797850e+03,4.472525943083892e+03,5.882352941176471e-01,15252576
4.480720495435644e+03,4.472341390534522e+03,1.764705882352941e+00,15252575
4.481889419842098e+03,4.472778205991403e+03,1.764705882352941e+00,15252577
4.482691999444909e+03,4.473588927660298e+03,1.764705882352941e+00,15252578
4.483654125724451e+03,4.475532905691528e+03,5.882352941176471e-01,15252580
4.484456705327262e+03,4.477929128901768e+03,5.882352941176471e-01,15252581
4.485418831606804e+03,4.477963783286357e+03,5.882352941176471e-01,15252582
4.486014613082702e+03,4.474517661781910e+03,1.764705882352941e+00,15252579
4.487183537489156e+03,4.479223990897788e+03,5.882352941176471e-01,15252584
4.487779318965055e+03,4.480669403008239e+03,5.882352941176471e-01,15252585
4.488948243371509e+03,4.480672639389834e+03,5.882352941176471e-01,15252586
4.489544024847408e+03,4.480836059593714e+03,5.882352941176471e-01,15252587
4.489750822974321e+03,4.478873033419745e+03,1.764705882352941e+00,15252583
4.490712949253862e+03,4.482118899247059e+03,5.882352941176471e-01,15252588
4.491308730729761e+03,4.482618568565452e+03,5.882352941176471e-01,15252589
4.492477655136215e+03,4.483304372660232e+03,5.882352941176471e-01,15252591
4.494242361018568e+03,4.485935519266754e+03,5.882352941176471e-01,15252593
4.495044940621380e+03,4.483078586013284e+03,1.764705882352941e+00,15252590
4.496007066900921e+03,4.486229769684482e+03,5.882352941176471e-01,15252594
4.496602848376820e+03,4.485754236302488e+03,1.764705882352941e+00,15252592
4.496809646503733e+03,4.486387596799211e+03,5.882352941176471e-01,15252595
4.497771772783274e+03,4.487387523209838e+03,5.882352941176471e-01,15252596
4.498367554259173e+03,4.488002534073224e+03,5.882352941176471e-01,15252597
4.498574352386085e+03,4.489641723728207e+03,5.882352941176471e-01,15252598
4.499536478665627e+03,4.489966899808837e+03,5.882352941176471e-01,15252599
4.500132260141526e+03,4.490368898927827e+03,5.882352941176471e-01,15252600
4.500339058268438e+03,4.490869018825826e+03,5.882352941176471e-01,15252601
4.501301184547980e+03,4.491160614783294e+03,5.882352941176471e-01,15252602
4.501896966023879e+03,4.492095960178441e+03,5.882352941176471e-01,15252603
4.502103764150791e+03,4.492269674016289e+03,5.882352941176471e-01,15252604
4.503065890430333e+03,4.492541578404501e+03,5.882352941176471e-01,15252605
4.503661671906232e+03,4.492623277391779e+03,5.882352941176471e-01,15252606
4.503868470033144e+03,4.492978835605337e+03,5.882352941176471e-01,15252607
4.504830596312686e+03,4.493048022561136e+03,5.882352941176471e-01,15252608
4.505426377788585e+03,4.493411810178594e+03,5.882352941176471e-01,15252609
4.505633175915497e+03,4.493623892006428e+03,5.882352941176471e-01,15252610
4.506595302195039e+03,4.494336117288864e+03,5.882352941176471e-01,15252611
4.507191083670938e+03,4.495016381091879e+03,5.882352941176471e-01,15252612
4.508955789553291e+03,4.498506564928692e+03,5.882352941176471e-01,15252615
4.510927293562556e+03,4.495432746176388e+03,1.764705882352941e+00,15252613
4.511889419842098e+03,4.496164353314164e+03,1.764705882352941e+00,15252614
4.514249907200349e+03,4.499035706038259e+03,1.764705882352941e+00,15252616
4.514456705327262e+03,4.499187185632319e+03,1.176470588235294e+00,15252617
4.516014613082702e+03,4.502960278729411e+03,5.882352941176471e-01,15252619
4.517183537489156e+03,4.502105386277207e+03,1.764705882352941e+00,15252618
4.517779318965055e+03,4.507519783487231e+03,5.882352941176471e-01,15252621
4.518948243371509e+03,4.508088897045786e+03,5.882352941176471e-01,15252622
4.519544024847408e+03,4.508301948816750e+03,5.882352941176471e-01,15252623
4.519750822974321e+03,4.506554046497881e+03,1.764705882352941e+00,15252620
4.520712949253862e+03,4.509771332327407e+03,5.882352941176471e-01,15252624
4.521308730729761e+03,4.509981588507726e+03,5.882352941176471e-01,15252625
4.521515528856674e+03,4.510685958622902e+03,5.882352941176471e-01,15252626
4.523073436612114e+03,4.514498085372179e+03,5.882352941176471e-01,15252628
4.524242361018568e+03,4.514326603823162e+03,1.176470588235294e+00,15252627
4.525044940621380e+03,4.515516256716732e+03,1.176470588235294e+00,15252629
4.526007066900921e+03,4.522565538566034e+03,5.882352941176471e-01,15252631
4.527771772783274e+03,4.523679912170099e+03,5.882352941176471e-01,15252633
4.528367554259173e+03,4.519815668504565e+03,1.764705882352941e+00,15252630
4.530339058268438e+03,4.523152317091071e+03,1.764705882352941e+00,15252632
4.533065890430333e+03,4.524821981339639e+03,1.764705882352941e+00,15252634
4.533067817542680e+03,4.529538405777974e+03,1.176470588235294e+00,15252635
4.534830596312686e+03,4.532424695535637e+03,5.882352941176471e-01,15252637
4.534971980094936e+03,4.533207274212584e+03,5.882352941176471e-01,15252638
4.535765478446710e+03,4.530471360799651e+03,1.764705882352941e+00,15252636
4.537025731176593e+03,4.535261025294240e+03,5.882352941176471e-01,15252640
4.537530184329063e+03,4.535703592820153e+03,5.882352941176471e-01,15252641
4.540124713959745e+03,4.533375890933133e+03,1.764705882352941e+00,15252639
4.540621282844993e+03,4.538856576962640e+03,5.882352941176471e-01,15252642
4.541523745000402e+03,4.539759039118049e+03,5.882352941176471e-01,15252643
4.545109989578669e+03,4.543345283696316e+03,5.882352941176471e-01,15252646
4.546384366710764e+03,4.541090249063705e+03,1.764705882352941e+00,15252644
4.546874695461022e+03,4.544494924484480e+03,5.882352941176471e-01,15252647
4.547725233958902e+03,4.542431116311843e+03,1.764705882352941e+00,15252645
4.548149072593117e+03,4.546295524664041e+03,5.882352941176471e-01,15252648
4.552552338355094e+03,4.547258220708035e+03,1.764705882352941e+00,15252649
4.553019351605961e+03,4.547383901156953e+03,1.764705882352941e+00,15252650
4.554317044237446e+03,4.552536883996949e+03,5.882352941176471e-01,15252652
4.555840006410605e+03,4.550545888763546e+03,1.764705882352941e+00,15252651
4.555995117060884e+03,4.554230411178531e+03,5.882352941176471e-01,15252653
4.557847710898910e+03,4.556083005016557e+03,5.882352941176471e-01,15252656
4.558210274057734e+03,4.554680862293028e+03,1.176470588235294e+00,15252654
4.559369418175311e+03,4.555727861608191e+03,1.176470588235294e+00,15252655
4.559612416781263e+03,4.557056523818580e+03,5.882352941176471e-01,15252657
4.560346731297945e+03,4.558582025415592e+03,5.882352941176471e-01,15252658
4.563390999400943e+03,4.561626293518590e+03,5.882352941176471e-01,15252659
4.563406199005291e+03,4.561641493122938e+03,5.882352941176471e-01,15252660
4.564723984317610e+03,4.562959278435257e+03,5.882352941176471e-01,15252661
4.565818093539754e+03,4.564053387657401e+03,5.882352941176471e-01,15252662
4.565990964626804e+03,4.564226258744452e+03,5.882352941176471e-01,15252663
4.570082041681543e+03,4.568317335799190e+03,5.882352941176471e-01,15252665
4.570691916489777e+03,4.567162504725071e+03,1.176470588235294e+00,15252664
4.572830255837697e+03,4.569300844072991e+03,1.176470588235294e+00,15252666
4.574511123931138e+03,4.572746418048786e+03,5.882352941176471e-01,15252667
4.575234310658752e+03,4.573469604776399e+03,5.882352941176471e-01,15252669
4.576275829813491e+03,4.574315855604446e+03,5.882352941176471e-01,15252670
4.577275215862189e+03,4.575510509979836e+03,5.882352941176471e-01,15252671
4.578142757876702e+03,4.572848640229644e+03,1.764705882352941e+00,15252668
4.579943362475675e+03,4.578178656593322e+03,5.882352941176471e-01,15252673
4.580484943276832e+03,4.578720237394479e+03,5.882352941176471e-01,15252674
4.581569947460550e+03,4.575985660383179e+03,1.764705882352941e+00,15252672
4.583029666431601e+03,4.581264960549248e+03,5.882352941176471e-01,15252676
4.583472774240380e+03,4.579928745132635e+03,1.176470588235294e+00,15252675
4.586958107652381e+03,4.583428695887675e+03,1.176470588235294e+00,15252677
4.588998176700360e+03,4.585468764935654e+03,1.176470588235294e+00,15252678
4.589994545141740e+03,4.588229839259387e+03,5.882352941176471e-01,15252680
4.591452404340097e+03,4.586158286693038e+03,1.764705882352941e+00,15252679
4.591545075588660e+03,4.589780369706307e+03,5.882352941176471e-01,15252681
4.595841321238534e+03,4.594076615356181e+03,5.882352941176471e-01,15252683
4.598950014873182e+03,4.593655897226123e+03,1.764705882352941e+00,15252682
4.599407617696157e+03,4.594113500049098e+03,1.764705882352941e+00,15252684
4.600714720755535e+03,4.594861873786093e+03,5.882352941176471e-01,15252686
4.601135438885593e+03,4.594680006749351e+03,1.764705882352941e+00,15252685
4.601172323578510e+03,4.595239399977875e+03,5.882352941176471e-01,15252687
4.602900144767946e+03,4.598460358981079e+03,5.882352941176471e-01,15252689
4.604664850650299e+03,4.600528903000680e+03,5.882352941176471e-01,15252691
4.606008838402594e+03,4.596165642284344e+03,1.764705882352941e+00,15252688
4.606466441225569e+03,4.598650788505430e+03,1.764705882352941e+00,15252690
4.608231147107922e+03,4.602842560053467e+03,5.882352941176471e-01,15252694
4.609958968297358e+03,4.601961080320598e+03,1.764705882352941e+00,15252692
4.611302956049653e+03,4.602551244964098e+03,1.764705882352941e+00,15252693
4.611723674179710e+03,4.604175592699552e+03,5.882352941176471e-01,15252696
4.613067661932005e+03,4.604486355757631e+03,5.882352941176471e-01,15252697
4.613488380062063e+03,4.604763538911929e+03,5.882352941176471e-01,15252698
4.613525264754981e+03,4.603684529348363e+03,1.764705882352941e+00,15252695
4.616597073696711e+03,4.606896076251594e+03,1.176470588235294e+00,15252699
4.618782497709122e+03,4.608131831054416e+03,1.764705882352941e+00,15252700
4.618819382402040e+03,4.608219312517603e+03,1.764705882352941e+00,15252701
4.620126485461417e+03,4.609191431223526e+03,1.176470588235294e+00,15252702
4.620547203591475e+03,4.609515741862144e+03,5.882352941176471e-01,15252703
4.621891191343770e+03,4.611942985075768e+03,5.882352941176471e-01,15252705
4.624076615356181e+03,4.612694171054013e+03,1.176470588235294e+00,15252706
4.624113500049098e+03,4.610372269120876e+03,1.764705882352941e+00,15252704
4.625841321238534e+03,4.615004760102005e+03,5.882352941176471e-01,15252708
4.625878205931451e+03,4.616101263400791e+03,5.882352941176471e-01,15252709
4.627185308990829e+03,4.614936370750995e+03,1.764705882352941e+00,15252707
4.627606027120887e+03,4.617392215588690e+03,5.882352941176471e-01,15252710
4.628950014873182e+03,4.618321018511815e+03,5.882352941176471e-01,15252712
4.629370733003240e+03,4.619976911105041e+03,5.882352941176471e-01,15252713
4.629407617696157e+03,4.617516147421701e+03,1.176470588235294e+00,15252711
4.630714720755535e+03,4.620028779818963e+03,5.882352941176471e-01,15252714
4.631135438885593e+03,4.620935467481285e+03,5.882352941176471e-01,15252715
4.631172323578510e+03,4.621300457383288e+03,5.882352941176471e-01,15252716
4.632479426637888e+03,4.621778094256054e+03,5.882352941176471e-01,15252717
4.632900144767946e+03,4.622239163165279e+03,5.882352941176471e-01,15252718
4.632937029460863e+03,4.622726029676142e+03,5.882352941176471e-01,15252719
4.634701735343216e+03,4.625754229487152e+03,5.882352941176471e-01,15252722
4.636466441225569e+03,4.627004116195120e+03,5.882352941176471e-01,15252723
4.637773544284947e+03,4.625126407543697e+03,1.764705882352941e+00,15252720
4.638194262415005e+03,4.625299533195498e+03,1.764705882352941e+00,15252721
4.638231147107922e+03,4.627794288669551e+03,5.882352941176471e-01,15252724
4.639538250167300e+03,4.629010552242446e+03,5.882352941176471e-01,15252725
4.641302956049653e+03,4.631287282492953e+03,5.882352941176471e-01,15252728
4.643488380062063e+03,4.629124314891200e+03,1.764705882352941e+00,15252726
4.643525264754981e+03,4.630875192422224e+03,1.764705882352941e+00,15252727
4.645253085944416e+03,4.632656841396038e+03,5.882352941176471e-01,15252730
4.645289970637334e+03,4.633932032530332e+03,5.882352941176471e-01,15252731
4.646597073696711e+03,4.632641046725305e+03,1.764705882352941e+00,15252729
4.647017791826769e+03,4.635186592099220e+03,5.882352941176471e-01,15252732
4.647054676519687e+03,4.635641894960904e+03,5.882352941176471e-01,15252733
4.648782497709122e+03,4.636940689213320e+03,5.882352941176471e-01,15252735
4.648819382402040e+03,4.637238518520742e+03,5.882352941176471e-01,15252736
4.650547203591475e+03,4.637278414706351e+03,5.882352941176471e-01,15252737
4.651891191343770e+03,4.636312490910551e+03,1.764705882352941e+00,15252734
4.652311909473828e+03,4.637558445704691e+03,5.882352941176471e-01,15252739
4.653655897226123e+03,4.637709944521968e+03,5.882352941176471e-01,15252740
4.654113500049098e+03,4.637311305107551e+03,1.764705882352941e+00,15252738
4.655420603108476e+03,4.639531192374229e+03,5.882352941176471e-01,15252742
4.655878205931451e+03,4.640447930163322e+03,5.882352941176471e-01,15252743
4.657606027120887e+03,4.638504383211509e+03,1.764705882352941e+00,15252741
4.659407617696157e+03,4.640797338839952e+03,1.176470588235294e+00,15252745
4.660714720755535e+03,4.640588327631502e+03,1.764705882352941e+00,15252744
4.661172323578510e+03,4.644579840256051e+03,5.882352941176471e-01,15252747
4.662479426637888e+03,4.645863379892637e+03,5.882352941176471e-01,15252748
4.662900144767946e+03,4.642881687537906e+03,1.764705882352941e+00,15252746
4.662937029460863e+03,4.646492287212234e+03,5.882352941176471e-01,15252749
4.664244132520241e+03,4.647425141663464e+03,5.882352941176471e-01,15252750
4.664664850650299e+03,4.655555285819000e+03,5.882352941176471e-01,15252751
4.664701735343216e+03,4.656636550031409e+03,5.882352941176471e-01,15252752
4.666008838402594e+03,4.658689737415898e+03,5.882352941176471e-01,15252753
4.666429556532652e+03,4.659166494828982e+03,5.882352941176471e-01,15252754
4.668194262415005e+03,4.663734110158725e+03,5.882352941176471e-01,15252757
4.669538250167300e+03,4.662893352388339e+03,1.176470588235294e+00,15252756
4.669995852990275e+03,4.661189979428728e+03,1.764705882352941e+00,15252755
4.671302956049653e+03,4.665625426912548e+03,5.882352941176471e-01,15252759
4.673067661932005e+03,4.666415384304398e+03,5.882352941176471e-01,15252761
4.673488380062063e+03,4.665311720204700e+03,1.764705882352941e+00,15252758
4.674832367814358e+03,4.670953496935115e+03,5.882352941176471e-01,15252762
4.675253085944416e+03,4.671525280121108e+03,5.882352941176471e-01,15252763
4.675289970637334e+03,4.665886035169014e+03,1.764705882352941e+00,15252760
4.676597073696711e+03,4.672526128600705e+03,5.882352941176471e-01,15252764
4.677017791826769e+03,4.672608196452251e+03,5.882352941176471e-01,15252765
4.677054676519687e+03,4.672852004099629e+03,5.882352941176471e-01,15252766
4.678361779579064e+03,4.672908417051152e+03,5.882352941176471e-01,15252767
4.678782497709122e+03,4.673060417367539e+03,5.882352941176471e-01,15252768
4.678819382402040e+03,4.675753854520784e+03,5.882352941176471e-01,15252769
4.680126485461417e+03,4.676223260264326e+03,5.882352941176471e-01,15252770
4.680547203591475e+03,4.677982046564321e+03,5.882352941176471e-01,15252771
4.681861257195442e+03,4.680096551313089e+03,5.882352941176471e-01,15252772
4.682670509982965e+03,4.680905804100613e+03,5.882352941176471e-01,15252773
4.686947504078206e+03,4.681653386431147e+03,1.764705882352941e+00,15252774
4.687885704421091e+03,4.682591586774032e+03,1.764705882352941e+00,15252775
4.688540843212619e+03,4.683246725565560e+03,1.764705882352941e+00,15252776
4.689650410303444e+03,4.684420730898833e+03,5.882352941176471e-01,15252778
4.690305549094972e+03,4.685989460955748e+03,5.882352941176471e-01,15252779
4.690476915842912e+03,4.684374704654132e+03,1.176470588235294e+00,15252777
4.692070254977325e+03,4.686611425054620e+03,5.882352941176471e-01,15252781
4.692241621725265e+03,4.687584399317009e+03,5.882352941176471e-01,15252782
4.694944527950503e+03,4.686180745644082e+03,1.764705882352941e+00,15252780
4.697364372624383e+03,4.688709722769669e+03,1.764705882352941e+00,15252783
4.697535739372324e+03,4.689110128125522e+03,1.764705882352941e+00,15252784
4.700238645597562e+03,4.690234200506494e+03,1.764705882352941e+00,15252785
4.702003351479915e+03,4.692502409109070e+03,5.882352941176471e-01,15252788
4.702658490271442e+03,4.690933020184390e+03,1.764705882352941e+00,15252786
4.702829857019382e+03,4.692007668124529e+03,1.764705882352941e+00,15252787
4.703768057362268e+03,4.693244267448104e+03,5.882352941176471e-01,15252789
4.707952607918501e+03,4.695207757940668e+03,1.764705882352941e+00,15252790
4.708123974666441e+03,4.695243944721792e+03,1.764705882352941e+00,15252791
4.709062175009326e+03,4.699822559815254e+03,1.764705882352941e+00,15252792
4.709888680548794e+03,4.699991646291618e+03,5.882352941176471e-01,15252794
4.713246725565560e+03,4.699866311218683e+03,1.764705882352941e+00,15252793
4.713418092313500e+03,4.702037894542316e+03,1.176470588235294e+00,15252796
4.714356292656385e+03,4.702014476482121e+03,1.764705882352941e+00,15252795
4.715182798195853e+03,4.707608865903055e+03,5.882352941176471e-01,15252798
4.716947504078206e+03,4.709747527435861e+03,5.882352941176471e-01,15252800
4.718540843212619e+03,4.707105744409959e+03,1.764705882352941e+00,15252797
4.719650410303444e+03,4.708630739839852e+03,1.764705882352941e+00,15252799
4.720305549094972e+03,4.710759455244802e+03,5.882352941176471e-01,15252802
4.721415116185797e+03,4.710993970287667e+03,5.882352941176471e-01,15252803
4.722070254977325e+03,4.712288458771597e+03,5.882352941176471e-01,15252804
4.722241621725265e+03,4.709836536750115e+03,1.764705882352941e+00,15252801
4.723179822068150e+03,4.713827333174462e+03,5.882352941176471e-01,15252805
4.724944527950503e+03,4.716179873379903e+03,5.882352941176471e-01,15252808
4.726709233832856e+03,4.718473167310825e+03,5.882352941176471e-01,15252809
4.727364372624383e+03,4.715164251050038e+03,1.764705882352941e+00,15252806
4.727535739372324e+03,4.715908515062234e+03,1.764705882352941e+00,15252807
4.728473939715209e+03,4.718490490699281e+03,5.882352941176471e-01,15252810
4.729129078506736e+03,4.719909435168830e+03,5.882352941176471e-01,15252811
4.729300445254676e+03,4.720092116578051e+03,5.882352941176471e-01,15252812
4.730238645597562e+03,4.722454544103193e+03,5.882352941176471e-01,15252813
4.730893784389089e+03,4.722557937495541e+03,5.882352941176471e-01,15252814
4.732003351479915e+03,4.727589514814192e+03,5.882352941176471e-01,15252816
4.732952240631502e+03,4.731187534749149e+03,5.882352941176471e-01,15252817
4.734594562901735e+03,4.723350058090041e+03,1.764705882352941e+00,15252815
4.735942286624289e+03,4.732412874859583e+03,1.176470588235294e+00,15252818
4.738123974666441e+03,4.733072805611459e+03,1.176470588235294e+00,15252820
4.738246358278561e+03,4.732787273271416e+03,1.764705882352941e+00,15252819
4.739471698388995e+03,4.733211275030794e+03,1.176470588235294e+00,15252821
4.739888680548794e+03,4.735574908322156e+03,5.882352941176471e-01,15252822
4.740011064160914e+03,4.735810142957169e+03,5.882352941176471e-01,15252823
4.741653386431147e+03,4.739624894943158e+03,5.882352941176471e-01,15252825
4.744765816036054e+03,4.738977710825012e+03,1.764705882352941e+00,15252824
4.745282605523790e+03,4.741753193759084e+03,1.176470588235294e+00,15252827
4.745787563230972e+03,4.740493445583913e+03,1.764705882352941e+00,15252826
4.747552269113325e+03,4.744511505209739e+03,5.882352941176471e-01,15252830
4.748812017288496e+03,4.742388563056151e+03,1.176470588235294e+00,15252829
4.749316974995678e+03,4.747421285996443e+03,5.882352941176471e-01,15252831
4.750059933683113e+03,4.741945987573856e+03,1.764705882352941e+00,15252828
4.751683315139795e+03,4.749918609257442e+03,5.882352941176471e-01,15252832
4.755131127960172e+03,4.753366422077819e+03,5.882352941176471e-01,15252833
4.757674460507887e+03,4.755909754625534e+03,5.882352941176471e-01,15252836
4.758785132858271e+03,4.753491015211212e+03,1.764705882352941e+00,15252834
4.760549838740624e+03,4.756604494396058e+03,5.882352941176471e-01,15252838
4.760975842647279e+03,4.755681725000220e+03,1.764705882352941e+00,15252835
4.762314544622977e+03,4.759854337418180e+03,5.882352941176471e-01,15252839
4.762968578154946e+03,4.756287808812729e+03,1.764705882352941e+00,15252837
4.766370814532646e+03,4.764606108650293e+03,5.882352941176471e-01,15252842
4.766516455962166e+03,4.761222338315108e+03,1.764705882352941e+00,15252840
4.767702223361050e+03,4.762408105713991e+03,1.764705882352941e+00,15252841
4.768135520414999e+03,4.765374279215450e+03,5.882352941176471e-01,15252843
4.769466929243403e+03,4.766574541502895e+03,5.882352941176471e-01,15252845
4.770045867726872e+03,4.765569000563442e+03,1.176470588235294e+00,15252844
4.771810573609225e+03,4.769622121856989e+03,5.882352941176471e-01,15252848
4.773429638062058e+03,4.766950429638425e+03,1.764705882352941e+00,15252846
4.774761046890461e+03,4.767503146096742e+03,1.764705882352941e+00,15252847
4.775194343944411e+03,4.772704508426726e+03,5.882352941176471e-01,15252850
4.776525752772814e+03,4.772876096060101e+03,5.882352941176471e-01,15252851
4.776959049826764e+03,4.772925484666673e+03,5.882352941176471e-01,15252852
4.777104691256284e+03,4.771302869779222e+03,1.764705882352941e+00,15252849
4.778869397138637e+03,4.774475047486785e+03,5.882352941176471e-01,15252855
4.780055164537520e+03,4.772975793529406e+03,1.176470588235294e+00,15252853
4.780634103020990e+03,4.776095535224805e+03,5.882352941176471e-01,15252856
4.781819870419873e+03,4.776543284581784e+03,5.882352941176471e-01,15252857
4.782253167473823e+03,4.773302778478373e+03,1.764705882352941e+00,15252854
4.782398808903343e+03,4.777070295042692e+03,5.882352941176471e-01,15252858
4.784017873356176e+03,4.778371489883037e+03,5.882352941176471e-01,15252860
4.784163514785696e+03,4.780275567344583e+03,5.882352941176471e-01,15252861
4.787113988066932e+03,4.777979033639681e+03,1.764705882352941e+00,15252859
4.789311991003234e+03,4.781832427143785e+03,1.764705882352941e+00,15252862
4.789457632432755e+03,4.783178680059996e+03,1.764705882352941e+00,15252863
4.790643399831638e+03,4.783983645451752e+03,1.176470588235294e+00,15252864
4.794606108650293e+03,4.785385459618947e+03,1.764705882352941e+00,15252865
4.794751750079813e+03,4.785403735048313e+03,1.764705882352941e+00,15252866
4.795937517478697e+03,4.786289766653574e+03,1.764705882352941e+00,15252867
4.796370814532646e+03,4.786646549668125e+03,5.882352941176471e-01,15252868
4.796516455962166e+03,4.787553129863163e+03,5.882352941176471e-01,15252869
4.797702223361050e+03,4.787956271549425e+03,5.882352941176471e-01,15252870
4.798135520414999e+03,4.789323525575831e+03,5.882352941176471e-01,15252871
4.799900226297352e+03,4.794019789147574e+03,5.882352941176471e-01,15252874
4.801664932179705e+03,4.796276685523195e+03,5.882352941176471e-01,15252875
4.801810573609225e+03,4.789717997018703e+03,1.764705882352941e+00,15252872
4.802996341008108e+03,4.793317829982273e+03,1.764705882352941e+00,15252873
4.803429638062058e+03,4.797265569014538e+03,5.882352941176471e-01,15252876
4.803575279491578e+03,4.797935418086956e+03,5.882352941176471e-01,15252877
4.805194343944411e+03,4.798638472878474e+03,5.882352941176471e-01,15252879
4.805339985373931e+03,4.799167750957521e+03,5.882352941176471e-01,15252880
4.806959049826764e+03,4.799810997974305e+03,5.882352941176471e-01,15252881
4.807104691256284e+03,4.800545710285823e+03,5.882352941176471e-01,15252882
4.808290458655167e+03,4.797954079709485e+03,1.764705882352941e+00,15252878
4.808723755709117e+03,4.803603479009289e+03,5.882352941176471e-01,15252883
4.808869397138637e+03,4.803680556401475e+03,5.882352941176471e-01,15252884
4.810488461591470e+03,4.804346628637868e+03,5.882352941176471e-01,15252886
4.810634103020990e+03,4.805152357899173e+03,5.882352941176471e-01,15252887
4.812253167473823e+03,4.805307788271736e+03,5.882352941176471e-01,15252888
4.812398808903343e+03,4.807183776396155e+03,5.882352941176471e-01,15252889
4.813584576302226e+03,4.803852149725040e+03,1.764705882352941e+00,15252885
4.815349282184579e+03,4.808318406452871e+03,5.882352941176471e-01,15252892
4.817547285120882e+03,4.807254606727203e+03,1.764705882352941e+00,15252890
4.817692926550402e+03,4.807769112494326e+03,1.764705882352941e+00,15252891
4.819311991003234e+03,4.809838386482363e+03,5.882352941176471e-01,15252894
4.819457632432755e+03,4.814008828058309e+03,5.882352941176471e-01,15252895
4.820643399831638e+03,4.808562450833594e+03,1.764705882352941e+00,15252893
4.823285586924875e+03,4.821520881042522e+03,5.882352941176471e-01,15252898
4.824606108650293e+03,4.816205262747862e+03,1.764705882352941e+00,15252896
4.825050292807228e+03,4.822445375818806e+03,5.882352941176471e-01,15252899
4.825350237900294e+03,4.820056120253235e+03,1.764705882352941e+00,15252897
4.826370814532646e+03,4.822682067276827e+03,5.882352941176471e-01,15252900
4.826814998689581e+03,4.823214782474573e+03,5.882352941176471e-01,15252901
4.828135520414999e+03,4.824382294984133e+03,5.882352941176471e-01,15252903
4.828579704571934e+03,4.824956271027059e+03,5.882352941176471e-01,15252904
4.830644355547353e+03,4.823219320182776e+03,1.764705882352941e+00,15252902
4.831664932179705e+03,4.826738424963903e+03,1.176470588235294e+00,15252905
4.832409061429706e+03,4.827151704658118e+03,5.882352941176471e-01,15252907
4.833873822218993e+03,4.826927949794459e+03,1.764705882352941e+00,15252906
4.834173767312059e+03,4.829435993258052e+03,5.882352941176471e-01,15252909
4.835638528101346e+03,4.830509562510350e+03,5.882352941176471e-01,15252910
4.835938473194412e+03,4.831507036861201e+03,5.882352941176471e-01,15252911
4.836959049826764e+03,4.829039716034130e+03,1.764705882352941e+00,15252908
4.837403233983699e+03,4.833749948210836e+03,5.882352941176471e-01,15252912
4.837703179076765e+03,4.834417195401535e+03,5.882352941176471e-01,15252913
4.838723755709117e+03,4.834541143655860e+03,5.882352941176471e-01,15252914
4.839167939866051e+03,4.834560673270799e+03,5.882352941176471e-01,15252915
4.840488461591470e+03,4.837088331908238e+03,5.882352941176471e-01,15252917
4.840932645748404e+03,4.837095524574930e+03,5.882352941176471e-01,15252918
4.842997296723823e+03,4.837079424982071e+03,1.764705882352941e+00,15252916
4.843064715368198e+03,4.841300009485845e+03,5.882352941176471e-01,15252920
4.844762002606176e+03,4.841486533238278e+03,5.882352941176471e-01,15252921
4.845386704283141e+03,4.843621998400788e+03,5.882352941176471e-01,15252922
4.845782579238529e+03,4.837990967746096e+03,1.764705882352941e+00,15252919
4.847151410165494e+03,4.845207736450281e+03,5.882352941176471e-01,15252924
4.847547285120882e+03,4.845362611852621e+03,5.882352941176471e-01,15252925
4.850056120253235e+03,4.843669547875223e+03,1.764705882352941e+00,15252923
4.851820826135588e+03,4.847045772358436e+03,5.882352941176471e-01,15252928
4.852445527812553e+03,4.845385458420677e+03,1.764705882352941e+00,15252926
4.852841402767940e+03,4.847039644622824e+03,1.764705882352941e+00,15252927
4.853585532017941e+03,4.847145569345980e+03,5.882352941176471e-01,15252929
4.854210233694906e+03,4.848207141348400e+03,5.882352941176471e-01,15252930
4.854606108650293e+03,4.848557458676663e+03,5.882352941176471e-01,15252931
4.855350237900294e+03,4.848814604585898e+03,5.882352941176471e-01,15252932
4.855974939577259e+03,4.851912542909856e+03,5.882352941176471e-01,15252933
4.857114943782647e+03,4.854953233934501e+03,5.882352941176471e-01,15252935
4.857739645459612e+03,4.855297250813016e+03,5.882352941176471e-01,15252936
4.859900226297352e+03,4.854098245386002e+03,1.764705882352941e+00,15252934
4.861269057224318e+03,4.857277979806729e+03,1.176470588235294e+00,15252938
4.862409061429706e+03,4.856485204479238e+03,1.764705882352941e+00,15252937
4.864798468989024e+03,4.858394587945857e+03,1.176470588235294e+00,15252940
4.865194343944411e+03,4.858166644300993e+03,1.764705882352941e+00,15252939
4.865938473194412e+03,4.858593854131808e+03,1.176470588235294e+00,15252941
4.867703179076765e+03,4.860308260959874e+03,5.882352941176471e-01,15252944
4.869467884959117e+03,4.860565733025596e+03,5.882352941176471e-01,15252945
4.870092586636082e+03,4.858656161761072e+03,1.764705882352941e+00,15252942
4.870488461591470e+03,4.859354483339788e+03,1.764705882352941e+00,15252943
4.871857292518435e+03,4.861273268186601e+03,5.882352941176471e-01,15252947
4.872253167473823e+03,4.866633053175613e+03,5.882352941176471e-01,15252948
4.874017873356176e+03,4.871075782447656e+03,5.882352941176471e-01,15252950
4.874762002606176e+03,4.860711246914912e+03,1.764705882352941e+00,15252946
4.875386704283141e+03,4.870880857829486e+03,1.176470588235294e+00,15252949
4.875782579238529e+03,4.871154417498680e+03,5.882352941176471e-01,15252951
4.877151410165494e+03,4.872484049094218e+03,5.882352941176471e-01,15252953
4.878291414370882e+03,4.871972969951697e+03,1.176470588235294e+00,15252952
4.880056120253235e+03,4.875619666976609e+03,5.882352941176471e-01,15252956
4.880680821930200e+03,4.873188685934210e+03,1.176470588235294e+00,15252955
4.881076696885587e+03,4.872543023929763e+03,1.764705882352941e+00,15252954
4.881820826135588e+03,4.877646527563892e+03,5.882352941176471e-01,15252957
4.882841402767940e+03,4.880514784580073e+03,5.882352941176471e-01,15252959
4.885974939577259e+03,4.879055397241353e+03,1.764705882352941e+00,15252958
4.888341290914717e+03,4.883047173267658e+03,1.764705882352941e+00,15252960
4.889545012541160e+03,4.887780306658807e+03,5.882352941176471e-01,15252962
4.890105996797070e+03,4.888329215843715e+03,5.882352941176471e-01,15252963
4.890808097293199e+03,4.887278685528493e+03,1.176470588235294e+00,15252961
4.896548006183373e+03,4.894783300301020e+03,5.882352941176471e-01,15252966
4.897858158925353e+03,4.894328747160647e+03,1.176470588235294e+00,15252965
4.898075801056395e+03,4.892781683409336e+03,1.764705882352941e+00,15252964
4.898312712065726e+03,4.895300936120504e+03,5.882352941176471e-01,15252967
4.899933633375363e+03,4.898168927493010e+03,5.882352941176471e-01,15252969
4.900202744559671e+03,4.898438038677318e+03,5.882352941176471e-01,15252970
4.901387570690059e+03,4.896708570593959e+03,1.176470588235294e+00,15252968
4.903152276572412e+03,4.899297725402799e+03,5.882352941176471e-01,15252973
4.904916982454765e+03,4.899367307768135e+03,5.882352941176471e-01,15252974
4.905227751022421e+03,4.898556177501147e+03,1.764705882352941e+00,15252971
4.905496862206730e+03,4.898586214057753e+03,1.764705882352941e+00,15252972
4.906992456904774e+03,4.900565018611467e+03,5.882352941176471e-01,15252976
4.907261568089083e+03,4.901207656245035e+03,5.882352941176471e-01,15252977
4.909026273971436e+03,4.902069001442096e+03,5.882352941176471e-01,15252979
4.910211100101824e+03,4.900538722218787e+03,1.764705882352941e+00,15252975
4.910521868669480e+03,4.901470669743569e+03,1.176470588235294e+00,15252978
4.910790979853788e+03,4.902202789398522e+03,5.882352941176471e-01,15252980
4.911975805984177e+03,4.902496242908687e+03,5.882352941176471e-01,15252981
4.914051280434186e+03,4.905653003355677e+03,1.176470588235294e+00,15252982
4.914320391618494e+03,4.905912196137824e+03,1.176470588235294e+00,15252983
4.915505217748883e+03,4.906225238120473e+03,1.176470588235294e+00,15252984
4.915815986316539e+03,4.906521959490426e+03,5.882352941176471e-01,15252985
4.916085097500847e+03,4.906605828269986e+03,5.882352941176471e-01,15252986
4.917269923631236e+03,4.907149243580632e+03,5.882352941176471e-01,15252987
4.917849803383200e+03,4.911283138793201e+03,5.882352941176471e-01,15252989
4.919034629513589e+03,4.911699223396843e+03,5.882352941176471e-01,15252990
4.919614509265553e+03,4.911774892259133e+03,5.882352941176471e-01,15252991
4.920799335395942e+03,4.912760713639974e+03,5.882352941176471e-01,15252992
4.921110103963598e+03,4.909764823296647e+03,1.764705882352941e+00,15252988
4.921379215147906e+03,4.914897674722688e+03,5.882352941176471e-01,15252993
4.922564041278295e+03,4.916490826822417e+03,5.882352941176471e-01,15252994
4.922874809845951e+03,4.917291378138091e+03,5.882352941176471e-01,15252995
4.924328747160647e+03,4.920576388983771e+03,5.882352941176471e-01,15252997
4.926093453043000e+03,4.921486770719728e+03,5.882352941176471e-01,15252999
4.926673332794965e+03,4.919546394618194e+03,1.764705882352941e+00,15252996
4.928168927493010e+03,4.920996063167350e+03,1.764705882352941e+00,15252998
4.931387570690059e+03,4.921948037799298e+03,1.764705882352941e+00,15253000
4.931967450442024e+03,4.922873114547411e+03,1.764705882352941e+00,15253001
4.933152276572412e+03,4.924138190655783e+03,5.882352941176471e-01,15253003
4.933463045140069e+03,4.923836104648546e+03,1.764705882352941e+00,15253002
4.933732156324377e+03,4.924529429941233e+03,5.882352941176471e-01,15253004
4.935227751022421e+03,4.927873942056562e+03,5.882352941176471e-01,15253006
4.935496862206730e+03,4.928267514003603e+03,5.882352941176471e-01,15253007
4.937261568089083e+03,4.930786773965432e+03,5.882352941176471e-01,15253009
4.938446394219471e+03,4.925748505669394e+03,1.764705882352941e+00,15253005
4.940521868669480e+03,4.929380816889010e+03,1.764705882352941e+00,15253008
4.941975805984177e+03,4.931903529567658e+03,1.176470588235294e+00,15253011
4.942286574551833e+03,4.932064411371222e+03,5.882352941176471e-01,15253012
4.942555685736141e+03,4.931614586138928e+03,1.764705882352941e+00,15253010
4.943740511866530e+03,4.933483086299672e+03,5.882352941176471e-01,15253013
4.944051280434186e+03,4.934118575712454e+03,5.882352941176471e-01,15253014
4.945505217748883e+03,4.936669113865479e+03,5.882352941176471e-01,15253016
4.945815986316539e+03,4.936799938931787e+03,5.882352941176471e-01,15253017
4.946085097500847e+03,4.936588776538599e+03,1.176470588235294e+00,15253015
4.947849803383200e+03,4.942724397417771e+03,5.882352941176471e-01,15253020
4.950799335395942e+03,4.941365721971730e+03,1.764705882352941e+00,15253018
4.951110103963598e+03,4.942387809135280e+03,1.764705882352941e+00,15253019
4.952564041278295e+03,4.945739984798151e+03,5.882352941176471e-01,15253022
4.952874809845951e+03,4.946642680461772e+03,5.882352941176471e-01,15253023
4.953143921030259e+03,4.945019580910345e+03,1.764705882352941e+00,15253021
4.956404221610657e+03,4.950036548092368e+03,1.176470588235294e+00,15253025
4.957858158925353e+03,4.949894441699016e+03,1.764705882352941e+00,15253024
4.958438038677318e+03,4.950250254034086e+03,1.764705882352941e+00,15253026
4.960202744559671e+03,4.952513371286091e+03,5.882352941176471e-01,15253029
4.961698339257716e+03,4.951092980970139e+03,1.764705882352941e+00,15253027
4.963152276572412e+03,4.951795862261530e+03,1.764705882352941e+00,15253028
4.963463045140069e+03,4.953992124890381e+03,5.882352941176471e-01,15253031
4.964916982454765e+03,4.954212742649151e+03,5.882352941176471e-01,15253032
4.965227751022421e+03,4.956281053994388e+03,5.882352941176471e-01,15253033
4.965496862206730e+03,4.953110730194563e+03,1.764705882352941e+00,15253030
4.967261568089083e+03,4.958809692479596e+03,5.882352941176471e-01,15253036
4.968446394219471e+03,4.958028535319875e+03,1.176470588235294e+00,15253034
4.968757162787127e+03,4.958423684566899e+03,1.176470588235294e+00,15253035
4.970211100101824e+03,4.961144966467271e+03,5.882352941176471e-01,15253038
4.970521868669480e+03,4.963178698692901e+03,5.882352941176471e-01,15253039
4.972286574551833e+03,4.964468491624831e+03,5.882352941176471e-01,15253041
4.972555685736141e+03,4.958861486432163e+03,1.764705882352941e+00,15253037
4.974320391618494e+03,4.965570228649437e+03,5.882352941176471e-01,15253043
4.975505217748883e+03,4.963255485343113e+03,1.764705882352941e+00,15253040
4.976085097500847e+03,4.965853350865792e+03,5.882352941176471e-01,15253044
4.977580692198892e+03,4.965268070644031e+03,1.764705882352941e+00,15253042
4.977849803383200e+03,4.967714649694745e+03,5.882352941176471e-01,15253046
4.980799335395942e+03,4.966874610445185e+03,1.764705882352941e+00,15253045
4.982564041278295e+03,4.973432389316708e+03,5.882352941176471e-01,15253049
4.982874809845951e+03,4.969565113000179e+03,1.764705882352941e+00,15253047
4.983143921030259e+03,4.970433876313448e+03,1.764705882352941e+00,15253048
4.984639515728304e+03,4.974600818018353e+03,5.882352941176471e-01,15253051
4.984908626912612e+03,4.975226749212619e+03,5.882352941176471e-01,15253052
4.986673332794965e+03,4.976893522049921e+03,5.882352941176471e-01,15253054
4.987858158925353e+03,4.974381147384151e+03,1.764705882352941e+00,15253050
4.988438038677318e+03,4.977248186607698e+03,5.882352941176471e-01,15253055
4.989933633375363e+03,4.976567029022691e+03,1.764705882352941e+00,15253053
4.990202744559671e+03,4.978045960486152e+03,5.882352941176471e-01,15253057
4.991387570690059e+03,4.977794061025016e+03,1.176470588235294e+00,15253056
4.991698339257716e+03,4.978244641576361e+03,5.882352941176471e-01,15253058
4.991967450442024e+03,4.978423194821075e+03,5.882352941176471e-01,15253059
4.993152276572412e+03,4.978438591648024e+03,5.882352941176471e-01,15253060
4.996992456904774e+03,4.979074006027396e+03,1.764705882352941e+00,15253061
4.997261568089083e+03,4.979377455876253e+03,1.764705882352941e+00,15253062
4.998446394219471e+03,4.979751543749981e+03,1.764705882352941e+00,15253063
4.999026273971436e+03,4.983885357992391e+03,5.882352941176471e-01,15253065
5.000211100101824e+03,4.983986363742492e+03,5.882352941176471e-01,15253066
5.000790979853788e+03,4.985054385211460e+03,5.882352941176471e-01,15253067
5.001975805984177e+03,4.985726055180667e+03,5.882352941176471e-01,15253068
5.002286574551833e+03,4.980928224054711e+03,1.764705882352941e+00,15253064
5.002555685736141e+03,4.987912873316922e+03,5.882352941176471e-01,15253069
5.007269923631236e+03,4.989988561173935e+03,1.764705882352941e+00,15253070
5.007580692198892e+03,4.991459316640767e+03,1.764705882352941e+00,15253071
5.007849803383200e+03,4.991514684788578e+03,1.764705882352941e+00,15253072
5.009034629513589e+03,4.994054120359245e+03,5.882352941176471e-01,15253073
5.011110103963598e+03,4.995545784855960e+03,1.176470588235294e+00,15253074
5.011379215147906e+03,4.996817565886869e+03,1.176470588235294e+00,15253075
5.012564041278295e+03,4.998207140660316e+03,1.176470588235294e+00,15253076
5.012874809845951e+03,4.999840147851809e+03,5.882352941176471e-01,15253077
5.013143921030259e+03,5.000028033821992e+03,5.882352941176471e-01,15253078
5.014639515728304e+03,5.001166364085947e+03,5.882352941176471e-01,15253080
5.016093453043000e+03,5.000948328282105e+03,1.176470588235294e+00,15253079
5.016404221610657e+03,5.002824141908574e+03,5.882352941176471e-01,15253082
5.016673332794965e+03,5.001769191539631e+03,1.176470588235294e+00,15253081
5.018438038677318e+03,5.006466249700479e+03,5.882352941176471e-01,15253085
5.020202744559671e+03,5.006557248841936e+03,5.882352941176471e-01,15253086
5.021387570690059e+03,5.003737738077541e+03,1.764705882352941e+00,15253083
5.021698339257716e+03,5.004932250009652e+03,1.764705882352941e+00,15253084
5.025227751022421e+03,5.009462565647877e+03,1.176470588235294e+00,15253089
5.025496862206730e+03,5.007518212875163e+03,1.764705882352941e+00,15253087
5.026681688337118e+03,5.007831996125372e+03,1.764705882352941e+00,15253088
5.027261568089083e+03,5.010683193282089e+03,5.882352941176471e-01,15253091
5.028446394219471e+03,5.010692584606443e+03,5.882352941176471e-01,15253092
5.029026273971436e+03,5.011201826097229e+03,5.882352941176471e-01,15253093
5.030211100101824e+03,5.011596394639369e+03,5.882352941176471e-01,15253094
5.030521868669480e+03,5.010096488418414e+03,1.764705882352941e+00,15253090
5.030790979853788e+03,5.011672951894143e+03,5.882352941176471e-01,15253095
5.031975805984177e+03,5.013519975323370e+03,5.882352941176471e-01,15253096
5.034051280434186e+03,5.015119449086511e+03,1.176470588235294e+00,15253097
5.036085097500847e+03,5.015933339029918e+03,1.764705882352941e+00,15253098
5.037269923631236e+03,5.017053284170200e+03,1.764705882352941e+00,15253099
5.039034629513589e+03,5.020246825175810e+03,5.882352941176471e-01,15253102
5.039345398081245e+03,5.017426169646673e+03,1.764705882352941e+00,15253100
5.041110103963598e+03,5.021128620099713e+03,5.882352941176471e-01,15253104
5.041379215147906e+03,5.018006239548236e+03,1.764705882352941e+00,15253101
5.044328747160647e+03,5.021072373769443e+03,1.764705882352941e+00,15253103
5.044639515728304e+03,5.022017726746100e+03,1.176470588235294e+00,15253105
5.046093453043000e+03,5.022697232239171e+03,5.882352941176471e-01,15253107
5.046404221610657e+03,5.023071279846041e+03,5.882352941176471e-01,15253108
5.046673332794965e+03,5.022490696541221e+03,1.764705882352941e+00,15253106
5.049933633375363e+03,5.027987143283938e+03,1.176470588235294e+00,15253110
5.051387570690059e+03,5.026088428215797e+03,1.764705882352941e+00,15253109
5.051698339257716e+03,5.028381700665508e+03,5.882352941176471e-01,15253112
5.051967450442024e+03,5.028320156960442e+03,1.764705882352941e+00,15253111
5.053152276572412e+03,5.028454738177639e+03,5.882352941176471e-01,15253113
5.053463045140069e+03,5.030335729439884e+03,5.882352941176471e-01,15253114
5.053732156324377e+03,5.031715167813547e+03,5.882352941176471e-01,15253115
5.054916982454765e+03,5.032302182363446e+03,5.882352941176471e-01,15253116
5.055227751022421e+03,5.035095680839331e+03,5.882352941176471e-01,15253117
5.055496862206730e+03,5.035173759119954e+03,5.882352941176471e-01,15253118
5.056681688337118e+03,5.036713518112457e+03,5.882352941176471e-01,15253119
5.056992456904774e+03,5.037005375393839e+03,5.882352941176471e-01,15253120
5.057261568089083e+03,5.037392872469668e+03,5.882352941176471e-01,15253121
5.058757162787127e+03,5.037783745249393e+03,5.882352941176471e-01,15253123
5.060521868669480e+03,5.041041703375402e+03,5.882352941176471e-01,15253125
5.061975805984177e+03,5.037638840594213e+03,1.764705882352941e+00,15253122
5.062286574551833e+03,5.041793916721277e+03,5.882352941176471e-01,15253126
5.062555685736141e+03,5.038712931810494e+03,1.764705882352941e+00,15253124
5.064051280434186e+03,5.046004501928727e+03,5.882352941176471e-01,15253128
5.064320391618494e+03,5.047307593502320e+03,5.882352941176471e-01,15253129
5.065815986316539e+03,5.049151181113913e+03,5.882352941176471e-01,15253130
5.067269923631236e+03,5.042109691803804e+03,1.764705882352941e+00,15253127
5.069614509265553e+03,5.050850680029677e+03,1.764705882352941e+00,15253131
5.071110103963598e+03,5.050955384862081e+03,1.764705882352941e+00,15253132
5.072564041278295e+03,5.051340990312472e+03,1.764705882352941e+00,15253133
5.073143921030259e+03,5.052035157644895e+03,1.176470588235294e+00,15253134
5.074328747160647e+03,5.054708655992183e+03,5.882352941176471e-01,15253136
5.074908626912612e+03,5.055596757689131e+03,5.882352941176471e-01,15253137
5.076093453043000e+03,5.057241633849713e+03,5.882352941176471e-01,15253138
5.076404221610657e+03,5.054231421591981e+03,1.764705882352941e+00,15253135
5.076673332794965e+03,5.057384263488848e+03,5.882352941176471e-01,15253139
5.081387570690059e+03,5.057939630260200e+03,1.764705882352941e+00,15253140
5.081698339257716e+03,5.058066132849352e+03,1.764705882352941e+00,15253141
5.081967450442024e+03,5.058977623109873e+03,1.764705882352941e+00,15253142
5.083152276572412e+03,5.059345474130454e+03,5.882352941176471e-01,15253143
5.083463045140069e+03,5.060440108343779e+03,5.882352941176471e-01,15253144
5.083732156324377e+03,5.061122205302163e+03,5.882352941176471e-01,15253145
5.085227751022421e+03,5.068231027947806e+03,5.882352941176471e-01,15253147
5.088446394219471e+03,5.063219198459161e+03,1.764705882352941e+00,15253146
5.088757162787127e+03,5.072020292886884e+03,1.176470588235294e+00,15253149
5.089026273971436e+03,5.070549822674014e+03,1.764705882352941e+00,15253148
5.090211100101824e+03,5.073135878820986e+03,5.882352941176471e-01,15253150
5.090790979853788e+03,5.074902428469950e+03,5.882352941176471e-01,15253152
5.091975805984177e+03,5.076055584997064e+03,5.882352941176471e-01,15253153
5.092555685736141e+03,5.077647735756074e+03,5.882352941176471e-01,15253154
5.093740511866530e+03,5.078866182349270e+03,5.882352941176471e-01,15253155
5.094051280434186e+03,5.074860062824684e+03,1.764705882352941e+00,15253151
5.094320391618494e+03,5.080215044770761e+03,5.882352941176471e-01,15253156
5.095505217748883e+03,5.080607388797638e+03,5.882352941176471e-01,15253157
5.099345398081245e+03,5.081536466438475e+03,1.764705882352941e+00,15253158
5.099614509265553e+03,5.081942085702832e+03,1.764705882352941e+00,15253159
5.100799335395942e+03,5.084795444688228e+03,1.764705882352941e+00,15253160
5.101379215147906e+03,5.085760615054083e+03,5.882352941176471e-01,15253162
5.102564041278295e+03,5.086623337402516e+03,5.882352941176471e-01,15253163
5.103143921030259e+03,5.087099179489267e+03,5.882352941176471e-01,15253164
5.104639515728304e+03,5.085167329404762e+03,1.764705882352941e+00,15253161
5.104908626912612e+03,5.088964147849319e+03,5.882352941176471e-01,15253166
5.106673332794965e+03,5.089284742350532e+03,5.882352941176471e-01,15253168
5.107858158925353e+03,5.088544040427228e+03,1.764705882352941e+00,15253165
5.108438038677318e+03,5.089824977082215e+03,5.882352941176471e-01,15253169
5.109933633375363e+03,5.089085776742453e+03,1.764705882352941e+00,15253167
5.110202744559671e+03,5.090848168878720e+03,5.882352941176471e-01,15253171
5.111698339257716e+03,5.091640258388920e+03,5.882352941176471e-01,15253172
5.111967450442024e+03,5.091721621072229e+03,5.882352941176471e-01,15253173
5.113152276572412e+03,5.089976268545718e+03,1.764705882352941e+00,15253170
5.113463045140069e+03,5.093660087268085e+03,5.882352941176471e-01,15253174
5.113732156324377e+03,5.094316294882971e+03,5.882352941176471e-01,15253175
5.116681688337118e+03,5.095654031047877e+03,1.176470588235294e+00,15253176
5.116992456904774e+03,5.099780503562123e+03,1.176470588235294e+00,15253177
5.118446394219471e+03,5.107438742900230e+03,5.882352941176471e-01,15253179
5.119026273971436e+03,5.103501471853529e+03,1.764705882352941e+00,15253178
5.120521868669480e+03,5.107928172980390e+03,1.176470588235294e+00,15253180
5.120790979853788e+03,5.110696074823159e+03,5.882352941176471e-01,15253182
5.122286574551833e+03,5.114374024271753e+03,5.882352941176471e-01,15253183
5.123740511866530e+03,5.110474773006734e+03,1.764705882352941e+00,15253181
5.125505217748883e+03,5.118159943477714e+03,5.882352941176471e-01,15253186
5.126085097500847e+03,5.115434703570614e+03,1.764705882352941e+00,15253184
5.127580692198892e+03,5.117650042554641e+03,1.764705882352941e+00,15253185
5.129034629513589e+03,5.118287914032310e+03,1.176470588235294e+00,15253187
5.129614509265553e+03,5.119874014678352e+03,1.176470588235294e+00,15253188
5.130799335395942e+03,5.124114921871241e+03,5.882352941176471e-01,15253190
5.131379215147906e+03,5.124337261958477e+03,5.882352941176471e-01,15253191
5.132564041278295e+03,5.124765231710385e+03,5.882352941176471e-01,15253192
5.132874809845951e+03,5.120076307118847e+03,1.764705882352941e+00,15253189
5.133143921030259e+03,5.126225934212172e+03,5.882352941176471e-01,15253193
5.134328747160647e+03,5.127069973143957e+03,5.882352941176471e-01,15253194
5.134639515728304e+03,5.128986867487457e+03,5.882352941176471e-01,15253195
5.134908626912612e+03,5.129270447259020e+03,5.882352941176471e-01,15253196
5.136093453043000e+03,5.131147714701571e+03,5.882352941176471e-01,15253197
5.136404221610657e+03,5.131154130624538e+03,5.882352941176471e-01,15253198
5.136673332794965e+03,5.132401702389637e+03,5.882352941176471e-01,15253199
5.138438038677318e+03,5.135180834483726e+03,5.882352941176471e-01,15253202
5.140202744559671e+03,5.136821932827470e+03,5.882352941176471e-01,15253203
5.141387570690059e+03,5.134140364646400e+03,1.764705882352941e+00,15253200
5.141698339257716e+03,5.134683929537659e+03,1.764705882352941e+00,15253201
5.143152276572412e+03,5.138743662662835e+03,5.882352941176471e-01,15253205
5.144916982454765e+03,5.140650428616266e+03,5.882352941176471e-01,15253207
5.145496862206730e+03,5.138308565691418e+03,1.764705882352941e+00,15253204
5.146992456904774e+03,5.138804490844639e+03,1.764705882352941e+00,15253206
5.147261568089083e+03,5.141366524427929e+03,5.882352941176471e-01,15253209
5.148757162787127e+03,5.141429025740553e+03,5.882352941176471e-01,15253210
5.150211100101824e+03,5.140971992345705e+03,1.764705882352941e+00,15253208
5.150790979853788e+03,5.142136087713440e+03,1.176470588235294e+00,15253211
5.152555685736141e+03,5.147533241194026e+03,5.882352941176471e-01,15253214
5.154051280434186e+03,5.142839325099415e+03,1.764705882352941e+00,15253212
5.155505217748883e+03,5.144022637487995e+03,1.764705882352941e+00,15253213
5.155815986316539e+03,5.153551308681348e+03,5.882352941176471e-01,15253216
5.157269923631236e+03,5.153949092690186e+03,5.882352941176471e-01,15253217
5.157849803383200e+03,5.150073360222170e+03,1.764705882352941e+00,15253215
5.159034629513589e+03,5.155255242426990e+03,5.882352941176471e-01,15253219
5.159614509265553e+03,5.156370620284425e+03,5.882352941176471e-01,15253220
5.161110103963598e+03,5.154891202986207e+03,1.764705882352941e+00,15253218
5.162874809845951e+03,5.157300777897326e+03,5.882352941176471e-01,15253223
5.164328747160647e+03,5.156518070710284e+03,1.764705882352941e+00,15253221
5.164639515728304e+03,5.157757652265628e+03,5.882352941176471e-01,15253224
5.164908626912612e+03,5.156751024815716e+03,1.764705882352941e+00,15253222
5.166093453043000e+03,5.158629691047215e+03,5.882352941176471e-01,15253225
5.167858158925353e+03,5.161467545649200e+03,5.882352941176471e-01,15253228
5.169933633375363e+03,5.159141627153427e+03,1.764705882352941e+00,15253226
5.170202744559671e+03,5.160826261731493e+03,1.764705882352941e+00,15253227
5.171698339257716e+03,5.162605037224698e+03,5.882352941176471e-01,15253230
5.173152276572412e+03,5.161636726941846e+03,1.764705882352941e+00,15253229
5.173463045140069e+03,5.163049373840079e+03,5.882352941176471e-01,15253232
5.174916982454765e+03,5.163121410164864e+03,5.882352941176471e-01,15253233
5.175496862206730e+03,5.162990328439683e+03,1.764705882352941e+00,15253231
5.176992456904774e+03,5.164974742462018e+03,1.176470588235294e+00,15253234
5.177261568089083e+03,5.165506926074936e+03,5.882352941176471e-01,15253236
5.178757162787127e+03,5.165989931382681e+03,5.882352941176471e-01,15253237
5.179026273971436e+03,5.166660731983636e+03,5.882352941176471e-01,15253238
5.180211100101824e+03,5.165370347276771e+03,1.764705882352941e+00,15253235
5.180521868669480e+03,5.166742514455821e+03,5.882352941176471e-01,15253239
5.180790979853788e+03,5.167392039380650e+03,5.882352941176471e-01,15253240
5.182286574551833e+03,5.169988129056285e+03,5.882352941176471e-01,15253242
5.182555685736141e+03,5.170222000042728e+03,5.882352941176471e-01,15253243
5.184051280434186e+03,5.171760678301321e+03,5.882352941176471e-01,15253244
5.184320391618494e+03,5.173195242664452e+03,5.882352941176471e-01,15253245
5.185505217748883e+03,5.168365409614033e+03,1.764705882352941e+00,15253241
5.187269923631236e+03,5.175820647447574e+03,5.882352941176471e-01,15253248
5.187580692198892e+03,5.173662703165192e+03,1.176470588235294e+00,15253246
5.187849803383200e+03,5.175316276368643e+03,1.176470588235294e+00,15253247
5.189345398081245e+03,5.177491924519979e+03,5.882352941176471e-01,15253250
5.191110103963598e+03,5.178075702071024e+03,5.882352941176471e-01,15253252
5.192564041278295e+03,5.176430294217045e+03,1.764705882352941e+00,15253249
5.193143921030259e+03,5.177727921903531e+03,1.764705882352941e+00,15253251
5.194328747160647e+03,5.184332483838983e+03,5.882352941176471e-01,15253254
5.194908626912612e+03,5.184414176843985e+03,5.882352941176471e-01,15253255
5.196093453043000e+03,5.185426140998417e+03,5.882352941176471e-01,15253256
5.196404221610657e+03,5.183879241144177e+03,1.764705882352941e+00,15253253
5.196673332794965e+03,5.187311949316132e+03,5.882352941176471e-01,15253257
5.197858158925353e+03,5.189409366475766e+03,5.882352941176471e-01,15253258
5.198438038677318e+03,5.192000198579787e+03,5.882352941176471e-01,15253260
5.199933633375363e+03,5.189589480711415e+03,1.176470588235294e+00,15253259
5.201387570690059e+03,5.192023515914717e+03,1.176470588235294e+00,15253261
5.201698339257716e+03,5.196960678764205e+03,5.882352941176471e-01,15253263
5.203152276572412e+03,5.197755625423021e+03,5.882352941176471e-01,15253264
5.203463045140069e+03,5.197983699446693e+03,5.882352941176471e-01,15253265
5.203732156324377e+03,5.194342368435303e+03,1.764705882352941e+00,15253262
5.205227751022421e+03,5.201635539473983e+03,5.882352941176471e-01,15253267
5.208446394219471e+03,5.201280941316423e+03,1.764705882352941e+00,15253266
5.209026273971436e+03,5.201694062114314e+03,1.764705882352941e+00,15253268
5.210211100101824e+03,5.205173037280213e+03,5.882352941176471e-01,15253270
5.210521868669480e+03,5.202446233018454e+03,1.764705882352941e+00,15253269
5.210790979853788e+03,5.205684401936027e+03,5.882352941176471e-01,15253271
5.212286574551833e+03,5.206369815098916e+03,5.882352941176471e-01,15253273
5.212555685736141e+03,5.207301618337955e+03,5.882352941176471e-01,15253274
5.213740511866530e+03,5.206357920789224e+03,1.176470588235294e+00,15253272
5.214051280434186e+03,5.208099285080959e+03,5.882352941176471e-01,15253275
5.215815986316539e+03,5.210923483883799e+03,5.882352941176471e-01,15253278
5.217580692198892e+03,5.214643864563983e+03,5.882352941176471e-01,15253279
5.217849803383200e+03,5.208479163837630e+03,1.764705882352941e+00,15253276
5.219034629513589e+03,5.209997235589968e+03,1.764705882352941e+00,15253277
5.219614509265553e+03,5.215234882192150e+03,5.882352941176471e-01,15253281
5.220799335395942e+03,5.215721895023760e+03,5.882352941176471e-01,15253282
5.222564041278295e+03,5.216895066632779e+03,5.882352941176471e-01,15253284
5.222874809845951e+03,5.214747662547651e+03,1.764705882352941e+00,15253280
5.224639515728304e+03,5.217333787738174e+03,5.882352941176471e-01,15253286
5.224908626912612e+03,5.215767192980521e+03,1.764705882352941e+00,15253283
5.226404221610657e+03,5.218672124155002e+03,5.882352941176471e-01,15253287
5.226673332794965e+03,5.219716711628253e+03,5.882352941176471e-01,15253288
5.227858158925353e+03,5.217280894968795e+03,1.764705882352941e+00,15253285
5.228168927493010e+03,5.220876664039260e+03,5.882352941176471e-01,15253289
5.229622864807706e+03,5.222975219026088e+03,5.882352941176471e-01,15253291
5.229933633375363e+03,5.225339936435920e+03,5.882352941176471e-01,15253292
5.231387570690059e+03,5.225753871142145e+03,5.882352941176471e-01,15253293
5.231698339257716e+03,5.226998800404508e+03,5.882352941176471e-01,15253294
5.231967450442024e+03,5.222371091522751e+03,1.764705882352941e+00,15253290
5.233152276572412e+03,5.228753936268099e+03,5.882352941176471e-01,15253295
5.233732156324377e+03,5.230604264114359e+03,5.882352941176471e-01,15253297
5.236992456904774e+03,5.229977924417269e+03,1.764705882352941e+00,15253296
5.238446394219471e+03,5.231401277631321e+03,1.764705882352941e+00,15253298
5.239026273971436e+03,5.231983469933673e+03,1.764705882352941e+00,15253299
5.240211100101824e+03,5.233800127432117e+03,5.882352941176471e-01,15253301
5.240790979853788e+03,5.233832649195242e+03,5.882352941176471e-01,15253302
5.242286574551833e+03,5.232032264320162e+03,1.764705882352941e+00,15253300
5.242555685736141e+03,5.235169624124305e+03,5.882352941176471e-01,15253304
5.243740511866530e+03,5.234194454807222e+03,1.176470588235294e+00,15253303
5.244320391618494e+03,5.236903926612176e+03,5.882352941176471e-01,15253306
5.247580692198892e+03,5.236444735013011e+03,1.764705882352941e+00,15253305
5.249034629513589e+03,5.238061526389751e+03,1.764705882352941e+00,15253307
5.249614509265553e+03,5.238279575309721e+03,1.764705882352941e+00,15253308
5.252874809845951e+03,5.239221291840794e+03,1.764705882352941e+00,15253309
5.254328747160647e+03,5.239310956664365e+03,1.764705882352941e+00,15253310
5.254639515728304e+03,5.241293097108182e+03,5.882352941176471e-01,15253312
5.254908626912612e+03,5.240966338396827e+03,1.764705882352941e+00,15253311
5.256404221610657e+03,5.241485285656127e+03,5.882352941176471e-01,15253314
5.256673332794965e+03,5.241954470438850e+03,5.882352941176471e-01,15253315
5.258438038677318e+03,5.244136575512782e+03,5.882352941176471e-01,15253317
5.259622864807706e+03,5.241337570118263e+03,1.764705882352941e+00,15253313
5.260202744559671e+03,5.244689046326687e+03,5.882352941176471e-01,15253318
5.261387570690059e+03,5.246258378497818e+03,5.882352941176471e-01,15253319
5.261698339257716e+03,5.243543802929233e+03,1.764705882352941e+00,15253316
5.263152276572412e+03,5.249202316807343e+03,5.882352941176471e-01,15253321
5.264916982454765e+03,5.251061535268772e+03,5.882352941176471e-01,15253323
5.265496862206730e+03,5.248918341177554e+03,1.764705882352941e+00,15253320
5.266681688337118e+03,5.253052780536286e+03,5.882352941176471e-01,15253324
5.266992456904774e+03,5.250007887017716e+03,1.764705882352941e+00,15253322
5.267261568089083e+03,5.255125764750748e+03,5.882352941176471e-01,15253325
5.268446394219471e+03,5.256195837763761e+03,5.882352941176471e-01,15253326
5.268757162787127e+03,5.256264383336192e+03,5.882352941176471e-01,15253327
5.269026273971436e+03,5.258159360078631e+03,5.882352941176471e-01,15253328
5.270211100101824e+03,5.258872162528143e+03,5.882352941176471e-01,15253329
5.270790979853788e+03,5.260083874344758e+03,5.882352941176471e-01,15253331
5.271975805984177e+03,5.261309889695909e+03,5.882352941176471e-01,15253332
5.273740511866530e+03,5.261637122396248e+03,5.882352941176471e-01,15253334
5.274051280434186e+03,5.259722312262708e+03,1.764705882352941e+00,15253330
5.275505217748883e+03,5.262945210737694e+03,5.882352941176471e-01,15253335
5.276085097500847e+03,5.261402903298048e+03,1.764705882352941e+00,15253333
5.277269923631236e+03,5.265745312869457e+03,5.882352941176471e-01,15253337
5.277849803383200e+03,5.266267804754541e+03,5.882352941176471e-01,15253338
5.279034629513589e+03,5.267452743519622e+03,5.882352941176471e-01,15253339
5.279345398081245e+03,5.264448441727776e+03,1.764705882352941e+00,15253336
5.280799335395942e+03,5.269392889109974e+03,5.882352941176471e-01,15253341
5.281110103963598e+03,5.273302695059596e+03,5.882352941176471e-01,15253342
5.282564041278295e+03,5.278693072202329e+03,5.882352941176471e-01,15253343
5.283143921030259e+03,5.269002912796122e+03,1.764705882352941e+00,15253340
5.286093453043000e+03,5.279553178103443e+03,1.176470588235294e+00,15253345
5.286404221610657e+03,5.278831836177010e+03,1.764705882352941e+00,15253344
5.287858158925353e+03,5.281535103549568e+03,5.882352941176471e-01,15253347
5.288438038677318e+03,5.280207852991733e+03,1.764705882352941e+00,15253346
5.289622864807706e+03,5.283039943156366e+03,5.882352941176471e-01,15253349
5.290202744559671e+03,5.284595625844594e+03,5.882352941176471e-01,15253350
5.291387570690059e+03,5.286540588826462e+03,5.882352941176471e-01,15253351
5.291698339257716e+03,5.281609677208435e+03,1.764705882352941e+00,15253348
5.291967450442024e+03,5.286734832635194e+03,5.882352941176471e-01,15253352
5.293152276572412e+03,5.287730526384077e+03,5.882352941176471e-01,15253353
5.293463045140069e+03,5.289733653774562e+03,5.882352941176471e-01,15253354
5.295410635067889e+03,5.293645929185536e+03,5.882352941176471e-01,15253355
5.298543282928728e+03,5.296778577046375e+03,5.882352941176471e-01,15253356
5.300333562972668e+03,5.298568857090315e+03,5.882352941176471e-01,15253357
5.301275608911888e+03,5.299510903029535e+03,5.882352941176471e-01,15253358
5.303573787884725e+03,5.301809082002372e+03,5.882352941176471e-01,15253360
5.305338493767078e+03,5.302514121541164e+03,5.882352941176471e-01,15253362
5.306000663284881e+03,5.300706545637822e+03,1.764705882352941e+00,15253359
5.307103199649431e+03,5.303013030273265e+03,5.882352941176471e-01,15253363
5.307448509955202e+03,5.302154392308143e+03,1.764705882352941e+00,15253361
5.308867905531784e+03,5.304073344885132e+03,5.882352941176471e-01,15253365
5.309213215837555e+03,5.304299051286535e+03,5.882352941176471e-01,15253366
5.310632611414137e+03,5.304656393123067e+03,5.882352941176471e-01,15253367
5.311294780931939e+03,5.303165755011568e+03,1.764705882352941e+00,15253364
5.312397317296490e+03,5.309434280962893e+03,5.882352941176471e-01,15253369
5.313059486814292e+03,5.309799789916800e+03,5.882352941176471e-01,15253370
5.314507333484614e+03,5.308810217047724e+03,1.764705882352941e+00,15253368
5.314824192696645e+03,5.310355739358813e+03,5.882352941176471e-01,15253372
5.315926729061196e+03,5.310067100017045e+03,1.176470588235294e+00,15253371
5.317691434943549e+03,5.312482638531121e+03,5.882352941176471e-01,15253375
5.318036745249320e+03,5.310557777833602e+03,1.176470588235294e+00,15253373
5.319801451131673e+03,5.314427217414380e+03,5.882352941176471e-01,15253377
5.320118310343704e+03,5.311993604628954e+03,1.764705882352941e+00,15253374
5.321566157014026e+03,5.315434263334155e+03,5.882352941176471e-01,15253378
5.322985552590608e+03,5.314018373473424e+03,1.764705882352941e+00,15253376
5.323330862896378e+03,5.316267043637722e+03,5.882352941176471e-01,15253380
5.324750258472961e+03,5.316322306645204e+03,5.882352941176471e-01,15253381
5.325412427990763e+03,5.316186342300972e+03,1.764705882352941e+00,15253379
5.326514964355314e+03,5.319609493033337e+03,5.882352941176471e-01,15253383
5.327177133873116e+03,5.320058767169676e+03,5.882352941176471e-01,15253384
5.328624980543437e+03,5.318697550100125e+03,1.764705882352941e+00,15253382
5.331809082002372e+03,5.321483755159823e+03,1.764705882352941e+00,15253385
5.332471251520175e+03,5.321512042887089e+03,1.764705882352941e+00,15253386
5.333919098190496e+03,5.321817538878806e+03,1.764705882352941e+00,15253387
5.334235957402528e+03,5.321981537873089e+03,5.882352941176471e-01,15253389
5.335338493767078e+03,5.321974268159487e+03,1.176470588235294e+00,15253388
5.335683804072849e+03,5.323840799173442e+03,5.882352941176471e-01,15253390
5.337103199649431e+03,5.324965349611006e+03,5.882352941176471e-01,15253392
5.338867905531784e+03,5.326138311921808e+03,5.882352941176471e-01,15253394
5.339530075049587e+03,5.324101403378139e+03,1.764705882352941e+00,15253391
5.340632611414137e+03,5.327891574683774e+03,5.882352941176471e-01,15253395
5.340977921719908e+03,5.325179107271115e+03,1.764705882352941e+00,15253393
5.344162023178843e+03,5.331737772221976e+03,1.176470588235294e+00,15253397
5.344824192696645e+03,5.329740067986793e+03,1.764705882352941e+00,15253396
5.345926729061196e+03,5.333717222154950e+03,5.882352941176471e-01,15253399
5.346272039366967e+03,5.331862480650724e+03,1.764705882352941e+00,15253398
5.346588898578998e+03,5.334996482229819e+03,5.882352941176471e-01,15253400
5.347691434943549e+03,5.335740559696664e+03,5.882352941176471e-01,15253401
5.348036745249320e+03,5.335754810539282e+03,5.882352941176471e-01,15253402
5.351883016226057e+03,5.336661293928019e+03,1.764705882352941e+00,15253403
5.352985552590608e+03,5.337775658870963e+03,1.764705882352941e+00,15253404
5.353330862896378e+03,5.338644829156981e+03,1.764705882352941e+00,15253405
5.353647722108410e+03,5.338902152353633e+03,5.882352941176471e-01,15253406
5.354750258472961e+03,5.341536969486800e+03,5.882352941176471e-01,15253407
5.355412427990763e+03,5.343002932050252e+03,5.882352941176471e-01,15253409
5.357177133873116e+03,5.343807883632621e+03,5.882352941176471e-01,15253411
5.358279670237667e+03,5.343384120282349e+03,1.176470588235294e+00,15253410
5.358624980543437e+03,5.341966243195801e+03,1.764705882352941e+00,15253408
5.358941839755469e+03,5.343818732780968e+03,5.882352941176471e-01,15253412
5.360389686425790e+03,5.348918182649459e+03,5.882352941176471e-01,15253414
5.361809082002372e+03,5.344122847208888e+03,1.176470588235294e+00,15253413
5.362154392308143e+03,5.350248301831822e+03,5.882352941176471e-01,15253416
5.363919098190496e+03,5.352378735460576e+03,5.882352941176471e-01,15253418
5.364235957402528e+03,5.350050566549892e+03,1.764705882352941e+00,15253415
5.365683804072849e+03,5.352699404315783e+03,5.882352941176471e-01,15253419
5.366000663284881e+03,5.353649741691819e+03,5.882352941176471e-01,15253420
5.367103199649431e+03,5.350885975419172e+03,1.764705882352941e+00,15253417
5.369213215837555e+03,5.354970445670883e+03,1.176470588235294e+00,15253421
5.371294780931939e+03,5.357975219664315e+03,1.764705882352941e+00,15253422
5.372397317296490e+03,5.360758584337286e+03,1.764705882352941e+00,15253423
5.374507333484614e+03,5.360792226621147e+03,1.764705882352941e+00,15253424
5.376272039366967e+03,5.365601452872105e+03,5.882352941176471e-01,15253427
5.376588898578998e+03,5.361198906718521e+03,1.764705882352941e+00,15253425
5.377691434943549e+03,5.362140770118485e+03,1.764705882352941e+00,15253426
5.378353604461351e+03,5.368848626148414e+03,5.882352941176471e-01,15253429
5.379456140825902e+03,5.371060187796344e+03,5.882352941176471e-01,15253430
5.379801451131673e+03,5.365763965052834e+03,1.176470588235294e+00,15253428
5.381220846708255e+03,5.371661110621613e+03,5.882352941176471e-01,15253432
5.382985552590608e+03,5.372984345067175e+03,5.882352941176471e-01,15253434
5.383330862896378e+03,5.372308395536481e+03,1.176470588235294e+00,15253433
5.383647722108410e+03,5.371585025291702e+03,1.764705882352941e+00,15253431
5.385095568778731e+03,5.374795669205406e+03,5.882352941176471e-01,15253436
5.385412427990763e+03,5.377015980980565e+03,5.882352941176471e-01,15253437
5.387177133873116e+03,5.377962911552080e+03,5.882352941176471e-01,15253439
5.388279670237667e+03,5.373573908481908e+03,1.764705882352941e+00,15253435
5.388624980543437e+03,5.377564848573290e+03,1.176470588235294e+00,15253438
5.392471251520175e+03,5.379589391985086e+03,1.764705882352941e+00,15253440
5.393573787884725e+03,5.381167501633363e+03,1.764705882352941e+00,15253441
5.393919098190496e+03,5.381585966346046e+03,1.764705882352941e+00,15253442
5.394235957402528e+03,5.382290355564515e+03,5.882352941176471e-01,15253443
5.396000663284881e+03,5.383760929180071e+03,5.882352941176471e-01,15253446
5.398867905531784e+03,5.382641908396883e+03,1.764705882352941e+00,15253444
5.399213215837555e+03,5.382956953458051e+03,1.764705882352941e+00,15253445
5.400632611414137e+03,5.386637365161242e+03,5.882352941176471e-01,15253448
5.401294780931939e+03,5.385553744252385e+03,1.764705882352941e+00,15253447
5.402397317296490e+03,5.388943944097731e+03,5.882352941176471e-01,15253450
5.404507333484614e+03,5.388582697156403e+03,1.764705882352941e+00,15253449
5.405926729061196e+03,5.390149774416213e+03,1.176470588235294e+00,15253452
5.406272039366967e+03,5.390279116159963e+03,5.882352941176471e-01,15253453
5.406588898578998e+03,5.389431777654177e+03,1.764705882352941e+00,15253451
5.407691434943549e+03,5.394023304112245e+03,5.882352941176471e-01,15253454
5.409456140825902e+03,5.396817666126411e+03,5.882352941176471e-01,15253457
5.410118310343704e+03,5.395998461679084e+03,1.176470588235294e+00,15253456
5.411566157014026e+03,5.395165205329706e+03,1.764705882352941e+00,15253455
5.411883016226057e+03,5.400043202067808e+03,5.882352941176471e-01,15253459
5.413330862896378e+03,5.402380964982398e+03,5.882352941176471e-01,15253460
5.414750258472961e+03,5.399125704080627e+03,1.764705882352941e+00,15253458
5.415095568778731e+03,5.403723852289511e+03,5.882352941176471e-01,15253462
5.416860274661084e+03,5.404784774653312e+03,5.882352941176471e-01,15253464
5.417177133873116e+03,5.402640304451803e+03,1.764705882352941e+00,15253461
5.418624980543437e+03,5.406882730084159e+03,5.882352941176471e-01,15253465
5.418941839755469e+03,5.407898152564566e+03,5.882352941176471e-01,15253466
5.420044376120019e+03,5.403969687535840e+03,1.764705882352941e+00,15253463
5.420706545637822e+03,5.409589084364358e+03,5.882352941176471e-01,15253468
5.421809082002372e+03,5.410864519471788e+03,5.882352941176471e-01,15253469
5.422154392308143e+03,5.408242929745583e+03,1.176470588235294e+00,15253467
5.424235957402528e+03,5.411308653232390e+03,1.176470588235294e+00,15253470
5.427103199649431e+03,5.411414731496046e+03,1.764705882352941e+00,15253471
5.427448509955202e+03,5.411801277403667e+03,1.764705882352941e+00,15253472
5.428867905531784e+03,5.413152490912561e+03,5.882352941176471e-01,15253474
5.429213215837555e+03,5.413561084849442e+03,5.882352941176471e-01,15253475
5.429530075049587e+03,5.413128694825803e+03,1.764705882352941e+00,15253473
5.430632611414137e+03,5.416055758645527e+03,5.882352941176471e-01,15253476
5.430977921719908e+03,5.416864287963605e+03,5.882352941176471e-01,15253477
5.431294780931939e+03,5.417122172412919e+03,5.882352941176471e-01,15253478
5.432742627602261e+03,5.417814999719718e+03,5.882352941176471e-01,15253480
5.433059486814292e+03,5.419306732439527e+03,5.882352941176471e-01,15253481
5.434507333484614e+03,5.419384627597981e+03,5.882352941176471e-01,15253482
5.434824192696645e+03,5.420284973900212e+03,5.882352941176471e-01,15253483
5.435926729061196e+03,5.417198783883259e+03,1.764705882352941e+00,15253479
5.436588898578998e+03,5.421989452961138e+03,5.882352941176471e-01,15253485
5.438353604461351e+03,5.422564546006392e+03,5.882352941176471e-01,15253487
5.439456140825902e+03,5.422324584474117e+03,1.176470588235294e+00,15253486
5.439801451131673e+03,5.421909171281165e+03,1.764705882352941e+00,15253484
5.441220846708255e+03,5.424186763830645e+03,5.882352941176471e-01,15253489
5.441566157014026e+03,5.424876659602807e+03,5.882352941176471e-01,15253490
5.441883016226057e+03,5.422717787586617e+03,1.176470588235294e+00,15253488
5.443647722108410e+03,5.428333097265373e+03,5.882352941176471e-01,15253493
5.446514964355314e+03,5.424917889288763e+03,1.764705882352941e+00,15253491
5.446860274661084e+03,5.425664283491304e+03,1.764705882352941e+00,15253492
5.448279670237667e+03,5.433253539180678e+03,5.882352941176471e-01,15253495
5.448624980543437e+03,5.435137411054976e+03,5.882352941176471e-01,15253496
5.448941839755469e+03,5.432540687188656e+03,1.764705882352941e+00,15253494
5.450044376120019e+03,5.435896012082318e+03,5.882352941176471e-01,15253497
5.450389686425790e+03,5.436125205420205e+03,5.882352941176471e-01,15253498
5.451809082002372e+03,5.438409844959074e+03,5.882352941176471e-01,15253500
5.454235957402528e+03,5.437408556657770e+03,1.764705882352941e+00,15253499
5.455683804072849e+03,5.438802601300923e+03,1.764705882352941e+00,15253501
5.456000663284881e+03,5.440736403373715e+03,5.882352941176471e-01,15253503
5.457103199649431e+03,5.438974451657783e+03,1.764705882352941e+00,15253502
5.457765369167234e+03,5.442473815863035e+03,5.882352941176471e-01,15253505
5.458867905531784e+03,5.444362168974262e+03,5.882352941176471e-01,15253506
5.460977921719908e+03,5.440754734261076e+03,1.764705882352941e+00,15253504
5.462742627602261e+03,5.450344180117736e+03,5.882352941176471e-01,15253509
5.463059486814292e+03,5.444510244319345e+03,1.764705882352941e+00,15253507
5.464162023178843e+03,5.449668878140873e+03,1.764705882352941e+00,15253508
5.464507333484614e+03,5.454108144400640e+03,5.882352941176471e-01,15253510
5.465926729061196e+03,5.455521857375826e+03,5.882352941176471e-01,15253512
5.468353604461351e+03,5.455099914568284e+03,1.764705882352941e+00,15253511
5.469801451131673e+03,5.458725372756519e+03,1.764705882352941e+00,15253513
5.470118310343704e+03,5.460119373105785e+03,5.882352941176471e-01,15253515
5.471220846708255e+03,5.459128267577170e+03,1.764705882352941e+00,15253514
5.471883016226057e+03,5.461102153219292e+03,5.882352941176471e-01,15253517
5.473647722108410e+03,5.463977348348800e+03,5.882352941176471e-01,15253519
5.474750258472961e+03,5.461817654935651e+03,1.176470588235294e+00,15253518
5.475095568778731e+03,5.460422518125232e+03,1.764705882352941e+00,15253516
5.476514964355314e+03,5.465492291325271e+03,5.882352941176471e-01,15253521
5.476860274661084e+03,5.465873756050632e+03,5.882352941176471e-01,15253522
5.478624980543437e+03,5.469424032119175e+03,5.882352941176471e-01,15253524
5.478941839755469e+03,5.465262068406687e+03,1.764705882352941e+00,15253520
5.481809082002372e+03,5.466648277787964e+03,1.764705882352941e+00,15253523
5.482471251520175e+03,5.473877686692330e+03,1.176470588235294e+00,15253526
5.483573787884725e+03,5.475103685957205e+03,5.882352941176471e-01,15253527
5.483919098190496e+03,5.469702498150214e+03,1.764705882352941e+00,15253525
5.484235957402528e+03,5.476245711258424e+03,5.882352941176471e-01,15253528
5.485338493767078e+03,5.478308345752586e+03,5.882352941176471e-01,15253529
5.485683804072849e+03,5.478318116903515e+03,5.882352941176471e-01,15253530
5.486000663284881e+03,5.479234069091816e+03,5.882352941176471e-01,15253531
5.487765369167234e+03,5.481777880965686e+03,5.882352941176471e-01,15253534
5.488867905531784e+03,5.479420085190291e+03,1.176470588235294e+00,15253532
5.489530075049587e+03,5.484021844235292e+03,5.882352941176471e-01,15253535
5.490977921719908e+03,5.479610006169518e+03,1.764705882352941e+00,15253533
5.491294780931940e+03,5.484902902923626e+03,5.882352941176471e-01,15253537
5.493059486814292e+03,5.486803177825478e+03,5.882352941176471e-01,15253539
5.494162023178843e+03,5.484741634981221e+03,1.764705882352941e+00,15253536
5.494507333484614e+03,5.485163184403476e+03,1.176470588235294e+00,15253538
5.495926729061196e+03,5.490433934197113e+03,5.882352941176471e-01,15253541
5.496272039366967e+03,5.490577567643270e+03,5.882352941176471e-01,15253542
5.498353604461351e+03,5.486953118279862e+03,1.764705882352941e+00,15253540
5.499456140825902e+03,5.492255109334272e+03,1.176470588235294e+00,15253543
5.500118310343704e+03,5.497928114998530e+03,5.882352941176471e-01,15253545
5.501220846708255e+03,5.498381643263264e+03,5.882352941176471e-01,15253546
5.501566157014026e+03,5.492594133642098e+03,1.764705882352941e+00,15253544
5.501883016226057e+03,5.499841738344600e+03,5.882352941176471e-01,15253547
5.503330862896378e+03,5.501348926236822e+03,5.882352941176471e-01,15253549
5.503647722108410e+03,5.501631050426302e+03,5.882352941176471e-01,15253550
5.505095568778731e+03,5.502510013200299e+03,5.882352941176471e-01,15253551
5.505543162239319e+03,5.503778456356966e+03,5.882352941176471e-01,15253552
5.506514964355314e+03,5.499950724750361e+03,1.764705882352941e+00,15253548
5.506860274661084e+03,5.504641896858275e+03,5.882352941176471e-01,15253553
5.509072574004024e+03,5.505415401545070e+03,1.176470588235294e+00,15253554
5.511809082002372e+03,5.506314700237109e+03,1.764705882352941e+00,15253555
5.512192350625785e+03,5.506898232978726e+03,1.764705882352941e+00,15253556
5.513573787884725e+03,5.507767893872270e+03,5.882352941176471e-01,15253558
5.513957056508138e+03,5.511782227932379e+03,5.882352941176471e-01,15253559
5.514366691651083e+03,5.507352967811387e+03,1.764705882352941e+00,15253557
5.515987896607423e+03,5.514223190725070e+03,5.882352941176471e-01,15253560
5.516105095414599e+03,5.514340389532246e+03,5.882352941176471e-01,15253561
5.520216358624444e+03,5.514922240977385e+03,1.764705882352941e+00,15253562
5.524539578780859e+03,5.519245461133800e+03,1.764705882352941e+00,15253563
5.525969612194251e+03,5.520675494547193e+03,1.764705882352941e+00,15253564
5.526304284663212e+03,5.521429409812224e+03,5.882352941176471e-01,15253566
5.526323826467499e+03,5.521029708820440e+03,1.764705882352941e+00,15253565
5.527734318076604e+03,5.521871673267800e+03,5.882352941176471e-01,15253567
5.528068990545564e+03,5.523526672787297e+03,5.882352941176471e-01,15253568
5.528088532349852e+03,5.523706642744230e+03,5.882352941176471e-01,15253569
5.529833696427917e+03,5.526340038371783e+03,5.882352941176471e-01,15253571
5.529853238232205e+03,5.527968367113118e+03,5.882352941176471e-01,15253572
5.531263729841310e+03,5.524802203434149e+03,1.176470588235294e+00,15253570
5.531598402310270e+03,5.528428545893552e+03,5.882352941176471e-01,15253573
5.531617944114558e+03,5.528811552324710e+03,5.882352941176471e-01,15253574
5.533363108192623e+03,5.531448882216647e+03,5.882352941176471e-01,15253576
5.533609354209673e+03,5.531844648327321e+03,5.882352941176471e-01,15253577
5.535127814074976e+03,5.532261435833980e+03,5.882352941176471e-01,15253578
5.535374060092026e+03,5.532299939071843e+03,5.882352941176471e-01,15253579
5.536557847488369e+03,5.529467929743174e+03,1.764705882352941e+00,15253575
5.537714210701030e+03,5.535949504818677e+03,5.882352941176471e-01,15253580
5.537869952929167e+03,5.536105247046814e+03,5.882352941176471e-01,15253581
5.538479307778303e+03,5.536714601895950e+03,5.882352941176471e-01,15253582
5.540197205495902e+03,5.538432499613549e+03,5.882352941176471e-01,15253583
5.540425505628624e+03,5.538660799746271e+03,5.882352941176471e-01,15253584
5.540534978293128e+03,5.538770272410775e+03,5.882352941176471e-01,15253585
5.542441392919271e+03,5.540676687036918e+03,5.882352941176471e-01,15253586
5.544080273044747e+03,5.542315567162394e+03,5.882352941176471e-01,15253588
5.546559402688326e+03,5.541265285041267e+03,1.764705882352941e+00,15253587
5.549430818909229e+03,5.545901407144523e+03,1.176470588235294e+00,15253590
5.549632367467446e+03,5.544338249820387e+03,1.764705882352941e+00,15253589
5.551195524791582e+03,5.548817036325161e+03,5.882352941176471e-01,15253592
5.552248165866192e+03,5.546954048219133e+03,1.764705882352941e+00,15253591
5.552960230673935e+03,5.549936936453196e+03,5.882352941176471e-01,15253594
5.553161779232152e+03,5.549310345808273e+03,1.176470588235294e+00,15253593
5.554012871748545e+03,5.550727774073227e+03,5.882352941176471e-01,15253595
5.554937305910028e+03,5.553172600027675e+03,5.882352941176471e-01,15253597
5.555777577630898e+03,5.553488021830981e+03,5.882352941176471e-01,15253598
5.557542283513251e+03,5.555316876369849e+03,5.882352941176471e-01,15253600
5.558254348320994e+03,5.552073468605519e+03,1.764705882352941e+00,15253596
5.559306989395604e+03,5.556260643177534e+03,5.882352941176471e-01,15253601
5.560231423557087e+03,5.553552754656723e+03,1.764705882352941e+00,15253599
5.561071695277957e+03,5.559145450362924e+03,5.882352941176471e-01,15253603
5.561996129439440e+03,5.560216973852588e+03,5.882352941176471e-01,15253604
5.563548465968053e+03,5.556757014468542e+03,1.764705882352941e+00,15253602
5.566603237962995e+03,5.561309120315936e+03,1.764705882352941e+00,15253605
5.567290247086499e+03,5.561866441021704e+03,1.764705882352941e+00,15253606
5.568367943845348e+03,5.562938072648649e+03,5.882352941176471e-01,15253608
5.568842583615112e+03,5.562292357808174e+03,1.764705882352941e+00,15253607
5.569054952968852e+03,5.563177524298683e+03,5.882352941176471e-01,15253609
5.570132649727701e+03,5.563327020517446e+03,5.882352941176471e-01,15253610
5.570607289497465e+03,5.565398622557303e+03,5.882352941176471e-01,15253611
5.572584364733558e+03,5.566769867269246e+03,1.176470588235294e+00,15253612
5.573662061492407e+03,5.566960388415790e+03,1.176470588235294e+00,15253613
5.574349070615911e+03,5.568824919660180e+03,5.882352941176471e-01,15253615
5.575901407144523e+03,5.567837330290533e+03,1.764705882352941e+00,15253614
5.577666113026876e+03,5.571111555587816e+03,5.882352941176471e-01,15253618
5.578956179139466e+03,5.569328499635892e+03,1.764705882352941e+00,15253616
5.579430818909229e+03,5.573589000823904e+03,5.882352941176471e-01,15253619
5.579643188262969e+03,5.570417764785166e+03,1.764705882352941e+00,15253617
5.580720885021819e+03,5.576675584059495e+03,5.882352941176471e-01,15253620
5.581195524791582e+03,5.576842925169553e+03,5.882352941176471e-01,15253621
5.581407894145322e+03,5.577040812102329e+03,5.882352941176471e-01,15253622
5.582485590904172e+03,5.579669705509433e+03,5.882352941176471e-01,15253623
5.582960230673935e+03,5.580878903642928e+03,5.882352941176471e-01,15253624
5.583172600027675e+03,5.581035402109609e+03,5.882352941176471e-01,15253625
5.585119497006657e+03,5.583354791124304e+03,5.882352941176471e-01,15253628
5.586489642438641e+03,5.582732515611170e+03,1.176470588235294e+00,15253627
5.586884202889010e+03,5.584353652900236e+03,5.882352941176471e-01,15253629
5.587779708551230e+03,5.581861248002408e+03,1.764705882352941e+00,15253626
5.588452613417905e+03,5.586687907535552e+03,5.882352941176471e-01,15253630
5.589544414433583e+03,5.587617741683413e+03,5.882352941176471e-01,15253632
5.590605565766866e+03,5.587076154002160e+03,1.176470588235294e+00,15253631
5.591309120315936e+03,5.589288321269037e+03,5.882352941176471e-01,15253634
5.594568626379833e+03,5.589274508732774e+03,1.764705882352941e+00,15253633
5.595899683413925e+03,5.589343753704749e+03,1.764705882352941e+00,15253635
5.596333332262186e+03,5.591022538078623e+03,5.882352941176471e-01,15253637
5.596603237962995e+03,5.590181938576964e+03,1.764705882352941e+00,15253636
5.597664389296278e+03,5.594137917514245e+03,5.882352941176471e-01,15253638
5.598367943845348e+03,5.595292071967024e+03,5.882352941176471e-01,15253640
5.599429095178631e+03,5.595763660332513e+03,5.882352941176471e-01,15253641
5.601193801060983e+03,5.598384939445217e+03,5.882352941176471e-01,15253643
5.601627449909244e+03,5.594720744875020e+03,1.764705882352941e+00,15253639
5.602958506943336e+03,5.598885845705375e+03,5.882352941176471e-01,15253644
5.603392155791597e+03,5.599084571725426e+03,5.882352941176471e-01,15253645
5.603662061492407e+03,5.595782036468491e+03,1.764705882352941e+00,15253642
5.605156861673950e+03,5.599993751450974e+03,5.882352941176471e-01,15253647
5.605426767374760e+03,5.601946193823104e+03,5.882352941176471e-01,15253648
5.606487918708042e+03,5.599349315801524e+03,1.176470588235294e+00,15253646
5.607191473257113e+03,5.602683382937919e+03,5.882352941176471e-01,15253650
5.608252624590395e+03,5.602748823588753e+03,5.882352941176471e-01,15253651
5.608686273438656e+03,5.602581664277153e+03,1.176470588235294e+00,15253649
5.608956179139466e+03,5.603417534767755e+03,5.882352941176471e-01,15253652
5.610720885021819e+03,5.605406434196815e+03,5.882352941176471e-01,15253655
5.613546742237454e+03,5.603576474403744e+03,1.764705882352941e+00,15253653
5.613980391085715e+03,5.604681775395167e+03,1.764705882352941e+00,15253654
5.615311448119807e+03,5.606866112501457e+03,5.882352941176471e-01,15253657
5.615745096968068e+03,5.606978893424058e+03,5.882352941176471e-01,15253658
5.616015002668878e+03,5.606307050781892e+03,1.764705882352941e+00,15253656
5.617076154002160e+03,5.609696602597157e+03,5.882352941176471e-01,15253659
5.617509802850421e+03,5.610602714260383e+03,5.882352941176471e-01,15253660
5.618840859884513e+03,5.611242431455058e+03,5.882352941176471e-01,15253662
5.620605565766866e+03,5.613745839411723e+03,5.882352941176471e-01,15253664
5.621309120315936e+03,5.610675304915780e+03,1.764705882352941e+00,15253661
5.622803920497480e+03,5.611931738540646e+03,1.764705882352941e+00,15253663
5.624134977531572e+03,5.614123677051467e+03,1.176470588235294e+00,15253665
5.624568626379833e+03,5.616573323147253e+03,5.882352941176471e-01,15253667
5.626603237962995e+03,5.616313788726814e+03,1.764705882352941e+00,15253666
5.627664389296278e+03,5.617057805650016e+03,1.176470588235294e+00,15253668
5.628098038144539e+03,5.617126781958633e+03,1.176470588235294e+00,15253669
5.629429095178631e+03,5.619005483856222e+03,5.882352941176471e-01,15253671
5.631193801060983e+03,5.619593699373009e+03,5.882352941176471e-01,15253673
5.631897355610054e+03,5.617249384911846e+03,1.764705882352941e+00,15253670
5.633392155791597e+03,5.619516563559488e+03,1.764705882352941e+00,15253672
5.633662061492407e+03,5.622992996602990e+03,5.882352941176471e-01,15253675
5.634723212825689e+03,5.621715595960161e+03,1.176470588235294e+00,15253674
5.635156861673950e+03,5.623302987996105e+03,5.882352941176471e-01,15253676
5.635426767374760e+03,5.624546466775244e+03,5.882352941176471e-01,15253677
5.636487918708042e+03,5.626485454754226e+03,5.882352941176471e-01,15253678
5.636921567556303e+03,5.627896835609915e+03,5.882352941176471e-01,15253679
5.637191473257113e+03,5.630184317423959e+03,5.882352941176471e-01,15253680
5.638686273438656e+03,5.631490775188620e+03,5.882352941176471e-01,15253682
5.640017330472748e+03,5.630591005046611e+03,1.176470588235294e+00,15253681
5.641782036355101e+03,5.633495782701842e+03,5.882352941176471e-01,15253685
5.642485590904172e+03,5.633403848217764e+03,1.764705882352941e+00,15253683
5.643980391085715e+03,5.633461173702749e+03,1.764705882352941e+00,15253684
5.644250296786525e+03,5.636407607288822e+03,5.882352941176471e-01,15253687
5.645311448119807e+03,5.634210870980539e+03,1.176470588235294e+00,15253686
5.645745096968068e+03,5.636536338708280e+03,5.882352941176471e-01,15253688
5.647076154002160e+03,5.641284500040394e+03,5.882352941176471e-01,15253690
5.647509802850421e+03,5.641362709618851e+03,5.882352941176471e-01,15253691
5.648840859884513e+03,5.641596739040753e+03,5.882352941176471e-01,15253692
5.649544414433583e+03,5.636757602971725e+03,1.764705882352941e+00,15253689
5.652803920497480e+03,5.645644512554664e+03,1.764705882352941e+00,15253693
5.654134977531572e+03,5.647424131615088e+03,1.764705882352941e+00,15253694
5.654838532080642e+03,5.648325513830762e+03,1.764705882352941e+00,15253695
5.655899683413925e+03,5.649584027972234e+03,5.882352941176471e-01,15253697
5.657664389296278e+03,5.653260833306921e+03,5.882352941176471e-01,15253699
5.658098038144539e+03,5.649538041319141e+03,1.764705882352941e+00,15253696
5.659429095178631e+03,5.654359815081909e+03,5.882352941176471e-01,15253700
5.659862744026892e+03,5.656236533080697e+03,5.882352941176471e-01,15253701
5.660132649727701e+03,5.651303561978934e+03,1.764705882352941e+00,15253698
5.661193801060983e+03,5.657605241990850e+03,5.882352941176471e-01,15253702
5.661897355610054e+03,5.659198204633331e+03,5.882352941176471e-01,15253704
5.662958506943336e+03,5.659308792440116e+03,5.882352941176471e-01,15253705
5.663392155791597e+03,5.658692394220130e+03,1.176470588235294e+00,15253703
5.663662061492407e+03,5.660298352411824e+03,5.882352941176471e-01,15253706
5.666006792227857e+03,5.664242086345504e+03,5.882352941176471e-01,15253708
5.666487918708042e+03,5.661810338686413e+03,1.176470588235294e+00,15253707
5.669941482252154e+03,5.664647364605095e+03,1.764705882352941e+00,15253709
5.670875566359275e+03,5.669110860476922e+03,5.882352941176471e-01,15253711
5.674164247971159e+03,5.668870130324100e+03,1.764705882352941e+00,15253710
5.674845013785176e+03,5.673080307902823e+03,5.882352941176471e-01,15253713
5.675235599899212e+03,5.669839792394131e+03,1.764705882352941e+00,15253712
5.677245737139853e+03,5.675481031257501e+03,5.882352941176471e-01,15253715
5.678813351810898e+03,5.677048645928545e+03,5.882352941176471e-01,15253716
5.679735956467326e+03,5.677971250584973e+03,5.882352941176471e-01,15253717
5.680187190486470e+03,5.674893072839411e+03,1.764705882352941e+00,15253714
5.680578057693251e+03,5.678364781583519e+03,5.882352941176471e-01,15253718
5.681500662349679e+03,5.678670604957327e+03,5.882352941176471e-01,15253719
5.681951896368823e+03,5.679699378705227e+03,5.882352941176471e-01,15253720
5.682342763575604e+03,5.680416395429321e+03,5.882352941176471e-01,15253721
5.685687511470129e+03,5.683922805587777e+03,5.882352941176471e-01,15253723
5.686794779996737e+03,5.681140926889875e+03,1.764705882352941e+00,15253722
5.688377113077118e+03,5.686612407194765e+03,5.882352941176471e-01,15253725
5.689071479434699e+03,5.687306773552347e+03,5.882352941176471e-01,15253726
5.690326524573350e+03,5.685032406926291e+03,1.764705882352941e+00,15253724
5.695087011349145e+03,5.693322305466793e+03,5.882352941176471e-01,15253727
5.697165412467313e+03,5.693636000702607e+03,1.176470588235294e+00,15253729
5.698864316139001e+03,5.693570198491942e+03,1.764705882352941e+00,15253728
5.698930118349666e+03,5.695255393137459e+03,5.882352941176471e-01,15253731
5.700381128996204e+03,5.694601987102790e+03,1.764705882352941e+00,15253730
5.700629022021354e+03,5.695483592592360e+03,5.882352941176471e-01,15253732
5.700694824232019e+03,5.696094603768626e+03,5.882352941176471e-01,15253733
5.702145834878557e+03,5.696757959060610e+03,5.882352941176471e-01,15253734
5.702459530114372e+03,5.699130131272638e+03,5.882352941176471e-01,15253736
5.704158433786059e+03,5.699030585373122e+03,1.176470588235294e+00,15253735
5.705923139668412e+03,5.700960628731789e+03,5.882352941176471e-01,15253739
5.705988941879077e+03,5.699717945577264e+03,1.176470588235294e+00,15253738
5.707439952525616e+03,5.699218894512837e+03,1.764705882352941e+00,15253737
5.707753647761430e+03,5.703762611194121e+03,5.882352941176471e-01,15253741
5.709204658407969e+03,5.704370169177649e+03,5.882352941176471e-01,15253742
5.711217257315471e+03,5.702255380057724e+03,1.764705882352941e+00,15253740
5.711283059526136e+03,5.706456101689985e+03,1.176470588235294e+00,15253743
5.712734070172675e+03,5.708793445927868e+03,1.176470588235294e+00,15253744
5.712981963197824e+03,5.710648644791016e+03,5.882352941176471e-01,15253745
5.716271891095667e+03,5.714507185213314e+03,5.882352941176471e-01,15253746
5.717287264077965e+03,5.715522558195612e+03,5.882352941176471e-01,15253747
5.717422567120590e+03,5.715657861238238e+03,5.882352941176471e-01,15253748
5.718520182212579e+03,5.716755476330226e+03,5.882352941176471e-01,15253749
5.719619006754456e+03,5.717854300872103e+03,5.882352941176471e-01,15253751
5.720816675842671e+03,5.717098432514413e+03,1.176470588235294e+00,15253750
5.723772610831158e+03,5.722007904948805e+03,5.882352941176471e-01,15253754
5.724306101060754e+03,5.719011983413696e+03,1.764705882352941e+00,15253752
5.725537316713511e+03,5.722018070180988e+03,5.882352941176471e-01,15253755
5.726013884601144e+03,5.720719766954085e+03,1.764705882352941e+00,15253753
5.726070806943107e+03,5.722523639512963e+03,5.882352941176471e-01,15253756
5.727302022595864e+03,5.722930120497497e+03,5.882352941176471e-01,15253757
5.727778590483497e+03,5.724734684100756e+03,5.882352941176471e-01,15253758
5.729066728478217e+03,5.725386793756457e+03,5.882352941176471e-01,15253760
5.729543296365850e+03,5.726266415294070e+03,5.882352941176471e-01,15253761
5.730831434360570e+03,5.727527903529257e+03,5.882352941176471e-01,15253762
5.731308002248203e+03,5.727586416831582e+03,5.882352941176471e-01,15253763
5.731364924590166e+03,5.724799597442278e+03,1.764705882352941e+00,15253759
5.732596140242923e+03,5.728267853104232e+03,5.882352941176471e-01,15253764
5.733072708130556e+03,5.728731284055913e+03,5.882352941176471e-01,15253765
5.733129630472519e+03,5.728858618815258e+03,5.882352941176471e-01,15253766
5.734360846125276e+03,5.729619653308738e+03,5.882352941176471e-01,15253767
5.734894336354872e+03,5.730423881541930e+03,5.882352941176471e-01,15253769
5.736125552007629e+03,5.731672486527022e+03,5.882352941176471e-01,15253770
5.736659042237225e+03,5.732932596917918e+03,5.882352941176471e-01,15253771
5.738366825777615e+03,5.729731361038851e+03,1.764705882352941e+00,15253768
5.739302951314219e+03,5.737538245431866e+03,5.882352941176471e-01,15253772
5.743653081353306e+03,5.738358963706247e+03,1.764705882352941e+00,15253773
5.743667616671302e+03,5.738373499024243e+03,1.764705882352941e+00,15253774
5.744597068961278e+03,5.738433942829552e+03,1.764705882352941e+00,15253775
5.745417787235659e+03,5.738884663140911e+03,5.882352941176471e-01,15253776
5.747182493118012e+03,5.741595616558104e+03,5.882352941176471e-01,15253779
5.748126480725984e+03,5.739882514469157e+03,1.176470588235294e+00,15253778
5.748947199000365e+03,5.741745958278408e+03,5.882352941176471e-01,15253780
5.748961734318361e+03,5.739313442701166e+03,1.764705882352941e+00,15253777
5.749891186608337e+03,5.741789219061939e+03,5.882352941176471e-01,15253781
5.750726440200714e+03,5.746873480043913e+03,5.882352941176471e-01,15253783
5.751655892490689e+03,5.749442747136653e+03,5.882352941176471e-01,15253784
5.753420598373042e+03,5.751261006462019e+03,5.882352941176471e-01,15253786
5.754241316647424e+03,5.744731318467355e+03,1.764705882352941e+00,15253782
5.756020557847772e+03,5.749448944144257e+03,1.764705882352941e+00,15253785
5.757785263730125e+03,5.752564544414629e+03,5.882352941176471e-01,15253789
5.758714716020101e+03,5.751994481648183e+03,1.764705882352941e+00,15253787
5.759535434294483e+03,5.752546966526498e+03,1.764705882352941e+00,15253788
5.759549969612478e+03,5.752758490897105e+03,5.882352941176471e-01,15253790
5.760479421902454e+03,5.753465385233235e+03,5.882352941176471e-01,15253791
5.762244127784807e+03,5.756957593410521e+03,5.882352941176471e-01,15253794
5.764008833667160e+03,5.757246941407853e+03,5.882352941176471e-01,15253795
5.764829551941541e+03,5.754055280258418e+03,1.764705882352941e+00,15253792
5.764844087259537e+03,5.755275749130931e+03,1.764705882352941e+00,15253793
5.765773539549513e+03,5.758394851360736e+03,5.882352941176471e-01,15253796
5.766594257823894e+03,5.758408071398145e+03,5.882352941176471e-01,15253797
5.766608793141890e+03,5.761187065778876e+03,5.882352941176471e-01,15253798
5.767538245431866e+03,5.762313994023183e+03,5.882352941176471e-01,15253799
5.768358963706247e+03,5.763016702262363e+03,5.882352941176471e-01,15253800
5.768373499024243e+03,5.763802931908418e+03,5.882352941176471e-01,15253801
5.769302951314219e+03,5.763971876357628e+03,5.882352941176471e-01,15253802
5.771067657196572e+03,5.768288995927708e+03,5.882352941176471e-01,15253805
5.771902910788949e+03,5.767133637353543e+03,1.176470588235294e+00,15253804
5.772832363078925e+03,5.770076171962598e+03,5.882352941176471e-01,15253806
5.773653081353306e+03,5.766823485318608e+03,1.764705882352941e+00,15253803
5.773667616671302e+03,5.771262559061764e+03,5.882352941176471e-01,15253807
5.774597068961278e+03,5.771373029072178e+03,5.882352941176471e-01,15253808
5.775417787235659e+03,5.772666405138803e+03,5.882352941176471e-01,15253809
5.776984251442789e+03,5.775219545560436e+03,5.882352941176471e-01,15253810
5.779610796645325e+03,5.777846090762972e+03,5.882352941176471e-01,15253812
5.780784479685934e+03,5.779019773803581e+03,5.882352941176471e-01,15253813
5.781121256734416e+03,5.775827139087357e+03,1.764705882352941e+00,15253811
5.781375502527678e+03,5.779049411010263e+03,5.882352941176471e-01,15253814
5.782885962616769e+03,5.779898632574666e+03,5.882352941176471e-01,15253816
5.786078597332993e+03,5.779634521318574e+03,1.764705882352941e+00,15253815
5.787288356589116e+03,5.785523650706763e+03,5.882352941176471e-01,15253818
5.787322494025803e+03,5.782028376378744e+03,1.764705882352941e+00,15253817
5.787843303215346e+03,5.785528848446990e+03,5.882352941176471e-01,15253819
5.789053062471469e+03,5.786625256401783e+03,5.882352941176471e-01,15253820
5.791130013696568e+03,5.789365307814215e+03,5.882352941176471e-01,15253821
5.791641784034827e+03,5.789877078152474e+03,5.882352941176471e-01,15253823
5.794988373989106e+03,5.789694256342047e+03,1.764705882352941e+00,15253822
5.796424131343627e+03,5.790924156268880e+03,1.764705882352941e+00,15253824
5.796753079871459e+03,5.792094006174781e+03,5.882352941176471e-01,15253826
5.797366415149126e+03,5.792072297502067e+03,1.764705882352941e+00,15253825
5.798188837225980e+03,5.792524975606254e+03,5.882352941176471e-01,15253827
5.799131121031479e+03,5.794512300194560e+03,5.882352941176471e-01,15253829
5.801224616945942e+03,5.799459911063589e+03,5.882352941176471e-01,15253831
5.801718248990686e+03,5.797473684172345e+03,1.176470588235294e+00,15253830
5.802047197518518e+03,5.792925553080547e+03,1.764705882352941e+00,15253828
5.804322294931176e+03,5.802557589048823e+03,5.882352941176471e-01,15253832
5.804378869637017e+03,5.802614163754664e+03,5.882352941176471e-01,15253833
5.805106184329941e+03,5.803341478447588e+03,5.882352941176471e-01,15253834
5.806143575519370e+03,5.804016452189367e+03,5.882352941176471e-01,15253836
5.807372095370528e+03,5.805607389488175e+03,5.882352941176471e-01,15253837
5.808763240403933e+03,5.806998534521580e+03,5.882352941176471e-01,15253838
5.809136801252881e+03,5.807029224379230e+03,5.882352941176471e-01,15253839
5.809616412578235e+03,5.803706231763116e+03,1.764705882352941e+00,15253835
5.810527946286286e+03,5.807618209358505e+03,5.882352941176471e-01,15253840
5.812292652168639e+03,5.808945291822985e+03,5.882352941176471e-01,15253843
5.812666213017587e+03,5.807996746990766e+03,1.176470588235294e+00,15253841
5.813145824342941e+03,5.808270523615947e+03,1.176470588235294e+00,15253842
5.814057358050992e+03,5.809570967609740e+03,5.882352941176471e-01,15253844
5.815684169292472e+03,5.813919463410119e+03,5.882352941176471e-01,15253846
5.816195624782293e+03,5.812180010425462e+03,1.176470588235294e+00,15253845
5.818720381158741e+03,5.816955675276388e+03,5.882352941176471e-01,15253848
5.818929061059353e+03,5.817164355177000e+03,5.882352941176471e-01,15253849
5.820485087041094e+03,5.817762277237542e+03,5.882352941176471e-01,15253850
5.821928733676476e+03,5.816634616029417e+03,1.764705882352941e+00,15253847
5.822458472824059e+03,5.818743831321224e+03,1.176470588235294e+00,15253851
5.825779204688153e+03,5.819425062986208e+03,1.764705882352941e+00,15253852
5.827222851323535e+03,5.820502147328134e+03,1.764705882352941e+00,15253853
5.827543910570506e+03,5.820927532259016e+03,5.882352941176471e-01,15253855
5.827752590471118e+03,5.820751034736112e+03,1.764705882352941e+00,15253854
5.828987557205888e+03,5.821043191881411e+03,5.882352941176471e-01,15253856
5.829308616452859e+03,5.821464853396901e+03,5.882352941176471e-01,15253857
5.829517296353471e+03,5.822095525420992e+03,5.882352941176471e-01,15253858
5.832516968970593e+03,5.823711850755853e+03,1.176470588235294e+00,15253859
5.832838028217564e+03,5.823751253801003e+03,1.176470588235294e+00,15253860
5.834281674852946e+03,5.824541429420761e+03,5.882352941176471e-01,15253862
5.834602734099917e+03,5.826196614450370e+03,5.882352941176471e-01,15253863
5.834811414000530e+03,5.824447865305993e+03,1.764705882352941e+00,15253861
5.836367439982270e+03,5.828213386940997e+03,5.882352941176471e-01,15253865
5.838340825765235e+03,5.828861171519286e+03,1.176470588235294e+00,15253866
5.839575792500005e+03,5.826685086800306e+03,1.764705882352941e+00,15253864
5.841661557629329e+03,5.828940372771451e+03,1.764705882352941e+00,15253867
5.843426263511682e+03,5.832439038550379e+03,5.882352941176471e-01,15253870
5.843634943412294e+03,5.829019535412269e+03,1.764705882352941e+00,15253868
5.844869910147064e+03,5.829970347516806e+03,1.764705882352941e+00,15253869
5.845190969394035e+03,5.833060364738495e+03,5.882352941176471e-01,15253871
5.846634616029417e+03,5.835147131827692e+03,5.882352941176471e-01,15253873
5.846955675276388e+03,5.835351388341712e+03,5.882352941176471e-01,15253874
5.848929061059353e+03,5.833207222593135e+03,1.764705882352941e+00,15253872
5.850164027794123e+03,5.837575145094600e+03,1.176470588235294e+00,15253875
5.850693766941706e+03,5.839002893619765e+03,5.882352941176471e-01,15253877
5.851928733676476e+03,5.841512789442674e+03,5.882352941176471e-01,15253878
5.852249792923447e+03,5.838879129004445e+03,1.764705882352941e+00,15253876
5.853693439558829e+03,5.845029709005919e+03,5.882352941176471e-01,15253880
5.855987884588765e+03,5.841769227150961e+03,1.764705882352941e+00,15253879
5.857543910570506e+03,5.845504763198698e+03,1.764705882352941e+00,15253881
5.857752590471118e+03,5.850576897279763e+03,5.882352941176471e-01,15253883
5.858987557205888e+03,5.849030804368968e+03,1.764705882352941e+00,15253882
5.859308616452859e+03,5.852584788614040e+03,5.882352941176471e-01,15253884
5.859517296353471e+03,5.853567600670200e+03,5.882352941176471e-01,15253885
5.860752263088240e+03,5.854177691327835e+03,5.882352941176471e-01,15253886
5.861073322335212e+03,5.854597471904488e+03,5.882352941176471e-01,15253887
5.861282002235824e+03,5.855908748895483e+03,5.882352941176471e-01,15253888
5.862516968970593e+03,5.855997463572861e+03,5.882352941176471e-01,15253889
5.863046708118177e+03,5.857308400847523e+03,5.882352941176471e-01,15253891
5.866367439982270e+03,5.856306507457532e+03,1.764705882352941e+00,15253890
5.866576119882883e+03,5.859597963251011e+03,1.176470588235294e+00,15253893
5.867811086617652e+03,5.859231831778710e+03,1.764705882352941e+00,15253892
5.868132145864623e+03,5.860746938465053e+03,5.882352941176471e-01,15253894
5.869575792500005e+03,5.861689889936192e+03,5.882352941176471e-01,15253896
5.871661557629329e+03,5.862334795232003e+03,1.176470588235294e+00,15253897
5.871870237529941e+03,5.861398461859231e+03,1.764705882352941e+00,15253895
5.874869910147064e+03,5.865032930529360e+03,1.764705882352941e+00,15253898
5.876955675276388e+03,5.870714534932566e+03,1.764705882352941e+00,15253899
5.877207749362494e+03,5.875443043480142e+03,5.882352941176471e-01,15253900
5.877294152530049e+03,5.875529446647696e+03,5.882352941176471e-01,15253901
5.879541426562743e+03,5.877776720680391e+03,5.882352941176471e-01,15253904
5.880485087041094e+03,5.875689068908442e+03,1.176470588235294e+00,15253902
5.882249792923447e+03,5.877951740812102e+03,5.882352941176471e-01,15253906
5.882851461057445e+03,5.877557343410386e+03,1.764705882352941e+00,15253903
5.884014498805800e+03,5.880305258482432e+03,5.882352941176471e-01,15253907
5.884616166939798e+03,5.881956427999624e+03,5.882352941176471e-01,15253908
5.884835544209802e+03,5.877921986427657e+03,1.764705882352941e+00,15253905
5.885851915998399e+03,5.884087210116046e+03,5.882352941176471e-01,15253909
5.886600250092155e+03,5.884399615136518e+03,5.882352941176471e-01,15253911
5.888460270943444e+03,5.886695565061091e+03,5.882352941176471e-01,15253912
5.889910284586857e+03,5.884269223305111e+03,1.764705882352941e+00,15253910
5.893773347060225e+03,5.890243935295519e+03,1.176470588235294e+00,15253913
5.895538052942578e+03,5.890961980797862e+03,5.882352941176471e-01,15253916
5.895674490456621e+03,5.890380372809562e+03,1.764705882352941e+00,15253914
5.896020420413838e+03,5.890726302766779e+03,1.764705882352941e+00,15253915
5.897302758824931e+03,5.893386279700876e+03,5.882352941176471e-01,15253917
5.897439196338974e+03,5.893421028637992e+03,5.882352941176471e-01,15253918
5.899203902221327e+03,5.893599916261622e+03,5.882352941176471e-01,15253921
5.899549832178543e+03,5.893453451863704e+03,1.176470588235294e+00,15253919
5.900968608103680e+03,5.897165049648179e+03,5.882352941176471e-01,15253922
5.901314538060896e+03,5.897196285990035e+03,5.882352941176471e-01,15253923
5.902596876471990e+03,5.893490994797191e+03,1.764705882352941e+00,15253920
5.903079243943249e+03,5.899826440505992e+03,5.882352941176471e-01,15253925
5.904361582354343e+03,5.899830445533918e+03,5.882352941176471e-01,15253926
5.904498019868386e+03,5.899579378184205e+03,1.176470588235294e+00,15253924
5.906126288236696e+03,5.902176907991843e+03,5.882352941176471e-01,15253928
5.907890994119049e+03,5.904222472166836e+03,5.882352941176471e-01,15253930
5.908373361590308e+03,5.901072935372761e+03,1.764705882352941e+00,15253927
5.909655700001401e+03,5.904548985837494e+03,5.882352941176471e-01,15253931
5.909792137515444e+03,5.903092639534602e+03,1.764705882352941e+00,15253929
5.911420405883754e+03,5.905271616033495e+03,5.882352941176471e-01,15253933
5.913321549280150e+03,5.906642808960295e+03,1.176470588235294e+00,15253934
5.913667479237367e+03,5.904764759261833e+03,1.764705882352941e+00,15253932
5.914949817648460e+03,5.908940646950958e+03,1.176470588235294e+00,15253935
5.915086255162503e+03,5.909488033791832e+03,5.882352941176471e-01,15253936
5.915432185119720e+03,5.910375867449260e+03,5.882352941176471e-01,15253937
5.916850961044856e+03,5.913960959255919e+03,5.882352941176471e-01,15253939
5.920243935295519e+03,5.912723051822008e+03,1.764705882352941e+00,15253938
5.921454590215203e+03,5.916160472568144e+03,1.764705882352941e+00,15253940
5.922008641177872e+03,5.918701230034712e+03,5.882352941176471e-01,15253942
5.922145078691915e+03,5.916605883399391e+03,1.764705882352941e+00,15253941
5.923219296097556e+03,5.919488361579316e+03,5.882352941176471e-01,15253943
5.924984001979909e+03,5.921415832921289e+03,5.882352941176471e-01,15253946
5.927302758824931e+03,5.920678683693214e+03,1.764705882352941e+00,15253944
5.927439196338974e+03,5.920724352170329e+03,1.764705882352941e+00,15253945
5.928513413744615e+03,5.924666284689479e+03,1.176470588235294e+00,15253947
5.929067464707284e+03,5.924803933730918e+03,5.882352941176471e-01,15253948
5.930278119626968e+03,5.925119244847291e+03,5.882352941176471e-01,15253950
5.930832170589637e+03,5.925155571644847e+03,5.882352941176471e-01,15253951
5.932042825509321e+03,5.925734901833955e+03,5.882352941176471e-01,15253952
5.932596876471990e+03,5.927822154855467e+03,5.882352941176471e-01,15253953
5.932733313986033e+03,5.924892229855003e+03,1.764705882352941e+00,15253949
5.933807531391674e+03,5.928205623766725e+03,5.882352941176471e-01,15253954
5.934361582354343e+03,5.928675319094961e+03,5.882352941176471e-01,15253955
5.935572237274027e+03,5.928794480946999e+03,5.882352941176471e-01,15253957
5.936262725750738e+03,5.928780350157416e+03,1.176470588235294e+00,15253956
5.937336943156380e+03,5.929727903410962e+03,5.882352941176471e-01,15253959
5.939101649038733e+03,5.932260897264690e+03,5.882352941176471e-01,15253961
5.939655700001401e+03,5.929310877197546e+03,1.764705882352941e+00,15253958
5.941420405883754e+03,5.934715476811011e+03,5.882352941176471e-01,15253963
5.941556843397797e+03,5.931801177704022e+03,1.764705882352941e+00,15253960
5.944395766685791e+03,5.934583388168779e+03,1.764705882352941e+00,15253962
5.944949817648460e+03,5.936981191823111e+03,1.176470588235294e+00,15253964
5.946160472568144e+03,5.943889597103053e+03,5.882352941176471e-01,15253966
5.946714523530813e+03,5.944512235284710e+03,5.882352941176471e-01,15253967
5.948479229413166e+03,5.946319844669644e+03,5.882352941176471e-01,15253969
5.948839706595070e+03,5.943545588948011e+03,1.764705882352941e+00,15253965
5.950604412477423e+03,5.948408346941696e+03,5.882352941176471e-01,15253971
5.951454590215203e+03,5.945677657532273e+03,1.764705882352941e+00,15253968
5.953773347060225e+03,5.947663357365859e+03,1.764705882352941e+00,15253970
5.955898530124482e+03,5.948494318340477e+03,1.764705882352941e+00,15253972
5.955912538345283e+03,5.952383126580577e+03,1.176470588235294e+00,15253973
5.957663236006835e+03,5.955459601631325e+03,5.882352941176471e-01,15253975
5.957677244227636e+03,5.955530083081170e+03,5.882352941176471e-01,15253976
5.960122758006396e+03,5.954828640359337e+03,1.764705882352941e+00,15253974
5.960146552145759e+03,5.958381846263406e+03,5.882352941176471e-01,15253977
5.961887463888749e+03,5.958721471808548e+03,5.882352941176471e-01,15253979
5.963652169771102e+03,5.959746579183968e+03,5.882352941176471e-01,15253981
5.963851828051600e+03,5.958557710404542e+03,1.764705882352941e+00,15253978
5.965416875653455e+03,5.960559233964769e+03,5.882352941176471e-01,15253982
5.965440669792818e+03,5.959489810247421e+03,1.764705882352941e+00,15253980
5.969145945698659e+03,5.960703063838351e+03,1.764705882352941e+00,15253983
5.970710993300514e+03,5.961090939873342e+03,1.764705882352941e+00,15253984
5.970734787439877e+03,5.961553260561252e+03,1.764705882352941e+00,15253985
5.972675357463365e+03,5.966010477415407e+03,1.176470588235294e+00,15253986
5.974440063345718e+03,5.967077607866242e+03,5.882352941176471e-01,15253989
5.976005110947573e+03,5.966483443455621e+03,1.764705882352941e+00,15253987
5.976028905086936e+03,5.967008888098915e+03,1.764705882352941e+00,15253988
5.977969475110424e+03,5.967232413968519e+03,1.176470588235294e+00,15253990
5.979734180992777e+03,5.971797187665918e+03,5.882352941176471e-01,15253993
5.981299228594631e+03,5.967997121911319e+03,1.764705882352941e+00,15253991
5.981323022733995e+03,5.970226711166627e+03,1.764705882352941e+00,15253992
5.981498886875130e+03,5.972842458872324e+03,5.882352941176471e-01,15253994
5.983063934476984e+03,5.974376642729385e+03,5.882352941176471e-01,15253995
5.983087728616348e+03,5.976940228772443e+03,5.882352941176471e-01,15253996
5.983263592757483e+03,5.977873916757962e+03,5.882352941176471e-01,15253997
5.984852434498701e+03,5.978609851414167e+03,5.882352941176471e-01,15253999
5.986617140381054e+03,5.981606255605476e+03,5.882352941176471e-01,15254001
5.986793004522189e+03,5.978942881678165e+03,1.176470588235294e+00,15254000
5.988358052124043e+03,5.978435753685576e+03,1.764705882352941e+00,15253998
5.988381846263406e+03,5.983344373110493e+03,5.882352941176471e-01,15254002
5.990122758006396e+03,5.984657408768778e+03,5.882352941176471e-01,15254004
5.990146552145759e+03,5.986154151154237e+03,5.882352941176471e-01,15254005
5.991887463888749e+03,5.986580464302489e+03,5.882352941176471e-01,15254006
5.992087122169247e+03,5.984614367153984e+03,1.764705882352941e+00,15254003
5.993652169771102e+03,5.986908784629926e+03,5.882352941176471e-01,15254008
5.993851828051600e+03,5.989489999149966e+03,5.882352941176471e-01,15254009
5.995440669792818e+03,5.986670359050447e+03,1.764705882352941e+00,15254007
5.995616533933953e+03,5.991402375485042e+03,5.882352941176471e-01,15254011
5.998946287418161e+03,5.990234389705716e+03,1.764705882352941e+00,15254010
6.000710993300514e+03,5.993033761126350e+03,5.882352941176471e-01,15254014
6.000734787439877e+03,5.991531683734533e+03,1.764705882352941e+00,15254012
6.000910651581012e+03,5.992853186645030e+03,1.764705882352941e+00,15254013
6.002499493322230e+03,5.995369692184395e+03,5.882352941176471e-01,15254016
6.002675357463365e+03,5.996124102350988e+03,5.882352941176471e-01,15254017
6.004264199204583e+03,5.997426888463651e+03,5.882352941176471e-01,15254018
6.006005110947573e+03,5.993996196404592e+03,1.764705882352941e+00,15254015
6.006028905086936e+03,5.998423899621512e+03,5.882352941176471e-01,15254020
6.007969475110424e+03,5.998181135317837e+03,1.764705882352941e+00,15254019
6.009534522712278e+03,5.998966675621907e+03,1.176470588235294e+00,15254021
6.009734180992777e+03,5.999464739235579e+03,5.882352941176471e-01,15254023
6.011323022733995e+03,5.998984231939852e+03,1.764705882352941e+00,15254022
6.011498886875130e+03,6.000900732800544e+03,5.882352941176471e-01,15254025
6.013263592757483e+03,6.002320325164785e+03,5.882352941176471e-01,15254027
6.014828640359337e+03,5.999640404814389e+03,1.764705882352941e+00,15254024
6.015028298639836e+03,6.003177655841613e+03,5.882352941176471e-01,15254028
6.016617140381054e+03,6.001682179499414e+03,1.764705882352941e+00,15254026
6.016793004522189e+03,6.004202285772994e+03,5.882352941176471e-01,15254030
6.018381846263406e+03,6.004792936574216e+03,5.882352941176471e-01,15254031
6.020122758006396e+03,6.003694767518171e+03,1.764705882352941e+00,15254029
6.020322416286894e+03,6.005368542534742e+03,1.176470588235294e+00,15254032
6.021887463888749e+03,6.007282037427918e+03,5.882352941176471e-01,15254034
6.022087122169247e+03,6.007551803135104e+03,5.882352941176471e-01,15254035
6.023652169771102e+03,6.007840346339514e+03,5.882352941176471e-01,15254036
6.023675963910465e+03,6.007025262389686e+03,1.764705882352941e+00,15254033
6.023851828051600e+03,6.008126182238349e+03,5.882352941176471e-01,15254037
6.025440669792818e+03,6.008500760246683e+03,5.882352941176471e-01,15254039
6.025616533933953e+03,6.010150773410757e+03,5.882352941176471e-01,15254040
6.027205375675171e+03,6.011086950311765e+03,5.882352941176471e-01,15254041
6.027381239816306e+03,6.011195990671209e+03,5.882352941176471e-01,15254042
6.028946287418161e+03,6.008313819444155e+03,1.764705882352941e+00,15254038
6.030710993300514e+03,6.014502990547764e+03,5.882352941176471e-01,15254045
6.032475699182867e+03,6.016322733447618e+03,5.882352941176471e-01,15254046
6.032499493322230e+03,6.012858224858900e+03,1.764705882352941e+00,15254043
6.032675357463365e+03,6.014042214414177e+03,1.764705882352941e+00,15254044
6.034264199204583e+03,6.018891461718884e+03,5.882352941176471e-01,15254048
6.034440063345718e+03,6.019385194158744e+03,5.882352941176471e-01,15254049
6.036005110947573e+03,6.017903573744291e+03,1.176470588235294e+00,15254047
6.039534522712278e+03,6.020292520872540e+03,1.176470588235294e+00,15254052
6.039558316851642e+03,6.019387876419877e+03,1.764705882352941e+00,15254050
6.039734180992777e+03,6.019940468193381e+03,1.764705882352941e+00,15254051
6.041323022733995e+03,6.021498661512786e+03,5.882352941176471e-01,15254054
6.041498886875130e+03,6.022143761122536e+03,5.882352941176471e-01,15254055
6.043263592757483e+03,6.023411059824667e+03,5.882352941176471e-01,15254057
6.044828640359337e+03,6.020662324399034e+03,1.764705882352941e+00,15254053
6.046593346241690e+03,6.023778655833790e+03,5.882352941176471e-01,15254059
6.046617140381054e+03,6.023388946487684e+03,1.764705882352941e+00,15254056
6.048358052124043e+03,6.023947877277875e+03,5.882352941176471e-01,15254060
6.048557710404542e+03,6.023622493398293e+03,1.764705882352941e+00,15254058
6.051911258028112e+03,6.024676729178656e+03,1.764705882352941e+00,15254061
6.052087122169247e+03,6.028347358338905e+03,1.176470588235294e+00,15254063
6.053652169771102e+03,6.028122197888582e+03,1.764705882352941e+00,15254062
6.055416875653455e+03,6.029899608167940e+03,5.882352941176471e-01,15254066
6.055440669792818e+03,6.028758686557258e+03,1.176470588235294e+00,15254064
6.057205375675171e+03,6.031561087689571e+03,5.882352941176471e-01,15254068
6.057381239816306e+03,6.029049294714786e+03,1.764705882352941e+00,15254065
6.060710993300514e+03,6.031219203324025e+03,1.764705882352941e+00,15254067
6.060734787439877e+03,6.032117017252218e+03,1.176470588235294e+00,15254069
6.062475699182867e+03,6.037778182837461e+03,5.882352941176471e-01,15254071
6.062499493322230e+03,6.039436338340445e+03,5.882352941176471e-01,15254072
6.062675357463365e+03,6.033582052086907e+03,1.764705882352941e+00,15254070
6.064240405065220e+03,6.040746771171639e+03,5.882352941176471e-01,15254073
6.066005110947573e+03,6.043486513245909e+03,5.882352941176471e-01,15254076
6.066028905086936e+03,6.041097235809922e+03,1.176470588235294e+00,15254074
6.066204769228071e+03,6.043439094927980e+03,1.176470588235294e+00,15254075
6.067969475110424e+03,6.047637523768695e+03,5.882352941176471e-01,15254079
6.069734180992777e+03,6.048378273830257e+03,5.882352941176471e-01,15254080
6.071299228594631e+03,6.043726927134141e+03,1.764705882352941e+00,15254077
6.071323022733995e+03,6.046181604183084e+03,1.764705882352941e+00,15254078
6.073087728616348e+03,6.049536194141989e+03,5.882352941176471e-01,15254083
6.074852434498701e+03,6.049834183189255e+03,5.882352941176471e-01,15254084
6.075028298639836e+03,6.048940108395181e+03,1.764705882352941e+00,15254081
6.076593346241690e+03,6.049046344493723e+03,1.764705882352941e+00,15254082
6.076793004522189e+03,6.050915969279047e+03,5.882352941176471e-01,15254086
6.078358052124043e+03,6.054489811171154e+03,5.882352941176471e-01,15254087
6.078557710404542e+03,6.055030052753417e+03,5.882352941176471e-01,15254088
6.080122758006396e+03,6.056673639796911e+03,5.882352941176471e-01,15254089
6.080146552145759e+03,6.050408610244053e+03,1.764705882352941e+00,15254085
6.080322416286894e+03,6.057861725087380e+03,5.882352941176471e-01,15254090
6.081887463888749e+03,6.060474405130133e+03,5.882352941176471e-01,15254091
6.081911258028112e+03,6.061008811068338e+03,5.882352941176471e-01,15254092
6.083652169771102e+03,6.064690783483446e+03,5.882352941176471e-01,15254094
6.083851828051600e+03,6.064003167419318e+03,1.176470588235294e+00,15254093
6.085616533933953e+03,6.066249944836098e+03,5.882352941176471e-01,15254097
6.087181581535808e+03,6.065901600892863e+03,1.176470588235294e+00,15254096
6.087205375675171e+03,6.065721063058660e+03,1.764705882352941e+00,15254095
6.088946287418161e+03,6.069235040779607e+03,5.882352941176471e-01,15254099
6.088970081557524e+03,6.071876945944975e+03,5.882352941176471e-01,15254100
6.090910651581012e+03,6.067593949762510e+03,1.764705882352941e+00,15254098
6.094240405065220e+03,6.075131894565046e+03,1.764705882352941e+00,15254101
6.094264199204583e+03,6.076710313290159e+03,1.764705882352941e+00,15254102
6.094440063345718e+03,6.077667852242542e+03,1.176470588235294e+00,15254103
6.096028905086936e+03,6.078885762974468e+03,5.882352941176471e-01,15254105
6.097793610969289e+03,6.079911487906686e+03,5.882352941176471e-01,15254107
6.099534522712278e+03,6.078124224167923e+03,1.764705882352941e+00,15254104
6.099558316851642e+03,6.080006346243617e+03,5.882352941176471e-01,15254108
6.099734180992777e+03,6.078963403952630e+03,1.764705882352941e+00,15254106
6.101299228594631e+03,6.080707906299859e+03,5.882352941176471e-01,15254109
6.104852434498701e+03,6.080794236896609e+03,1.764705882352941e+00,15254110
6.105028298639836e+03,6.081032363320166e+03,1.764705882352941e+00,15254111
6.106593346241690e+03,6.081042888525030e+03,1.764705882352941e+00,15254112
6.108358052124043e+03,6.082967438721583e+03,5.882352941176471e-01,15254115
6.108381846263406e+03,6.081201841352678e+03,1.176470588235294e+00,15254113
6.110122758006396e+03,6.083015037764415e+03,5.882352941176471e-01,15254116
6.110322416286894e+03,6.081520911876123e+03,1.764705882352941e+00,15254114
6.111887463888749e+03,6.084591933143765e+03,5.882352941176471e-01,15254118
6.113675963910465e+03,6.084214263935814e+03,1.764705882352941e+00,15254117
6.115440669792818e+03,6.087351195040206e+03,5.882352941176471e-01,15254121
6.115616533933953e+03,6.085373197415516e+03,1.764705882352941e+00,15254119
6.117181581535808e+03,6.086610490088785e+03,1.764705882352941e+00,15254120
6.117205375675171e+03,6.089178698347696e+03,5.882352941176471e-01,15254122
6.118946287418161e+03,6.092483749230677e+03,5.882352941176471e-01,15254124
6.120710993300514e+03,6.093390187289708e+03,5.882352941176471e-01,15254126
6.120910651581012e+03,6.091644544309015e+03,1.764705882352941e+00,15254123
6.122499493322230e+03,6.092639950935131e+03,1.764705882352941e+00,15254125
6.122675357463365e+03,6.094987495904550e+03,5.882352941176471e-01,15254128
6.124440063345718e+03,6.097205150033604e+03,5.882352941176471e-01,15254130
6.126005110947573e+03,6.093690079933098e+03,1.764705882352941e+00,15254127
6.126204769228071e+03,6.098138442586671e+03,5.882352941176471e-01,15254131
6.127769816829926e+03,6.098298149177407e+03,5.882352941176471e-01,15254132
6.127793610969289e+03,6.095251845750405e+03,1.764705882352941e+00,15254129
6.129534522712278e+03,6.101876464227967e+03,5.882352941176471e-01,15254134
6.129558316851642e+03,6.102299212070068e+03,5.882352941176471e-01,15254135
6.131498886875130e+03,6.099656994296548e+03,1.764705882352941e+00,15254133
6.133063934476984e+03,6.105063790322854e+03,1.176470588235294e+00,15254136
6.134852434498701e+03,6.105814601401854e+03,1.764705882352941e+00,15254137
6.135028298639836e+03,6.106069679453277e+03,1.176470588235294e+00,15254138
6.136793004522189e+03,6.110704181991298e+03,5.882352941176471e-01,15254141
6.138358052124043e+03,6.109279393215304e+03,1.764705882352941e+00,15254139
6.140146552145759e+03,6.110211974157971e+03,1.764705882352941e+00,15254140
6.141887463888749e+03,6.115042920733964e+03,1.176470588235294e+00,15254143
6.141911258028112e+03,6.115484939081832e+03,5.882352941176471e-01,15254144
6.142087122169247e+03,6.114799841993060e+03,1.764705882352941e+00,15254142
6.143652169771102e+03,6.115623743746790e+03,5.882352941176471e-01,15254145
6.143851828051600e+03,6.116583180198807e+03,5.882352941176471e-01,15254147
6.145416875653455e+03,6.117788298990567e+03,5.882352941176471e-01,15254148
6.145616533933953e+03,6.118677633360931e+03,5.882352941176471e-01,15254149
6.147181581535808e+03,6.119001687536908e+03,5.882352941176471e-01,15254150
6.147205375675171e+03,6.115730359669168e+03,1.764705882352941e+00,15254146
6.148946287418161e+03,6.120622391106056e+03,5.882352941176471e-01,15254152
6.148970081557524e+03,6.121636241372254e+03,5.882352941176471e-01,15254153
6.150710993300514e+03,6.121670167977508e+03,5.882352941176471e-01,15254154
6.150734787439877e+03,6.122687225143006e+03,5.882352941176471e-01,15254155
6.150910651581012e+03,6.119408236501390e+03,1.764705882352941e+00,15254151
6.152475699182867e+03,6.122731328646191e+03,5.882352941176471e-01,15254156
6.152499493322230e+03,6.125700105311770e+03,5.882352941176471e-01,15254157
6.152675357463365e+03,6.126131118359802e+03,5.882352941176471e-01,15254158
6.154240405065220e+03,6.127486441297785e+03,5.882352941176471e-01,15254159
6.154264199204583e+03,6.128263496735013e+03,5.882352941176471e-01,15254160
6.156028905086936e+03,6.131737208282527e+03,5.882352941176471e-01,15254163
6.157793610969289e+03,6.131920787570724e+03,5.882352941176471e-01,15254164
6.157969475110424e+03,6.129718794314347e+03,1.764705882352941e+00,15254161
6.159534522712278e+03,6.129899000291131e+03,1.764705882352941e+00,15254162
6.159558316851642e+03,6.133774988609237e+03,5.882352941176471e-01,15254165
6.161299228594631e+03,6.135157805699687e+03,5.882352941176471e-01,15254167
6.161323022733995e+03,6.136290236344917e+03,5.882352941176471e-01,15254168
6.163063934476984e+03,6.136715396470227e+03,5.882352941176471e-01,15254169
6.163263592757483e+03,6.134130628870989e+03,1.764705882352941e+00,15254166
6.164828640359337e+03,6.138277872601633e+03,5.882352941176471e-01,15254171
6.164852434498701e+03,6.136725564641587e+03,1.176470588235294e+00,15254170
6.165028298639836e+03,6.138813494593939e+03,5.882352941176471e-01,15254172
6.166593346241690e+03,6.139648063523044e+03,5.882352941176471e-01,15254173
6.166617140381054e+03,6.140647847180135e+03,5.882352941176471e-01,15254174
6.166793004522189e+03,6.142266144199119e+03,5.882352941176471e-01,15254175
6.168358052124043e+03,6.142277888019292e+03,5.882352941176471e-01,15254176
6.168557710404542e+03,6.148146365710046e+03,5.882352941176471e-01,15254178
6.170122758006396e+03,6.148375940470549e+03,5.882352941176471e-01,15254179
6.170322416286894e+03,6.149113777504555e+03,5.882352941176471e-01,15254180
6.171911258028112e+03,6.144517411609576e+03,1.764705882352941e+00,15254177
6.173675963910465e+03,6.152404452636771e+03,5.882352941176471e-01,15254183
6.175416875653455e+03,6.149957335610957e+03,1.764705882352941e+00,15254181
6.175440669792818e+03,6.154531170444077e+03,5.882352941176471e-01,15254184
6.175616533933953e+03,6.150329792724838e+03,1.764705882352941e+00,15254182
6.177381239816306e+03,6.159060854196263e+03,5.882352941176471e-01,15254187
6.180710993300514e+03,6.157029898243844e+03,1.764705882352941e+00,15254185
6.180734787439877e+03,6.157302988283510e+03,1.764705882352941e+00,15254186
6.182475699182867e+03,6.161147047184951e+03,5.882352941176471e-01,15254189
6.182499493322230e+03,6.161891882396071e+03,5.882352941176471e-01,15254190
6.182675357463365e+03,6.159761577673119e+03,1.764705882352941e+00,15254188
6.184264199204583e+03,6.163074584880975e+03,5.882352941176471e-01,15254192
6.184440063345718e+03,6.163394950890056e+03,5.882352941176471e-01,15254193
6.186028905086936e+03,6.163442678412517e+03,5.882352941176471e-01,15254194
6.186204769228071e+03,6.164530724831513e+03,5.882352941176471e-01,15254195
6.187769816829926e+03,6.162690343051082e+03,1.764705882352941e+00,15254191
6.187793610969289e+03,6.165222700820727e+03,5.882352941176471e-01,15254196
6.191323022733995e+03,6.167176911289618e+03,1.176470588235294e+00,15254199
6.191498886875130e+03,6.165933041504041e+03,1.764705882352941e+00,15254197
6.193063934476984e+03,6.166067923593746e+03,1.764705882352941e+00,15254198
6.193263592757483e+03,6.170883104731283e+03,5.882352941176471e-01,15254201
6.194828640359337e+03,6.171706034231569e+03,5.882352941176471e-01,15254202
6.196593346241690e+03,6.173279081756204e+03,5.882352941176471e-01,15254204
6.196617140381054e+03,6.170001473258605e+03,1.764705882352941e+00,15254200
6.198358052124043e+03,6.173489030682556e+03,5.882352941176471e-01,15254205
6.198381846263406e+03,6.174094349350538e+03,5.882352941176471e-01,15254206
6.198557710404542e+03,6.171817232610272e+03,1.764705882352941e+00,15254203
6.203652169771102e+03,6.176939063098096e+03,1.764705882352941e+00,15254207
6.203675963910465e+03,6.178407416819249e+03,1.764705882352941e+00,15254208
6.203851828051600e+03,6.180547337700502e+03,1.764705882352941e+00,15254209
6.205416875653455e+03,6.181560160537843e+03,5.882352941176471e-01,15254210
6.205440669792818e+03,6.185258164359769e+03,5.882352941176471e-01,15254211
6.205616533933953e+03,6.188516601154248e+03,5.882352941176471e-01,15254212
6.207181581535808e+03,6.189016948473886e+03,5.882352941176471e-01,15254213
6.207205375675171e+03,6.190825159865822e+03,5.882352941176471e-01,15254214
6.207381239816306e+03,6.193328192277314e+03,5.882352941176471e-01,15254215
6.212475699182867e+03,6.194172289807193e+03,1.764705882352941e+00,15254216
6.212499493322230e+03,6.194735327529455e+03,1.764705882352941e+00,15254217
6.212675357463365e+03,6.194945032510374e+03,1.764705882352941e+00,15254218
6.214264199204583e+03,6.198315067896903e+03,5.882352941176471e-01,15254220
6.214440063345718e+03,6.198868991600844e+03,5.882352941176471e-01,15254221
6.216028905086936e+03,6.199094664529255e+03,5.882352941176471e-01,15254222
6.217769816829926e+03,6.197334738482280e+03,1.764705882352941e+00,15254219
6.219558316851642e+03,6.202529931980189e+03,1.176470588235294e+00,15254224
6.219734180992777e+03,6.200429952200536e+03,1.764705882352941e+00,15254223
6.221323022733995e+03,6.204889264937467e+03,5.882352941176471e-01,15254226
6.223063934476984e+03,6.204436894395619e+03,1.764705882352941e+00,15254225
6.223087728616348e+03,6.206655785578419e+03,5.882352941176471e-01,15254228
6.224828640359337e+03,6.206710332913455e+03,5.882352941176471e-01,15254229
6.225028298639836e+03,6.206553176367826e+03,1.764705882352941e+00,15254227
6.226593346241690e+03,6.206966896585684e+03,5.882352941176471e-01,15254231
6.228358052124043e+03,6.207349249348721e+03,5.882352941176471e-01,15254233
6.228381846263406e+03,6.206768515815418e+03,1.764705882352941e+00,15254230
6.230122758006396e+03,6.207610998699196e+03,5.882352941176471e-01,15254234
6.230146552145759e+03,6.208299903989583e+03,5.882352941176471e-01,15254235
6.230322416286894e+03,6.207272665239811e+03,1.764705882352941e+00,15254232
6.231887463888749e+03,6.208957505230642e+03,5.882352941176471e-01,15254236
6.231911258028112e+03,6.211771374292178e+03,5.882352941176471e-01,15254237
6.232087122169247e+03,6.212786141558403e+03,5.882352941176471e-01,15254238
6.233652169771102e+03,6.212829959726289e+03,5.882352941176471e-01,15254239
6.233675963910465e+03,6.213984105800827e+03,5.882352941176471e-01,15254240
6.233851828051600e+03,6.214266723683708e+03,5.882352941176471e-01,15254241
6.235416875653455e+03,6.215330878537954e+03,5.882352941176471e-01,15254242
6.235440669792818e+03,6.215554545725244e+03,5.882352941176471e-01,15254243
6.237181581535808e+03,6.217243503376535e+03,5.882352941176471e-01,15254245
6.239145945698659e+03,6.215867974042354e+03,1.764705882352941e+00,15254244
6.240734787439877e+03,6.218879942314388e+03,1.764705882352941e+00,15254246
6.240910651581012e+03,6.219861730069458e+03,5.882352941176471e-01,15254248
6.242475699182867e+03,6.219718381402251e+03,1.764705882352941e+00,15254247
6.242675357463365e+03,6.224988985145547e+03,5.882352941176471e-01,15254250
6.244240405065220e+03,6.226498447913427e+03,5.882352941176471e-01,15254251
6.246005110947573e+03,6.230908580702574e+03,5.882352941176471e-01,15254253
6.246028905086936e+03,6.223332000827081e+03,1.764705882352941e+00,15254249
6.247769816829926e+03,6.234275276486610e+03,5.882352941176471e-01,15254254
6.247793610969289e+03,6.238593519245502e+03,5.882352941176471e-01,15254255
6.247969475110424e+03,6.229579297485376e+03,1.764705882352941e+00,15254252
6.249558316851642e+03,6.238937391219520e+03,5.882352941176471e-01,15254257
6.249734180992777e+03,6.239380361501336e+03,5.882352941176471e-01,15254258
6.251299228594631e+03,6.238750417133787e+03,1.176470588235294e+00,15254256
6.251323022733995e+03,6.239943527255498e+03,5.882352941176471e-01,15254259
6.251498886875130e+03,6.240334554348506e+03,5.882352941176471e-01,15254260
6.253063934476984e+03,6.241266205354443e+03,5.882352941176471e-01,15254261
6.253263592757483e+03,6.242421019217554e+03,5.882352941176471e-01,15254263
6.254828640359337e+03,6.244876226876122e+03,5.882352941176471e-01,15254264
6.254852434498701e+03,6.242113964810705e+03,1.176470588235294e+00,15254262
6.256593346241690e+03,6.245934792616026e+03,5.882352941176471e-01,15254266
6.258358052124043e+03,6.247607200576720e+03,5.882352941176471e-01,15254268
6.258381846263406e+03,6.247417154324166e+03,1.176470588235294e+00,15254267
6.258557710404542e+03,6.245495389002268e+03,1.764705882352941e+00,15254265
6.260122758006396e+03,6.249163895076856e+03,5.882352941176471e-01,15254269
6.260146552145759e+03,6.250303887051550e+03,5.882352941176471e-01,15254270
6.260322416286894e+03,6.254106004870376e+03,5.882352941176471e-01,15254271
6.261887463888749e+03,6.254548058544147e+03,5.882352941176471e-01,15254272
6.261911258028112e+03,6.255364838431178e+03,5.882352941176471e-01,15254273
6.265416875653455e+03,6.256679265465485e+03,1.176470588235294e+00,15254275
6.265616533933953e+03,6.256014310549239e+03,1.764705882352941e+00,15254274
6.267205375675171e+03,6.257151190390678e+03,1.764705882352941e+00,15254276
6.267381239816306e+03,6.260758474994965e+03,5.882352941176471e-01,15254278
6.268946287418161e+03,6.259405158936009e+03,1.176470588235294e+00,15254277
6.268970081557524e+03,6.262688046979108e+03,5.882352941176471e-01,15254279
6.270710993300514e+03,6.263769103787137e+03,5.882352941176471e-01,15254281
6.272475699182867e+03,6.265109350641590e+03,5.882352941176471e-01,15254283
6.272675357463365e+03,6.263420462865681e+03,1.764705882352941e+00,15254280
6.274264199204583e+03,6.264850556070582e+03,1.764705882352941e+00,15254282
6.274440063345718e+03,6.268960075292825e+03,5.882352941176471e-01,15254285
6.276028905086936e+03,6.268972375186861e+03,5.882352941176471e-01,15254286
6.276204769228071e+03,6.269206341149930e+03,5.882352941176471e-01,15254287
6.277769816829926e+03,6.268604128041970e+03,1.764705882352941e+00,15254284
6.277969475110424e+03,6.270988848412605e+03,5.882352941176471e-01,15254289
6.279534522712278e+03,6.275144478205171e+03,5.882352941176471e-01,15254290
6.279734180992777e+03,6.276109143737897e+03,5.882352941176471e-01,15254291
6.281323022733995e+03,6.270313623739073e+03,1.764705882352941e+00,15254288
6.283063934476984e+03,6.276863139248363e+03,1.176470588235294e+00,15254292
6.283087728616348e+03,6.276913773869410e+03,5.882352941176471e-01,15254294
6.284828640359337e+03,6.279021687791631e+03,5.882352941176471e-01,15254295
6.285028298639836e+03,6.276866771933990e+03,1.764705882352941e+00,15254293
6.286617140381054e+03,6.279567687814075e+03,1.176470588235294e+00,15254296
6.286793004522189e+03,6.280017953173874e+03,5.882352941176471e-01,15254298
6.288381846263406e+03,6.282986072909678e+03,5.882352941176471e-01,15254299
6.288557710404542e+03,6.283021717826577e+03,5.882352941176471e-01,15254300
6.290122758006396e+03,6.279639425381005e+03,1.764705882352941e+00,15254297
6.290146552145759e+03,6.283631390599970e+03,5.882352941176471e-01,15254301
6.293851828051600e+03,6.286800273949490e+03,1.764705882352941e+00,15254302
6.295616533933953e+03,6.293804176461463e+03,5.882352941176471e-01,15254305
6.296403659865410e+03,6.291109542218351e+03,1.764705882352941e+00,15254303
6.296730115026198e+03,6.291435997379139e+03,1.764705882352941e+00,15254304
6.299147625712825e+03,6.297382919830472e+03,5.882352941176471e-01,15254307
6.301181305499753e+03,6.295887187852694e+03,1.764705882352941e+00,15254306
6.302677037477531e+03,6.298025930487961e+03,1.176470588235294e+00,15254309
6.302946011382106e+03,6.300684333401054e+03,5.882352941176471e-01,15254310
6.303196729412229e+03,6.297902611765170e+03,1.764705882352941e+00,15254308
6.304961435294582e+03,6.302195644742256e+03,5.882352941176471e-01,15254313
6.306206449242237e+03,6.300716808824041e+03,1.176470588235294e+00,15254311
6.307971155124590e+03,6.302992876156361e+03,5.882352941176471e-01,15254315
6.308240129029165e+03,6.301738949340689e+03,1.764705882352941e+00,15254312
6.309735861006943e+03,6.303964800149870e+03,5.882352941176471e-01,15254316
6.310004834911518e+03,6.304121045920843e+03,5.882352941176471e-01,15254317
6.310255552941640e+03,6.302543668004416e+03,1.764705882352941e+00,15254314
6.311769540793871e+03,6.305106240764485e+03,5.882352941176471e-01,15254319
6.312020258823993e+03,6.306048564422331e+03,5.882352941176471e-01,15254320
6.313534246676224e+03,6.306581972506796e+03,5.882352941176471e-01,15254321
6.315029978654002e+03,6.304568344200852e+03,1.764705882352941e+00,15254318
6.315298952558577e+03,6.307752321994757e+03,5.882352941176471e-01,15254323
6.317063658440930e+03,6.308250047735338e+03,5.882352941176471e-01,15254325
6.317314376471052e+03,6.307317406616930e+03,1.764705882352941e+00,15254322
6.319079082353405e+03,6.311979842127312e+03,5.882352941176471e-01,15254327
6.320324096301061e+03,6.307909208533747e+03,1.764705882352941e+00,15254324
6.322357776087989e+03,6.310351692042152e+03,1.764705882352941e+00,15254326
6.322608494118111e+03,6.315139566625440e+03,1.176470588235294e+00,15254328
6.323853508065766e+03,6.315450815079991e+03,1.176470588235294e+00,15254329
6.325618213948119e+03,6.321182899784628e+03,5.882352941176471e-01,15254332
6.326137905882817e+03,6.320649036178752e+03,1.176470588235294e+00,15254331
6.327382919830472e+03,6.321416685355032e+03,5.882352941176471e-01,15254333
6.327651893735047e+03,6.316128336099523e+03,1.764705882352941e+00,15254330
6.327902611765170e+03,6.322688060887800e+03,5.882352941176471e-01,15254334
6.329667317647523e+03,6.325654338388647e+03,5.882352941176471e-01,15254337
6.331181305499753e+03,6.325127741965021e+03,1.176470588235294e+00,15254336
6.331432023529876e+03,6.325897594482876e+03,5.882352941176471e-01,15254338
6.332677037477531e+03,6.325112620495264e+03,1.764705882352941e+00,15254335
6.333196729412229e+03,6.327928348374281e+03,5.882352941176471e-01,15254340
6.334961435294582e+03,6.329543538401383e+03,5.882352941176471e-01,15254342
6.336475423146812e+03,6.326765704065318e+03,1.764705882352941e+00,15254339
6.336726141176935e+03,6.330900857520043e+03,5.882352941176471e-01,15254343
6.337971155124590e+03,6.329271363053232e+03,1.764705882352941e+00,15254341
6.338240129029165e+03,6.332472135658794e+03,5.882352941176471e-01,15254344
6.338490847059287e+03,6.332830594564537e+03,5.882352941176471e-01,15254345
6.340004834911518e+03,6.334639059664315e+03,5.882352941176471e-01,15254347
6.341769540793871e+03,6.337208714105936e+03,5.882352941176471e-01,15254349
6.342020258823993e+03,6.335378878484730e+03,1.176470588235294e+00,15254348
6.343265272771649e+03,6.334145169806006e+03,1.764705882352941e+00,15254346
6.345549670588699e+03,6.339249883665667e+03,1.176470588235294e+00,15254351
6.347063658440930e+03,6.338772023738080e+03,1.764705882352941e+00,15254350
6.348559390418708e+03,6.341590346111358e+03,1.764705882352941e+00,15254352
6.348828364323283e+03,6.345640726797483e+03,5.882352941176471e-01,15254354
6.350843788235758e+03,6.343438486312721e+03,1.764705882352941e+00,15254353
6.353853508065766e+03,6.345924333196888e+03,1.764705882352941e+00,15254355
6.354122481970341e+03,6.346793990770112e+03,1.764705882352941e+00,15254356
6.354373200000464e+03,6.347185935483758e+03,1.176470588235294e+00,15254357
6.356137905882817e+03,6.352385575889842e+03,5.882352941176471e-01,15254360
6.357651893735047e+03,6.349260290216692e+03,1.176470588235294e+00,15254359
6.357902611765170e+03,6.355503823134390e+03,5.882352941176471e-01,15254361
6.359147625712825e+03,6.347904825117585e+03,1.764705882352941e+00,15254358
6.359416599617400e+03,6.355668839585484e+03,5.882352941176471e-01,15254362
6.361181305499753e+03,6.356428725942829e+03,5.882352941176471e-01,15254365
6.362677037477531e+03,6.356028811077620e+03,1.176470588235294e+00,15254364
6.362946011382106e+03,6.356764949460591e+03,5.882352941176471e-01,15254366
6.363196729412229e+03,6.355898763226315e+03,1.764705882352941e+00,15254363
6.364441743359884e+03,6.357354104110376e+03,5.882352941176471e-01,15254367
6.364961435294582e+03,6.358762480804476e+03,5.882352941176471e-01,15254369
6.366726141176935e+03,6.359965626015497e+03,5.882352941176471e-01,15254371
6.368240129029165e+03,6.358058784486016e+03,1.764705882352941e+00,15254368
6.369735861006943e+03,6.359350392046308e+03,1.764705882352941e+00,15254370
6.370004834911518e+03,6.362439205153907e+03,5.882352941176471e-01,15254373
6.371500566889296e+03,6.362542204221317e+03,5.882352941176471e-01,15254374
6.372020258823993e+03,6.361352716524359e+03,1.764705882352941e+00,15254372
6.373265272771649e+03,6.367241266924612e+03,5.882352941176471e-01,15254376
6.373784964706346e+03,6.368389227424900e+03,5.882352941176471e-01,15254377
6.375029978654002e+03,6.370554188092682e+03,5.882352941176471e-01,15254378
6.375298952558577e+03,6.362945361798591e+03,1.764705882352941e+00,15254375
6.375549670588699e+03,6.371363805588089e+03,5.882352941176471e-01,15254379
6.376794684536355e+03,6.371588304597846e+03,5.882352941176471e-01,15254380
6.377063658440930e+03,6.372817225932015e+03,5.882352941176471e-01,15254381
6.377314376471052e+03,6.373557122763705e+03,5.882352941176471e-01,15254382
6.378828364323283e+03,6.373750415669211e+03,5.882352941176471e-01,15254384
6.379079082353405e+03,6.374560025388259e+03,5.882352941176471e-01,15254385
6.380593070205636e+03,6.374623472490843e+03,5.882352941176471e-01,15254386
6.380843788235758e+03,6.375417574915772e+03,5.882352941176471e-01,15254387
6.382088802183414e+03,6.373585318915496e+03,1.764705882352941e+00,15254383
6.383853508065766e+03,6.377020053436207e+03,5.882352941176471e-01,15254390
6.385618213948119e+03,6.378508291813517e+03,5.882352941176471e-01,15254391
6.385887187852694e+03,6.375689122865372e+03,1.764705882352941e+00,15254388
6.386137905882817e+03,6.375972717686355e+03,1.764705882352941e+00,15254389
6.387382919830472e+03,6.381495214698702e+03,5.882352941176471e-01,15254392
6.387651893735047e+03,6.382521754210722e+03,5.882352941176471e-01,15254393
6.387902611765170e+03,6.383326051780358e+03,5.882352941176471e-01,15254394
6.389416599617400e+03,6.384071592499850e+03,5.882352941176471e-01,15254396
6.390912331595178e+03,6.383508108806937e+03,1.176470588235294e+00,15254395
6.391181305499753e+03,6.386560984138940e+03,5.882352941176471e-01,15254398
6.392946011382106e+03,6.389061433259126e+03,5.882352941176471e-01,15254400
6.393196729412229e+03,6.386555497649312e+03,1.764705882352941e+00,15254397
6.394710717264459e+03,6.390027512183906e+03,5.882352941176471e-01,15254401
6.394961435294582e+03,6.390906458446005e+03,5.882352941176471e-01,15254402
6.396206449242237e+03,6.388730983701912e+03,1.764705882352941e+00,15254399
6.396475423146812e+03,6.391580883935281e+03,5.882352941176471e-01,15254403
6.397971155124590e+03,6.392834128492830e+03,5.882352941176471e-01,15254405
6.398240129029165e+03,6.394578318091439e+03,5.882352941176471e-01,15254406
6.399735861006943e+03,6.394734238936852e+03,5.882352941176471e-01,15254407
6.400255552941640e+03,6.391760114957573e+03,1.764705882352941e+00,15254404
6.402020258823993e+03,6.396735054516750e+03,5.882352941176471e-01,15254410
6.403534246676224e+03,6.395768613429587e+03,1.764705882352941e+00,15254408
6.403784964706346e+03,6.397101157202128e+03,5.882352941176471e-01,15254411
6.405029978654002e+03,6.396153412171359e+03,1.764705882352941e+00,15254409
6.405549670588699e+03,6.397159473014511e+03,5.882352941176471e-01,15254413
6.408828364323283e+03,6.397125647878256e+03,1.764705882352941e+00,15254412
6.410324096301061e+03,6.398206713951891e+03,1.764705882352941e+00,15254414
6.410593070205636e+03,6.401186946395064e+03,5.882352941176471e-01,15254416
6.410843788235758e+03,6.399040387772115e+03,1.764705882352941e+00,15254415
6.415618213948119e+03,6.407062479512544e+03,1.764705882352941e+00,15254417
6.415887187852694e+03,6.409929558686283e+03,1.764705882352941e+00,15254418
6.416404973109008e+03,6.411110855461950e+03,1.764705882352941e+00,15254419
6.417382919830472e+03,6.412085354637536e+03,5.882352941176471e-01,15254420
6.417651893735047e+03,6.414243115351039e+03,5.882352941176471e-01,15254421
6.418169678991361e+03,6.415677363134596e+03,5.882352941176471e-01,15254422
6.419495184823320e+03,6.417730478940967e+03,5.882352941176471e-01,15254424
6.421759493209135e+03,6.419994787326782e+03,5.882352941176471e-01,15254426
6.422677037477531e+03,6.416356895389335e+03,1.764705882352941e+00,15254423
6.424441743359884e+03,6.421087637887635e+03,5.882352941176471e-01,15254428
6.424602437839502e+03,6.419308320192443e+03,1.764705882352941e+00,15254425
6.425288904973840e+03,6.420024612657528e+03,1.176470588235294e+00,15254427
6.426206449242237e+03,6.422522000955391e+03,5.882352941176471e-01,15254429
6.427053610856193e+03,6.424589683671507e+03,5.882352941176471e-01,15254431
6.428086462129752e+03,6.426321756247399e+03,5.882352941176471e-01,15254432
6.428818316738546e+03,6.426496835911525e+03,5.882352941176471e-01,15254433
6.429896555486560e+03,6.423628459897306e+03,1.764705882352941e+00,15254430
6.431661261368913e+03,6.428114484826988e+03,5.882352941176471e-01,15254436
6.433380579776811e+03,6.427158773024928e+03,1.764705882352941e+00,15254434
6.433425967251266e+03,6.428120205307732e+03,5.882352941176471e-01,15254437
6.434112434385605e+03,6.427911842028487e+03,1.764705882352941e+00,15254435
6.436955379015972e+03,6.429815433537198e+03,1.176470588235294e+00,15254439
6.438674697423869e+03,6.428749560275945e+03,1.764705882352941e+00,15254438
6.438720084898325e+03,6.432003969048064e+03,5.882352941176471e-01,15254441
6.439406552032664e+03,6.430684826768314e+03,1.764705882352941e+00,15254440
6.440439403306222e+03,6.433316140073501e+03,5.882352941176471e-01,15254442
6.441171257915017e+03,6.437403636820814e+03,5.882352941176471e-01,15254444
6.442935963797370e+03,6.439717689197105e+03,5.882352941176471e-01,15254446
6.444014202545384e+03,6.434378630550262e+03,1.764705882352941e+00,15254443
6.444700669679723e+03,6.439790205494604e+03,5.882352941176471e-01,15254447
6.445733520953281e+03,6.437742420277883e+03,1.764705882352941e+00,15254445
6.445778908427737e+03,6.441620447124101e+03,5.882352941176471e-01,15254448
6.446465375562076e+03,6.441940516388438e+03,5.882352941176471e-01,15254449
6.447543614310090e+03,6.445073894130808e+03,5.882352941176471e-01,15254451
6.448230081444429e+03,6.445778158775823e+03,5.882352941176471e-01,15254452
6.449308320192443e+03,6.445848932802802e+03,5.882352941176471e-01,15254453
6.451027638600340e+03,6.443928059734326e+03,1.764705882352941e+00,15254450
6.451073026074796e+03,6.448374066883054e+03,5.882352941176471e-01,15254455
6.451759493209135e+03,6.448042980885077e+03,1.176470588235294e+00,15254454
6.452792344482693e+03,6.449910354099619e+03,5.882352941176471e-01,15254456
6.456326059656349e+03,6.454561353773996e+03,5.882352941176471e-01,15254457
6.456362024481377e+03,6.454597318599024e+03,5.882352941176471e-01,15254458
6.456625245180411e+03,6.454860539298058e+03,5.882352941176471e-01,15254459
6.458095657121809e+03,6.456330951239456e+03,5.882352941176471e-01,15254460
6.460576993790226e+03,6.458812287907874e+03,5.882352941176471e-01,15254461
6.462149834993953e+03,6.460385129111601e+03,5.882352941176471e-01,15254462
6.464367878654816e+03,6.460838466890110e+03,1.176470588235294e+00,15254463
6.464383192481121e+03,6.462618486598768e+03,5.882352941176471e-01,15254464
6.464669714944684e+03,6.462905009062331e+03,5.882352941176471e-01,15254465
6.466673409102028e+03,6.464908703219676e+03,5.882352941176471e-01,15254466
6.467117474378887e+03,6.465352768496534e+03,5.882352941176471e-01,15254467
6.468454484086922e+03,6.466689778204569e+03,5.882352941176471e-01,15254468
6.470489130947910e+03,6.468724425065557e+03,5.882352941176471e-01,15254469
6.471211708451278e+03,6.469447002568925e+03,5.882352941176471e-01,15254470
6.472707118672904e+03,6.470942412790552e+03,5.882352941176471e-01,15254472
6.474543895306711e+03,6.472779189424358e+03,5.882352941176471e-01,15254473
6.474785348520136e+03,6.469491230873078e+03,1.764705882352941e+00,15254471
6.478360648169209e+03,6.473066530522151e+03,1.764705882352941e+00,15254474
6.480125354051562e+03,6.475558325389005e+03,5.882352941176471e-01,15254477
6.480174926425388e+03,6.474880808778329e+03,1.764705882352941e+00,15254475
6.480600419373768e+03,6.475306301726709e+03,1.764705882352941e+00,15254476
6.481890059933915e+03,6.476235038989102e+03,5.882352941176471e-01,15254478
6.482365125256121e+03,6.477953801860077e+03,5.882352941176471e-01,15254480
6.483704338190094e+03,6.477721700311977e+03,1.176470588235294e+00,15254479
6.484129831138474e+03,6.480993500905133e+03,5.882352941176471e-01,15254482
6.485469044072447e+03,6.481355456766670e+03,5.882352941176471e-01,15254483
6.485894537020827e+03,6.481872376342500e+03,5.882352941176471e-01,15254484
6.487184177580974e+03,6.480174041990948e+03,1.764705882352941e+00,15254481
6.487233749954800e+03,6.482380203169829e+03,5.882352941176471e-01,15254485
6.487659242903180e+03,6.483589184991561e+03,5.882352941176471e-01,15254486
6.489113110658224e+03,6.487348404775871e+03,5.882352941176471e-01,15254488
6.489423948785533e+03,6.487541323505709e+03,5.882352941176471e-01,15254489
6.492478295228033e+03,6.484110185616690e+03,1.764705882352941e+00,15254487
6.494407228305283e+03,6.487813916475712e+03,1.764705882352941e+00,15254490
6.494868887903573e+03,6.489574770256514e+03,1.764705882352941e+00,15254491
6.496171934187636e+03,6.490657102026909e+03,5.882352941176471e-01,15254493
6.497772412875092e+03,6.490198227862297e+03,1.764705882352941e+00,15254492
6.497936640069989e+03,6.492553774789410e+03,5.882352941176471e-01,15254495
6.499537118757445e+03,6.492780290135568e+03,5.882352941176471e-01,15254496
6.499701345952342e+03,6.493054727284308e+03,5.882352941176471e-01,15254497
6.500163005550632e+03,6.492409832147480e+03,1.764705882352941e+00,15254494
6.501301824639798e+03,6.494157521282731e+03,5.882352941176471e-01,15254498
6.501466051834695e+03,6.494945951667038e+03,5.882352941176471e-01,15254499
6.501927711432985e+03,6.495761754281416e+03,5.882352941176471e-01,15254500
6.503230757717048e+03,6.498232296058757e+03,5.882352941176471e-01,15254502
6.504995463599401e+03,6.498574770439611e+03,5.882352941176471e-01,15254504
6.505457123197691e+03,6.498359016872127e+03,1.176470588235294e+00,15254503
6.506595942286856e+03,6.497093999998739e+03,1.764705882352941e+00,15254501
6.508360648169209e+03,6.500898955635878e+03,5.882352941176471e-01,15254507
6.508524875364107e+03,6.499015355923358e+03,1.176470588235294e+00,15254505
6.510751240844750e+03,6.499190590091225e+03,1.764705882352941e+00,15254506
6.512515946727103e+03,6.502871782747674e+03,5.882352941176471e-01,15254510
6.513654765816268e+03,6.501840520538782e+03,1.764705882352941e+00,15254508
6.513818993011165e+03,6.502337792032189e+03,1.764705882352941e+00,15254509
6.514280652609456e+03,6.503205118367648e+03,5.882352941176471e-01,15254511
6.515419471698621e+03,6.504323060619478e+03,5.882352941176471e-01,15254512
6.515583698893518e+03,6.504734921547673e+03,5.882352941176471e-01,15254513
6.517184177580974e+03,6.509311296862794e+03,5.882352941176471e-01,15254515
6.517348404775871e+03,6.510590098426432e+03,5.882352941176471e-01,15254516
6.517810064374161e+03,6.508652976457004e+03,1.176470588235294e+00,15254514
6.519113110658224e+03,6.512691039821077e+03,5.882352941176471e-01,15254518
6.519574770256514e+03,6.513700038618593e+03,5.882352941176471e-01,15254519
6.520877816540577e+03,6.514017874464641e+03,5.882352941176471e-01,15254520
6.521339476138867e+03,6.514525146004882e+03,5.882352941176471e-01,15254521
6.522478295228033e+03,6.511463632694551e+03,1.764705882352941e+00,15254517
6.523104182021220e+03,6.515386609417182e+03,5.882352941176471e-01,15254523
6.524243001110386e+03,6.515762380048062e+03,5.882352941176471e-01,15254524
6.526171934187636e+03,6.514942090856735e+03,1.764705882352941e+00,15254522
6.527772412875092e+03,6.519115837095742e+03,1.176470588235294e+00,15254526
6.528398299668279e+03,6.518524977125784e+03,1.764705882352941e+00,15254525
6.529537118757445e+03,6.521445022341786e+03,5.882352941176471e-01,15254528
6.531301824639798e+03,6.522763766565645e+03,5.882352941176471e-01,15254530
6.531466051834695e+03,6.520367579866014e+03,1.764705882352941e+00,15254527
6.533066530522151e+03,6.523112260635103e+03,5.882352941176471e-01,15254531
6.533230757717048e+03,6.523334046584744e+03,5.882352941176471e-01,15254532
6.533692417315338e+03,6.521670203233153e+03,1.764705882352941e+00,15254529
6.535457123197691e+03,6.525598429463780e+03,5.882352941176471e-01,15254535
6.536760169481754e+03,6.525240326956583e+03,1.176470588235294e+00,15254534
6.537221829080044e+03,6.530466171493947e+03,5.882352941176471e-01,15254536
6.538360648169209e+03,6.523823487441949e+03,1.764705882352941e+00,15254533
6.538986534962397e+03,6.536664511180374e+03,5.882352941176471e-01,15254538
6.542054287128812e+03,6.531572244402696e+03,1.764705882352941e+00,15254537
6.543654765816268e+03,6.537037556503611e+03,1.764705882352941e+00,15254539
6.544280652609456e+03,6.538680878316256e+03,1.764705882352941e+00,15254540
6.545419471698621e+03,6.540527272609958e+03,5.882352941176471e-01,15254542
6.546045358491809e+03,6.540738445944825e+03,5.882352941176471e-01,15254543
6.547184177580974e+03,6.540858823939230e+03,5.882352941176471e-01,15254544
6.547348404775871e+03,6.539343588284642e+03,1.764705882352941e+00,15254541
6.548948883463327e+03,6.541582091633816e+03,5.882352941176471e-01,15254546
6.549574770256514e+03,6.541312991242490e+03,1.176470588235294e+00,15254545
6.550713589345680e+03,6.543971703302173e+03,5.882352941176471e-01,15254548
6.551339476138867e+03,6.546028087447782e+03,5.882352941176471e-01,15254549
6.552478295228033e+03,6.547513032055070e+03,5.882352941176471e-01,15254550
6.552642522422930e+03,6.543718670768469e+03,1.764705882352941e+00,15254547
6.554243001110386e+03,6.548053579044374e+03,5.882352941176471e-01,15254552
6.554407228305283e+03,6.548436227260358e+03,5.882352941176471e-01,15254553
6.554868887903573e+03,6.547794009956572e+03,1.176470588235294e+00,15254551
6.556007706992739e+03,6.549881419317342e+03,5.882352941176471e-01,15254554
6.556171934187636e+03,6.549894239675474e+03,5.882352941176471e-01,15254555
6.560163005550632e+03,6.550060226284086e+03,1.764705882352941e+00,15254556
6.561301824639798e+03,6.551318563031067e+03,1.764705882352941e+00,15254557
6.561466051834695e+03,6.553301951530924e+03,1.764705882352941e+00,15254558
6.561927711432985e+03,6.553901310675565e+03,5.882352941176471e-01,15254559
6.563066530522151e+03,6.554791833535172e+03,5.882352941176471e-01,15254560
6.564831236404504e+03,6.556426145938190e+03,5.882352941176471e-01,15254563
6.564995463599401e+03,6.555251428314164e+03,1.176470588235294e+00,15254561
6.565457123197691e+03,6.555595684221972e+03,1.176470588235294e+00,15254562
6.566760169481754e+03,6.556828032356440e+03,5.882352941176471e-01,15254565
6.567221829080044e+03,6.556926122351376e+03,5.882352941176471e-01,15254566
6.568524875364107e+03,6.558455166350971e+03,5.882352941176471e-01,15254567
6.570125354051562e+03,6.556716235002489e+03,1.764705882352941e+00,15254564
6.570289581246459e+03,6.565146051092934e+03,5.882352941176471e-01,15254569
6.572054287128812e+03,6.567494364721685e+03,5.882352941176471e-01,15254571
6.572515946727103e+03,6.563686548234148e+03,1.764705882352941e+00,15254568
6.573818993011165e+03,6.568353168230177e+03,5.882352941176471e-01,15254572
6.574280652609456e+03,6.568501044439608e+03,5.882352941176471e-01,15254573
6.575419471698621e+03,6.565874299347500e+03,1.764705882352941e+00,15254570
6.575583698893518e+03,6.568934506988150e+03,5.882352941176471e-01,15254574
6.576045358491809e+03,6.569893154690159e+03,5.882352941176471e-01,15254575
6.577348404775871e+03,6.571470146458920e+03,5.882352941176471e-01,15254577
6.579113110658224e+03,6.574217747257236e+03,5.882352941176471e-01,15254579
6.579574770256514e+03,6.573884572917628e+03,1.176470588235294e+00,15254578
6.580713589345680e+03,6.570299596407841e+03,1.764705882352941e+00,15254576
6.580877816540577e+03,6.575138086337265e+03,5.882352941176471e-01,15254580
6.584243001110386e+03,6.575444485598055e+03,1.176470588235294e+00,15254582
6.584868887903573e+03,6.575139742180480e+03,1.764705882352941e+00,15254581
6.586171934187636e+03,6.576033379723120e+03,1.764705882352941e+00,15254583
6.586633593785926e+03,6.578160884911619e+03,5.882352941176471e-01,15254585
6.587936640069989e+03,6.578161094967163e+03,5.882352941176471e-01,15254586
6.589537118757445e+03,6.576358172842570e+03,1.764705882352941e+00,15254584
6.589701345952342e+03,6.583214691605035e+03,5.882352941176471e-01,15254588
6.591301824639798e+03,6.583376342410083e+03,5.882352941176471e-01,15254589
6.591466051834695e+03,6.584246699992406e+03,5.882352941176471e-01,15254590
6.591927711432985e+03,6.581503572589745e+03,1.764705882352941e+00,15254587
6.593230757717048e+03,6.584788711495436e+03,5.882352941176471e-01,15254592
6.593692417315338e+03,6.587862372219213e+03,5.882352941176471e-01,15254593
6.594995463599401e+03,6.589034412707804e+03,5.882352941176471e-01,15254594
6.596595942286856e+03,6.584413364802132e+03,1.764705882352941e+00,15254591
6.596760169481754e+03,6.591941054197054e+03,5.882352941176471e-01,15254596
6.598360648169209e+03,6.592445173457608e+03,5.882352941176471e-01,15254597
6.598986534962397e+03,6.590906648057137e+03,1.764705882352941e+00,15254595
6.602223855317932e+03,6.598694443553226e+03,1.176470588235294e+00,15254599
6.603180887245591e+03,6.597886769598532e+03,1.764705882352941e+00,15254598
6.604000272772184e+03,6.602235566889831e+03,5.882352941176471e-01,15254601
6.605764978654537e+03,6.602663621132791e+03,5.882352941176471e-01,15254603
6.606169626000366e+03,6.600875508353308e+03,1.764705882352941e+00,15254600
6.607529684536890e+03,6.604282919966382e+03,5.882352941176471e-01,15254604
6.608475004892650e+03,6.602409820983306e+03,1.764705882352941e+00,15254602
6.610315422164761e+03,6.608550716282408e+03,5.882352941176471e-01,15254606
6.611848219916950e+03,6.606554102269891e+03,1.764705882352941e+00,15254605
6.612080128047114e+03,6.610157368117420e+03,5.882352941176471e-01,15254608
6.614616520019586e+03,6.609322402372527e+03,1.764705882352941e+00,15254607
6.617142337564009e+03,6.610834078660485e+03,1.764705882352941e+00,15254609
6.617374245694173e+03,6.610838404819337e+03,1.764705882352941e+00,15254610
6.618907043446362e+03,6.613094976644760e+03,5.882352941176471e-01,15254612
6.619910637666645e+03,6.613028866213031e+03,1.764705882352941e+00,15254611
6.621675343548998e+03,6.615799538863191e+03,5.882352941176471e-01,15254615
6.622668363341231e+03,6.614947328992310e+03,1.764705882352941e+00,15254613
6.624201161093421e+03,6.615724644209967e+03,1.764705882352941e+00,15254614
6.625965866975773e+03,6.618225011338001e+03,5.882352941176471e-01,15254618
6.626969461196057e+03,6.617470713239860e+03,1.764705882352941e+00,15254616
6.627730572858126e+03,6.619496727393048e+03,5.882352941176471e-01,15254619
6.627962480988290e+03,6.617821874345598e+03,1.764705882352941e+00,15254617
6.628734167078410e+03,6.620295517772752e+03,5.882352941176471e-01,15254620
6.632263578843115e+03,6.624447515708220e+03,1.176470588235294e+00,15254623
6.633024690505185e+03,6.621253341926659e+03,1.764705882352941e+00,15254621
6.633256598635349e+03,6.622049275675886e+03,1.764705882352941e+00,15254622
6.634789396387538e+03,6.625649239234877e+03,5.882352941176471e-01,15254625
6.635021304517702e+03,6.625974315204633e+03,5.882352941176471e-01,15254626
6.637557696490174e+03,6.624613906899848e+03,1.764705882352941e+00,15254624
6.639322402372527e+03,6.631285139514473e+03,5.882352941176471e-01,15254629
6.640083514034597e+03,6.628062355257604e+03,1.764705882352941e+00,15254627
6.640315422164761e+03,6.630842925252765e+03,1.764705882352941e+00,15254628
6.641848219916950e+03,6.636910562916983e+03,5.882352941176471e-01,15254631
6.642080128047114e+03,6.637054301960345e+03,5.882352941176471e-01,15254632
6.642851814137233e+03,6.633225911722907e+03,1.176470588235294e+00,15254630
6.643612925799303e+03,6.639123913691413e+03,5.882352941176471e-01,15254633
6.643844833929467e+03,6.639910198939310e+03,5.882352941176471e-01,15254634
6.644616520019586e+03,6.642071321429677e+03,5.882352941176471e-01,15254635
6.649211225587980e+03,6.643917107940921e+03,1.764705882352941e+00,15254636
6.650191954331586e+03,6.648427248449233e+03,5.882352941176471e-01,15254638
6.650894380156301e+03,6.645600262509242e+03,1.764705882352941e+00,15254637
6.650975931470333e+03,6.649037616428035e+03,5.882352941176471e-01,15254639
6.653672209713010e+03,6.651907503830657e+03,5.882352941176471e-01,15254640
6.656826225365560e+03,6.655061519483207e+03,5.882352941176471e-01,15254641
6.666217464542504e+03,6.660923346895445e+03,1.764705882352941e+00,15254642
6.668327451401807e+03,6.666562745519454e+03,5.882352941176471e-01,15254644
6.668930643771268e+03,6.663636526124209e+03,1.764705882352941e+00,15254643
6.669407212816159e+03,6.667642506933806e+03,5.882352941176471e-01,15254645
6.672099603690758e+03,6.670334897808405e+03,5.882352941176471e-01,15254646
6.685519664951920e+03,6.680225547304861e+03,1.764705882352941e+00,15254647
6.685821866667311e+03,6.684057160784959e+03,5.882352941176471e-01,15254648
6.686900652713320e+03,6.685135946830967e+03,5.882352941176471e-01,15254649
6.687586572549664e+03,6.685516620766843e+03,5.882352941176471e-01,15254651
6.690813782598979e+03,6.685225123975812e+03,1.764705882352941e+00,15254650
6.692194770360378e+03,6.686219165008971e+03,1.764705882352941e+00,15254652
6.696177090216852e+03,6.694412384334499e+03,5.882352941176471e-01,15254655
6.696190242718203e+03,6.690896125071144e+03,1.764705882352941e+00,15254653
6.699229820319313e+03,6.693935702672254e+03,1.764705882352941e+00,15254654
6.701306461657560e+03,6.699541755775207e+03,5.882352941176471e-01,15254657
6.703927609080687e+03,6.698633491433629e+03,1.764705882352941e+00,15254656
6.706020983800233e+03,6.704256277917880e+03,5.882352941176471e-01,15254658
6.706614279877849e+03,6.704849573995496e+03,5.882352941176471e-01,15254660
6.707785689682586e+03,6.705106218147878e+03,5.882352941176471e-01,15254661
6.708378985760202e+03,6.705673463738673e+03,5.882352941176471e-01,15254662
6.709717443884864e+03,6.704423326237806e+03,1.764705882352941e+00,15254659
6.711315101447291e+03,6.706276003195860e+03,1.176470588235294e+00,15254663
6.713373816342157e+03,6.711609110459804e+03,5.882352941176471e-01,15254666
6.715560706194652e+03,6.710266588547593e+03,1.764705882352941e+00,15254664
6.715894928740226e+03,6.710600811093167e+03,1.764705882352941e+00,15254665
6.718667933989215e+03,6.713022577163924e+03,1.764705882352941e+00,15254667
6.719738131652523e+03,6.717973425770170e+03,5.882352941176471e-01,15254669
6.720470302994640e+03,6.718705597112287e+03,5.882352941176471e-01,15254670
6.720854823841711e+03,6.714906110414014e+03,1.764705882352941e+00,15254668
6.725112554718747e+03,6.723347848836394e+03,5.882352941176471e-01,15254671
6.726877260601100e+03,6.724548331986188e+03,5.882352941176471e-01,15254674
6.729664980440234e+03,6.724370862793175e+03,1.764705882352941e+00,15254672
6.729759088953271e+03,6.724464971306213e+03,1.764705882352941e+00,15254673
6.731539937558698e+03,6.728010525793992e+03,1.176470588235294e+00,15254675
6.734995875435802e+03,6.733231169553449e+03,5.882352941176471e-01,15254678
6.736024505891895e+03,6.730730388244836e+03,1.764705882352941e+00,15254676
6.737363885846584e+03,6.732069768199525e+03,1.764705882352941e+00,15254677
6.737789211774248e+03,6.734302972252107e+03,5.882352941176471e-01,15254680
6.738525287200507e+03,6.734110482321166e+03,1.176470588235294e+00,15254679
6.739553917656601e+03,6.735526197311927e+03,5.882352941176471e-01,15254682
6.740289993082860e+03,6.736267205498067e+03,5.882352941176471e-01,15254683
6.740893297611290e+03,6.735059625524355e+03,1.176470588235294e+00,15254681
6.742658003493643e+03,6.737153601868708e+03,5.882352941176471e-01,15254686
6.743819404847566e+03,6.736942947509530e+03,1.176470588235294e+00,15254685
6.744422709375996e+03,6.738910216506704e+03,5.882352941176471e-01,15254687
6.744848035303659e+03,6.736925550732532e+03,1.764705882352941e+00,15254684
6.745584110729919e+03,6.739964660822924e+03,5.882352941176471e-01,15254688
6.746187415258349e+03,6.740271589773427e+03,5.882352941176471e-01,15254689
6.746612741186012e+03,6.740869878187680e+03,5.882352941176471e-01,15254690
6.747348816612272e+03,6.741816994968524e+03,5.882352941176471e-01,15254691
6.750142152950718e+03,6.743494904676487e+03,1.176470588235294e+00,15254693
6.751481532905408e+03,6.743021191808059e+03,1.764705882352941e+00,15254692
6.751906858833071e+03,6.744268253418085e+03,5.882352941176471e-01,15254695
6.752642934259331e+03,6.743894392482436e+03,1.764705882352941e+00,15254694
6.753671564715424e+03,6.746890349890271e+03,5.882352941176471e-01,15254697
6.754407640141684e+03,6.747703206135741e+03,5.882352941176471e-01,15254698
6.755436270597777e+03,6.748046004106148e+03,5.882352941176471e-01,15254699
6.756172346024037e+03,6.748230767376080e+03,5.882352941176471e-01,15254700
6.756775650552467e+03,6.744480909130397e+03,1.764705882352941e+00,15254696
6.757200976480130e+03,6.748585229005401e+03,5.882352941176471e-01,15254701
6.758965682362483e+03,6.751690369874652e+03,5.882352941176471e-01,15254704
6.760305062317172e+03,6.750317858529137e+03,1.176470588235294e+00,15254703
6.760730388244836e+03,6.752697049636081e+03,5.882352941176471e-01,15254705
6.761466463671096e+03,6.750058734357029e+03,1.764705882352941e+00,15254702
6.762495094127189e+03,6.755833790494851e+03,5.882352941176471e-01,15254707
6.764259800009542e+03,6.758676397563379e+03,5.882352941176471e-01,15254709
6.765599179964231e+03,6.754244887739430e+03,1.764705882352941e+00,15254706
6.766024505891895e+03,6.759231722711278e+03,5.882352941176471e-01,15254710
6.766760581318155e+03,6.758306675784603e+03,1.764705882352941e+00,15254708
6.767363885846584e+03,6.760140844249541e+03,5.882352941176471e-01,15254711
6.767789211774248e+03,6.761729089974346e+03,5.882352941176471e-01,15254712
6.768525287200507e+03,6.762261191429758e+03,5.882352941176471e-01,15254713
6.769128591728937e+03,6.763023230147193e+03,5.882352941176471e-01,15254714
6.770289993082860e+03,6.763689518416035e+03,5.882352941176471e-01,15254716
6.773083329421307e+03,6.763615528036811e+03,1.764705882352941e+00,15254715
6.774422709375996e+03,6.765176539702640e+03,1.764705882352941e+00,15254717
6.774848035303659e+03,6.766092371737510e+03,5.882352941176471e-01,15254719
6.775584110729919e+03,6.765814166343001e+03,1.764705882352941e+00,15254718
6.776187415258349e+03,6.767814078615137e+03,5.882352941176471e-01,15254720
6.777348816612272e+03,6.769352281197035e+03,5.882352941176471e-01,15254722
6.777952121140702e+03,6.769715420147093e+03,5.882352941176471e-01,15254723
6.779113522494625e+03,6.771648707482868e+03,5.882352941176471e-01,15254724
6.779716827023055e+03,6.772133083310136e+03,5.882352941176471e-01,15254725
6.780142152950718e+03,6.768113595520552e+03,1.764705882352941e+00,15254721
6.780878228376978e+03,6.772937673753193e+03,5.882352941176471e-01,15254726
6.781481532905408e+03,6.774992945715618e+03,5.882352941176471e-01,15254727
6.782642934259331e+03,6.776138622692164e+03,5.882352941176471e-01,15254729
6.784407640141684e+03,6.776864472533498e+03,5.882352941176471e-01,15254731
6.785010944670114e+03,6.776672320525078e+03,1.176470588235294e+00,15254730
6.785436270597777e+03,6.775141718850010e+03,1.764705882352941e+00,15254728
6.786172346024037e+03,6.778854637349724e+03,5.882352941176471e-01,15254732
6.786775650552467e+03,6.779299532801112e+03,5.882352941176471e-01,15254733
6.787937051906390e+03,6.784346894265517e+03,5.882352941176471e-01,15254735
6.788540356434820e+03,6.785838628566278e+03,5.882352941176471e-01,15254736
6.789701757788743e+03,6.786807682534931e+03,5.882352941176471e-01,15254737
6.790305062317172e+03,6.787236888987794e+03,5.882352941176471e-01,15254738
6.790730388244836e+03,6.781996229020329e+03,1.764705882352941e+00,15254734
6.792069768199525e+03,6.788289984817554e+03,5.882352941176471e-01,15254740
6.792495094127189e+03,6.790189667391070e+03,5.882352941176471e-01,15254741
6.793231169553449e+03,6.787273751329546e+03,1.176470588235294e+00,15254739
6.793834474081878e+03,6.791970012616243e+03,5.882352941176471e-01,15254742
6.794884563982678e+03,6.793119858100325e+03,5.882352941176471e-01,15254743
6.796814023182524e+03,6.793284611417819e+03,1.176470588235294e+00,15254744
6.798413975747384e+03,6.794171474236099e+03,1.176470588235294e+00,15254746
6.799128591728937e+03,6.793584161944059e+03,1.764705882352941e+00,15254745
6.800893297611290e+03,6.795256494890783e+03,5.882352941176471e-01,15254749
6.802108140829583e+03,6.794965135671217e+03,1.764705882352941e+00,15254747
6.802658003493643e+03,6.795989326494381e+03,5.882352941176471e-01,15254750
6.803708093394442e+03,6.795237516231279e+03,1.764705882352941e+00,15254748
6.804422709375996e+03,6.798001439535845e+03,5.882352941176471e-01,15254752
6.807402258476642e+03,6.796127209188936e+03,1.764705882352941e+00,15254751
6.809002211041501e+03,6.798602468298228e+03,1.764705882352941e+00,15254753
6.809166964358995e+03,6.799401448148391e+03,5.882352941176471e-01,15254755
6.809716827023055e+03,6.798803377598475e+03,1.764705882352941e+00,15254754
6.810766916923854e+03,6.799634356787691e+03,5.882352941176471e-01,15254756
6.812531622806207e+03,6.803647038721763e+03,5.882352941176471e-01,15254759
6.814296328688560e+03,6.805646833719628e+03,5.882352941176471e-01,15254760
6.814461082006054e+03,6.802142618380936e+03,1.764705882352941e+00,15254757
6.815010944670114e+03,6.803172331773241e+03,1.764705882352941e+00,15254758
6.816061034570913e+03,6.805652599229876e+03,5.882352941176471e-01,15254761
6.816775650552467e+03,6.808263389430973e+03,5.882352941176471e-01,15254763
6.819590446335619e+03,6.808849567011349e+03,1.176470588235294e+00,15254764
6.819755199653113e+03,6.807789589066287e+03,1.764705882352941e+00,15254762
6.821355152217972e+03,6.813566657115886e+03,5.882352941176471e-01,15254766
6.821519905535466e+03,6.814589964005343e+03,5.882352941176471e-01,15254767
6.822069768199525e+03,6.811382924285200e+03,1.764705882352941e+00,15254765
6.823119858100325e+03,6.816431022993507e+03,5.882352941176471e-01,15254768
6.823284611417819e+03,6.816572091866735e+03,5.882352941176471e-01,15254769
6.823834474081878e+03,6.818044067334257e+03,5.882352941176471e-01,15254770
6.825049317300172e+03,6.819365283491837e+03,5.882352941176471e-01,15254772
6.826814023182524e+03,6.821972517796052e+03,5.882352941176471e-01,15254774
6.828413975747384e+03,6.818791906978754e+03,1.764705882352941e+00,15254771
6.828578729064877e+03,6.825892122052042e+03,5.882352941176471e-01,15254775
6.829128591728937e+03,6.820873022709798e+03,1.764705882352941e+00,15254773
6.830343434947230e+03,6.828450483146201e+03,5.882352941176471e-01,15254777
6.833708093394442e+03,6.827900037255875e+03,1.764705882352941e+00,15254776
6.834422709375996e+03,6.828758736714192e+03,1.764705882352941e+00,15254778
6.835934613274764e+03,6.830640495627705e+03,1.764705882352941e+00,15254779
6.838277421084408e+03,6.836512715202055e+03,5.882352941176471e-01,15254782
6.839002211041501e+03,6.831671100961742e+03,1.764705882352941e+00,15254780
6.839716827023055e+03,6.833773666173993e+03,1.764705882352941e+00,15254781
6.840042126966761e+03,6.837404829922623e+03,5.882352941176471e-01,15254783
6.840766916923854e+03,6.838089990526463e+03,5.882352941176471e-01,15254784
6.841618860332245e+03,6.839854154449892e+03,5.882352941176471e-01,15254785
6.842212134657608e+03,6.840447428775255e+03,5.882352941176471e-01,15254786
6.844298617245926e+03,6.842533911363573e+03,5.882352941176471e-01,15254788
6.844866335080103e+03,6.843101629197750e+03,5.882352941176471e-01,15254789
6.847666496318421e+03,6.842372378671362e+03,1.764705882352941e+00,15254787
6.847828029010632e+03,6.843741724386128e+03,1.176470588235294e+00,15254790
6.848805997387706e+03,6.845276585623000e+03,1.176470588235294e+00,15254791
6.849431202200774e+03,6.845338392623485e+03,5.882352941176471e-01,15254792
6.850570703270058e+03,6.845895721763722e+03,5.882352941176471e-01,15254794
6.851195908083127e+03,6.847058418954116e+03,5.882352941176471e-01,15254795
6.851357440775337e+03,6.845563180136934e+03,1.176470588235294e+00,15254793
6.852335409152411e+03,6.848992869688055e+03,5.882352941176471e-01,15254796
6.852960613965480e+03,6.849442987024944e+03,5.882352941176471e-01,15254797
6.854987252405902e+03,6.853222546523549e+03,5.882352941176471e-01,15254798
6.855752944899990e+03,6.853988239017638e+03,5.882352941176471e-01,15254800
6.857487140037550e+03,6.855722434155197e+03,5.882352941176471e-01,15254801
6.858649635482769e+03,6.853355517835710e+03,1.764705882352941e+00,15254799
6.863896725679606e+03,6.862132019797253e+03,5.882352941176471e-01,15254803
6.864142297905028e+03,6.862377592022675e+03,5.882352941176471e-01,15254804
6.866472654414874e+03,6.861178536767815e+03,1.764705882352941e+00,15254802
6.866567184712745e+03,6.864802478830392e+03,5.882352941176471e-01,15254805
6.867362342001266e+03,6.865597636118913e+03,5.882352941176471e-01,15254806
6.868331890595098e+03,6.866028982421633e+03,5.882352941176471e-01,15254808
6.869127047883619e+03,6.866716129325539e+03,5.882352941176471e-01,15254809
6.870096596477450e+03,6.867883806294729e+03,5.882352941176471e-01,15254810
6.870891753765972e+03,6.868561166874144e+03,5.882352941176471e-01,15254811
6.871766772061932e+03,6.865670613725404e+03,1.764705882352941e+00,15254807
6.872656459648325e+03,6.869215914364016e+03,5.882352941176471e-01,15254813
6.874421165530678e+03,6.872196063028522e+03,5.882352941176471e-01,15254815
6.875390714124509e+03,6.869142334450054e+03,1.764705882352941e+00,15254812
6.877060889708991e+03,6.871551003821656e+03,1.764705882352941e+00,15254814
6.877155420006862e+03,6.873322556341004e+03,5.882352941176471e-01,15254817
6.878825595591344e+03,6.876866718246254e+03,5.882352941176471e-01,15254818
6.878990422172804e+03,6.877225716290451e+03,5.882352941176471e-01,15254819
6.879715283177737e+03,6.873068823803414e+03,1.764705882352941e+00,15254816
6.880590301473697e+03,6.877693517338473e+03,5.882352941176471e-01,15254820
6.881725857142922e+03,6.879961151260569e+03,5.882352941176471e-01,15254821
6.882876709427905e+03,6.881112003545552e+03,5.882352941176471e-01,15254823
6.883628686871399e+03,6.880099275106694e+03,1.176470588235294e+00,15254822
6.887019974789981e+03,6.881579914255492e+03,1.764705882352941e+00,15254824
6.888170827074964e+03,6.882657019421763e+03,1.764705882352941e+00,15254825
6.888922804518458e+03,6.882661809677793e+03,1.764705882352941e+00,15254826
6.890549386554687e+03,6.883356376814244e+03,1.176470588235294e+00,15254827
6.890687510400811e+03,6.885793742910138e+03,5.882352941176471e-01,15254829
6.892314092437040e+03,6.887624032407178e+03,5.882352941176471e-01,15254830
6.892452216283164e+03,6.887759524800157e+03,5.882352941176471e-01,15254831
6.893464944722023e+03,6.885346855956354e+03,1.764705882352941e+00,15254828
6.894078798319393e+03,6.888805955580133e+03,5.882352941176471e-01,15254832
6.894216922165517e+03,6.888897990937476e+03,5.882352941176471e-01,15254833
6.895229650604376e+03,6.889211708906586e+03,5.882352941176471e-01,15254834
6.895843504201746e+03,6.891232943318232e+03,5.882352941176471e-01,15254835
6.896994356486729e+03,6.893176046148243e+03,5.882352941176471e-01,15254837
6.897608210084099e+03,6.893396898678788e+03,5.882352941176471e-01,15254838
6.898759062369082e+03,6.893680617248740e+03,5.882352941176471e-01,15254839
6.899511039812576e+03,6.891526518258294e+03,1.764705882352941e+00,15254836
6.900523768251435e+03,6.895568412611655e+03,5.882352941176471e-01,15254841
6.901275745694929e+03,6.896128899011871e+03,5.882352941176471e-01,15254842
6.902288474133788e+03,6.898652863944508e+03,5.882352941176471e-01,15254843
6.902902327731158e+03,6.894580326140250e+03,1.764705882352941e+00,15254840
6.903040451577282e+03,6.899278658546930e+03,5.882352941176471e-01,15254844
6.904667033613511e+03,6.901721284550961e+03,5.882352941176471e-01,15254846
6.906431739495863e+03,6.903346073726915e+03,5.882352941176471e-01,15254848
6.906569863341988e+03,6.902560570790666e+03,1.176470588235294e+00,15254847
6.907582591780846e+03,6.901604135616637e+03,1.764705882352941e+00,15254845
6.908196445378216e+03,6.903693125713319e+03,5.882352941176471e-01,15254849
6.908334569224341e+03,6.904701322298696e+03,5.882352941176471e-01,15254850
6.909347297663199e+03,6.904754783544130e+03,5.882352941176471e-01,15254851
6.911112003545552e+03,6.906471378237009e+03,5.882352941176471e-01,15254854
6.911863980989047e+03,6.905723372729677e+03,1.176470588235294e+00,15254853
6.913490563025275e+03,6.905635707812896e+03,1.764705882352941e+00,15254852
6.917527178353387e+03,6.912233060706328e+03,1.764705882352941e+00,15254855
6.917600315762391e+03,6.912306198115332e+03,1.764705882352941e+00,15254856
6.918784680672334e+03,6.913233729480797e+03,1.764705882352941e+00,15254857
6.919291884235740e+03,6.915182778154035e+03,5.882352941176471e-01,15254858
6.919365021644744e+03,6.916178277532500e+03,5.882352941176471e-01,15254859
6.920549386554687e+03,6.916445955416818e+03,5.882352941176471e-01,15254860
6.921129727527097e+03,6.918466085407204e+03,5.882352941176471e-01,15254862
6.924586001882798e+03,6.918376578527673e+03,1.764705882352941e+00,15254861
6.925843504201746e+03,6.919360438998769e+03,1.764705882352941e+00,15254863
6.926350707765151e+03,6.920498577880798e+03,5.882352941176471e-01,15254865
6.926423845174156e+03,6.919793870622570e+03,1.764705882352941e+00,15254864
6.927608210084099e+03,6.922939389543528e+03,5.882352941176471e-01,15254866
6.928188551056509e+03,6.924542303974482e+03,5.882352941176471e-01,15254868
6.929372915966452e+03,6.925277465922547e+03,5.882352941176471e-01,15254869
6.929953256938862e+03,6.927751657824670e+03,5.882352941176471e-01,15254870
6.931137621848805e+03,6.928378291046956e+03,5.882352941176471e-01,15254871
6.931644825412210e+03,6.924287863533823e+03,1.764705882352941e+00,15254867
6.932616244463018e+03,6.930851538580666e+03,5.882352941176471e-01,15254872
6.936019208815509e+03,6.934254502933156e+03,5.882352941176471e-01,15254874
6.936025035856800e+03,6.934260329974447e+03,5.882352941176471e-01,15254875
6.937777112170108e+03,6.932482994523049e+03,1.764705882352941e+00,15254873
6.940325345959698e+03,6.938560640077345e+03,5.882352941176471e-01,15254877
6.941313326462567e+03,6.935297943579240e+03,1.764705882352941e+00,15254876
6.943078032344920e+03,6.940336568357667e+03,5.882352941176471e-01,15254880
6.943854757724404e+03,6.940186514117875e+03,1.176470588235294e+00,15254879
6.944230590474440e+03,6.938936472827381e+03,1.764705882352941e+00,15254878
6.945995296356793e+03,6.941629968110738e+03,5.882352941176471e-01,15254883
6.947940882324480e+03,6.946176176442127e+03,5.882352941176471e-01,15254884
6.948372149991979e+03,6.941045035863868e+03,1.764705882352941e+00,15254881
6.949148875371463e+03,6.941082627254205e+03,1.764705882352941e+00,15254882
6.951140379959747e+03,6.949375674077394e+03,5.882352941176471e-01,15254886
6.953234999971539e+03,6.947716137319854e+03,1.764705882352941e+00,15254885
6.953818309728839e+03,6.952053603846486e+03,5.882352941176471e-01,15254887
6.954686324145530e+03,6.952921618263177e+03,5.882352941176471e-01,15254888
6.956764411736245e+03,6.953138327566911e+03,1.176470588235294e+00,15254889
6.961800687823011e+03,6.960035981940658e+03,5.882352941176471e-01,15254891
6.961831060446748e+03,6.960066354564395e+03,5.882352941176471e-01,15254892
6.962963138235254e+03,6.957669020588195e+03,1.764705882352941e+00,15254890
6.963595766329100e+03,6.961493940016425e+03,5.882352941176471e-01,15254894
6.967094805470069e+03,6.961100792421142e+03,1.764705882352941e+00,15254893
6.968257255882313e+03,6.962795946191537e+03,1.764705882352941e+00,15254895
6.968889883976159e+03,6.963227659758363e+03,1.764705882352941e+00,15254896
6.970021961764666e+03,6.966244823518740e+03,5.882352941176471e-01,15254898
6.970654589858512e+03,6.966548391753262e+03,5.882352941176471e-01,15254899
6.972388923117128e+03,6.963567568783502e+03,1.764705882352941e+00,15254897
6.973748517944465e+03,6.970219106179760e+03,1.176470588235294e+00,15254900
6.980676328461179e+03,6.975382210814120e+03,1.764705882352941e+00,15254901
6.982697027730621e+03,6.977402910083563e+03,1.764705882352941e+00,15254902
6.982741914107552e+03,6.977447796460493e+03,1.764705882352941e+00,15254903
6.984461733612974e+03,6.979823681398849e+03,5.882352941176471e-01,15254905
6.985970446108238e+03,6.977850178442296e+03,1.764705882352941e+00,15254904
6.986226439495327e+03,6.981131065770634e+03,5.882352941176471e-01,15254907
6.987735151990591e+03,6.985006458570472e+03,5.882352941176471e-01,15254908
6.988036031754611e+03,6.980691512912982e+03,1.764705882352941e+00,15254906
6.989800737636964e+03,6.986183738541229e+03,5.882352941176471e-01,15254911
6.991264563755297e+03,6.985289674588550e+03,1.176470588235294e+00,15254910
6.991520557142386e+03,6.985115699837534e+03,1.764705882352941e+00,15254909
6.991565443519317e+03,6.986324978416022e+03,5.882352941176471e-01,15254912
6.993285263024739e+03,6.987924063690280e+03,5.882352941176471e-01,15254914
6.995094855284023e+03,6.989807594909308e+03,1.176470588235294e+00,15254915
6.996558681402356e+03,6.986543912950495e+03,1.764705882352941e+00,15254913
6.996859561166376e+03,6.993007182541360e+03,5.882352941176471e-01,15254917
6.998323387284709e+03,6.993820591222376e+03,5.882352941176471e-01,15254918
6.998579380671798e+03,6.991456025211111e+03,1.764705882352941e+00,15254916
7.000344086554151e+03,6.997541070036536e+03,5.882352941176471e-01,15254921
7.002153678813434e+03,6.994370071439446e+03,1.764705882352941e+00,15254919
7.003617504931767e+03,6.995164518456643e+03,1.764705882352941e+00,15254920
7.003918384695787e+03,7.001215846241968e+03,5.882352941176471e-01,15254923
7.005382210814120e+03,7.002246281815011e+03,5.882352941176471e-01,15254924
7.005718640166821e+03,7.000424522519762e+03,1.764705882352941e+00,15254922
7.006408588331955e+03,7.004643882449602e+03,5.882352941176471e-01,15254925
7.007146916696473e+03,7.005028610270063e+03,5.882352941176471e-01,15254926
7.007483346049174e+03,7.005065262898952e+03,5.882352941176471e-01,15254927
7.008962781774848e+03,7.007198075892495e+03,5.882352941176471e-01,15254929
7.011012757813880e+03,7.007376832496529e+03,1.176470588235294e+00,15254930
7.011702705979014e+03,7.005224769946313e+03,1.764705882352941e+00,15254928
7.012777463696233e+03,7.008136079961404e+03,5.882352941176471e-01,15254932
7.014256899421906e+03,7.007434882295845e+03,1.764705882352941e+00,15254931
7.015232117743720e+03,7.008490205744272e+03,1.176470588235294e+00,15254933
7.016996823626073e+03,7.011178315083209e+03,5.882352941176471e-01,15254936
7.018071581343291e+03,7.008667814862211e+03,1.764705882352941e+00,15254934
7.019551017068965e+03,7.009905353223205e+03,1.764705882352941e+00,15254935
7.021315722951318e+03,7.013298834061788e+03,5.882352941176471e-01,15254939
7.022290941273132e+03,7.011319476765821e+03,1.764705882352941e+00,15254937
7.023080428833671e+03,7.014669234673442e+03,5.882352941176471e-01,15254940
7.023365698990350e+03,7.012896291741425e+03,1.764705882352941e+00,15254938
7.024845134716024e+03,7.016265462890096e+03,5.882352941176471e-01,15254942
7.027585058920190e+03,7.015347579769027e+03,1.764705882352941e+00,15254941
7.028374546480730e+03,7.017229887838133e+03,1.176470588235294e+00,15254944
7.028659816637409e+03,7.017090578646249e+03,1.764705882352941e+00,15254943
7.029349764802543e+03,7.017890614705006e+03,5.882352941176471e-01,15254945
7.030139252363083e+03,7.020602029352348e+03,5.882352941176471e-01,15254946
7.031114470684896e+03,7.023843408111594e+03,5.882352941176471e-01,15254948
7.032189228402115e+03,7.022379526108971e+03,1.176470588235294e+00,15254947
7.032879176567249e+03,7.024528255035923e+03,5.882352941176471e-01,15254950
7.034643882449602e+03,7.029082010406732e+03,5.882352941176471e-01,15254952
7.035433370010142e+03,7.023933172144015e+03,1.764705882352941e+00,15254949
7.035718640166821e+03,7.027178083472274e+03,1.176470588235294e+00,15254951
7.036408588331955e+03,7.030226197250797e+03,5.882352941176471e-01,15254953
7.037198075892495e+03,7.030573240174811e+03,5.882352941176471e-01,15254954
7.037483346049174e+03,7.030828453386915e+03,5.882352941176471e-01,15254955
7.038173294214308e+03,7.030955961164396e+03,5.882352941176471e-01,15254956
7.038962781774848e+03,7.031224511542106e+03,5.882352941176471e-01,15254957
7.039248051931527e+03,7.033748756897367e+03,5.882352941176471e-01,15254958
7.039938000096661e+03,7.033753674983499e+03,5.882352941176471e-01,15254959
7.040727487657201e+03,7.034008893961265e+03,5.882352941176471e-01,15254960
7.041012757813880e+03,7.034054877250701e+03,5.882352941176471e-01,15254961
7.041702705979014e+03,7.036117045236149e+03,5.882352941176471e-01,15254962
7.042492193539554e+03,7.036196653961056e+03,5.882352941176471e-01,15254963
7.043467411861367e+03,7.036971001524923e+03,5.882352941176471e-01,15254965
7.044256899421906e+03,7.039205293755041e+03,5.882352941176471e-01,15254966
7.045232117743720e+03,7.039485542790311e+03,5.882352941176471e-01,15254967
7.046021605304259e+03,7.040670624997395e+03,5.882352941176471e-01,15254968
7.046306875460938e+03,7.036311921189702e+03,1.764705882352941e+00,15254964
7.046996823626073e+03,7.041822418696381e+03,5.882352941176471e-01,15254969
7.048761529508426e+03,7.043380101430066e+03,5.882352941176471e-01,15254972
7.051315722951318e+03,7.043152062515676e+03,1.764705882352941e+00,15254970
7.051600993107997e+03,7.043278058870871e+03,1.764705882352941e+00,15254971
7.052290941273132e+03,7.044949627868480e+03,1.176470588235294e+00,15254973
7.053365698990350e+03,7.048090148590940e+03,5.882352941176471e-01,15254975
7.055130404872703e+03,7.051806656272228e+03,5.882352941176471e-01,15254977
7.055820353037837e+03,7.048166034886994e+03,1.176470588235294e+00,15254976
7.056609840598377e+03,7.045482494933781e+03,1.764705882352941e+00,15254974
7.056895110755056e+03,7.052778489448019e+03,5.882352941176471e-01,15254978
7.058374546480730e+03,7.053311806409706e+03,5.882352941176471e-01,15254980
7.061114470684896e+03,7.053257153963641e+03,1.764705882352941e+00,15254979
7.062189228402115e+03,7.055673990748240e+03,1.764705882352941e+00,15254981
7.062879176567249e+03,7.057503435912150e+03,5.882352941176471e-01,15254983
7.063668664127789e+03,7.056312871875576e+03,1.764705882352941e+00,15254982
7.063953934284468e+03,7.057743478651996e+03,5.882352941176471e-01,15254984
7.065433370010142e+03,7.058456819619708e+03,5.882352941176471e-01,15254986
7.066408588331955e+03,7.058189487667084e+03,1.176470588235294e+00,15254985
7.068173294214308e+03,7.060013770692340e+03,5.882352941176471e-01,15254989
7.069248051931527e+03,7.058939687990435e+03,1.764705882352941e+00,15254987
7.070727487657201e+03,7.059524101620623e+03,1.764705882352941e+00,15254988
7.071012757813880e+03,7.060686685996654e+03,5.882352941176471e-01,15254991
7.072492193539554e+03,7.061002466108804e+03,5.882352941176471e-01,15254992
7.073467411861367e+03,7.060463816896983e+03,1.764705882352941e+00,15254990
7.074256899421906e+03,7.064798566408415e+03,5.882352941176471e-01,15254994
7.076306875460938e+03,7.062118011825401e+03,1.764705882352941e+00,15254993
7.077786311186612e+03,7.065275489111032e+03,1.176470588235294e+00,15254996
7.078761529508426e+03,7.064809698443078e+03,1.764705882352941e+00,15254995
7.079551017068965e+03,7.068520154125694e+03,5.882352941176471e-01,15254998
7.080526235390779e+03,7.068992068671058e+03,5.882352941176471e-01,15254999
7.081600993107997e+03,7.065765557277503e+03,1.764705882352941e+00,15254997
7.082290941273132e+03,7.071499651858521e+03,5.882352941176471e-01,15255001
7.083080428833671e+03,7.070785982832806e+03,1.176470588235294e+00,15255000
7.083365698990350e+03,7.071695757547066e+03,5.882352941176471e-01,15255002
7.084055647155484e+03,7.071731050224417e+03,5.882352941176471e-01,15255003
7.084845134716024e+03,7.071772101235159e+03,5.882352941176471e-01,15255004
7.085130404872703e+03,7.073056284594653e+03,5.882352941176471e-01,15255005
7.086609840598377e+03,7.074668098126001e+03,5.882352941176471e-01,15255007
7.088659816637409e+03,7.076156321918476e+03,1.176470588235294e+00,15255008
7.089349764802543e+03,7.074267694799924e+03,1.764705882352941e+00,15255006
7.090424522519762e+03,7.077624724731124e+03,5.882352941176471e-01,15255010
7.091903958245436e+03,7.076628795174258e+03,1.764705882352941e+00,15255009
7.093668664127789e+03,7.078614244946346e+03,5.882352941176471e-01,15255013
7.094643882449602e+03,7.078265999474138e+03,1.764705882352941e+00,15255011
7.095718640166821e+03,7.078534437151908e+03,1.764705882352941e+00,15255012
7.098962781774848e+03,7.079022292792091e+03,1.764705882352941e+00,15255014
7.099938000096661e+03,7.079046209984443e+03,1.764705882352941e+00,15255015
7.100727487657201e+03,7.079085597299719e+03,5.882352941176471e-01,15255017
7.101012757813880e+03,7.079074633579074e+03,1.764705882352941e+00,15255016
7.101702705979014e+03,7.079204984686712e+03,5.882352941176471e-01,15255018
7.102777463696233e+03,7.084932560137131e+03,5.882352941176471e-01,15255020
7.103467411861367e+03,7.087951576611358e+03,5.882352941176471e-01,15255021
7.104542169578586e+03,7.088955509479741e+03,5.882352941176471e-01,15255022
7.105232117743720e+03,7.091699435614066e+03,5.882352941176471e-01,15255023
7.106021605304259e+03,7.084145389122481e+03,1.764705882352941e+00,15255019
7.106996823626073e+03,7.092487171640365e+03,5.882352941176471e-01,15255025
7.108761529508426e+03,7.094038584290068e+03,5.882352941176471e-01,15255027
7.109836287225644e+03,7.092018171174853e+03,1.764705882352941e+00,15255024
7.110526235390779e+03,7.094481319027125e+03,5.882352941176471e-01,15255028
7.111315722951318e+03,7.093845432415908e+03,1.764705882352941e+00,15255026
7.111600993107997e+03,7.095842795268878e+03,5.882352941176471e-01,15255029
7.112290941273132e+03,7.096615283735692e+03,5.882352941176471e-01,15255030
7.114055647155484e+03,7.098502742901270e+03,5.882352941176471e-01,15255033
7.115130404872703e+03,7.097705522171035e+03,1.176470588235294e+00,15255032
7.115820353037837e+03,7.102590788498260e+03,5.882352941176471e-01,15255034
7.116609840598377e+03,7.096696018274890e+03,1.764705882352941e+00,15255031
7.117585058920190e+03,7.106533263578293e+03,5.882352941176471e-01,15255036
7.118374546480730e+03,7.107354663284140e+03,5.882352941176471e-01,15255037
7.119349764802543e+03,7.110607114459311e+03,5.882352941176471e-01,15255038
7.120139252363083e+03,7.111418920462940e+03,5.882352941176471e-01,15255039
7.120424522519762e+03,7.104199840284871e+03,1.764705882352941e+00,15255035
7.121903958245436e+03,7.114146540176034e+03,5.882352941176471e-01,15255041
7.122879176567249e+03,7.111516712448268e+03,1.176470588235294e+00,15255040
7.123668664127789e+03,7.114550754201493e+03,5.882352941176471e-01,15255043
7.124643882449602e+03,7.117753043916338e+03,5.882352941176471e-01,15255044
7.125433370010142e+03,7.117911293829620e+03,5.882352941176471e-01,15255045
7.125718640166821e+03,7.114333152918998e+03,1.764705882352941e+00,15255042
7.126408588331955e+03,7.120081026967135e+03,5.882352941176471e-01,15255046
7.127198075892495e+03,7.120364366258224e+03,5.882352941176471e-01,15255047
7.131012757813880e+03,7.121611903669722e+03,1.764705882352941e+00,15255048
7.131702705979014e+03,7.121877190168871e+03,1.764705882352941e+00,15255049
7.132492193539554e+03,7.122179759879956e+03,1.764705882352941e+00,15255050
7.133467411861367e+03,7.122823878894923e+03,5.882352941176471e-01,15255052
7.134256899421906e+03,7.123092603741695e+03,5.882352941176471e-01,15255053
7.134542169578586e+03,7.122698640468388e+03,1.176470588235294e+00,15255051
7.136021605304259e+03,7.123628344947154e+03,5.882352941176471e-01,15255055
7.138761529508426e+03,7.123256299697158e+03,1.764705882352941e+00,15255054
7.139836287225644e+03,7.124040479539192e+03,1.764705882352941e+00,15255056
7.141315722951318e+03,7.126010295239551e+03,1.764705882352941e+00,15255057
7.141600993107997e+03,7.127202994784833e+03,5.882352941176471e-01,15255059
7.142290941273132e+03,7.127125056734102e+03,1.176470588235294e+00,15255058
7.143080428833671e+03,7.127605817599848e+03,5.882352941176471e-01,15255060
7.144055647155484e+03,7.130268955220172e+03,5.882352941176471e-01,15255062
7.144845134716024e+03,7.130893222144115e+03,5.882352941176471e-01,15255063
7.146609840598377e+03,7.131641295297535e+03,5.882352941176471e-01,15255065
7.146895110755056e+03,7.129396384990932e+03,1.764705882352941e+00,15255061
7.147585058920190e+03,7.131375859856917e+03,1.176470588235294e+00,15255064
7.148374546480730e+03,7.133583896228905e+03,5.882352941176471e-01,15255066
7.148659816637409e+03,7.135350302406970e+03,5.882352941176471e-01,15255067
7.150139252363083e+03,7.138152144542875e+03,5.882352941176471e-01,15255069
7.150424522519762e+03,7.140536587183897e+03,5.882352941176471e-01,15255070
7.152189228402115e+03,7.142821371071356e+03,5.882352941176471e-01,15255072
7.152879176567249e+03,7.135803160384290e+03,1.764705882352941e+00,15255068
7.153668664127789e+03,7.142255927960750e+03,1.176470588235294e+00,15255071
7.153953934284468e+03,7.144174514517382e+03,5.882352941176471e-01,15255073
7.154643882449602e+03,7.147269157064195e+03,5.882352941176471e-01,15255074
7.155433370010142e+03,7.147805469466775e+03,5.882352941176471e-01,15255075
7.155718640166821e+03,7.149627952298536e+03,5.882352941176471e-01,15255076
7.156408588331955e+03,7.150189021177808e+03,5.882352941176471e-01,15255077
7.157483346049174e+03,7.152338964031120e+03,5.882352941176471e-01,15255079
7.158173294214308e+03,7.152564269071438e+03,5.882352941176471e-01,15255080
7.159248051931527e+03,7.152587614518479e+03,5.882352941176471e-01,15255081
7.160727487657201e+03,7.152306704513833e+03,1.764705882352941e+00,15255078
7.163467411861367e+03,7.153974075987776e+03,1.764705882352941e+00,15255082
7.164256899421906e+03,7.155580242847633e+03,1.176470588235294e+00,15255084
7.164542169578586e+03,7.154099236815846e+03,1.764705882352941e+00,15255083
7.166021605304259e+03,7.156661082615824e+03,5.882352941176471e-01,15255086
7.166306875460938e+03,7.157344260205021e+03,5.882352941176471e-01,15255087
7.167786311186612e+03,7.158856336034578e+03,5.882352941176471e-01,15255088
7.168071581343291e+03,7.160200855356760e+03,5.882352941176471e-01,15255089
7.168761529508426e+03,7.155642127389388e+03,1.764705882352941e+00,15255085
7.169551017068965e+03,7.161432938151363e+03,5.882352941176471e-01,15255090
7.171315722951318e+03,7.162359010216635e+03,5.882352941176471e-01,15255093
7.171600993107997e+03,7.161731757317152e+03,1.176470588235294e+00,15255091
7.174055647155484e+03,7.161794091551443e+03,1.764705882352941e+00,15255092
7.175820353037837e+03,7.165863782206057e+03,5.882352941176471e-01,15255096
7.176609840598377e+03,7.162845267042127e+03,1.764705882352941e+00,15255094
7.176895110755056e+03,7.165595003510837e+03,1.764705882352941e+00,15255095
7.177585058920190e+03,7.166264494493257e+03,5.882352941176471e-01,15255097
7.178659816637409e+03,7.167927618900860e+03,5.882352941176471e-01,15255099
7.179349764802543e+03,7.168945935616924e+03,5.882352941176471e-01,15255100
7.180424522519762e+03,7.168982433101975e+03,5.882352941176471e-01,15255101
7.181903958245436e+03,7.166773063092669e+03,1.764705882352941e+00,15255098
7.182189228402115e+03,7.170042274852830e+03,5.882352941176471e-01,15255103
7.183953934284468e+03,7.176333687710802e+03,5.882352941176471e-01,15255105
7.184643882449602e+03,7.169940176864151e+03,1.764705882352941e+00,15255102
7.185718640166821e+03,7.176734349002519e+03,5.882352941176471e-01,15255106
7.186408588331955e+03,7.176946924502063e+03,5.882352941176471e-01,15255107
7.187198075892495e+03,7.175388575786297e+03,1.764705882352941e+00,15255104
7.187483346049174e+03,7.177255282296876e+03,5.882352941176471e-01,15255108
7.188173294214308e+03,7.178147209054125e+03,5.882352941176471e-01,15255109
7.189248051931527e+03,7.182959654503027e+03,5.882352941176471e-01,15255111
7.189938000096661e+03,7.183034238069660e+03,5.882352941176471e-01,15255112
7.191012757813880e+03,7.183437709793730e+03,5.882352941176471e-01,15255113
7.192492193539554e+03,7.180768695160483e+03,1.764705882352941e+00,15255110
7.192777463696233e+03,7.185827180373628e+03,5.882352941176471e-01,15255115
7.195232117743720e+03,7.184457305805713e+03,1.764705882352941e+00,15255114
7.199023132093175e+03,7.195493720328469e+03,1.176470588235294e+00,15255116
7.201711934676245e+03,7.196417817029187e+03,1.764705882352941e+00,15255117
7.203328838040604e+03,7.198034720393545e+03,1.764705882352941e+00,15255118
7.203476640558598e+03,7.200303007165009e+03,5.882352941176471e-01,15255120
7.204858509782012e+03,7.199564392134954e+03,1.764705882352941e+00,15255119
7.205093543922957e+03,7.200695154874228e+03,5.882352941176471e-01,15255121
7.205241346440951e+03,7.202416210801478e+03,5.882352941176471e-01,15255122
7.206623215664365e+03,7.202756023568263e+03,5.882352941176471e-01,15255123
7.206858249805310e+03,7.204707789716737e+03,5.882352941176471e-01,15255124
7.207718649329456e+03,7.205953943447103e+03,5.882352941176471e-01,15255125
7.208387921546718e+03,7.206430477896325e+03,5.882352941176471e-01,15255126
7.208675614165350e+03,7.206910908282997e+03,5.882352941176471e-01,15255127
7.212495794484643e+03,7.210731088602290e+03,5.882352941176471e-01,15255128
7.213172934413008e+03,7.211408228530655e+03,5.882352941176471e-01,15255129
7.216225816399059e+03,7.214461110516706e+03,5.882352941176471e-01,15255131
7.216407144130726e+03,7.214642438248373e+03,5.882352941176471e-01,15255132
7.219376859550937e+03,7.214082741903878e+03,1.764705882352941e+00,15255130
7.220609279163631e+03,7.217079867398925e+03,1.176470588235294e+00,15255134
7.221519934046118e+03,7.216009734704512e+03,1.764705882352941e+00,15255133
7.223417222846331e+03,7.221652516963978e+03,5.882352941176471e-01,15255137
7.224670977197996e+03,7.218497046022321e+03,1.764705882352941e+00,15255135
7.225200078061118e+03,7.223435372178765e+03,5.882352941176471e-01,15255138
7.226338513400860e+03,7.221044395753801e+03,1.764705882352941e+00,15255136
7.226964783943471e+03,7.225045521290255e+03,5.882352941176471e-01,15255140
7.228103219283213e+03,7.225738672383636e+03,5.882352941176471e-01,15255141
7.229867925165566e+03,7.226801851668392e+03,5.882352941176471e-01,15255143
7.229965094845054e+03,7.224060744407540e+03,1.764705882352941e+00,15255139
7.232258901590530e+03,7.225869578608481e+03,1.764705882352941e+00,15255142
7.234023607472883e+03,7.228774051994762e+03,5.882352941176471e-01,15255146
7.235162042812624e+03,7.226862964789807e+03,1.764705882352941e+00,15255144
7.235259212492113e+03,7.228291656137517e+03,1.764705882352941e+00,15255145
7.236926748694977e+03,7.230692486553175e+03,5.882352941176471e-01,15255148
7.237023918374466e+03,7.231219145265708e+03,5.882352941176471e-01,15255149
7.237553019237588e+03,7.229989009483403e+03,1.176470588235294e+00,15255147
7.238691454577330e+03,7.231222281522766e+03,5.882352941176471e-01,15255150
7.238788624256819e+03,7.231232309502981e+03,5.882352941176471e-01,15255151
7.240456160459683e+03,7.233535931208667e+03,5.882352941176471e-01,15255153
7.240553330139172e+03,7.234811991598903e+03,5.882352941176471e-01,15255154
7.242318036021525e+03,7.236679201906173e+03,5.882352941176471e-01,15255156
7.242847136884647e+03,7.233494106043044e+03,1.764705882352941e+00,15255152
7.244082741903878e+03,7.237481312244170e+03,5.882352941176471e-01,15255157
7.245750278106742e+03,7.236153629085413e+03,1.764705882352941e+00,15255155
7.247514983989095e+03,7.241937569193136e+03,5.882352941176471e-01,15255160
7.247612153668584e+03,7.241740109041592e+03,1.176470588235294e+00,15255159
7.248141254531706e+03,7.238048764523199e+03,1.764705882352941e+00,15255158
7.249279689871448e+03,7.243933369723618e+03,5.882352941176471e-01,15255161
7.249376859550937e+03,7.244419409784348e+03,5.882352941176471e-01,15255162
7.249905960414059e+03,7.246449240569120e+03,5.882352941176471e-01,15255163
7.251044395753801e+03,7.246824257469590e+03,5.882352941176471e-01,15255164
7.251141565433290e+03,7.247250535508865e+03,5.882352941176471e-01,15255165
7.251670666296412e+03,7.248474306924149e+03,5.882352941176471e-01,15255166
7.253710410089052e+03,7.251945704206699e+03,5.882352941176471e-01,15255167
7.254984780291611e+03,7.253220074409258e+03,5.882352941176471e-01,15255168
7.255116610417177e+03,7.253351904534824e+03,5.882352941176471e-01,15255169
7.256129476097565e+03,7.254364770215212e+03,5.882352941176471e-01,15255170
7.257169082034072e+03,7.255404376151719e+03,5.882352941176471e-01,15255171
7.258526117321747e+03,7.256761411439395e+03,5.882352941176471e-01,15255172
7.258552332015145e+03,7.256787626132792e+03,5.882352941176471e-01,15255173
7.261197697874539e+03,7.259432991992186e+03,5.882352941176471e-01,15255175
7.262595280010635e+03,7.257301162363576e+03,1.764705882352941e+00,15255174
7.262962403756892e+03,7.260405862999814e+03,5.882352941176471e-01,15255177
7.264359985892988e+03,7.260567072615305e+03,5.882352941176471e-01,15255178
7.264733982458011e+03,7.259439864810952e+03,1.764705882352941e+00,15255176
7.266375020495457e+03,7.264610314613104e+03,5.882352941176471e-01,15255180
7.266749159035329e+03,7.264984453152976e+03,5.882352941176471e-01,15255181
7.268025993353703e+03,7.264496581588997e+03,1.176470588235294e+00,15255179
7.268139726377810e+03,7.265480075520620e+03,5.882352941176471e-01,15255182
7.268513864917682e+03,7.266470555933649e+03,5.882352941176471e-01,15255183
7.269790699236056e+03,7.267983838060495e+03,5.882352941176471e-01,15255184
7.271421421365145e+03,7.269656715482792e+03,5.882352941176471e-01,15255185
7.273531041375945e+03,7.271766335493592e+03,5.882352941176471e-01,15255187
7.275295747258298e+03,7.273196713265225e+03,5.882352941176471e-01,15255189
7.275401237323813e+03,7.271871825559107e+03,1.176470588235294e+00,15255188
7.276769822090354e+03,7.271475704443295e+03,1.764705882352941e+00,15255186
7.277060453140651e+03,7.273491847301996e+03,5.882352941176471e-01,15255190
7.277165943206166e+03,7.274673174904309e+03,5.882352941176471e-01,15255191
7.278534527972707e+03,7.274872989567083e+03,5.882352941176471e-01,15255192
7.280299233855060e+03,7.278284947766308e+03,5.882352941176471e-01,15255195
7.282354570787710e+03,7.275181877550532e+03,1.764705882352941e+00,15255193
7.282460060853225e+03,7.277113744655382e+03,1.764705882352941e+00,15255194
7.284119276670062e+03,7.282217921892181e+03,5.882352941176471e-01,15255197
7.285593351502119e+03,7.280176705312244e+03,1.764705882352941e+00,15255196
7.287754178500284e+03,7.282429262575508e+03,1.764705882352941e+00,15255198
7.289122763266825e+03,7.282713985935068e+03,1.176470588235294e+00,15255200
7.289413394317121e+03,7.282642517255260e+03,1.764705882352941e+00,15255199
7.293048296147342e+03,7.282893984051245e+03,1.764705882352941e+00,15255201
7.294416880913884e+03,7.284240459348175e+03,1.764705882352941e+00,15255202
7.294707511964180e+03,7.286419851600159e+03,1.764705882352941e+00,15255203
7.294813002029695e+03,7.286622985105135e+03,5.882352941176471e-01,15255204
7.296181586796237e+03,7.287752827169535e+03,5.882352941176471e-01,15255205
7.296472217846533e+03,7.288195860143347e+03,5.882352941176471e-01,15255206
7.296577707912048e+03,7.288491332251770e+03,5.882352941176471e-01,15255207
7.298342413794401e+03,7.293179479163267e+03,5.882352941176471e-01,15255210
7.300001629611239e+03,7.292719427723429e+03,1.176470588235294e+00,15255209
7.301475704443295e+03,7.291315880734001e+03,1.764705882352941e+00,15255208
7.301766335493592e+03,7.293934889670381e+03,5.882352941176471e-01,15255212
7.303240410325648e+03,7.294017933738787e+03,5.882352941176471e-01,15255213
7.303531041375945e+03,7.294629244073979e+03,5.882352941176471e-01,15255214
7.303636531441460e+03,7.293803075686728e+03,1.764705882352941e+00,15255211
7.305005116208001e+03,7.295129321511764e+03,5.882352941176471e-01,15255215
7.305295747258298e+03,7.295728625811545e+03,5.882352941176471e-01,15255216
7.307165943206166e+03,7.296316118661230e+03,1.176470588235294e+00,15255217
7.308930649088519e+03,7.298340815534095e+03,5.882352941176471e-01,15255220
7.310299233855060e+03,7.297761228869224e+03,1.764705882352941e+00,15255218
7.310589864905357e+03,7.298282522486134e+03,1.764705882352941e+00,15255219
7.310695354970872e+03,7.298615376195510e+03,5.882352941176471e-01,15255221
7.312063939737413e+03,7.300189158159584e+03,5.882352941176471e-01,15255222
7.312354570787710e+03,7.301929925206179e+03,5.882352941176471e-01,15255223
7.315989472617931e+03,7.302742490199119e+03,1.764705882352941e+00,15255224
7.317358057384472e+03,7.302991146924820e+03,1.764705882352941e+00,15255225
7.317648688434768e+03,7.303160407636484e+03,1.764705882352941e+00,15255226
7.317754178500284e+03,7.303341985151359e+03,5.882352941176471e-01,15255227
7.319122763266825e+03,7.304032093816855e+03,5.882352941176471e-01,15255228
7.319518884382637e+03,7.304773631980705e+03,5.882352941176471e-01,15255230
7.322942806081827e+03,7.304289959284260e+03,1.764705882352941e+00,15255229
7.323048296147342e+03,7.305252216847142e+03,1.176470588235294e+00,15255232
7.324416880913884e+03,7.304835052393783e+03,1.764705882352941e+00,15255231
7.326181586796237e+03,7.306744123505932e+03,5.882352941176471e-01,15255235
7.327946292678590e+03,7.307517253994544e+03,5.882352941176471e-01,15255236
7.328236923728886e+03,7.305584965335267e+03,1.764705882352941e+00,15255233
7.328342413794401e+03,7.305766006033224e+03,1.764705882352941e+00,15255234
7.330001629611239e+03,7.311272313765529e+03,5.882352941176471e-01,15255238
7.330107119676754e+03,7.311538257536447e+03,5.882352941176471e-01,15255239
7.331766335493592e+03,7.313673574117608e+03,5.882352941176471e-01,15255240
7.331871825559107e+03,7.314434879418964e+03,5.882352941176471e-01,15255241
7.333240410325648e+03,7.311001215638071e+03,1.764705882352941e+00,15255237
7.333531041375945e+03,7.317183251324051e+03,5.882352941176471e-01,15255242
7.333636531441460e+03,7.317235646965458e+03,5.882352941176471e-01,15255243
7.338534527972707e+03,7.317909023954682e+03,1.764705882352941e+00,15255244
7.338825159023004e+03,7.318561542361689e+03,1.764705882352941e+00,15255245
7.338930649088519e+03,7.319825045941166e+03,1.764705882352941e+00,15255246
7.340299233855060e+03,7.322546625818970e+03,5.882352941176471e-01,15255247
7.340589864905357e+03,7.322974570976053e+03,5.882352941176471e-01,15255248
7.342063939737413e+03,7.323726520194873e+03,5.882352941176471e-01,15255250
7.342354570787710e+03,7.323853720034115e+03,5.882352941176471e-01,15255251
7.344224766735578e+03,7.323645909712832e+03,1.764705882352941e+00,15255249
7.345883982552415e+03,7.324497389153303e+03,1.176470588235294e+00,15255253
7.347358057384472e+03,7.324014868063819e+03,1.764705882352941e+00,15255252
7.349518884382637e+03,7.327690471011701e+03,1.764705882352941e+00,15255254
7.351178100199474e+03,7.327867824933235e+03,1.764705882352941e+00,15255255
7.352652175031531e+03,7.328389443166062e+03,1.764705882352941e+00,15255256
7.353048296147342e+03,7.329074569059290e+03,1.176470588235294e+00,15255257
7.354813002029695e+03,7.330493704945986e+03,5.882352941176471e-01,15255260
7.356472217846533e+03,7.330364533881141e+03,1.764705882352941e+00,15255258
7.356577707912048e+03,7.332554729238256e+03,5.882352941176471e-01,15255261
7.357946292678590e+03,7.330396159787462e+03,1.764705882352941e+00,15255259
7.358236923728886e+03,7.332713945124936e+03,5.882352941176471e-01,15255262
7.358342413794401e+03,7.336690521066044e+03,5.882352941176471e-01,15255263
7.359710998560942e+03,7.337596988741321e+03,5.882352941176471e-01,15255264
7.360001629611239e+03,7.337762354878370e+03,5.882352941176471e-01,15255265
7.361475704443295e+03,7.338964386971737e+03,5.882352941176471e-01,15255267
7.361766335493592e+03,7.340222692050281e+03,5.882352941176471e-01,15255268
7.363531041375945e+03,7.342100810460335e+03,5.882352941176471e-01,15255270
7.363636531441460e+03,7.338312661833548e+03,1.764705882352941e+00,15255266
7.365295747258298e+03,7.345925887805162e+03,5.882352941176471e-01,15255271
7.366769822090354e+03,7.340526223063058e+03,1.764705882352941e+00,15255269
7.368930649088519e+03,7.346793107336848e+03,1.764705882352941e+00,15255272
7.370589864905357e+03,7.347140075815322e+03,1.764705882352941e+00,15255273
7.372063939737413e+03,7.350242553774411e+03,1.764705882352941e+00,15255274
7.372460060853225e+03,7.351086787768334e+03,1.176470588235294e+00,15255275
7.373828645619766e+03,7.352189446926499e+03,5.882352941176471e-01,15255277
7.375883982552415e+03,7.351946396433775e+03,1.764705882352941e+00,15255276
7.375989472617931e+03,7.352363875966503e+03,1.176470588235294e+00,15255278
7.377648688434768e+03,7.354776025109398e+03,5.882352941176471e-01,15255280
7.377754178500284e+03,7.355079588392098e+03,5.882352941176471e-01,15255281
7.379122763266825e+03,7.354300493726959e+03,1.764705882352941e+00,15255279
7.379518884382637e+03,7.356757791895247e+03,5.882352941176471e-01,15255283
7.380887469149178e+03,7.356956146524988e+03,5.882352941176471e-01,15255284
7.382652175031531e+03,7.359336502260467e+03,5.882352941176471e-01,15255286
7.382942806081827e+03,7.355628060016406e+03,1.764705882352941e+00,15255282
7.383048296147342e+03,7.358260883488225e+03,1.176470588235294e+00,15255285
7.384416880913884e+03,7.360893429910301e+03,5.882352941176471e-01,15255287
7.384813002029695e+03,7.363194222537389e+03,5.882352941176471e-01,15255289
7.386181586796237e+03,7.363502968142531e+03,5.882352941176471e-01,15255290
7.387946292678590e+03,7.364442759133026e+03,5.882352941176471e-01,15255292
7.388236923728886e+03,7.361106542025238e+03,1.764705882352941e+00,15255288
7.390001629611239e+03,7.369368816821477e+03,5.882352941176471e-01,15255294
7.390107119676754e+03,7.364414273781126e+03,1.764705882352941e+00,15255291
7.391475704443295e+03,7.367136789615847e+03,1.176470588235294e+00,15255293
7.391766335493592e+03,7.371060445386275e+03,5.882352941176471e-01,15255295
7.391871825559107e+03,7.371530070335977e+03,5.882352941176471e-01,15255296
7.393531041375945e+03,7.372211720866736e+03,5.882352941176471e-01,15255298
7.395295747258298e+03,7.374916018471893e+03,5.882352941176471e-01,15255300
7.395401237323813e+03,7.373117148576738e+03,1.176470588235294e+00,15255299
7.396769822090354e+03,7.372069684718474e+03,1.764705882352941e+00,15255297
7.397060453140651e+03,7.375149646149646e+03,5.882352941176471e-01,15255301
7.397165943206166e+03,7.375677495475999e+03,5.882352941176471e-01,15255302
7.398930649088519e+03,7.384750052604304e+03,5.882352941176471e-01,15255305
7.400695354970872e+03,7.388333415541699e+03,5.882352941176471e-01,15255306
7.402063939737413e+03,7.376769953468459e+03,1.764705882352941e+00,15255303
7.402354570787710e+03,7.377652415984112e+03,1.764705882352941e+00,15255304
7.403828645619766e+03,7.388953637701709e+03,5.882352941176471e-01,15255308
7.404119276670062e+03,7.391416661054511e+03,5.882352941176471e-01,15255309
7.405593351502119e+03,7.391555983470561e+03,5.882352941176471e-01,15255310
7.405989472617931e+03,7.388749618588468e+03,1.764705882352941e+00,15255307
7.409413394317121e+03,7.394271508305293e+03,1.764705882352941e+00,15255311
7.410887469149178e+03,7.396555692183104e+03,1.764705882352941e+00,15255312
7.411178100199474e+03,7.398386279774809e+03,5.882352941176471e-01,15255314
7.411283590264990e+03,7.397573954838129e+03,1.764705882352941e+00,15255313
7.412652175031531e+03,7.398789521792042e+03,5.882352941176471e-01,15255315
7.412942806081827e+03,7.399192460708434e+03,5.882352941176471e-01,15255316
7.413048296147342e+03,7.399818538377775e+03,5.882352941176471e-01,15255317
7.414416880913884e+03,7.401018370717643e+03,5.882352941176471e-01,15255318
7.418236923728886e+03,7.404502931592177e+03,1.764705882352941e+00,15255319
7.418342413794401e+03,7.405131041478849e+03,1.764705882352941e+00,15255320
7.419710998560942e+03,7.406005371948270e+03,1.764705882352941e+00,15255321
7.420001629611239e+03,7.406025753749206e+03,5.882352941176471e-01,15255322
7.420107119676754e+03,7.408624995428236e+03,5.882352941176471e-01,15255323
7.421766335493592e+03,7.410896784699556e+03,5.882352941176471e-01,15255325
7.423531041375945e+03,7.411516418048760e+03,5.882352941176471e-01,15255327
7.425005116208001e+03,7.409114970876614e+03,1.764705882352941e+00,15255324
7.425401237323813e+03,7.411079904914320e+03,1.764705882352941e+00,15255326
7.426769822090354e+03,7.413618491739413e+03,5.882352941176471e-01,15255329
7.427060453140651e+03,7.412497849807072e+03,1.176470588235294e+00,15255328
7.427165943206166e+03,7.413694753964461e+03,5.882352941176471e-01,15255330
7.428825159023004e+03,7.416304593541377e+03,5.882352941176471e-01,15255332
7.430299233855060e+03,7.415768278618679e+03,1.176470588235294e+00,15255331
7.430589864905357e+03,7.416484629198019e+03,5.882352941176471e-01,15255334
7.432063939737413e+03,7.417550527300958e+03,5.882352941176471e-01,15255335
7.432354570787710e+03,7.418986322254902e+03,5.882352941176471e-01,15255336
7.432460060853225e+03,7.416367778034826e+03,1.764705882352941e+00,15255333
7.433828645619766e+03,7.419069070012896e+03,5.882352941176471e-01,15255337
7.435593351502119e+03,7.420457121102115e+03,5.882352941176471e-01,15255340
7.437358057384472e+03,7.422271433541945e+03,5.882352941176471e-01,15255341
7.437648688434768e+03,7.419541637501881e+03,1.764705882352941e+00,15255338
7.437754178500284e+03,7.419715792512872e+03,1.764705882352941e+00,15255339
7.439413394317121e+03,7.422993094693205e+03,5.882352941176471e-01,15255343
7.440887469149178e+03,7.422991536785645e+03,1.176470588235294e+00,15255342
7.441178100199474e+03,7.423957368876134e+03,5.882352941176471e-01,15255345
7.442942806081827e+03,7.426818321547454e+03,5.882352941176471e-01,15255347
7.443048296147342e+03,7.423474513939587e+03,1.764705882352941e+00,15255344
7.444707511964180e+03,7.428103200316395e+03,5.882352941176471e-01,15255348
7.444813002029695e+03,7.428639750798227e+03,5.882352941176471e-01,15255349
7.446181586796237e+03,7.426150752308751e+03,1.764705882352941e+00,15255346
7.447946292678590e+03,7.437095472922855e+03,5.882352941176471e-01,15255352
7.448236923728886e+03,7.433181426560832e+03,1.176470588235294e+00,15255350
7.450001629611239e+03,7.439140241302277e+03,5.882352941176471e-01,15255354
7.450107119676754e+03,7.436717445778135e+03,1.764705882352941e+00,15255351
7.453240410325648e+03,7.439066346403790e+03,1.764705882352941e+00,15255353
7.455005116208001e+03,7.442420720414187e+03,5.882352941176471e-01,15255357
7.455295747258298e+03,7.439480365854339e+03,1.764705882352941e+00,15255355
7.455401237323813e+03,7.442396501031674e+03,1.764705882352941e+00,15255356
7.456769822090354e+03,7.442541051827658e+03,5.882352941176471e-01,15255358
7.457060453140651e+03,7.442990793480979e+03,5.882352941176471e-01,15255359
7.457165943206166e+03,7.445008931712822e+03,5.882352941176471e-01,15255360
7.458825159023004e+03,7.447197649748616e+03,5.882352941176471e-01,15255362
7.458930649088519e+03,7.447534519143910e+03,5.882352941176471e-01,15255363
7.460299233855060e+03,7.446769546979719e+03,1.176470588235294e+00,15255361
7.460589864905357e+03,7.448949663563502e+03,5.882352941176471e-01,15255364
7.460695354970872e+03,7.449050925667800e+03,5.882352941176471e-01,15255365
7.462063939737413e+03,7.450811194249151e+03,5.882352941176471e-01,15255366
7.463828645619766e+03,7.454293185289012e+03,5.882352941176471e-01,15255369
7.465883982552415e+03,7.453521556027311e+03,1.764705882352941e+00,15255367
7.465989472617931e+03,7.453788654688364e+03,1.764705882352941e+00,15255368
7.467648688434768e+03,7.457787910938860e+03,5.882352941176471e-01,15255371
7.467754178500284e+03,7.460958076833182e+03,5.882352941176471e-01,15255372
7.469122763266825e+03,7.456138212587277e+03,1.764705882352941e+00,15255370
7.469518884382637e+03,7.464163264648114e+03,5.882352941176471e-01,15255374
7.470887469149178e+03,7.464584925824511e+03,5.882352941176471e-01,15255375
7.471283590264990e+03,7.465437825057143e+03,5.882352941176471e-01,15255376
7.472652175031531e+03,7.465765045357728e+03,5.882352941176471e-01,15255377
7.472942806081827e+03,7.463312881505329e+03,1.764705882352941e+00,15255373
7.474416880913884e+03,7.467876238396242e+03,5.882352941176471e-01,15255379
7.476472217846533e+03,7.468846264379625e+03,1.176470588235294e+00,15255380
7.476577707912048e+03,7.466799534239656e+03,1.764705882352941e+00,15255378
7.478342413794401e+03,7.471395049455668e+03,5.882352941176471e-01,15255383
7.479710998560942e+03,7.469111890893185e+03,1.764705882352941e+00,15255381
7.480001629611239e+03,7.470739772402810e+03,1.176470588235294e+00,15255382
7.480107119676754e+03,7.471726739254453e+03,5.882352941176471e-01,15255384
7.481766335493592e+03,7.473378926379023e+03,5.882352941176471e-01,15255386
7.483531041375945e+03,7.476945085292101e+03,5.882352941176471e-01,15255388
7.485005116208001e+03,7.472335223605359e+03,1.764705882352941e+00,15255385
7.485295747258298e+03,7.477106794775123e+03,5.882352941176471e-01,15255389
7.485401237323813e+03,7.473531894660241e+03,1.764705882352941e+00,15255387
7.486769822090354e+03,7.477371745315109e+03,5.882352941176471e-01,15255390
7.487165943206166e+03,7.480092368850269e+03,5.882352941176471e-01,15255392
7.488534527972707e+03,7.481444619132168e+03,5.882352941176471e-01,15255393
7.488825159023004e+03,7.478539984036554e+03,1.176470588235294e+00,15255391
7.492063939737413e+03,7.486692885489960e+03,1.176470588235294e+00,15255395
7.492460060853225e+03,7.484370498227805e+03,1.764705882352941e+00,15255394
7.493828645619766e+03,7.490191195086711e+03,5.882352941176471e-01,15255397
7.494119276670062e+03,7.487511338316291e+03,1.764705882352941e+00,15255396
7.495593351502119e+03,7.491428535995358e+03,5.882352941176471e-01,15255399
7.497754178500284e+03,7.490327618803413e+03,1.764705882352941e+00,15255398
7.499122763266825e+03,7.493193426021525e+03,1.176470588235294e+00,15255401
7.499413394317121e+03,7.491942889317304e+03,1.764705882352941e+00,15255400
7.499518884382637e+03,7.496696931106610e+03,5.882352941176471e-01,15255402
7.500887469149178e+03,7.496804811084634e+03,5.882352941176471e-01,15255403
7.501178100199474e+03,7.498272213294248e+03,5.882352941176471e-01,15255404
7.505147005378115e+03,7.503382299495762e+03,5.882352941176471e-01,15255405
7.507129120311119e+03,7.505364414428766e+03,5.882352941176471e-01,15255406
7.508767083733047e+03,7.507002377850694e+03,5.882352941176471e-01,15255407
7.509178578089589e+03,7.507413872207236e+03,5.882352941176471e-01,15255408
7.510531789615400e+03,7.508545906789346e+03,5.882352941176471e-01,15255410
7.511094346089464e+03,7.509329640207111e+03,5.882352941176471e-01,15255411
7.513724626824740e+03,7.508430509177681e+03,1.764705882352941e+00,15255409
7.517280570272631e+03,7.511986452625572e+03,1.764705882352941e+00,15255412
7.518439255356969e+03,7.513145137709911e+03,1.764705882352941e+00,15255413
7.519045276154984e+03,7.517168813645676e+03,5.882352941176471e-01,15255415
7.520809982037337e+03,7.518097868596488e+03,5.882352941176471e-01,15255417
7.521234822023900e+03,7.515940704376841e+03,1.764705882352941e+00,15255414
7.523733373004028e+03,7.517556103886660e+03,1.764705882352941e+00,15255416
7.526104099684395e+03,7.518198206316809e+03,1.764705882352941e+00,15255418
7.526528939670958e+03,7.518403573668250e+03,1.764705882352941e+00,15255419
7.527262784768734e+03,7.518519878168314e+03,1.176470588235294e+00,15255420
7.528293645553311e+03,7.519162155241866e+03,5.882352941176471e-01,15255422
7.529027490651087e+03,7.519350048113761e+03,5.882352941176471e-01,15255423
7.530792196533440e+03,7.520400906491921e+03,5.882352941176471e-01,15255425
7.531398217331454e+03,7.518877021166834e+03,1.764705882352941e+00,15255421
7.532556902415793e+03,7.522386024774788e+03,5.882352941176471e-01,15255426
7.533587763200370e+03,7.519737153277156e+03,1.764705882352941e+00,15255424
7.536692334978513e+03,7.522500418887062e+03,1.764705882352941e+00,15255427
7.537851020062852e+03,7.522641618404576e+03,1.764705882352941e+00,15255428
7.538457040860866e+03,7.525134298970540e+03,5.882352941176471e-01,15255430
7.538881880847429e+03,7.524798093134396e+03,1.764705882352941e+00,15255429
7.540221746743219e+03,7.526547052420629e+03,5.882352941176471e-01,15255432
7.540646586729782e+03,7.528553479756171e+03,5.882352941176471e-01,15255433
7.541986452625572e+03,7.533515883406041e+03,5.882352941176471e-01,15255434
7.542411292612135e+03,7.533760396944192e+03,5.882352941176471e-01,15255435
7.543145137709911e+03,7.525459648076859e+03,1.764705882352941e+00,15255431
7.543751158507925e+03,7.534712409105485e+03,5.882352941176471e-01,15255436
7.544175998494488e+03,7.538857741591150e+03,5.882352941176471e-01,15255437
7.544909843592263e+03,7.539251099294113e+03,5.882352941176471e-01,15255438
7.545940704376841e+03,7.540887268265895e+03,5.882352941176471e-01,15255440
7.546674549474616e+03,7.544525079999873e+03,5.882352941176471e-01,15255441
7.547280570272631e+03,7.540350076492398e+03,1.176470588235294e+00,15255439
7.547705410259194e+03,7.545691186662912e+03,5.882352941176471e-01,15255442
7.548439255356969e+03,7.545718936518079e+03,5.882352941176471e-01,15255443
7.551452676962753e+03,7.549687971080400e+03,5.882352941176471e-01,15255444
7.553908809143025e+03,7.552144103260672e+03,5.882352941176471e-01,15255446
7.556672197988323e+03,7.551378080341264e+03,1.764705882352941e+00,15255445
7.557691460966828e+03,7.552397343319769e+03,1.764705882352941e+00,15255447
7.559202926790083e+03,7.552519402277096e+03,1.764705882352941e+00,15255448
7.559456166849181e+03,7.553276372382320e+03,5.882352941176471e-01,15255450
7.560967632672436e+03,7.553773418083673e+03,5.882352941176471e-01,15255451
7.561220872731534e+03,7.556370986118669e+03,5.882352941176471e-01,15255452
7.561966315635381e+03,7.552665853573285e+03,1.764705882352941e+00,15255449
7.562732338554789e+03,7.556444470857271e+03,5.882352941176471e-01,15255453
7.563731021517734e+03,7.558148991350448e+03,5.882352941176471e-01,15255455
7.566514990378592e+03,7.557179505200451e+03,1.764705882352941e+00,15255454
7.569111487019666e+03,7.563817369372607e+03,1.764705882352941e+00,15255456
7.569934003274151e+03,7.566404591509445e+03,1.176470588235294e+00,15255457
7.571938401243496e+03,7.570173695361143e+03,5.882352941176471e-01,15255459
7.572125529708387e+03,7.570360823826034e+03,5.882352941176471e-01,15255460
7.572823743354573e+03,7.567529625707514e+03,1.764705882352941e+00,15255458
7.573703107125849e+03,7.570397445864418e+03,5.882352941176471e-01,15255461
7.573890235590740e+03,7.571240340884597e+03,5.882352941176471e-01,15255462
7.574588449236926e+03,7.571501090338908e+03,5.882352941176471e-01,15255463
7.575467813008202e+03,7.573148580726188e+03,5.882352941176471e-01,15255464
7.575654941473093e+03,7.573388685870782e+03,5.882352941176471e-01,15255465
7.577232518890555e+03,7.574084468385266e+03,5.882352941176471e-01,15255467
7.578997224772908e+03,7.577034136143151e+03,5.882352941176471e-01,15255469
7.579882566883985e+03,7.574073321249499e+03,1.764705882352941e+00,15255466
7.581647272766338e+03,7.577382235069760e+03,5.882352941176471e-01,15255471
7.582103422194951e+03,7.576809304547892e+03,1.764705882352941e+00,15255468
7.583411978648691e+03,7.578713739444622e+03,5.882352941176471e-01,15255472
7.583868128077304e+03,7.579469055446742e+03,5.882352941176471e-01,15255473
7.584291342419967e+03,7.577317501625064e+03,1.764705882352941e+00,15255470
7.588706096295749e+03,7.580743906099124e+03,1.764705882352941e+00,15255474
7.589162245724363e+03,7.580762909701234e+03,1.764705882352941e+00,15255475
7.589585460067026e+03,7.580906471914121e+03,1.764705882352941e+00,15255476
7.590470802178102e+03,7.582522560935265e+03,5.882352941176471e-01,15255477
7.594456363371422e+03,7.584614868232572e+03,1.764705882352941e+00,15255478
7.594879577714084e+03,7.586220405777416e+03,1.764705882352941e+00,15255479
7.595764919825161e+03,7.586512513930231e+03,1.764705882352941e+00,15255480
7.596221069253775e+03,7.587306058714414e+03,5.882352941176471e-01,15255481
7.596644283596437e+03,7.588542395657700e+03,5.882352941176471e-01,15255482
7.599294331589867e+03,7.589052579139873e+03,1.176470588235294e+00,15255483
7.599750481018481e+03,7.589655267097322e+03,1.176470588235294e+00,15255484
7.601515186900834e+03,7.595031154896197e+03,5.882352941176471e-01,15255487
7.601938401243496e+03,7.590795731452171e+03,1.764705882352941e+00,15255485
7.602823743354573e+03,7.591667878741345e+03,1.176470588235294e+00,15255486
7.603703107125849e+03,7.595862801191786e+03,5.882352941176471e-01,15255489
7.604588449236926e+03,7.599680277098340e+03,5.882352941176471e-01,15255490
7.606353155119279e+03,7.599939307328400e+03,5.882352941176471e-01,15255492
7.606809304547892e+03,7.595306521181758e+03,1.764705882352941e+00,15255488
7.607232518890555e+03,7.599892809892147e+03,1.176470588235294e+00,15255491
7.608574010430245e+03,7.600319529776998e+03,5.882352941176471e-01,15255494
7.608997224772908e+03,7.603361862104227e+03,5.882352941176471e-01,15255495
7.610338716312598e+03,7.605563085131319e+03,5.882352941176471e-01,15255496
7.611647272766338e+03,7.599975925969865e+03,1.764705882352941e+00,15255493
7.612103422194951e+03,7.606593374986018e+03,5.882352941176471e-01,15255498
7.613868128077304e+03,7.608860042605811e+03,5.882352941176471e-01,15255500
7.614291342419967e+03,7.605966566993959e+03,1.764705882352941e+00,15255497
7.616941390413397e+03,7.606638824275351e+03,1.764705882352941e+00,15255499
7.617820754184673e+03,7.611661148300548e+03,1.176470588235294e+00,15255502
7.618706096295749e+03,7.612137636524201e+03,5.882352941176471e-01,15255503
7.619162245724363e+03,7.611238346881332e+03,1.764705882352941e+00,15255501
7.619585460067026e+03,7.612488122790601e+03,5.882352941176471e-01,15255504
7.620470802178102e+03,7.612608096598324e+03,5.882352941176471e-01,15255505
7.620926951606716e+03,7.613075684713952e+03,5.882352941176471e-01,15255506
7.622235508060455e+03,7.614138025224845e+03,5.882352941176471e-01,15255508
7.622691657489069e+03,7.615411085591847e+03,5.882352941176471e-01,15255509
7.624879577714084e+03,7.613287220209373e+03,1.764705882352941e+00,15255507
7.627529625707514e+03,7.616895162572780e+03,1.764705882352941e+00,15255510
7.627985775136128e+03,7.618389964138260e+03,1.764705882352941e+00,15255511
7.628408989478790e+03,7.619013352001530e+03,1.176470588235294e+00,15255512
7.629294331589867e+03,7.619117299985486e+03,5.882352941176471e-01,15255513
7.629750481018481e+03,7.619513281558982e+03,5.882352941176471e-01,15255514
7.631059037472220e+03,7.622145119024788e+03,5.882352941176471e-01,15255516
7.632823743354573e+03,7.625072564861552e+03,5.882352941176471e-01,15255518
7.633703107125849e+03,7.619916667414306e+03,1.764705882352941e+00,15255515
7.634588449236926e+03,7.626343846671231e+03,5.882352941176471e-01,15255519
7.635044598665540e+03,7.622913250044552e+03,1.764705882352941e+00,15255517
7.635467813008202e+03,7.627297769463825e+03,5.882352941176471e-01,15255520
7.636353155119279e+03,7.628569587450008e+03,5.882352941176471e-01,15255521
7.636809304547892e+03,7.628626521369222e+03,5.882352941176471e-01,15255522
7.637232518890555e+03,7.629673379718177e+03,5.882352941176471e-01,15255523
7.638117861001632e+03,7.630271223071761e+03,5.882352941176471e-01,15255524
7.638574010430245e+03,7.630584130274760e+03,5.882352941176471e-01,15255525
7.639882566883985e+03,7.632246925447675e+03,5.882352941176471e-01,15255527
7.640338716312598e+03,7.634650086563219e+03,5.882352941176471e-01,15255528
7.642103422194951e+03,7.636061632450961e+03,5.882352941176471e-01,15255530
7.642526636537614e+03,7.632191796133249e+03,1.764705882352941e+00,15255526
7.643868128077304e+03,7.638018010261043e+03,5.882352941176471e-01,15255531
7.644291342419967e+03,7.638103671212035e+03,5.882352941176471e-01,15255532
7.645176684531044e+03,7.635156215245035e+03,1.764705882352941e+00,15255529
7.646941390413397e+03,7.642990503914380e+03,5.882352941176471e-01,15255535
7.647397539842010e+03,7.639442793121821e+03,1.176470588235294e+00,15255533
7.649162245724363e+03,7.646825192672060e+03,5.882352941176471e-01,15255537
7.649585460067026e+03,7.641926866036394e+03,1.764705882352941e+00,15255534
7.650926951606716e+03,7.646869794542329e+03,5.882352941176471e-01,15255538
7.651350165949378e+03,7.648061863242279e+03,5.882352941176471e-01,15255539
7.652235508060455e+03,7.643016184078763e+03,1.764705882352941e+00,15255536
7.652691657489069e+03,7.648215591272892e+03,5.882352941176471e-01,15255540
7.654456363371422e+03,7.649682378817870e+03,5.882352941176471e-01,15255543
7.654879577714084e+03,7.648353835799409e+03,1.176470588235294e+00,15255541
7.656644283596437e+03,7.650093929421386e+03,5.882352941176471e-01,15255545
7.657529625707514e+03,7.649418710452963e+03,1.764705882352941e+00,15255542
7.658408989478790e+03,7.651124270103002e+03,5.882352941176471e-01,15255546
7.659750481018481e+03,7.649838534383233e+03,1.764705882352941e+00,15255544
7.661515186900834e+03,7.656754226254877e+03,5.882352941176471e-01,15255549
7.661938401243496e+03,7.656327540428645e+03,1.176470588235294e+00,15255548
7.662823743354573e+03,7.654892801627881e+03,1.764705882352941e+00,15255547
7.663279892783187e+03,7.659216965385045e+03,5.882352941176471e-01,15255550
7.663703107125849e+03,7.660909815658067e+03,5.882352941176471e-01,15255551
7.664588449236926e+03,7.661280797444585e+03,5.882352941176471e-01,15255552
7.665467813008202e+03,7.662261426068692e+03,5.882352941176471e-01,15255554
7.666353155119279e+03,7.663021427777181e+03,5.882352941176471e-01,15255555
7.668574010430245e+03,7.662163010426898e+03,1.764705882352941e+00,15255553
7.670761930655261e+03,7.663678689710006e+03,1.764705882352941e+00,15255556
7.671647272766338e+03,7.664614534356513e+03,1.764705882352941e+00,15255557
7.672526636537614e+03,7.665764361160201e+03,5.882352941176471e-01,15255559
7.673868128077304e+03,7.665685193111519e+03,1.764705882352941e+00,15255558
7.674291342419967e+03,7.667149608427524e+03,5.882352941176471e-01,15255561
7.676056048302320e+03,7.671077043062443e+03,5.882352941176471e-01,15255563
7.676941390413397e+03,7.666655239624431e+03,1.764705882352941e+00,15255560
7.678706096295749e+03,7.671914324436576e+03,5.882352941176471e-01,15255565
7.679162245724363e+03,7.668374581216109e+03,1.764705882352941e+00,15255562
7.679585460067026e+03,7.671200065073877e+03,1.176470588235294e+00,15255564
7.680470802178102e+03,7.672084769988893e+03,5.882352941176471e-01,15255566
7.680926951606716e+03,7.672124842539189e+03,5.882352941176471e-01,15255567
7.682691657489069e+03,7.679766994831010e+03,5.882352941176471e-01,15255570
7.684456363371422e+03,7.680250347300732e+03,5.882352941176471e-01,15255571
7.684879577714084e+03,7.676736786821325e+03,1.764705882352941e+00,15255568
7.685764919825161e+03,7.677511990234852e+03,1.764705882352941e+00,15255569
7.686644283596437e+03,7.683470996330753e+03,5.882352941176471e-01,15255573
7.687529625707514e+03,7.684661066957413e+03,5.882352941176471e-01,15255574
7.687985775136128e+03,7.682902538512335e+03,1.176470588235294e+00,15255572
7.691166352703507e+03,7.689401646821154e+03,5.882352941176471e-01,15255575
7.691726237301346e+03,7.689961531418993e+03,5.882352941176471e-01,15255577
7.692931058585860e+03,7.690247653068370e+03,5.882352941176471e-01,15255578
7.693490943183699e+03,7.691065636992684e+03,5.882352941176471e-01,15255579
7.694695764468213e+03,7.691221552785270e+03,5.882352941176471e-01,15255580
7.694969319074995e+03,7.689675201427936e+03,1.764705882352941e+00,15255576
7.695255649066052e+03,7.691660427151552e+03,5.882352941176471e-01,15255581
7.696734024957348e+03,7.694865320218315e+03,5.882352941176471e-01,15255583
7.699334576196625e+03,7.697569870314273e+03,5.882352941176471e-01,15255584
7.699989882115272e+03,7.692898823132518e+03,1.764705882352941e+00,15255582
7.701099282078978e+03,7.698244450490458e+03,5.882352941176471e-01,15255586
7.702967433124337e+03,7.697673315477278e+03,1.764705882352941e+00,15255585
7.705481424474549e+03,7.700187306827490e+03,1.764705882352941e+00,15255587
7.707013300148629e+03,7.705248594266276e+03,5.882352941176471e-01,15255589
7.707278223887909e+03,7.701984106240850e+03,1.764705882352941e+00,15255588
7.708699261745295e+03,7.706934555862942e+03,5.882352941176471e-01,15255590
7.712670919928987e+03,7.707376802281929e+03,1.764705882352941e+00,15255591
7.713962339412382e+03,7.708668221765323e+03,1.764705882352941e+00,15255592
7.714435625811340e+03,7.710961750401041e+03,5.882352941176471e-01,15255594
7.714555068300772e+03,7.709260950653713e+03,1.764705882352941e+00,15255593
7.716319774183125e+03,7.713495602460823e+03,5.882352941176471e-01,15255597
7.717491751177088e+03,7.712543853103186e+03,1.176470588235294e+00,15255595
7.719256457059441e+03,7.714124839569088e+03,5.882352941176471e-01,15255599
7.719729743458399e+03,7.713022879121380e+03,1.764705882352941e+00,15255596
7.719849185947830e+03,7.713792832909400e+03,1.176470588235294e+00,15255598
7.721021162941794e+03,7.714358724618550e+03,5.882352941176471e-01,15255600
7.721494449340752e+03,7.718780229418175e+03,5.882352941176471e-01,15255601
7.721613891830183e+03,7.719471811586351e+03,5.882352941176471e-01,15255602
7.723745773093163e+03,7.721981067210810e+03,5.882352941176471e-01,15255605
7.724550574706500e+03,7.720447355887768e+03,1.176470588235294e+00,15255603
7.726315280588853e+03,7.723006028005908e+03,5.882352941176471e-01,15255607
7.726788566987811e+03,7.721016151608494e+03,1.764705882352941e+00,15255604
7.727275184857868e+03,7.722182528683677e+03,1.176470588235294e+00,15255606
7.728553272870164e+03,7.725706480555147e+03,5.882352941176471e-01,15255609
7.729039890740221e+03,7.726141773084213e+03,5.882352941176471e-01,15255610
7.730804596622574e+03,7.726949087435182e+03,5.882352941176471e-01,15255612
7.731609398235911e+03,7.725406701813288e+03,1.764705882352941e+00,15255608
7.733847390517223e+03,7.726702772260565e+03,1.764705882352941e+00,15255611
7.735612096399576e+03,7.732144672186383e+03,5.882352941176471e-01,15255615
7.736098714269633e+03,7.727153674132709e+03,1.764705882352941e+00,15255613
7.736903515882970e+03,7.729240749063370e+03,1.764705882352941e+00,15255614
7.737863420151986e+03,7.732443698740555e+03,5.882352941176471e-01,15255617
7.738668221765323e+03,7.732959537584749e+03,5.882352941176471e-01,15255618
7.739628126034339e+03,7.733009948818402e+03,5.882352941176471e-01,15255619
7.740906214046634e+03,7.732438954928355e+03,1.764705882352941e+00,15255616
7.743962339412382e+03,7.733998797140429e+03,1.764705882352941e+00,15255620
7.744435625811340e+03,7.734265303848562e+03,1.176470588235294e+00,15255622
7.744922243681398e+03,7.734149594725877e+03,1.764705882352941e+00,15255621
7.745727045294735e+03,7.734724104621188e+03,5.882352941176471e-01,15255623
7.746200331693693e+03,7.735909233718977e+03,5.882352941176471e-01,15255624
7.746686949563751e+03,7.736178482918268e+03,5.882352941176471e-01,15255625
7.747491751177088e+03,7.736347786508993e+03,5.882352941176471e-01,15255626
7.747965037576046e+03,7.737382737291797e+03,5.882352941176471e-01,15255627
7.751981067210810e+03,7.738013972766460e+03,1.764705882352941e+00,15255628
7.752785868824147e+03,7.739186799892044e+03,1.764705882352941e+00,15255629
7.753259155223105e+03,7.740880806956090e+03,1.764705882352941e+00,15255630
7.753745773093163e+03,7.742131993845108e+03,5.882352941176471e-01,15255631
7.754550574706500e+03,7.743009500056219e+03,5.882352941176471e-01,15255632
7.755023861105458e+03,7.743530764793657e+03,5.882352941176471e-01,15255633
7.755510478975516e+03,7.746073992924605e+03,5.882352941176471e-01,15255634
7.759039890740221e+03,7.749639825400566e+03,1.176470588235294e+00,15255637
7.759844692353558e+03,7.746200487839634e+03,1.764705882352941e+00,15255635
7.760317978752517e+03,7.748837340546538e+03,1.764705882352941e+00,15255636
7.760804596622574e+03,7.750045661479876e+03,5.882352941176471e-01,15255638
7.762082684634870e+03,7.750970919950511e+03,5.882352941176471e-01,15255640
7.762569302504927e+03,7.751878540652732e+03,5.882352941176471e-01,15255641
7.763847390517223e+03,7.753177156638844e+03,5.882352941176471e-01,15255642
7.764334008387280e+03,7.753418656205733e+03,5.882352941176471e-01,15255643
7.765138810000617e+03,7.750290006134237e+03,1.764705882352941e+00,15255639
7.766903515882970e+03,7.758289741284705e+03,5.882352941176471e-01,15255646
7.767376802281929e+03,7.756008107940688e+03,1.176470588235294e+00,15255644
7.767863420151986e+03,7.758102185714926e+03,1.176470588235294e+00,15255645
7.769141508164282e+03,7.760039139172005e+03,5.882352941176471e-01,15255648
7.771392831916692e+03,7.760466752956760e+03,1.176470588235294e+00,15255649
7.772197633530029e+03,7.758614930287553e+03,1.764705882352941e+00,15255647
7.772670919928987e+03,7.761313471074376e+03,1.176470588235294e+00,15255650
7.773157537799045e+03,7.761564101231783e+03,5.882352941176471e-01,15255651
7.773962339412382e+03,7.765824547962284e+03,5.882352941176471e-01,15255652
7.774922243681398e+03,7.768211306958617e+03,5.882352941176471e-01,15255654
7.775727045294735e+03,7.768826445174560e+03,5.882352941176471e-01,15255655
7.776686949563751e+03,7.769605257718786e+03,5.882352941176471e-01,15255656
7.777491751177088e+03,7.771687795913014e+03,5.882352941176471e-01,15255657
7.777965037576046e+03,7.766838907956485e+03,1.764705882352941e+00,15255653
7.778451655446104e+03,7.771985814384993e+03,5.882352941176471e-01,15255658
7.779729743458399e+03,7.772787015119114e+03,5.882352941176471e-01,15255660
7.782785868824147e+03,7.772445013321586e+03,1.764705882352941e+00,15255659
7.783745773093163e+03,7.773927529682271e+03,1.764705882352941e+00,15255661
7.785023861105458e+03,7.774255914870047e+03,1.764705882352941e+00,15255662
7.785510478975516e+03,7.774945640180472e+03,5.882352941176471e-01,15255664
7.786788566987811e+03,7.775453019672704e+03,5.882352941176471e-01,15255665
7.788079986471205e+03,7.774774354611025e+03,1.764705882352941e+00,15255663
7.788553272870164e+03,7.778532224683352e+03,5.882352941176471e-01,15255667
7.790317978752517e+03,7.779209277596403e+03,5.882352941176471e-01,15255669
7.790804596622574e+03,7.777081278593841e+03,1.764705882352941e+00,15255666
7.791609398235911e+03,7.779180124970315e+03,1.176470588235294e+00,15255668
7.792569302504927e+03,7.781998220073079e+03,5.882352941176471e-01,15255671
7.793847390517223e+03,7.779219647121114e+03,1.176470588235294e+00,15255670
7.795612096399576e+03,7.784386266070619e+03,5.882352941176471e-01,15255674
7.796903515882970e+03,7.782655944590629e+03,1.764705882352941e+00,15255672
7.797376802281929e+03,7.785208881731949e+03,5.882352941176471e-01,15255675
7.797863420151986e+03,7.782892477894284e+03,1.764705882352941e+00,15255673
7.799141508164282e+03,7.785996559858511e+03,5.882352941176471e-01,15255677
7.799628126034339e+03,7.786071633314402e+03,5.882352941176471e-01,15255678
7.802197633530029e+03,7.785711966049295e+03,1.764705882352941e+00,15255676
7.803962339412382e+03,7.788337089562217e+03,5.882352941176471e-01,15255681
7.804435625811340e+03,7.786242286048874e+03,1.764705882352941e+00,15255679
7.804922243681398e+03,7.786727207050035e+03,1.764705882352941e+00,15255680
7.806200331693693e+03,7.789736347748878e+03,5.882352941176471e-01,15255683
7.806686949563751e+03,7.790524950199104e+03,5.882352941176471e-01,15255684
7.807965037576046e+03,7.794226537539941e+03,5.882352941176471e-01,15255685
7.808451655446104e+03,7.795184055880316e+03,5.882352941176471e-01,15255686
7.809256457059441e+03,7.789275837423025e+03,1.764705882352941e+00,15255682
7.813259155223105e+03,7.796677687476588e+03,1.764705882352941e+00,15255687
7.813745773093163e+03,7.797054476244252e+03,1.764705882352941e+00,15255688
7.814550574706500e+03,7.798108780556369e+03,1.764705882352941e+00,15255689
7.815023861105458e+03,7.799937189071055e+03,5.882352941176471e-01,15255690
7.819039890740221e+03,7.800599916711618e+03,1.764705882352941e+00,15255691
7.819844692353558e+03,7.801435181057427e+03,1.764705882352941e+00,15255692
7.820317978752517e+03,7.801977570712651e+03,1.764705882352941e+00,15255693
7.820804596622574e+03,7.804616068113677e+03,5.882352941176471e-01,15255694
7.821609398235911e+03,7.804837513760785e+03,5.882352941176471e-01,15255695
7.822082684634870e+03,7.805486787629870e+03,5.882352941176471e-01,15255696
7.823374104118264e+03,7.809533820945188e+03,5.882352941176471e-01,15255698
7.823847390517223e+03,7.811923242658278e+03,5.882352941176471e-01,15255699
7.824334008387280e+03,7.806509782894349e+03,1.176470588235294e+00,15255697
7.825138810000617e+03,7.813101434516545e+03,5.882352941176471e-01,15255700
7.825612096399576e+03,7.813301105467362e+03,5.882352941176471e-01,15255701
7.826098714269633e+03,7.814772098394573e+03,5.882352941176471e-01,15255702
7.827863420151986e+03,7.818652409220020e+03,5.882352941176471e-01,15255705
7.828668221765323e+03,7.816880321653654e+03,1.176470588235294e+00,15255703
7.830432927647676e+03,7.822434097400059e+03,5.882352941176471e-01,15255707
7.830906214046634e+03,7.817465962224053e+03,1.764705882352941e+00,15255704
7.832197633530029e+03,7.822893285854243e+03,5.882352941176471e-01,15255708
7.832670919928987e+03,7.823544812265271e+03,5.882352941176471e-01,15255709
7.833157537799045e+03,7.822097323679356e+03,1.764705882352941e+00,15255706
7.833962339412382e+03,7.824163664054126e+03,5.882352941176471e-01,15255710
7.834435625811340e+03,7.826066626330592e+03,5.882352941176471e-01,15255711
7.835727045294735e+03,7.827246076267358e+03,5.882352941176471e-01,15255713
7.836200331693693e+03,7.827680656274052e+03,5.882352941176471e-01,15255714
7.836686949563751e+03,7.826936380799266e+03,1.176470588235294e+00,15255712
7.837965037576046e+03,7.828389755582688e+03,5.882352941176471e-01,15255716
7.839256457059441e+03,7.827871546320075e+03,1.176470588235294e+00,15255715
7.839729743458399e+03,7.828878458624286e+03,5.882352941176471e-01,15255718
7.841272541526654e+03,7.839507835644301e+03,5.882352941176471e-01,15255719
7.841981067210810e+03,7.828503265087175e+03,1.764705882352941e+00,15255717
7.843459335139993e+03,7.841694629257640e+03,5.882352941176471e-01,15255721
7.844538521502403e+03,7.842773815620050e+03,5.882352941176471e-01,15255722
7.845023861105458e+03,7.839583881662147e+03,1.764705882352941e+00,15255720
7.845329208623836e+03,7.843564502741484e+03,5.882352941176471e-01,15255723
7.846303227384756e+03,7.843596129869684e+03,5.882352941176471e-01,15255724
7.846788566987811e+03,7.844910308333045e+03,5.882352941176471e-01,15255725
7.848067933267109e+03,7.845185926821077e+03,5.882352941176471e-01,15255727
7.848553272870164e+03,7.845268083503904e+03,5.882352941176471e-01,15255728
7.849832639149462e+03,7.846511550532518e+03,5.882352941176471e-01,15255729
7.850623326270895e+03,7.845050423903010e+03,1.764705882352941e+00,15255726
7.851597345031815e+03,7.847782525097161e+03,5.882352941176471e-01,15255731
7.852388032153248e+03,7.849594104450778e+03,5.882352941176471e-01,15255732
7.853847390517223e+03,7.846738268792758e+03,1.764705882352941e+00,15255730
7.854152738035601e+03,7.852348377345924e+03,5.882352941176471e-01,15255734
7.857074494159338e+03,7.851780376512279e+03,1.764705882352941e+00,15255733
7.857383001633548e+03,7.855618295751195e+03,5.882352941176471e-01,15255735
7.860394103442105e+03,7.858629397559752e+03,5.882352941176471e-01,15255737
7.860878736713319e+03,7.859114030830966e+03,5.882352941176471e-01,15255738
7.862158809324458e+03,7.860275765606795e+03,5.882352941176471e-01,15255739
7.863258258968597e+03,7.857964141321539e+03,1.764705882352941e+00,15255736
7.863877851676607e+03,7.862113145794254e+03,5.882352941176471e-01,15255740
7.864365337941333e+03,7.862600632058980e+03,5.882352941176471e-01,15255741
7.866050465261043e+03,7.864285759378690e+03,5.882352941176471e-01,15255743
7.868905717438943e+03,7.865376305674237e+03,1.176470588235294e+00,15255744
7.869354881436350e+03,7.864060763789291e+03,1.764705882352941e+00,15255742
7.871119587318703e+03,7.867063388270157e+03,5.882352941176471e-01,15255747
7.871401438945533e+03,7.866107321298474e+03,1.764705882352941e+00,15255745
7.874199835086001e+03,7.866287888433275e+03,1.764705882352941e+00,15255746
7.874648999083409e+03,7.868020225732513e+03,1.176470588235294e+00,15255748
7.877100373050794e+03,7.871806255403735e+03,1.764705882352941e+00,15255749
7.878178410848115e+03,7.872764986986671e+03,1.176470588235294e+00,15255751
7.879493952733060e+03,7.871916305212427e+03,1.764705882352941e+00,15255750
7.881258658615413e+03,7.877689235822169e+03,5.882352941176471e-01,15255754
7.881707822612821e+03,7.876820953507235e+03,1.176470588235294e+00,15255753
7.882394490697853e+03,7.875022413249922e+03,1.764705882352941e+00,15255752
7.883023364497766e+03,7.879214096430755e+03,5.882352941176471e-01,15255755
7.884159196580206e+03,7.881287018887799e+03,5.882352941176471e-01,15255757
7.887001940259879e+03,7.880162341269041e+03,1.764705882352941e+00,15255756
7.888317482144825e+03,7.882352978577751e+03,1.764705882352941e+00,15255758
7.888766646142232e+03,7.882960472110464e+03,5.882352941176471e-01,15255760
7.889453314227265e+03,7.882514503884902e+03,1.764705882352941e+00,15255759
7.893611599791884e+03,7.882978650640002e+03,1.764705882352941e+00,15255761
7.894060763789291e+03,7.883671234494386e+03,1.764705882352941e+00,15255762
7.894747431874324e+03,7.884340377080239e+03,1.764705882352941e+00,15255763
7.895376305674237e+03,7.884627866005392e+03,5.882352941176471e-01,15255764
7.895825469671644e+03,7.889201489497366e+03,5.882352941176471e-01,15255765
7.896512137756677e+03,7.889864077620294e+03,5.882352941176471e-01,15255766
7.897141011556590e+03,7.890168718134907e+03,5.882352941176471e-01,15255767
7.898905717438943e+03,7.893112524973916e+03,5.882352941176471e-01,15255770
7.901119587318703e+03,7.890294726474678e+03,1.764705882352941e+00,15255768
7.901806255403736e+03,7.890942021761938e+03,1.764705882352941e+00,15255769
7.902884293201056e+03,7.896190825702863e+03,5.882352941176471e-01,15255772
7.903570961286088e+03,7.898351458533589e+03,5.882352941176471e-01,15255773
7.904199835086001e+03,7.894898754630417e+03,1.764705882352941e+00,15255771
7.904648999083409e+03,7.898420174971399e+03,5.882352941176471e-01,15255774
7.905964540968354e+03,7.898779875328944e+03,5.882352941176471e-01,15255776
7.906413704965762e+03,7.899016582381946e+03,5.882352941176471e-01,15255777
7.907100373050794e+03,7.898423051475506e+03,1.176470588235294e+00,15255775
7.907729246850707e+03,7.899514783753372e+03,5.882352941176471e-01,15255778
7.908178410848115e+03,7.899554283520154e+03,5.882352941176471e-01,15255779
7.910629784815500e+03,7.900365067499610e+03,1.176470588235294e+00,15255780
7.912394490697853e+03,7.904766578059412e+03,5.882352941176471e-01,15255783
7.913023364497766e+03,7.903781066928630e+03,1.764705882352941e+00,15255781
7.913472528495174e+03,7.904121366863628e+03,1.764705882352941e+00,15255782
7.914159196580206e+03,7.906539493392947e+03,5.882352941176471e-01,15255784
7.915923902462559e+03,7.911437552858319e+03,5.882352941176471e-01,15255787
7.916552776262472e+03,7.910029562991839e+03,1.176470588235294e+00,15255785
7.917688608344912e+03,7.911610920268620e+03,5.882352941176471e-01,15255788
7.918317482144825e+03,7.913069841149480e+03,5.882352941176471e-01,15255789
7.918766646142232e+03,7.910505235911449e+03,1.764705882352941e+00,15255786
7.920531352024585e+03,7.915380787497158e+03,5.882352941176471e-01,15255792
7.921846893909531e+03,7.914638425638062e+03,1.176470588235294e+00,15255791
7.922296057906938e+03,7.915386182478652e+03,5.882352941176471e-01,15255793
7.922982725991971e+03,7.914503449747140e+03,1.764705882352941e+00,15255790
7.927141011556590e+03,7.918369344645997e+03,1.764705882352941e+00,15255794
7.927590175553997e+03,7.918445357065002e+03,1.764705882352941e+00,15255795
7.928276843639030e+03,7.919644360197489e+03,1.764705882352941e+00,15255796
7.931119587318703e+03,7.920184565893672e+03,1.176470588235294e+00,15255798
7.932435129203649e+03,7.919807931540740e+03,1.764705882352941e+00,15255797
7.932884293201056e+03,7.922943736569791e+03,5.882352941176471e-01,15255800
7.933570961286088e+03,7.920754034876293e+03,1.764705882352941e+00,15255799
7.934648999083409e+03,7.925416186842131e+03,5.882352941176471e-01,15255802
7.935335667168441e+03,7.926335318294353e+03,5.882352941176471e-01,15255803
7.935964540968354e+03,7.923653570594529e+03,1.176470588235294e+00,15255801
7.936413704965762e+03,7.926880865262595e+03,5.882352941176471e-01,15255804
7.937729246850707e+03,7.932497452732553e+03,5.882352941176471e-01,15255806
7.938178410848115e+03,7.932812098813036e+03,5.882352941176471e-01,15255807
7.939493952733060e+03,7.933062322393286e+03,5.882352941176471e-01,15255808
7.940629784815500e+03,7.927301101733060e+03,1.764705882352941e+00,15255805
7.942394490697853e+03,7.936254275769243e+03,5.882352941176471e-01,15255811
7.943023364497766e+03,7.933990131277988e+03,1.176470588235294e+00,15255810
7.943472528495174e+03,7.933887573257016e+03,1.764705882352941e+00,15255809
7.945923902462559e+03,7.939730545590163e+03,1.176470588235294e+00,15255812
7.946552776262472e+03,7.940825242380085e+03,1.176470588235294e+00,15255813
7.947001940259879e+03,7.940887039779702e+03,1.176470588235294e+00,15255814
7.947688608344912e+03,7.941239917904393e+03,5.882352941176471e-01,15255815
7.951846893909531e+03,7.941323724696067e+03,1.764705882352941e+00,15255816
7.952296057906938e+03,7.941527113799717e+03,1.764705882352941e+00,15255817
7.952982725991971e+03,7.941967048513744e+03,1.764705882352941e+00,15255818
7.954060763789291e+03,7.942851190289991e+03,5.882352941176471e-01,15255820
7.954747431874324e+03,7.943066619503056e+03,5.882352941176471e-01,15255821
7.955825469671644e+03,7.944194583556132e+03,5.882352941176471e-01,15255822
7.956512137756677e+03,7.946204861891213e+03,5.882352941176471e-01,15255823
7.957141011556590e+03,7.942064136695676e+03,1.764705882352941e+00,15255819
7.957590175553997e+03,7.947377363590690e+03,5.882352941176471e-01,15255824
7.958905717438943e+03,7.948597532287063e+03,5.882352941176471e-01,15255826
7.961119587318703e+03,7.948888520044260e+03,1.176470588235294e+00,15255827
7.961806255403735e+03,7.948088602675278e+03,1.764705882352941e+00,15255825
7.962435129203649e+03,7.952865965087475e+03,1.176470588235294e+00,15255828
7.963570961286088e+03,7.954767644380800e+03,5.882352941176471e-01,15255830
7.965335667168441e+03,7.957834596023447e+03,5.882352941176471e-01,15255832
7.966413704965762e+03,7.953977043806048e+03,1.764705882352941e+00,15255829
7.967100373050794e+03,7.958207400798855e+03,5.882352941176471e-01,15255833
7.967729246850707e+03,7.957780330686479e+03,1.764705882352941e+00,15255831
7.968865078933147e+03,7.962451351443516e+03,5.882352941176471e-01,15255835
7.969493952733060e+03,7.964486888697682e+03,5.882352941176471e-01,15255836
7.969943116730468e+03,7.959146037152034e+03,1.176470588235294e+00,15255834
7.971258658615413e+03,7.965003084777115e+03,5.882352941176471e-01,15255838
7.971707822612821e+03,7.966516370420322e+03,5.882352941176471e-01,15255839
7.973023364497766e+03,7.966964773500606e+03,5.882352941176471e-01,15255840
7.973472528495174e+03,7.967282794081690e+03,5.882352941176471e-01,15255841
7.974159196580206e+03,7.964647895436079e+03,1.764705882352941e+00,15255837
7.974788070380119e+03,7.969013330946261e+03,5.882352941176471e-01,15255842
7.975237234377527e+03,7.969182322968721e+03,5.882352941176471e-01,15255843
7.975923902462559e+03,7.969670646249034e+03,5.882352941176471e-01,15255844
7.977688608344912e+03,7.972024071905636e+03,5.882352941176471e-01,15255847
7.978317482144825e+03,7.970781871997535e+03,1.176470588235294e+00,15255845
7.980531352024585e+03,7.971524629326624e+03,1.764705882352941e+00,15255846
7.982296057906938e+03,7.973794265414811e+03,5.882352941176471e-01,15255850
7.982982725991971e+03,7.972228842648356e+03,1.764705882352941e+00,15255848
7.983611599791884e+03,7.973432100658284e+03,1.764705882352941e+00,15255849
7.984747431874324e+03,7.974545267438795e+03,5.882352941176471e-01,15255852
7.985376305674237e+03,7.974867842996992e+03,5.882352941176471e-01,15255853
7.986512137756677e+03,7.977008892495916e+03,5.882352941176471e-01,15255854
7.987141011556590e+03,7.978021334777061e+03,5.882352941176471e-01,15255855
7.987590175553997e+03,7.974512754163843e+03,1.764705882352941e+00,15255851
7.989354881436350e+03,7.983755385709134e+03,5.882352941176471e-01,15255858
7.991119587318703e+03,7.984467635590243e+03,5.882352941176471e-01,15255859
7.991806255403735e+03,7.979537009300231e+03,1.764705882352941e+00,15255856
7.992435129203649e+03,7.980438859250396e+03,1.764705882352941e+00,15255857
7.992884293201056e+03,7.985045539583344e+03,5.882352941176471e-01,15255860
7.993570961286088e+03,7.985129005341666e+03,5.882352941176471e-01,15255861
7.994648999083409e+03,7.987121111315308e+03,5.882352941176471e-01,15255863
7.996413704965762e+03,7.987326657977696e+03,5.882352941176471e-01,15255865
7.997729246850707e+03,7.986038273797226e+03,1.764705882352941e+00,15255862
7.998178410848115e+03,7.987436551824421e+03,5.882352941176471e-01,15255866
7.998865078933147e+03,7.987139796375415e+03,1.764705882352941e+00,15255864
7.999493952733060e+03,7.987523130651777e+03,5.882352941176471e-01,15255867
8.000629784815500e+03,7.988461735378595e+03,5.882352941176471e-01,15255869
8.002394490697853e+03,7.990844395141302e+03,5.882352941176471e-01,15255871
8.003472528495174e+03,7.987953709913023e+03,1.764705882352941e+00,15255868
8.004159196580206e+03,7.993604083913201e+03,5.882352941176471e-01,15255872
8.004788070380119e+03,7.989083690822088e+03,1.764705882352941e+00,15255870
8.005237234377527e+03,7.993997467244177e+03,5.882352941176471e-01,15255873
8.005923902462559e+03,7.996482739530553e+03,5.882352941176471e-01,15255874
8.006552776262472e+03,7.996828717857065e+03,5.882352941176471e-01,15255875
8.007001940259879e+03,7.997946322268294e+03,5.882352941176471e-01,15255876
8.007688608344912e+03,7.998637603035503e+03,5.882352941176471e-01,15255877
8.008317482144825e+03,7.998826528103856e+03,5.882352941176471e-01,15255878
8.008766646142232e+03,8.000120447413113e+03,5.882352941176471e-01,15255879
8.011846893909531e+03,8.002353626148244e+03,1.176470588235294e+00,15255881
8.012982725991971e+03,8.000604666324060e+03,1.764705882352941e+00,15255880
8.014060763789291e+03,8.003269839328721e+03,1.764705882352941e+00,15255882
8.015825469671644e+03,8.004123337775533e+03,5.882352941176471e-01,15255885
8.017141011556590e+03,8.003963961812150e+03,1.764705882352941e+00,15255883
8.017590175553997e+03,8.004193806323144e+03,5.882352941176471e-01,15255886
8.018276843639030e+03,8.004009251351391e+03,1.764705882352941e+00,15255884
8.018905717438943e+03,8.005669685734163e+03,5.882352941176471e-01,15255887
8.019354881436350e+03,8.008588601768204e+03,5.882352941176471e-01,15255888
8.020041549521383e+03,8.010165734397174e+03,5.882352941176471e-01,15255889
8.021119587318703e+03,8.012002599593569e+03,5.882352941176471e-01,15255891
8.021806255403735e+03,8.012250292392993e+03,5.882352941176471e-01,15255892
8.024199835086001e+03,8.010740023962338e+03,1.764705882352941e+00,15255890
8.026413704965762e+03,8.012301268277842e+03,1.764705882352941e+00,15255893
8.027100373050794e+03,8.012904104528492e+03,1.764705882352941e+00,15255894
8.028178410848115e+03,8.016133720623270e+03,5.882352941176471e-01,15255896
8.029493952733060e+03,8.015599824041540e+03,1.764705882352941e+00,15255895
8.029943116730468e+03,8.017657365817261e+03,5.882352941176471e-01,15255898
8.031258658615413e+03,8.017717862610552e+03,5.882352941176471e-01,15255899
8.031707822612821e+03,8.019780695761474e+03,5.882352941176471e-01,15255900
8.032394490697853e+03,8.017138091266291e+03,1.764705882352941e+00,15255897
8.033472528495174e+03,8.021644940344647e+03,5.882352941176471e-01,15255902
8.034159196580206e+03,8.022641832043215e+03,5.882352941176471e-01,15255903
8.036552776262472e+03,8.020207006894771e+03,1.764705882352941e+00,15255901
8.038766646142232e+03,8.023146437040728e+03,1.764705882352941e+00,15255904
8.039453314227265e+03,8.026821400446989e+03,1.764705882352941e+00,15255905
8.041218020109618e+03,8.030967682992581e+03,5.882352941176471e-01,15255908
8.041846893909531e+03,8.027782061470585e+03,1.764705882352941e+00,15255906
8.042982725991971e+03,8.031443997389258e+03,5.882352941176471e-01,15255909
8.044060763789291e+03,8.029121623394162e+03,1.764705882352941e+00,15255907
8.044747431874324e+03,8.035387445114705e+03,5.882352941176471e-01,15255911
8.045825469671644e+03,8.035921062874544e+03,5.882352941176471e-01,15255912
8.046512137756677e+03,8.036506827544521e+03,5.882352941176471e-01,15255913
8.047141011556590e+03,8.034859996761081e+03,1.764705882352941e+00,15255910
8.047590175553997e+03,8.037068746199297e+03,5.882352941176471e-01,15255914
8.050041549521383e+03,8.039427204253633e+03,1.176470588235294e+00,15255915
8.050670423321296e+03,8.039815101026400e+03,1.176470588235294e+00,15255916
8.051806255403735e+03,8.040397998489425e+03,5.882352941176471e-01,15255918
8.052435129203649e+03,8.040534629049622e+03,5.882352941176471e-01,15255919
8.052884293201056e+03,8.040337334366947e+03,1.764705882352941e+00,15255917
8.053570961286088e+03,8.042477619060448e+03,5.882352941176471e-01,15255920
8.054199835086001e+03,8.043408298462142e+03,5.882352941176471e-01,15255921
8.055964540968354e+03,8.045126062168795e+03,5.882352941176471e-01,15255924
8.057100373050794e+03,8.044910364156774e+03,1.176470588235294e+00,15255923
8.057729246850707e+03,8.048494960839330e+03,5.882352941176471e-01,15255925
8.058178410848115e+03,8.044312525604955e+03,1.764705882352941e+00,15255922
8.059943116730468e+03,8.052673953202029e+03,5.882352941176471e-01,15255928
8.062394490697853e+03,8.049232143348184e+03,1.764705882352941e+00,15255926
8.063023364497766e+03,8.049336686216070e+03,1.764705882352941e+00,15255927
8.064159196580206e+03,8.056634318805969e+03,5.882352941176471e-01,15255930
8.064788070380119e+03,8.060173154710708e+03,5.882352941176471e-01,15255931
8.065237234377527e+03,8.053827840509790e+03,1.764705882352941e+00,15255929
8.065923902462559e+03,8.060664976833865e+03,5.882352941176471e-01,15255932
8.067688608344912e+03,8.064401026023370e+03,5.882352941176471e-01,15255935
8.070082188027178e+03,8.063344485716298e+03,1.764705882352941e+00,15255933
8.070531352024585e+03,8.064106184623057e+03,1.764705882352941e+00,15255934
8.071701996544979e+03,8.068172584780273e+03,1.176470588235294e+00,15255936
8.072296057906938e+03,8.070458161777270e+03,5.882352941176471e-01,15255938
8.075376305674237e+03,8.069675746637769e+03,1.764705882352941e+00,15255937
8.077702300360362e+03,8.075937594478009e+03,5.882352941176471e-01,15255941
8.078628077412121e+03,8.073333959765062e+03,1.764705882352941e+00,15255939
8.079467006242715e+03,8.076281793065868e+03,5.882352941176471e-01,15255942
8.080185182319461e+03,8.074891064672402e+03,1.764705882352941e+00,15255940
8.080392783294474e+03,8.076972334651370e+03,5.882352941176471e-01,15255943
8.081231712125068e+03,8.076998467701071e+03,5.882352941176471e-01,15255944
8.081949888201814e+03,8.077371162567752e+03,5.882352941176471e-01,15255945
8.082157489176827e+03,8.077558089428629e+03,5.882352941176471e-01,15255946
8.083714594084167e+03,8.079546077066553e+03,5.882352941176471e-01,15255948
8.083922195059180e+03,8.079704209455453e+03,5.882352941176471e-01,15255949
8.085479299966520e+03,8.080552622078328e+03,5.882352941176471e-01,15255950
8.086525829772127e+03,8.078324653076467e+03,1.764705882352941e+00,15255947
8.087244005848872e+03,8.081842803639334e+03,5.882352941176471e-01,15255952
8.087451606823886e+03,8.081381306256083e+03,1.176470588235294e+00,15255951
8.088290535654480e+03,8.083207587878707e+03,5.882352941176471e-01,15255953
8.089008711731225e+03,8.084484640631236e+03,5.882352941176471e-01,15255954
8.089216312706239e+03,8.084882874423267e+03,5.882352941176471e-01,15255955
8.090055241536833e+03,8.086017694966590e+03,5.882352941176471e-01,15255956
8.090773417613578e+03,8.086805336209631e+03,5.882352941176471e-01,15255957
8.092745724470945e+03,8.086989502333813e+03,1.176470588235294e+00,15255958
8.095349359183892e+03,8.087108877201797e+03,1.764705882352941e+00,15255959
8.096067535260637e+03,8.087786441629831e+03,1.764705882352941e+00,15255960
8.096275136235651e+03,8.089820151783588e+03,1.176470588235294e+00,15255961
8.099596947025343e+03,8.090654332505132e+03,1.176470588235294e+00,15255963
8.099804548000356e+03,8.090761047750276e+03,1.176470588235294e+00,15255964
8.100643476830951e+03,8.090651885928012e+03,1.764705882352941e+00,15255962
8.101361652907696e+03,8.096351720802570e+03,5.882352941176471e-01,15255965
8.101569253882709e+03,8.096570317122810e+03,5.882352941176471e-01,15255966
8.104891064672402e+03,8.098946814802674e+03,1.176470588235294e+00,15255968
8.105937594478009e+03,8.096999109900973e+03,1.764705882352941e+00,15255967
8.106655770554755e+03,8.101192836860024e+03,5.882352941176471e-01,15255970
8.106863371529768e+03,8.100445080759370e+03,1.764705882352941e+00,15255969
8.108628077412121e+03,8.105399495252903e+03,5.882352941176471e-01,15255973
8.111231712125068e+03,8.102585404265338e+03,1.764705882352941e+00,15255971
8.111949888201814e+03,8.104658234589077e+03,1.764705882352941e+00,15255972
8.113922195059180e+03,8.106828275087525e+03,1.764705882352941e+00,15255974
8.114146214167892e+03,8.112381508285539e+03,5.882352941176471e-01,15255976
8.116685679258740e+03,8.111391561611682e+03,1.764705882352941e+00,15255975
8.117982621411157e+03,8.116217915528804e+03,5.882352941176471e-01,15255978
8.119747327293510e+03,8.117337474123134e+03,5.882352941176471e-01,15255980
8.120021660786618e+03,8.114727543139559e+03,1.764705882352941e+00,15255977
8.121512033175863e+03,8.117385222316609e+03,5.882352941176471e-01,15255981
8.122525175487234e+03,8.117231057840176e+03,1.764705882352941e+00,15255979
8.123276739058216e+03,8.120590660947418e+03,5.882352941176471e-01,15255983
8.124289881369587e+03,8.120741206138283e+03,5.882352941176471e-01,15255984
8.125315778433677e+03,8.119658263930735e+03,1.764705882352941e+00,15255982
8.127080484316030e+03,8.123065938465830e+03,5.882352941176471e-01,15255987
8.128570856705275e+03,8.121225858329156e+03,1.764705882352941e+00,15255985
8.128845190198383e+03,8.123823659729210e+03,5.882352941176471e-01,15255988
8.129583999016646e+03,8.121695730637726e+03,1.764705882352941e+00,15255986
8.130335562587628e+03,8.123954002847405e+03,5.882352941176471e-01,15255989
8.130609896080736e+03,8.125041282556957e+03,5.882352941176471e-01,15255990
8.131348704898999e+03,8.127589007879261e+03,5.882352941176471e-01,15255991
8.132100268469981e+03,8.127775492217394e+03,5.882352941176471e-01,15255992
8.133113410781352e+03,8.129728477780302e+03,5.882352941176471e-01,15255994
8.134878116663705e+03,8.131265262756494e+03,5.882352941176471e-01,15255996
8.135904013727795e+03,8.128006145980499e+03,1.764705882352941e+00,15255993
8.137394386117040e+03,8.131117498214152e+03,1.764705882352941e+00,15255995
8.137571988195531e+03,8.135807282313178e+03,5.882352941176471e-01,15255997
8.138332224378422e+03,8.136567518496069e+03,5.882352941176471e-01,15255998
8.139159091999392e+03,8.137179256093519e+03,5.882352941176471e-01,15255999
8.139336694077884e+03,8.137323690251330e+03,5.882352941176471e-01,15256000
8.140096930260775e+03,8.137785741217764e+03,5.882352941176471e-01,15256001
8.141379824186667e+03,8.139615118304314e+03,5.882352941176471e-01,15256002
8.142258011052434e+03,8.140493305170081e+03,5.882352941176471e-01,15256003
8.143855474053253e+03,8.142090768170900e+03,5.882352941176471e-01,15256004
8.144268497503742e+03,8.142503791621389e+03,5.882352941176471e-01,15256005
8.145787236556667e+03,8.144022530674314e+03,5.882352941176471e-01,15256006
8.149509719110741e+03,8.147745013228388e+03,5.882352941176471e-01,15256009
8.150168068995770e+03,8.144873951348711e+03,1.764705882352941e+00,15256007
8.150464304614188e+03,8.145170186967130e+03,1.764705882352941e+00,15256008
8.151274424993094e+03,8.148038372234522e+03,5.882352941176471e-01,15256010
8.152229010496541e+03,8.150381226877363e+03,5.882352941176471e-01,15256012
8.153039130875447e+03,8.150745715442464e+03,5.882352941176471e-01,15256013
8.153993716378894e+03,8.151950315990315e+03,5.882352941176471e-01,15256014
8.155462186642829e+03,8.148400164328319e+03,1.764705882352941e+00,15256011
8.155758422261247e+03,8.153974235490291e+03,5.882352941176471e-01,15256016
8.159226377281953e+03,8.153932259634894e+03,1.764705882352941e+00,15256015
8.159671140672749e+03,8.157906434790396e+03,5.882352941176471e-01,15256018
8.161048263545697e+03,8.157518851780991e+03,1.176470588235294e+00,15256017
8.162812969428050e+03,8.160763547800575e+03,5.882352941176471e-01,15256021
8.164520494929011e+03,8.158914612228756e+03,1.764705882352941e+00,15256019
8.164577675310403e+03,8.161955912283961e+03,5.882352941176471e-01,15256022
8.164965258319808e+03,8.159586279423468e+03,1.764705882352941e+00,15256020
8.166729964202161e+03,8.163672667907333e+03,5.882352941176471e-01,15256025
8.168107087075109e+03,8.163116709677934e+03,1.176470588235294e+00,15256024
8.169814612576070e+03,8.162452482608539e+03,1.764705882352941e+00,15256023
8.171579318458423e+03,8.168131059528872e+03,5.882352941176471e-01,15256028
8.172024081849220e+03,8.164785708838540e+03,1.764705882352941e+00,15256026
8.173401204722168e+03,8.167425299616653e+03,1.764705882352941e+00,15256027
8.173788787731573e+03,8.171061184862672e+03,5.882352941176471e-01,15256030
8.175165910604521e+03,8.171457721819230e+03,5.882352941176471e-01,15256031
8.175553493613926e+03,8.173456085458534e+03,5.882352941176471e-01,15256032
8.176873436105482e+03,8.170797542122035e+03,1.764705882352941e+00,15256029
8.177318199496279e+03,8.173716703149924e+03,5.882352941176471e-01,15256034
8.178638141987835e+03,8.175062756276087e+03,5.882352941176471e-01,15256035
8.179082905378632e+03,8.176675322090812e+03,5.882352941176471e-01,15256036
8.180402847870188e+03,8.177101970128019e+03,5.882352941176471e-01,15256037
8.180460028251579e+03,8.173456170887927e+03,1.764705882352941e+00,15256033
8.182594009865830e+03,8.180829303983477e+03,5.882352941176471e-01,15256040
8.184296048237748e+03,8.180766636473042e+03,1.176470588235294e+00,15256039
8.184377023025691e+03,8.179080825616216e+03,1.764705882352941e+00,15256038
8.186060754120101e+03,8.181573645878004e+03,5.882352941176471e-01,15256042
8.186141728908043e+03,8.182087123741855e+03,5.882352941176471e-01,15256043
8.187825460002454e+03,8.182990580044516e+03,5.882352941176471e-01,15256044
8.187888127512888e+03,8.181572382943187e+03,1.764705882352941e+00,15256041
8.189590165884807e+03,8.184102176587314e+03,5.882352941176471e-01,15256046
8.189652833395241e+03,8.184612089694790e+03,5.882352941176471e-01,15256047
8.191435846555102e+03,8.183270332403906e+03,1.764705882352941e+00,15256045
8.193200552437455e+03,8.190021332685341e+03,5.882352941176471e-01,15256050
8.194884283531866e+03,8.186441508213159e+03,1.764705882352941e+00,15256048
8.194946951042300e+03,8.189241359071819e+03,1.764705882352941e+00,15256049
8.194965258319808e+03,8.192691234134486e+03,5.882352941176471e-01,15256051
8.197088452434289e+03,8.195323746551936e+03,5.882352941176471e-01,15256053
8.198413695296572e+03,8.194566263864018e+03,1.176470588235294e+00,15256052
8.201990262814267e+03,8.200225556931914e+03,5.882352941176471e-01,15256055
8.202703793868253e+03,8.197409676221194e+03,1.764705882352941e+00,15256054
8.203754968696620e+03,8.201830925713031e+03,5.882352941176471e-01,15256057
8.205577345360150e+03,8.203812639477797e+03,5.882352941176471e-01,15256059
8.206233205632959e+03,8.202037834251469e+03,1.176470588235294e+00,15256058
8.206847154187276e+03,8.201553036540217e+03,1.764705882352941e+00,15256056
8.207997911515312e+03,8.204451311122463e+03,5.882352941176471e-01,15256061
8.208611860069629e+03,8.204499693190814e+03,5.882352941176471e-01,15256062
8.209762617397665e+03,8.204996686791281e+03,5.882352941176471e-01,15256063
8.210376565951982e+03,8.205277192841229e+03,5.882352941176471e-01,15256064
8.210871463007209e+03,8.203827875659622e+03,1.764705882352941e+00,15256060
8.212141271834335e+03,8.205347336405230e+03,5.882352941176471e-01,15256066
8.212636168889562e+03,8.205541803767195e+03,5.882352941176471e-01,15256067
8.215056735044724e+03,8.205329746826879e+03,1.764705882352941e+00,15256065
8.215670683599040e+03,8.205567820747126e+03,1.176470588235294e+00,15256068
8.216165580654268e+03,8.206152112452700e+03,1.176470588235294e+00,15256069
8.216821440927077e+03,8.208677825913755e+03,5.882352941176471e-01,15256070
8.219200095363746e+03,8.208759419468665e+03,1.176470588235294e+00,15256071
8.221459698301327e+03,8.211699291803994e+03,1.764705882352941e+00,15256072
8.222115558574136e+03,8.211834442032695e+03,1.764705882352941e+00,15256073
8.223224404183680e+03,8.211984108468358e+03,5.882352941176471e-01,15256075
8.223880264456489e+03,8.212040171051968e+03,5.882352941176471e-01,15256076
8.224494213010805e+03,8.211838281183080e+03,1.764705882352941e+00,15256074
8.224989110066033e+03,8.213636231102516e+03,5.882352941176471e-01,15256077
8.226753815948386e+03,8.217441657502445e+03,5.882352941176471e-01,15256080
8.227409676221194e+03,8.213986466718620e+03,1.176470588235294e+00,15256078
8.229174382103547e+03,8.219955147410928e+03,5.882352941176471e-01,15256082
8.229788330657864e+03,8.215226781915275e+03,1.764705882352941e+00,15256079
8.230939087985900e+03,8.220386540357965e+03,5.882352941176471e-01,15256083
8.231553036540217e+03,8.220489259795689e+03,5.882352941176471e-01,15256084
8.232047933595445e+03,8.219246635328329e+03,1.764705882352941e+00,15256081
8.233317742422570e+03,8.221240385848730e+03,5.882352941176471e-01,15256086
8.233812639477797e+03,8.221506010697348e+03,5.882352941176471e-01,15256087
8.235577345360150e+03,8.222602381446715e+03,5.882352941176471e-01,15256089
8.236233205632959e+03,8.220733834555495e+03,1.764705882352941e+00,15256085
8.238611860069629e+03,8.222571624546219e+03,1.764705882352941e+00,15256088
8.240376565951982e+03,8.226191358396912e+03,5.882352941176471e-01,15256092
8.240871463007209e+03,8.223187312374768e+03,1.764705882352941e+00,15256090
8.241527323280018e+03,8.224543612914974e+03,1.764705882352941e+00,15256091
8.242636168889562e+03,8.228015688528141e+03,5.882352941176471e-01,15256094
8.245670683599040e+03,8.227023956861232e+03,1.764705882352941e+00,15256093
8.246821440927077e+03,8.228263438357484e+03,1.764705882352941e+00,15256095
8.247930286536621e+03,8.230559313160585e+03,1.764705882352941e+00,15256096
8.250964801246099e+03,8.231705527564827e+03,1.764705882352941e+00,15256097
8.252115558574136e+03,8.232224165168332e+03,1.764705882352941e+00,15256098
8.252729507128452e+03,8.237010554915608e+03,5.882352941176471e-01,15256100
8.253224404183680e+03,8.235840467222890e+03,1.764705882352941e+00,15256099
8.253880264456489e+03,8.237540424155519e+03,5.882352941176471e-01,15256101
8.254989110066033e+03,8.239444260852395e+03,5.882352941176471e-01,15256103
8.255644970338841e+03,8.239640716494785e+03,5.882352941176471e-01,15256104
8.256753815948386e+03,8.239967596482997e+03,5.882352941176471e-01,15256105
8.257409676221194e+03,8.240500126499960e+03,5.882352941176471e-01,15256106
8.258023624775511e+03,8.237858403306176e+03,1.764705882352941e+00,15256102
8.258518521830739e+03,8.240640529134662e+03,5.882352941176471e-01,15256107
8.259174382103547e+03,8.240642237390866e+03,5.882352941176471e-01,15256108
8.260283227713092e+03,8.247558004414238e+03,5.882352941176471e-01,15256110
8.263317742422570e+03,8.243418718306594e+03,1.764705882352941e+00,15256109
8.264468499750606e+03,8.247774991690083e+03,1.764705882352941e+00,15256111
8.265577345360150e+03,8.248321770636720e+03,1.764705882352941e+00,15256112
8.266233205632959e+03,8.250886324729685e+03,5.882352941176471e-01,15256114
8.267342051242503e+03,8.251127875140813e+03,5.882352941176471e-01,15256115
8.267997911515312e+03,8.251331309875286e+03,5.882352941176471e-01,15256116
8.268611860069629e+03,8.248518430550039e+03,1.764705882352941e+00,15256113
8.269106757124856e+03,8.251669895508882e+03,5.882352941176471e-01,15256117
8.269762617397665e+03,8.251768101992291e+03,5.882352941176471e-01,15256118
8.270376565951982e+03,8.254913204460610e+03,5.882352941176471e-01,15256119
8.271527323280018e+03,8.256153348398367e+03,5.882352941176471e-01,15256121
8.272141271834335e+03,8.260718379341978e+03,5.882352941176471e-01,15256122
8.273905977716688e+03,8.262977310691344e+03,5.882352941176471e-01,15256124
8.274400874771915e+03,8.255714886506699e+03,1.764705882352941e+00,15256120
8.275670683599040e+03,8.264756710526526e+03,5.882352941176471e-01,15256125
8.276165580654268e+03,8.265751773732847e+03,5.882352941176471e-01,15256126
8.276821440927077e+03,8.261871167373558e+03,1.764705882352941e+00,15256123
8.277930286536621e+03,8.266950194991258e+03,5.882352941176471e-01,15256128
8.278586146809430e+03,8.267089639181594e+03,5.882352941176471e-01,15256129
8.279200095363746e+03,8.266480712538922e+03,1.176470588235294e+00,15256127
8.279694992418974e+03,8.268013242412422e+03,5.882352941176471e-01,15256130
8.280350852691783e+03,8.268497427600640e+03,5.882352941176471e-01,15256131
8.280964801246099e+03,8.272131362590266e+03,5.882352941176471e-01,15256132
8.282115558574136e+03,8.277494035345325e+03,5.882352941176471e-01,15256134
8.282729507128452e+03,8.277931898926757e+03,5.882352941176471e-01,15256135
8.283224404183680e+03,8.277201446449242e+03,1.176470588235294e+00,15256133
8.284494213010805e+03,8.280337535106351e+03,5.882352941176471e-01,15256137
8.287409676221194e+03,8.279872496848578e+03,1.764705882352941e+00,15256136
8.288518521830739e+03,8.281940638443834e+03,1.764705882352941e+00,15256138
8.289788330657864e+03,8.282059567960229e+03,1.764705882352941e+00,15256139
8.290939087985900e+03,8.282148747718948e+03,1.176470588235294e+00,15256140
8.291553036540217e+03,8.283376785808258e+03,5.882352941176471e-01,15256142
8.292703793868253e+03,8.283738903905195e+03,5.882352941176471e-01,15256143
8.293317742422570e+03,8.284469372676208e+03,5.882352941176471e-01,15256144
8.293812639477797e+03,8.282520283510819e+03,1.764705882352941e+00,15256141
8.294468499750606e+03,8.285729278545384e+03,5.882352941176471e-01,15256145
8.295577345360150e+03,8.287200885063602e+03,5.882352941176471e-01,15256147
8.296847154187276e+03,8.286380166025707e+03,1.176470588235294e+00,15256146
8.297342051242503e+03,8.288895115577443e+03,5.882352941176471e-01,15256149
8.299106757124856e+03,8.293119535126056e+03,5.882352941176471e-01,15256151
8.299762617397665e+03,8.288313278602648e+03,1.764705882352941e+00,15256148
8.301527323280018e+03,8.293699625177503e+03,5.882352941176471e-01,15256153
8.302141271834335e+03,8.289911885300798e+03,1.764705882352941e+00,15256150
8.303292029162371e+03,8.294230112558757e+03,5.882352941176471e-01,15256154
8.303905977716688e+03,8.294452939095974e+03,5.882352941176471e-01,15256155
8.304400874771915e+03,8.293377376746558e+03,1.764705882352941e+00,15256152
8.305670683599040e+03,8.299913466878363e+03,5.882352941176471e-01,15256157
8.307435389481393e+03,8.301455067673435e+03,5.882352941176471e-01,15256159
8.308586146809430e+03,8.299894760190457e+03,1.764705882352941e+00,15256156
8.309694992418974e+03,8.300499171425872e+03,1.764705882352941e+00,15256158
8.310350852691783e+03,8.303638530132977e+03,5.882352941176471e-01,15256161
8.310964801246099e+03,8.303599574470642e+03,1.176470588235294e+00,15256160
8.311459698301327e+03,8.304071359752745e+03,5.882352941176471e-01,15256162
8.312729507128452e+03,8.304923668210815e+03,5.882352941176471e-01,15256164
8.313224404183680e+03,8.306487762929355e+03,5.882352941176471e-01,15256165
8.314989110066033e+03,8.308685725789212e+03,5.882352941176471e-01,15256167
8.315644970338841e+03,8.304616899470193e+03,1.764705882352941e+00,15256163
8.318023624775511e+03,8.307442191847199e+03,1.764705882352941e+00,15256166
8.319788330657864e+03,8.310578951082287e+03,5.882352941176471e-01,15256170
8.320283227713092e+03,8.308739070322102e+03,1.764705882352941e+00,15256168
8.320939087985900e+03,8.309916727401782e+03,1.764705882352941e+00,15256169
8.322047933595445e+03,8.313986528498100e+03,5.882352941176471e-01,15256172
8.325082448304923e+03,8.313486990824102e+03,1.764705882352941e+00,15256171
8.326233205632959e+03,8.314267728020797e+03,1.764705882352941e+00,15256173
8.327342051242503e+03,8.314797176138770e+03,1.764705882352941e+00,15256174
8.327997911515312e+03,8.315146945360195e+03,5.882352941176471e-01,15256176
8.329106757124856e+03,8.315264025136858e+03,5.882352941176471e-01,15256177
8.329762617397665e+03,8.315586084975466e+03,5.882352941176471e-01,15256178
8.330376565951982e+03,8.314942946522392e+03,1.764705882352941e+00,15256175
8.330871463007209e+03,8.316040431219625e+03,5.882352941176471e-01,15256179
8.331527323280018e+03,8.316829880826117e+03,5.882352941176471e-01,15256180
8.332636168889562e+03,8.318159211337818e+03,5.882352941176471e-01,15256182
8.334400874771915e+03,8.319830734382750e+03,5.882352941176471e-01,15256184
8.335670683599040e+03,8.317588350092772e+03,1.764705882352941e+00,15256181
8.336165580654268e+03,8.324122097764104e+03,5.882352941176471e-01,15256185
8.336821440927077e+03,8.318577236988748e+03,1.764705882352941e+00,15256183
8.337435389481393e+03,8.324194909812251e+03,5.882352941176471e-01,15256186
8.337930286536621e+03,8.325425201586772e+03,5.882352941176471e-01,15256187
8.338586146809430e+03,8.325712021294677e+03,5.882352941176471e-01,15256188
8.339200095363746e+03,8.325748443242602e+03,5.882352941176471e-01,15256189
8.340350852691783e+03,8.327898138776702e+03,5.882352941176471e-01,15256191
8.340964801246099e+03,8.328642640967147e+03,5.882352941176471e-01,15256192
8.342115558574136e+03,8.329411784406798e+03,5.882352941176471e-01,15256193
8.342729507128452e+03,8.330617494692861e+03,5.882352941176471e-01,15256194
8.343224404183680e+03,8.325974188406922e+03,1.764705882352941e+00,15256190
8.344494213010805e+03,8.331107936088066e+03,5.882352941176471e-01,15256196
8.344989110066033e+03,8.331596032287069e+03,5.882352941176471e-01,15256197
8.346753815948386e+03,8.333011735684238e+03,5.882352941176471e-01,15256199
8.347409676221194e+03,8.330994226167712e+03,1.764705882352941e+00,15256195
8.348518521830739e+03,8.334990785147620e+03,5.882352941176471e-01,15256200
8.349174382103547e+03,8.337801128600419e+03,5.882352941176471e-01,15256201
8.349788330657864e+03,8.332358406494237e+03,1.764705882352941e+00,15256198
8.350939087985900e+03,8.341042114006302e+03,5.882352941176471e-01,15256203
8.351553036540217e+03,8.341650056920566e+03,5.882352941176471e-01,15256204
8.353812639477797e+03,8.340896387964660e+03,1.764705882352941e+00,15256202
8.355577345360150e+03,8.343870257670827e+03,5.882352941176471e-01,15256207
8.356233205632959e+03,8.343212803922418e+03,1.764705882352941e+00,15256205
8.356847154187276e+03,8.343260479037603e+03,1.764705882352941e+00,15256206
8.357342051242503e+03,8.344046956596718e+03,5.882352941176471e-01,15256208
8.357997911515312e+03,8.344501116131814e+03,5.882352941176471e-01,15256209
8.358611860069629e+03,8.344802209275621e+03,5.882352941176471e-01,15256210
8.360871463007209e+03,8.347706212495098e+03,1.176470588235294e+00,15256211
8.362636168889562e+03,8.350766363690477e+03,5.882352941176471e-01,15256214
8.363292029162371e+03,8.348190402403255e+03,1.764705882352941e+00,15256212
8.363905977716688e+03,8.349702435501301e+03,1.764705882352941e+00,15256213
8.364400874771915e+03,8.351168791536173e+03,5.882352941176471e-01,15256215
8.365670683599040e+03,8.351392167545179e+03,5.882352941176471e-01,15256217
8.367435389481393e+03,8.355098157126334e+03,5.882352941176471e-01,15256219
8.367930286536621e+03,8.351934043640534e+03,1.176470588235294e+00,15256218
8.368586146809430e+03,8.351195422893857e+03,1.764705882352941e+00,15256216
8.369200095363746e+03,8.356472132110420e+03,5.882352941176471e-01,15256220
8.369694992418974e+03,8.356828348986020e+03,5.882352941176471e-01,15256221
8.370964801246099e+03,8.359249574838925e+03,5.882352941176471e-01,15256223
8.371459698301327e+03,8.359423341198151e+03,5.882352941176471e-01,15256224
8.372115558574136e+03,8.358597243271290e+03,1.176470588235294e+00,15256222
8.372729507128452e+03,8.361626665558705e+03,5.882352941176471e-01,15256225
8.373880264456489e+03,8.362531413153357e+03,5.882352941176471e-01,15256227
8.376753815948386e+03,8.362173471468661e+03,1.764705882352941e+00,15256226
8.377409676221194e+03,8.362773995184656e+03,1.176470588235294e+00,15256229
8.378023624775511e+03,8.362583882854679e+03,1.764705882352941e+00,15256228
8.378518521830739e+03,8.363029831830312e+03,5.882352941176471e-01,15256230
8.382703793868253e+03,8.366167065321219e+03,1.764705882352941e+00,15256231
8.383317742422570e+03,8.367057838380100e+03,1.764705882352941e+00,15256232
8.383812639477797e+03,8.368247295856224e+03,1.764705882352941e+00,15256233
8.385082448304923e+03,8.369493259541042e+03,5.882352941176471e-01,15256235
8.385577345360150e+03,8.369811616324107e+03,5.882352941176471e-01,15256236
8.386233205632959e+03,8.368249335268305e+03,1.176470588235294e+00,15256234
8.386847154187276e+03,8.372065194808504e+03,5.882352941176471e-01,15256237
8.390376565951982e+03,8.373456611212158e+03,1.176470588235294e+00,15256240
8.390871463007209e+03,8.372458718127208e+03,1.764705882352941e+00,15256238
8.391527323280018e+03,8.372706047273791e+03,1.764705882352941e+00,15256239
8.392636168889562e+03,8.375234263994282e+03,5.882352941176471e-01,15256242
8.393292029162371e+03,8.375697278948078e+03,5.882352941176471e-01,15256243
8.393905977716688e+03,8.373463123104441e+03,1.176470588235294e+00,15256241
8.394400874771915e+03,8.378041600317012e+03,5.882352941176471e-01,15256244
8.395056735044724e+03,8.378104964262755e+03,5.882352941176471e-01,15256245
8.395670683599040e+03,8.378305549212990e+03,5.882352941176471e-01,15256246
8.396165580654268e+03,8.379767571539398e+03,5.882352941176471e-01,15256247
8.397930286536621e+03,8.382923705763599e+03,5.882352941176471e-01,15256250
8.399694992418974e+03,8.382975198593722e+03,5.882352941176471e-01,15256251
8.400350852691783e+03,8.380630239934336e+03,1.764705882352941e+00,15256248
8.400964801246099e+03,8.382578571419590e+03,1.764705882352941e+00,15256249
8.402729507128452e+03,8.385010425003983e+03,5.882352941176471e-01,15256254
8.404494213010805e+03,8.385932324647506e+03,5.882352941176471e-01,15256255
8.404989110066033e+03,8.384105486198349e+03,1.764705882352941e+00,15256252
8.405644970338841e+03,8.384799037889226e+03,1.764705882352941e+00,15256253
8.406258918893158e+03,8.389399157553384e+03,5.882352941176471e-01,15256256
8.406753815948386e+03,8.390904816927412e+03,5.882352941176471e-01,15256257
8.407409676221194e+03,8.391566655631759e+03,5.882352941176471e-01,15256258
8.408023624775511e+03,8.391826575050127e+03,5.882352941176471e-01,15256259
8.409174382103547e+03,8.392351459672707e+03,5.882352941176471e-01,15256261
8.411553036540217e+03,8.392554794145090e+03,1.176470588235294e+00,15256262
8.412047933595445e+03,8.391848762000994e+03,1.764705882352941e+00,15256260
8.413317742422570e+03,8.394675959376023e+03,5.882352941176471e-01,15256264
8.413812639477797e+03,8.395726551595892e+03,5.882352941176471e-01,15256265
8.414468499750606e+03,8.393754832834790e+03,1.764705882352941e+00,15256263
8.416233205632959e+03,8.399174578687560e+03,5.882352941176471e-01,15256268
8.416847154187276e+03,8.397074735875688e+03,1.176470588235294e+00,15256266
8.417342051242503e+03,8.398792262511497e+03,1.176470588235294e+00,15256267
8.419106757124856e+03,8.400440026109771e+03,5.882352941176471e-01,15256271
8.420376565951982e+03,8.399445206070331e+03,1.176470588235294e+00,15256270
8.420871463007209e+03,8.401140577881071e+03,5.882352941176471e-01,15256272
8.421527323280018e+03,8.399176063870229e+03,1.764705882352941e+00,15256269
8.422141271834335e+03,8.402716684031390e+03,5.882352941176471e-01,15256273
8.423292029162371e+03,8.405711563078874e+03,5.882352941176471e-01,15256275
8.425056735044724e+03,8.408202442449350e+03,5.882352941176471e-01,15256277
8.426165580654268e+03,8.404166361202706e+03,1.764705882352941e+00,15256274
8.426821440927077e+03,8.408629162550968e+03,5.882352941176471e-01,15256278
8.427435389481393e+03,8.406794814710023e+03,1.764705882352941e+00,15256276
8.428586146809430e+03,8.411627836744619e+03,5.882352941176471e-01,15256280
8.429200095363746e+03,8.411896586338648e+03,5.882352941176471e-01,15256281
8.430350852691783e+03,8.413348199461776e+03,5.882352941176471e-01,15256282
8.430964801246099e+03,8.413424413719991e+03,5.882352941176471e-01,15256283
8.431459698301327e+03,8.410339174556732e+03,1.764705882352941e+00,15256279
8.433224404183680e+03,8.415845397808452e+03,5.882352941176471e-01,15256286
8.434989110066033e+03,8.416826400062010e+03,5.882352941176471e-01,15256287
8.435644970338841e+03,8.414819035882568e+03,1.764705882352941e+00,15256284
8.436258918893158e+03,8.415640862481888e+03,1.764705882352941e+00,15256285
8.437409676221194e+03,8.417379888537276e+03,5.882352941176471e-01,15256289
8.438023624775511e+03,8.420365206480129e+03,5.882352941176471e-01,15256290
8.440283227713092e+03,8.417110302686920e+03,1.764705882352941e+00,15256288
8.440939087985900e+03,8.421676821222497e+03,1.176470588235294e+00,15256291
8.441553036540217e+03,8.421737949291606e+03,1.176470588235294e+00,15256292
8.443317742422570e+03,8.422686626475952e+03,5.882352941176471e-01,15256295
8.443812639477797e+03,8.421747521813316e+03,1.176470588235294e+00,15256293
8.445082448304923e+03,8.422821787075915e+03,5.882352941176471e-01,15256296
8.446233205632959e+03,8.422536043128183e+03,1.764705882352941e+00,15256294
8.447997911515312e+03,8.426506717595592e+03,5.882352941176471e-01,15256299
8.448611860069629e+03,8.423688780633776e+03,1.176470588235294e+00,15256298
8.449106757124856e+03,8.423338044282163e+03,1.764705882352941e+00,15256297
8.449762617397665e+03,8.429329535319765e+03,5.882352941176471e-01,15256300
8.450376565951982e+03,8.429390451822579e+03,5.882352941176471e-01,15256301
8.451527323280018e+03,8.430208982852269e+03,5.882352941176471e-01,15256303
8.453292029162371e+03,8.432008260525715e+03,5.882352941176471e-01,15256305
8.454400874771915e+03,8.430057478845504e+03,1.764705882352941e+00,15256302
8.455670683599040e+03,8.430848990400358e+03,1.764705882352941e+00,15256304
8.456821440927077e+03,8.434482618331936e+03,1.176470588235294e+00,15256306
8.459694992418974e+03,8.434854768072880e+03,1.764705882352941e+00,15256307
8.460350852691783e+03,8.436240743817363e+03,1.176470588235294e+00,15256309
8.460964801246099e+03,8.435009037602984e+03,1.764705882352941e+00,15256308
8.461459698301327e+03,8.439373726265267e+03,5.882352941176471e-01,15256310
8.462115558574136e+03,8.440568584778603e+03,5.882352941176471e-01,15256311
8.463880264456489e+03,8.441461138579708e+03,5.882352941176471e-01,15256314
8.465644970338841e+03,8.443898026900986e+03,5.882352941176471e-01,15256315
8.466258918893158e+03,8.440935121274667e+03,1.764705882352941e+00,15256312
8.466753815948386e+03,8.441455121508945e+03,1.764705882352941e+00,15256313
8.467409676221194e+03,8.444460787720140e+03,5.882352941176471e-01,15256316
8.468023624775511e+03,8.446838172331407e+03,5.882352941176471e-01,15256317
8.469174382103547e+03,8.449167058169932e+03,5.882352941176471e-01,15256319
8.470939087985900e+03,8.451086229317657e+03,5.882352941176471e-01,15256321
8.471553036540217e+03,8.449270314709334e+03,1.176470588235294e+00,15256320
8.472047933595445e+03,8.448643826799062e+03,1.764705882352941e+00,15256318
8.472703793868253e+03,8.451317224997824e+03,5.882352941176471e-01,15256322
8.473317742422570e+03,8.451808074149320e+03,5.882352941176471e-01,15256323
8.473812639477797e+03,8.453364076639689e+03,5.882352941176471e-01,15256324
8.474468499750606e+03,8.453787344607141e+03,5.882352941176471e-01,15256325
8.475082448304923e+03,8.453815951814090e+03,5.882352941176471e-01,15256326
8.476233205632959e+03,8.453989202991711e+03,5.882352941176471e-01,15256328
8.477342051242503e+03,8.453953708306404e+03,1.176470588235294e+00,15256327
8.477997911515312e+03,8.458326465020442e+03,5.882352941176471e-01,15256330
8.479106757124856e+03,8.459461976670799e+03,5.882352941176471e-01,15256331
8.479762617397665e+03,8.459617709723957e+03,5.882352941176471e-01,15256332
8.480376565951982e+03,8.455951716783832e+03,1.764705882352941e+00,15256329
8.480871463007209e+03,8.460839744758181e+03,5.882352941176471e-01,15256333
8.481527323280018e+03,8.461233346488033e+03,5.882352941176471e-01,15256334
8.482141271834335e+03,8.461686624303526e+03,5.882352941176471e-01,15256335
8.483292029162371e+03,8.462241289168028e+03,5.882352941176471e-01,15256337
8.483905977716688e+03,8.462621397368891e+03,5.882352941176471e-01,15256338
8.484400874771915e+03,8.462013628359294e+03,1.176470588235294e+00,15256336
8.485670683599040e+03,8.464395205439108e+03,5.882352941176471e-01,15256340
8.486165580654268e+03,8.465970256824783e+03,5.882352941176471e-01,15256341
8.487930286536621e+03,8.467829869235748e+03,5.882352941176471e-01,15256343
8.488586146809430e+03,8.463897439731137e+03,1.764705882352941e+00,15256339
8.489694992418974e+03,8.472973753387704e+03,5.882352941176471e-01,15256344
8.490350852691783e+03,8.477519886826751e+03,5.882352941176471e-01,15256345
8.490964801246099e+03,8.467619651321937e+03,1.764705882352941e+00,15256342
8.491459698301327e+03,8.478393089018744e+03,5.882352941176471e-01,15256346
8.492115558574136e+03,8.478868691454050e+03,5.882352941176471e-01,15256347
8.492729507128452e+03,8.483645374708138e+03,5.882352941176471e-01,15256348
8.493224404183680e+03,8.483770615080035e+03,5.882352941176471e-01,15256349
8.493880264456489e+03,8.484821431889017e+03,5.882352941176471e-01,15256350
8.495644970338841e+03,8.488777296849808e+03,5.882352941176471e-01,15256353
8.497409676221194e+03,8.489884674088435e+03,5.882352941176471e-01,15256354
8.498023624775511e+03,8.485881922294102e+03,1.764705882352941e+00,15256351
8.498518521830739e+03,8.488302069192341e+03,1.764705882352941e+00,15256352
8.499174382103547e+03,8.490025123098187e+03,5.882352941176471e-01,15256355
8.499788330657864e+03,8.491297406277840e+03,5.882352941176471e-01,15256356
8.500939087985900e+03,8.494155756597259e+03,5.882352941176471e-01,15256358
8.501553036540217e+03,8.494190583557876e+03,5.882352941176471e-01,15256359
8.503317742422570e+03,8.495658033200911e+03,5.882352941176471e-01,15256361
8.503812639477797e+03,8.491925509061971e+03,1.764705882352941e+00,15256357
8.504468499750606e+03,8.494659939174577e+03,1.176470588235294e+00,15256360
8.505082448304923e+03,8.496221055787433e+03,5.882352941176471e-01,15256362
8.505577345360150e+03,8.499178591814968e+03,5.882352941176471e-01,15256363
8.506233205632959e+03,8.500458223743068e+03,5.882352941176471e-01,15256364
8.507342051242503e+03,8.501329211983688e+03,5.882352941176471e-01,15256366
8.507997911515312e+03,8.501784280880861e+03,5.882352941176471e-01,15256367
8.508611860069629e+03,8.500538023942914e+03,1.176470588235294e+00,15256365
8.509106757124856e+03,8.503042500244906e+03,5.882352941176471e-01,15256368
8.509762617397665e+03,8.504533112752486e+03,5.882352941176471e-01,15256369
8.510376565951982e+03,8.504708189165238e+03,5.882352941176471e-01,15256370
8.511527323280018e+03,8.505428650964283e+03,5.882352941176471e-01,15256372
8.512141271834335e+03,8.507384885909396e+03,5.882352941176471e-01,15256373
8.513292029162371e+03,8.508404178120678e+03,5.882352941176471e-01,15256374
8.514400874771915e+03,8.504989072749072e+03,1.764705882352941e+00,15256371
8.517435389481393e+03,8.508917220156337e+03,1.764705882352941e+00,15256375
8.518586146809430e+03,8.509172325490530e+03,1.764705882352941e+00,15256376
8.519200095363746e+03,8.510892623651350e+03,5.882352941176471e-01,15256378
8.519694992418974e+03,8.510891323411187e+03,1.764705882352941e+00,15256377
8.522729507128452e+03,8.513591194692307e+03,1.176470588235294e+00,15256380
8.523880264456489e+03,8.511791518908785e+03,1.764705882352941e+00,15256379
8.524494213010805e+03,8.520056785008042e+03,5.882352941176471e-01,15256382
8.524989110066033e+03,8.517448821221643e+03,1.764705882352941e+00,15256381
8.525644970338841e+03,8.521172913497499e+03,5.882352941176471e-01,15256383
8.527409676221194e+03,8.523381992281112e+03,5.882352941176471e-01,15256386
8.529174382103547e+03,8.525663100899925e+03,5.882352941176471e-01,15256387
8.529788330657864e+03,8.521565804667087e+03,1.764705882352941e+00,15256384
8.530283227713092e+03,8.523269697487412e+03,1.764705882352941e+00,15256385
8.531553036540217e+03,8.529433881013649e+03,5.882352941176471e-01,15256389
8.532862277034153e+03,8.529332865269447e+03,1.176470588235294e+00,15256388
8.533317742422570e+03,8.529932682446999e+03,5.882352941176471e-01,15256391
8.535082448304923e+03,8.531384792165260e+03,5.882352941176471e-01,15256393
8.535577345360150e+03,8.529817265127485e+03,1.764705882352941e+00,15256390
8.536847154187276e+03,8.531389780622843e+03,5.882352941176471e-01,15256394
8.537342051242503e+03,8.531796551614846e+03,5.882352941176471e-01,15256395
8.538156394681211e+03,8.530724023016629e+03,1.764705882352941e+00,15256392
8.539921100563564e+03,8.532524609933998e+03,5.882352941176471e-01,15256398
8.541685806445917e+03,8.534008936508168e+03,5.882352941176471e-01,15256399
8.542141271834335e+03,8.531926574574417e+03,1.764705882352941e+00,15256396
8.542636168889562e+03,8.532371789864637e+03,1.764705882352941e+00,15256397
8.543450512328270e+03,8.534471966548015e+03,5.882352941176471e-01,15256400
8.543905977716688e+03,8.535077824084820e+03,5.882352941176471e-01,15256401
8.545670683599040e+03,8.538295662965793e+03,5.882352941176471e-01,15256404
8.547435389481393e+03,8.538582414170815e+03,5.882352941176471e-01,15256405
8.547930286536621e+03,8.535460775829714e+03,1.764705882352941e+00,15256402
8.548744629975329e+03,8.536364419450949e+03,1.764705882352941e+00,15256403
8.549200095363746e+03,8.538680664852584e+03,5.882352941176471e-01,15256406
8.549694992418974e+03,8.539593158293516e+03,5.882352941176471e-01,15256407
8.550964801246099e+03,8.541951465326883e+03,5.882352941176471e-01,15256409
8.551459698301327e+03,8.541992074023653e+03,5.882352941176471e-01,15256410
8.552274041740035e+03,8.540609576380726e+03,1.176470588235294e+00,15256408
8.553224404183680e+03,8.544566990240365e+03,5.882352941176471e-01,15256412
8.554038747622388e+03,8.546691342379117e+03,5.882352941176471e-01,15256413
8.554989110066033e+03,8.547607114842278e+03,5.882352941176471e-01,15256414
8.556258918893158e+03,8.542024903887444e+03,1.764705882352941e+00,15256411
8.558023624775511e+03,8.549017506899267e+03,5.882352941176471e-01,15256417
8.558518521830739e+03,8.548832245610398e+03,1.176470588235294e+00,15256416
8.559332865269447e+03,8.547944473837479e+03,1.764705882352941e+00,15256415
8.560283227713092e+03,8.551790315354668e+03,5.882352941176471e-01,15256419
8.562047933595445e+03,8.555734184980200e+03,5.882352941176471e-01,15256421
8.563317742422570e+03,8.551585815211664e+03,1.764705882352941e+00,15256418
8.563812639477797e+03,8.555758439927341e+03,5.882352941176471e-01,15256422
8.564626982916506e+03,8.553418986314926e+03,1.764705882352941e+00,15256420
8.565082448304923e+03,8.557392058253167e+03,5.882352941176471e-01,15256423
8.565577345360150e+03,8.558582766053328e+03,5.882352941176471e-01,15256424
8.566391688798858e+03,8.558711438839367e+03,5.882352941176471e-01,15256425
8.568156394681211e+03,8.560353171018225e+03,5.882352941176471e-01,15256428
8.569106757124856e+03,8.559909962298320e+03,1.176470588235294e+00,15256427
8.569921100563564e+03,8.560869026415919e+03,5.882352941176471e-01,15256429
8.570376565951982e+03,8.558970481959079e+03,1.764705882352941e+00,15256426
8.572141271834335e+03,8.561960472889632e+03,5.882352941176471e-01,15256432
8.573450512328270e+03,8.561837600290109e+03,1.176470588235294e+00,15256431
8.573905977716688e+03,8.563074181028458e+03,5.882352941176471e-01,15256433
8.574400874771915e+03,8.561194950229749e+03,1.764705882352941e+00,15256430
8.575215218210623e+03,8.567437034531114e+03,5.882352941176471e-01,15256434
8.575670683599040e+03,8.568737792233442e+03,5.882352941176471e-01,15256435
8.576165580654268e+03,8.569083591371654e+03,5.882352941176471e-01,15256436
8.576979924092976e+03,8.569752680349095e+03,5.882352941176471e-01,15256437
8.577930286536621e+03,8.570963168230324e+03,5.882352941176471e-01,15256439
8.580964801246099e+03,8.569790069579294e+03,1.764705882352941e+00,15256438
8.581459698301327e+03,8.571816140824373e+03,1.176470588235294e+00,15256441
8.582274041740035e+03,8.571777275822648e+03,1.764705882352941e+00,15256440
8.583224404183680e+03,8.574393083922591e+03,5.882352941176471e-01,15256443
8.584989110066033e+03,8.575943221569212e+03,5.882352941176471e-01,15256445
8.586258918893158e+03,8.572797325391445e+03,1.764705882352941e+00,15256442
8.587568159387094e+03,8.575614197743723e+03,1.764705882352941e+00,15256444
8.588023624775511e+03,8.577558197788050e+03,5.882352941176471e-01,15256447
8.590283227713092e+03,8.576518372246794e+03,1.764705882352941e+00,15256446
8.591097571151800e+03,8.580741336902307e+03,1.176470588235294e+00,15256448
8.592862277034153e+03,8.584634375214444e+03,5.882352941176471e-01,15256451
8.593317742422570e+03,8.583370178194549e+03,1.764705882352941e+00,15256449
8.594626982916506e+03,8.584689808835884e+03,5.882352941176471e-01,15256452
8.595577345360150e+03,8.583932770453560e+03,1.764705882352941e+00,15256450
8.596391688798858e+03,8.586161151718176e+03,5.882352941176471e-01,15256454
8.598156394681211e+03,8.586941764157161e+03,5.882352941176471e-01,15256456
8.598611860069629e+03,8.585067108470720e+03,1.764705882352941e+00,15256453
8.600871463007209e+03,8.586407463802722e+03,1.764705882352941e+00,15256455
8.602636168889562e+03,8.591650932426945e+03,5.882352941176471e-01,15256459
8.603450512328270e+03,8.588591891271969e+03,1.764705882352941e+00,15256457
8.603905977716688e+03,8.591621468378544e+03,1.764705882352941e+00,15256458
8.604400874771915e+03,8.591809529787812e+03,5.882352941176471e-01,15256460
8.605215218210623e+03,8.592627109905718e+03,5.882352941176471e-01,15256461
8.605670683599040e+03,8.593465539373753e+03,5.882352941176471e-01,15256462
8.609694992418974e+03,8.595284050678440e+03,1.764705882352941e+00,15256463
8.610509335857682e+03,8.596322854128609e+03,1.764705882352941e+00,15256464
8.610964801246099e+03,8.597109043758965e+03,1.764705882352941e+00,15256465
8.612274041740035e+03,8.598970323740882e+03,5.882352941176471e-01,15256467
8.612729507128452e+03,8.599553165972166e+03,5.882352941176471e-01,15256468
8.614038747622388e+03,8.600184786474114e+03,5.882352941176471e-01,15256469
8.614989110066033e+03,8.597763549161719e+03,1.764705882352941e+00,15256466
8.616753815948386e+03,8.605532574510442e+03,5.882352941176471e-01,15256472
8.618023624775511e+03,8.600731613808909e+03,1.764705882352941e+00,15256470
8.618518521830739e+03,8.606194884481617e+03,5.882352941176471e-01,15256473
8.619332865269447e+03,8.602815850602426e+03,1.764705882352941e+00,15256471
8.620283227713092e+03,8.608170751020683e+03,5.882352941176471e-01,15256475
8.622047933595445e+03,8.609352323430707e+03,5.882352941176471e-01,15256477
8.623317742422570e+03,8.606974510164148e+03,1.764705882352941e+00,15256474
8.624626982916506e+03,8.609068307363524e+03,1.764705882352941e+00,15256476
8.627342051242503e+03,8.610207122560821e+03,1.764705882352941e+00,15256478
8.628611860069629e+03,8.612011384269109e+03,1.764705882352941e+00,15256479
8.629921100563564e+03,8.612554534403694e+03,1.764705882352941e+00,15256480
8.632636168889562e+03,8.612674028960520e+03,1.764705882352941e+00,15256481
8.633905977716688e+03,8.613149934191321e+03,1.764705882352941e+00,15256482
8.634400874771915e+03,8.614061383269415e+03,5.882352941176471e-01,15256484
8.635215218210623e+03,8.613552937684838e+03,1.764705882352941e+00,15256483
8.637435389481393e+03,8.615440311052665e+03,1.176470588235294e+00,15256485
8.639694992418974e+03,8.616048147926796e+03,1.764705882352941e+00,15256486
8.640509335857682e+03,8.616694551850216e+03,1.764705882352941e+00,15256487
8.642274041740035e+03,8.618117899562687e+03,5.882352941176471e-01,15256490
8.642729507128452e+03,8.616762664456056e+03,1.764705882352941e+00,15256488
8.644038747622388e+03,8.618392992870645e+03,5.882352941176471e-01,15256491
8.644494213010805e+03,8.619427098612897e+03,5.882352941176471e-01,15256492
8.644989110066033e+03,8.617698503941632e+03,1.764705882352941e+00,15256489
8.645803453504741e+03,8.619788575291214e+03,5.882352941176471e-01,15256493
8.646753815948386e+03,8.621853784531483e+03,5.882352941176471e-01,15256495
8.648518521830739e+03,8.623342661719101e+03,5.882352941176471e-01,15256497
8.649332865269447e+03,8.621898145932790e+03,1.176470588235294e+00,15256496
8.649788330657864e+03,8.620150071931557e+03,1.764705882352941e+00,15256494
8.650283227713092e+03,8.624374545067951e+03,5.882352941176471e-01,15256498
8.651553036540217e+03,8.625357039987913e+03,5.882352941176471e-01,15256500
8.654626982916506e+03,8.624427635853994e+03,1.764705882352941e+00,15256499
8.655577345360150e+03,8.626466695743560e+03,1.764705882352941e+00,15256501
8.656391688798858e+03,8.630631422661682e+03,5.882352941176471e-01,15256503
8.656847154187276e+03,8.627244265325120e+03,1.764705882352941e+00,15256502
8.658156394681211e+03,8.635181067804060e+03,5.882352941176471e-01,15256505
8.658611860069629e+03,8.636411484299727e+03,5.882352941176471e-01,15256506
8.660871463007209e+03,8.634341146394490e+03,1.764705882352941e+00,15256504
8.661685806445917e+03,8.636638581541996e+03,1.176470588235294e+00,15256507
8.662636168889562e+03,8.637297342339906e+03,5.882352941176471e-01,15256509
8.663905977716688e+03,8.637281693922626e+03,1.764705882352941e+00,15256508
8.664400874771915e+03,8.643342438558040e+03,5.882352941176471e-01,15256511
8.665215218210623e+03,8.640403733291076e+03,1.176470588235294e+00,15256510
8.665670683599040e+03,8.643451393525719e+03,5.882352941176471e-01,15256512
8.669694992418974e+03,8.643607383422148e+03,1.764705882352941e+00,15256513
8.670509335857682e+03,8.644570259497683e+03,1.764705882352941e+00,15256514
8.670964801246099e+03,8.645394459618773e+03,1.764705882352941e+00,15256515
8.672729507128452e+03,8.647938873077665e+03,5.882352941176471e-01,15256518
8.674989110066033e+03,8.645525279964221e+03,1.764705882352941e+00,15256516
8.675803453504741e+03,8.647716307378920e+03,1.764705882352941e+00,15256517
8.676258918893158e+03,8.648579787486976e+03,1.176470588235294e+00,15256519
8.676753815948386e+03,8.650369725233089e+03,5.882352941176471e-01,15256520
8.677568159387094e+03,8.651563464853194e+03,5.882352941176471e-01,15256521
8.678518521830739e+03,8.654415236547029e+03,5.882352941176471e-01,15256523
8.679332865269447e+03,8.656900556430544e+03,5.882352941176471e-01,15256524
8.679788330657864e+03,8.652930679365030e+03,1.176470588235294e+00,15256522
8.680283227713092e+03,8.658642677723149e+03,5.882352941176471e-01,15256525
8.682047933595445e+03,8.660913176174977e+03,5.882352941176471e-01,15256528
8.682862277034153e+03,8.659307214686543e+03,1.176470588235294e+00,15256526
8.683812639477797e+03,8.661188349752053e+03,5.882352941176471e-01,15256529
8.684626982916506e+03,8.661329114544771e+03,5.882352941176471e-01,15256530
8.685082448304923e+03,8.660792290007001e+03,1.764705882352941e+00,15256527
8.685577345360150e+03,8.662235661578465e+03,5.882352941176471e-01,15256531
8.686391688798858e+03,8.662626104808106e+03,5.882352941176471e-01,15256532
8.688156394681211e+03,8.668847134005269e+03,5.882352941176471e-01,15256535
8.689921100563564e+03,8.669251225515766e+03,5.882352941176471e-01,15256536
8.690376565951982e+03,8.667039448689572e+03,1.764705882352941e+00,15256533
8.690871463007209e+03,8.667959412394192e+03,1.764705882352941e+00,15256534
8.692636168889562e+03,8.670487764594041e+03,5.882352941176471e-01,15256539
8.693450512328270e+03,8.670164543034428e+03,1.176470588235294e+00,15256537
8.694400874771915e+03,8.671093391433519e+03,5.882352941176471e-01,15256540
8.695215218210623e+03,8.671986122423641e+03,5.882352941176471e-01,15256541
8.695670683599040e+03,8.670287669243520e+03,1.764705882352941e+00,15256538
8.697435389481393e+03,8.676031072952715e+03,5.882352941176471e-01,15256544
8.699200095363746e+03,8.676193925461564e+03,5.882352941176471e-01,15256545
8.699694992418974e+03,8.675276225410828e+03,1.764705882352941e+00,15256542
8.700509335857682e+03,8.675309559674393e+03,1.764705882352941e+00,15256543
8.700964801246099e+03,8.676429307419880e+03,5.882352941176471e-01,15256546
8.701459698301327e+03,8.676464173451555e+03,5.882352941176471e-01,15256547
8.702274041740035e+03,8.676996663816092e+03,5.882352941176471e-01,15256548
8.702729507128452e+03,8.677596457169588e+03,5.882352941176471e-01,15256549
8.704989110066033e+03,8.678782467569373e+03,1.176470588235294e+00,15256550
8.705803453504741e+03,8.680951091964121e+03,1.176470588235294e+00,15256551
8.706258918893158e+03,8.683784821832889e+03,1.176470588235294e+00,15256552
8.707568159387094e+03,8.684178672711322e+03,5.882352941176471e-01,15256554
8.708023624775511e+03,8.685147121679281e+03,5.882352941176471e-01,15256555
8.710283227713092e+03,8.683994324433159e+03,1.764705882352941e+00,15256553
8.711553036540217e+03,8.689011767198430e+03,1.176470588235294e+00,15256557
8.712862277034153e+03,8.688435350203569e+03,1.764705882352941e+00,15256556
8.713317742422570e+03,8.693937532461785e+03,5.882352941176471e-01,15256559
8.714626982916506e+03,8.695367912913830e+03,5.882352941176471e-01,15256560
8.715082448304923e+03,8.697659759273959e+03,5.882352941176471e-01,15256561
8.715577345360150e+03,8.691460411328367e+03,1.764705882352941e+00,15256558
8.716391688798858e+03,8.697685764432742e+03,5.882352941176471e-01,15256562
8.716847154187276e+03,8.697979458235535e+03,5.882352941176471e-01,15256563
8.719106757124856e+03,8.698330474108726e+03,1.176470588235294e+00,15256564
8.720376565951982e+03,8.702183907016917e+03,1.176470588235294e+00,15256566
8.720871463007209e+03,8.702197188800626e+03,5.882352941176471e-01,15256567
8.721685806445917e+03,8.698602056656754e+03,1.764705882352941e+00,15256565
8.722636168889562e+03,8.703995087029298e+03,5.882352941176471e-01,15256569
8.724400874771915e+03,8.704726591333937e+03,5.882352941176471e-01,15256571
8.725670683599040e+03,8.703815414045307e+03,1.764705882352941e+00,15256568
8.726979924092976e+03,8.704143147508882e+03,1.764705882352941e+00,15256570
8.728744629975329e+03,8.706001891431978e+03,5.882352941176471e-01,15256574
8.729200095363746e+03,8.705921749330533e+03,1.176470588235294e+00,15256573
8.729694992418974e+03,8.705076008499986e+03,1.764705882352941e+00,15256572
8.730509335857682e+03,8.706249109272432e+03,5.882352941176471e-01,15256575
8.731459698301327e+03,8.717739954748520e+03,5.882352941176471e-01,15256577
8.733224404183680e+03,8.718965242473404e+03,5.882352941176471e-01,15256579
8.734038747622388e+03,8.718922306528437e+03,1.176470588235294e+00,15256578
8.734494213010805e+03,8.717737197375621e+03,1.764705882352941e+00,15256576
8.735803453504741e+03,8.720523491021514e+03,5.882352941176471e-01,15256581
8.738518521830739e+03,8.720243909476146e+03,1.764705882352941e+00,15256580
8.739788330657864e+03,8.721656024688555e+03,1.764705882352941e+00,15256582
8.740283227713092e+03,8.722456005570717e+03,5.882352941176471e-01,15256584
8.741097571151800e+03,8.721824427614626e+03,1.764705882352941e+00,15256583
8.742047933595445e+03,8.723626030791122e+03,5.882352941176471e-01,15256586
8.742862277034153e+03,8.724181448897802e+03,5.882352941176471e-01,15256587
8.743812639477797e+03,8.724732692420122e+03,5.882352941176471e-01,15256588
8.744626982916506e+03,8.726474218563447e+03,5.882352941176471e-01,15256589
8.745082448304923e+03,8.723314328058323e+03,1.764705882352941e+00,15256585
8.745577345360150e+03,8.726720568207878e+03,5.882352941176471e-01,15256590
8.746391688798858e+03,8.727312669464480e+03,5.882352941176471e-01,15256591
8.746847154187276e+03,8.731343439315444e+03,5.882352941176471e-01,15256592
8.747342051242503e+03,8.731346176021081e+03,5.882352941176471e-01,15256593
8.748156394681211e+03,8.732602734417430e+03,5.882352941176471e-01,15256594
8.749106757124856e+03,8.733327435243980e+03,5.882352941176471e-01,15256596
8.750871463007209e+03,8.737966851597352e+03,5.882352941176471e-01,15256598
8.752141271834335e+03,8.732895823158489e+03,1.764705882352941e+00,15256595
8.753450512328270e+03,8.733846121045324e+03,1.764705882352941e+00,15256597
8.753905977716688e+03,8.738160326157468e+03,5.882352941176471e-01,15256600
8.755215218210623e+03,8.740084079538990e+03,5.882352941176471e-01,15256601
8.756165580654268e+03,8.738112572918795e+03,1.764705882352941e+00,15256599
8.758744629975329e+03,8.741037065743876e+03,1.176470588235294e+00,15256603
8.759200095363746e+03,8.740312920793638e+03,1.764705882352941e+00,15256602
8.760509335857682e+03,8.741558876032013e+03,5.882352941176471e-01,15256605
8.760964801246099e+03,8.742692399114124e+03,5.882352941176471e-01,15256606
8.761459698301327e+03,8.741124126211701e+03,1.764705882352941e+00,15256604
8.762274041740035e+03,8.742961331348166e+03,5.882352941176471e-01,15256607
8.762729507128452e+03,8.744190722045321e+03,5.882352941176471e-01,15256608
8.763224404183680e+03,8.746332677418852e+03,5.882352941176471e-01,15256609
8.764038747622388e+03,8.747201526441032e+03,5.882352941176471e-01,15256610
8.764989110066033e+03,8.749426427182750e+03,5.882352941176471e-01,15256612
8.765803453504741e+03,8.751498709872172e+03,5.882352941176471e-01,15256613
8.766258918893158e+03,8.747775619908014e+03,1.176470588235294e+00,15256611
8.766753815948386e+03,8.752173618517997e+03,5.882352941176471e-01,15256614
8.768023624775511e+03,8.753276775760856e+03,5.882352941176471e-01,15256616
8.768518521830739e+03,8.754172482638708e+03,5.882352941176471e-01,15256617
8.769788330657864e+03,8.754409169474146e+03,5.882352941176471e-01,15256618
8.771097571151800e+03,8.752956532965298e+03,1.764705882352941e+00,15256615
8.771553036540217e+03,8.755386317874947e+03,5.882352941176471e-01,15256620
8.772862277034153e+03,8.755578735044622e+03,5.882352941176471e-01,15256621
8.773812639477797e+03,8.754754022365872e+03,1.764705882352941e+00,15256619
8.774626982916506e+03,8.756700167452089e+03,5.882352941176471e-01,15256623
8.775577345360150e+03,8.756734629626241e+03,5.882352941176471e-01,15256624
8.776847154187276e+03,8.756496150210959e+03,1.764705882352941e+00,15256622
8.778611860069629e+03,8.759736311092990e+03,5.882352941176471e-01,15256627
8.779921100563564e+03,8.756773859752463e+03,1.764705882352941e+00,15256625
8.780871463007209e+03,8.759471433383357e+03,1.764705882352941e+00,15256626
8.781685806445917e+03,8.760972455784686e+03,5.882352941176471e-01,15256629
8.782636168889562e+03,8.761651069312961e+03,5.882352941176471e-01,15256630
8.783450512328270e+03,8.761679239035754e+03,5.882352941176471e-01,15256631
8.783905977716688e+03,8.760433715520441e+03,1.764705882352941e+00,15256628
8.784400874771915e+03,8.761972153262884e+03,5.882352941176471e-01,15256632
8.785215218210623e+03,8.763808034700539e+03,5.882352941176471e-01,15256633
8.785670683599040e+03,8.765515578472485e+03,5.882352941176471e-01,15256634
8.786165580654268e+03,8.766447340446692e+03,5.882352941176471e-01,15256635
8.786979924092976e+03,8.767483989267418e+03,5.882352941176471e-01,15256636
8.787435389481393e+03,8.767596954939705e+03,5.882352941176471e-01,15256637
8.787930286536621e+03,8.768772559675920e+03,5.882352941176471e-01,15256638
8.788744629975329e+03,8.769058574755228e+03,5.882352941176471e-01,15256639
8.789200095363746e+03,8.772630300657855e+03,5.882352941176471e-01,15256640
8.790509335857682e+03,8.773997505082709e+03,5.882352941176471e-01,15256642
8.791459698301327e+03,8.773878485152876e+03,1.176470588235294e+00,15256641
8.792274041740035e+03,8.777326280988922e+03,5.882352941176471e-01,15256644
8.793224404183680e+03,8.778470227250174e+03,5.882352941176471e-01,15256645
8.794494213010805e+03,8.775867035713214e+03,1.764705882352941e+00,15256643
8.794989110066033e+03,8.779600384744365e+03,5.882352941176471e-01,15256647
8.796753815948386e+03,8.783447416641345e+03,5.882352941176471e-01,15256649
8.797568159387094e+03,8.779377098901444e+03,1.764705882352941e+00,15256646
8.798518521830739e+03,8.784144763712534e+03,5.882352941176471e-01,15256650
8.799788330657864e+03,8.783393590315701e+03,1.764705882352941e+00,15256648
8.800283227713092e+03,8.785194314906874e+03,5.882352941176471e-01,15256652
8.801553036540217e+03,8.785698411609822e+03,5.882352941176471e-01,15256653
8.802047933595445e+03,8.785965349901143e+03,5.882352941176471e-01,15256654
8.802862277034153e+03,8.785184661848736e+03,1.764705882352941e+00,15256651
8.803317742422570e+03,8.786204650602817e+03,5.882352941176471e-01,15256655
8.803812639477797e+03,8.787056584844988e+03,5.882352941176471e-01,15256656
8.805577345360150e+03,8.792177571343960e+03,5.882352941176471e-01,15256659
8.806391688798858e+03,8.789416584156821e+03,1.176470588235294e+00,15256657
8.808611860069629e+03,8.790486142970804e+03,1.764705882352941e+00,15256658
8.810871463007209e+03,8.793536519289155e+03,1.764705882352941e+00,15256660
8.811685806445917e+03,8.793803861194244e+03,1.764705882352941e+00,15256661
8.812636168889562e+03,8.795960512619030e+03,5.882352941176471e-01,15256663
8.813450512328270e+03,8.796540372564315e+03,5.882352941176471e-01,15256664
8.813905977716688e+03,8.795432305415572e+03,1.764705882352941e+00,15256662
8.814400874771915e+03,8.798237555875393e+03,5.882352941176471e-01,15256665
8.815215218210623e+03,8.799545996851111e+03,5.882352941176471e-01,15256666
8.817930286536621e+03,8.801155515556177e+03,1.176470588235294e+00,15256668
8.819200095363746e+03,8.801107029579093e+03,1.764705882352941e+00,15256667
8.820509335857682e+03,8.802107863795366e+03,1.764705882352941e+00,15256669
8.822274041740035e+03,8.806779519774831e+03,5.882352941176471e-01,15256672
8.822729507128452e+03,8.802839595168976e+03,1.176470588235294e+00,15256671
8.823224404183680e+03,8.802184092400641e+03,1.764705882352941e+00,15256670
8.824494213010805e+03,8.808230628415924e+03,5.882352941176471e-01,15256674
8.824989110066033e+03,8.808472690869712e+03,5.882352941176471e-01,15256675
8.826258918893158e+03,8.808613720546387e+03,5.882352941176471e-01,15256676
8.826753815948386e+03,8.809684067518910e+03,5.882352941176471e-01,15256677
8.827568159387094e+03,8.807799711599838e+03,1.764705882352941e+00,15256673
8.828023624775511e+03,8.811297064165609e+03,5.882352941176471e-01,15256678
8.828518521830739e+03,8.811646486126794e+03,5.882352941176471e-01,15256679
8.829332865269447e+03,8.811683132834091e+03,5.882352941176471e-01,15256680
8.829788330657864e+03,8.812957885798530e+03,5.882352941176471e-01,15256681
8.830283227713092e+03,8.813480946381172e+03,5.882352941176471e-01,15256682
8.834626982916506e+03,8.814101260671357e+03,1.764705882352941e+00,15256683
8.835082448304923e+03,8.814608998376249e+03,1.764705882352941e+00,15256684
8.835577345360150e+03,8.815527205205474e+03,1.764705882352941e+00,15256685
8.836847154187276e+03,8.817308683998267e+03,5.882352941176471e-01,15256687
8.839921100563564e+03,8.815680239749069e+03,1.764705882352941e+00,15256686
8.840871463007209e+03,8.818955620626148e+03,1.764705882352941e+00,15256688
8.841685806445917e+03,8.820637886501370e+03,5.882352941176471e-01,15256690
8.842141271834335e+03,8.820539834369742e+03,1.764705882352941e+00,15256689
8.843450512328270e+03,8.823051960781697e+03,5.882352941176471e-01,15256692
8.843905977716688e+03,8.823368821178622e+03,5.882352941176471e-01,15256693
8.845215218210623e+03,8.823466261742680e+03,5.882352941176471e-01,15256694
8.846165580654268e+03,8.822747655862719e+03,1.764705882352941e+00,15256691
8.846979924092976e+03,8.825306838358368e+03,5.882352941176471e-01,15256696
8.847930286536621e+03,8.826323568524611e+03,5.882352941176471e-01,15256697
8.848744629975329e+03,8.828541149399788e+03,5.882352941176471e-01,15256698
8.849200095363746e+03,8.823679068156800e+03,1.764705882352941e+00,15256695
8.849694992418974e+03,8.830418443444616e+03,5.882352941176471e-01,15256699
8.850964801246099e+03,8.833922638526561e+03,5.882352941176471e-01,15256701
8.851459698301327e+03,8.834018515252548e+03,5.882352941176471e-01,15256702
8.852729507128452e+03,8.834878700844145e+03,5.882352941176471e-01,15256703
8.854038747622388e+03,8.831959161415809e+03,1.764705882352941e+00,15256700
8.854494213010805e+03,8.835806965501018e+03,5.882352941176471e-01,15256705
8.854989110066033e+03,8.835130473716651e+03,1.176470588235294e+00,15256704
8.856258918893158e+03,8.838323511338517e+03,5.882352941176471e-01,15256707
8.859332865269447e+03,8.836366493718869e+03,1.764705882352941e+00,15256706
8.860283227713092e+03,8.840981801865895e+03,1.764705882352941e+00,15256708
8.861553036540217e+03,8.842700685699152e+03,1.764705882352941e+00,15256709
8.862047933595445e+03,8.843464192944422e+03,5.882352941176471e-01,15256711
8.863317742422570e+03,8.845632258541914e+03,5.882352941176471e-01,15256712
8.863812639477797e+03,8.846188537231548e+03,5.882352941176471e-01,15256713
8.864626982916506e+03,8.843251767131428e+03,1.764705882352941e+00,15256710
8.866391688798858e+03,8.849728853219678e+03,5.882352941176471e-01,15256716
8.866847154187276e+03,8.847649318918634e+03,1.176470588235294e+00,15256714
8.868611860069629e+03,8.850285404747245e+03,5.882352941176471e-01,15256718
8.869106757124856e+03,8.848389846750361e+03,1.764705882352941e+00,15256715
8.871685806445917e+03,8.849948728980340e+03,1.764705882352941e+00,15256717
8.873905977716688e+03,8.853161840972535e+03,1.764705882352941e+00,15256719
8.874400874771915e+03,8.853358538455187e+03,1.764705882352941e+00,15256720
8.875670683599040e+03,8.859788237934391e+03,5.882352941176471e-01,15256722
8.876979924092976e+03,8.854655812882473e+03,1.764705882352941e+00,15256721
8.877930286536621e+03,8.862634231341383e+03,1.176470588235294e+00,15256723
8.878744629975329e+03,8.863692437409509e+03,5.882352941176471e-01,15256725
8.880964801246099e+03,8.863188319425428e+03,1.764705882352941e+00,15256724
8.881459698301327e+03,8.865505745067655e+03,1.176470588235294e+00,15256726
8.882729507128452e+03,8.867934051211143e+03,5.882352941176471e-01,15256728
8.884038747622388e+03,8.865721615336386e+03,1.764705882352941e+00,15256727
8.885803453504741e+03,8.870509857922835e+03,5.882352941176471e-01,15256731
8.886753815948386e+03,8.868881304150909e+03,1.764705882352941e+00,15256729
8.888023624775511e+03,8.869871369768672e+03,1.764705882352941e+00,15256730
8.888518521830739e+03,8.870551864654552e+03,5.882352941176471e-01,15256733
8.891097571151800e+03,8.870541782333112e+03,1.764705882352941e+00,15256732
8.893317742422570e+03,8.870609122673209e+03,1.764705882352941e+00,15256734
8.893812639477797e+03,8.871746637222719e+03,1.764705882352941e+00,15256735
8.895577345360150e+03,8.875056724828798e+03,5.882352941176471e-01,15256738
8.896391688798858e+03,8.872051608835962e+03,1.764705882352941e+00,15256736
8.896847154187276e+03,8.872434697046422e+03,1.176470588235294e+00,15256737
8.897342051242503e+03,8.876169910860212e+03,5.882352941176471e-01,15256739
8.898156394681211e+03,8.876379388053962e+03,5.882352941176471e-01,15256740
8.902141271834335e+03,8.877419609959218e+03,1.764705882352941e+00,15256741
8.902636168889562e+03,8.878018287123507e+03,1.764705882352941e+00,15256742
8.903450512328270e+03,8.879129363440804e+03,1.764705882352941e+00,15256743
8.903905977716687e+03,8.879771303866005e+03,5.882352941176471e-01,15256744
8.904400874771915e+03,8.879976920076978e+03,5.882352941176471e-01,15256745
8.905215218210623e+03,8.880911351246724e+03,5.882352941176471e-01,15256746
8.906979924092976e+03,8.882640015645937e+03,5.882352941176471e-01,15256749
8.909200095363746e+03,8.880964092305928e+03,1.764705882352941e+00,15256747
8.909694992418974e+03,8.881562865728075e+03,1.764705882352941e+00,15256748
8.910964801246099e+03,8.884132174663092e+03,5.882352941176471e-01,15256751
8.912274041740035e+03,8.883100815808019e+03,1.764705882352941e+00,15256750
8.913224404183680e+03,8.887123521708600e+03,1.176470588235294e+00,15256752
8.914494213010805e+03,8.887625043232815e+03,1.176470588235294e+00,15256753
8.916258918893158e+03,8.892697339601161e+03,5.882352941176471e-01,15256756
8.917568159387094e+03,8.890342096943313e+03,1.764705882352941e+00,15256754
8.918518521830739e+03,8.890389264117173e+03,1.764705882352941e+00,15256755
8.919332865269447e+03,8.895892655019808e+03,5.882352941176471e-01,15256758
8.920283227713092e+03,8.896424912176967e+03,5.882352941176471e-01,15256759
8.921097571151800e+03,8.896788554078540e+03,5.882352941176471e-01,15256760
8.921553036540217e+03,8.892760505020222e+03,1.764705882352941e+00,15256757
8.922862277034153e+03,8.899863420470334e+03,5.882352941176471e-01,15256762
8.923317742422570e+03,8.900493841627048e+03,5.882352941176471e-01,15256763
8.924626982916505e+03,8.900899470961826e+03,5.882352941176471e-01,15256764
8.925577345360150e+03,8.898171949202323e+03,1.764705882352941e+00,15256761
8.926391688798858e+03,8.901645080813357e+03,5.882352941176471e-01,15256766
8.928611860069629e+03,8.901436096682492e+03,1.764705882352941e+00,15256765
8.930376565951982e+03,8.906402440084642e+03,5.882352941176471e-01,15256769
8.930871463007209e+03,8.901967317736330e+03,1.764705882352941e+00,15256767
8.931685806445917e+03,8.902960411625795e+03,1.764705882352941e+00,15256768
8.932636168889562e+03,8.911596938404873e+03,5.882352941176471e-01,15256771
8.933905977716687e+03,8.910512901006208e+03,1.176470588235294e+00,15256770
8.935215218210623e+03,8.913927492477913e+03,1.176470588235294e+00,15256772
8.935670683599040e+03,8.915902609073210e+03,5.882352941176471e-01,15256774
8.937435389481393e+03,8.918764311592944e+03,5.882352941176471e-01,15256776
8.937930286536621e+03,8.914585395437181e+03,1.764705882352941e+00,15256773
8.939200095363746e+03,8.920049093613599e+03,5.882352941176471e-01,15256777
8.939694992418974e+03,8.925405402291257e+03,5.882352941176471e-01,15256778
8.940509335857682e+03,8.917956894639096e+03,1.764705882352941e+00,15256775
8.940964801246099e+03,8.925716647387313e+03,5.882352941176471e-01,15256779
8.941459698301327e+03,8.927618614893106e+03,5.882352941176471e-01,15256780
8.942274041740035e+03,8.928042680457278e+03,5.882352941176471e-01,15256781
8.942729507128452e+03,8.928259679553378e+03,5.882352941176471e-01,15256782
8.944494213010805e+03,8.929207207991235e+03,5.882352941176471e-01,15256785
8.945803453504741e+03,8.929188763043749e+03,1.176470588235294e+00,15256784
8.946258918893158e+03,8.929457059225066e+03,5.882352941176471e-01,15256786
8.946753815948386e+03,8.928269204611529e+03,1.764705882352941e+00,15256783
8.948023624775511e+03,8.930567785140636e+03,5.882352941176471e-01,15256788
8.951097571151800e+03,8.930129824655006e+03,1.764705882352941e+00,15256787
8.952047933595445e+03,8.931842666177771e+03,1.764705882352941e+00,15256789
8.953317742422570e+03,8.932122116684504e+03,1.764705882352941e+00,15256790
8.954626982916505e+03,8.932341049206298e+03,1.176470588235294e+00,15256791
8.955082448304923e+03,8.936458943493018e+03,5.882352941176471e-01,15256793
8.956847154187276e+03,8.937238138285179e+03,5.882352941176471e-01,15256795
8.957342051242503e+03,8.934077081890518e+03,1.764705882352941e+00,15256792
8.959106757124856e+03,8.941755747464860e+03,5.882352941176471e-01,15256797
8.959921100563564e+03,8.936671333001690e+03,1.764705882352941e+00,15256794
8.961685806445917e+03,8.948540365506245e+03,5.882352941176471e-01,15256799
8.962141271834335e+03,8.939167812354663e+03,1.764705882352941e+00,15256796
8.963905977716687e+03,8.949765297834929e+03,5.882352941176471e-01,15256801
8.964400874771915e+03,8.942626807208515e+03,1.764705882352941e+00,15256798
8.965670683599040e+03,8.950531323591847e+03,5.882352941176471e-01,15256802
8.966165580654268e+03,8.951057027707637e+03,5.882352941176471e-01,15256803
8.966979924092976e+03,8.948771723916708e+03,1.764705882352941e+00,15256800
8.967435389481393e+03,8.951917795509289e+03,5.882352941176471e-01,15256804
8.967930286536621e+03,8.953441951619400e+03,5.882352941176471e-01,15256805
8.968744629975329e+03,8.954922572531564e+03,5.882352941176471e-01,15256806
8.969694992418974e+03,8.957520120530751e+03,5.882352941176471e-01,15256808
8.970509335857682e+03,8.958941635273894e+03,5.882352941176471e-01,15256809
8.972729507128452e+03,8.956023664156051e+03,1.764705882352941e+00,15256807
8.974038747622388e+03,8.962361143396500e+03,1.176470588235294e+00,15256811
8.974989110066033e+03,8.959723358855217e+03,1.764705882352941e+00,15256810
8.976753815948386e+03,8.964724028705195e+03,5.882352941176471e-01,15256814
8.978023624775511e+03,8.963752822582231e+03,1.764705882352941e+00,15256812
8.979332865269447e+03,8.964014477043804e+03,1.764705882352941e+00,15256813
8.981097571151800e+03,8.966519509459780e+03,5.882352941176471e-01,15256817
8.982047933595445e+03,8.965125581116389e+03,1.764705882352941e+00,15256815
8.983317742422570e+03,8.966484085559061e+03,1.764705882352941e+00,15256816
8.983812639477797e+03,8.968475371428619e+03,5.882352941176471e-01,15256819
8.985082448304923e+03,8.969548286360835e+03,5.882352941176471e-01,15256820
8.985577345360150e+03,8.969617519641632e+03,5.882352941176471e-01,15256821
8.986391688798858e+03,8.967529198381951e+03,1.764705882352941e+00,15256818
8.986847154187276e+03,8.970277308307533e+03,5.882352941176471e-01,15256822
8.988156394681211e+03,8.970882148091052e+03,5.882352941176471e-01,15256824
8.988611860069629e+03,8.972110834123030e+03,5.882352941176471e-01,15256825
8.989106757124856e+03,8.970339188758666e+03,1.176470588235294e+00,15256823
8.989921100563564e+03,8.973927774145756e+03,5.882352941176471e-01,15256826
8.993905977716687e+03,8.974852062761684e+03,1.764705882352941e+00,15256827
8.994400874771915e+03,8.976457501872171e+03,1.764705882352941e+00,15256828
8.995215218210623e+03,8.976594603136075e+03,1.764705882352941e+00,15256829
8.995670683599040e+03,8.976610097173271e+03,5.882352941176471e-01,15256830
8.996165580654268e+03,8.978248009693470e+03,5.882352941176471e-01,15256831
8.996979924092976e+03,8.979333823349622e+03,5.882352941176471e-01,15256832
9.000964801246099e+03,8.980031928161407e+03,1.764705882352941e+00,15256833
9.001459698301327e+03,8.980037323553318e+03,1.764705882352941e+00,15256834
9.002274041740035e+03,8.980129779033529e+03,1.764705882352941e+00,15256835
9.004038747622388e+03,8.980852670105105e+03,5.882352941176471e-01,15256838
9.004494213010805e+03,8.980501433026930e+03,1.176470588235294e+00,15256836
9.006753815948386e+03,8.980693499371216e+03,1.764705882352941e+00,15256837
9.008518521830739e+03,8.991431337924083e+03,5.882352941176471e-01,15256841
9.009332865269447e+03,8.987494397083927e+03,1.764705882352941e+00,15256839
9.009788330657864e+03,8.990019365934710e+03,1.764705882352941e+00,15256840
9.010283227713092e+03,8.993255095323178e+03,5.882352941176471e-01,15256842
9.011097571151800e+03,8.995344711157686e+03,5.882352941176471e-01,15256843
9.011553036540217e+03,8.996411094575390e+03,5.882352941176471e-01,15256844
9.012862277034153e+03,8.998005167197672e+03,5.882352941176471e-01,15256846
9.013317742422570e+03,8.998272220306157e+03,5.882352941176471e-01,15256847
9.014626982916505e+03,8.999629146690535e+03,5.882352941176471e-01,15256848
9.015577345360150e+03,8.996668232684183e+03,1.764705882352941e+00,15256845
9.016847154187276e+03,8.999771969469515e+03,1.176470588235294e+00,15256849
9.017342051242503e+03,9.002579015489796e+03,5.882352941176471e-01,15256851
9.019921100563564e+03,9.002059955217637e+03,1.764705882352941e+00,15256850
9.020376565951982e+03,9.003351558331066e+03,1.176470588235294e+00,15256852
9.020871463007209e+03,9.003401909207899e+03,1.176470588235294e+00,15256853
9.022141271834335e+03,9.006705958002080e+03,5.882352941176471e-01,15256855
9.023450512328270e+03,9.005064113528214e+03,1.176470588235294e+00,15256854
9.025215218210623e+03,9.007110980322194e+03,5.882352941176471e-01,15256858
9.026165580654268e+03,9.006709715688364e+03,1.764705882352941e+00,15256856
9.026979924092976e+03,9.008017806431805e+03,5.882352941176471e-01,15256859
9.027435389481393e+03,9.006975425274889e+03,1.764705882352941e+00,15256857
9.027930286536621e+03,9.010517783902593e+03,5.882352941176471e-01,15256860
9.029694992418974e+03,9.011826667873766e+03,5.882352941176471e-01,15256863
9.030509335857682e+03,9.010999340650495e+03,1.176470588235294e+00,15256861
9.031459698301327e+03,9.012389836703081e+03,5.882352941176471e-01,15256864
9.032274041740035e+03,9.012814812838614e+03,5.882352941176471e-01,15256865
9.032729507128452e+03,9.011440965057869e+03,1.764705882352941e+00,15256862
9.033224404183680e+03,9.014269090662360e+03,5.882352941176471e-01,15256866
9.034494213010805e+03,9.017019923078434e+03,5.882352941176471e-01,15256868
9.034989110066033e+03,9.022294100830131e+03,5.882352941176471e-01,15256869
9.036258918893158e+03,9.023888863071753e+03,5.882352941176471e-01,15256870
9.037568159387094e+03,9.015656585322361e+03,1.764705882352941e+00,15256867
9.038023624775511e+03,9.025785420443460e+03,5.882352941176471e-01,15256872
9.039332865269447e+03,9.026370206744289e+03,5.882352941176471e-01,15256873
9.039788330657864e+03,9.026375930827430e+03,5.882352941176471e-01,15256874
9.040283227713092e+03,9.025455469777785e+03,1.764705882352941e+00,15256871
9.041097571151800e+03,9.026479089168007e+03,5.882352941176471e-01,15256875
9.041553036540217e+03,9.029225555883718e+03,5.882352941176471e-01,15256876
9.044626982916505e+03,9.030326517085547e+03,1.176470588235294e+00,15256878
9.045577345360150e+03,9.030280979774728e+03,1.764705882352941e+00,15256877
9.046847154187276e+03,9.033664226584174e+03,1.764705882352941e+00,15256879
9.047342051242503e+03,9.035245919423984e+03,5.882352941176471e-01,15256881
9.048156394681211e+03,9.033810492375694e+03,1.176470588235294e+00,15256880
9.048611860069629e+03,9.037221190898524e+03,5.882352941176471e-01,15256882
9.049106757124856e+03,9.037403388799554e+03,5.882352941176471e-01,15256883
9.049921100563564e+03,9.038743860733415e+03,5.882352941176471e-01,15256884
9.051685806445917e+03,9.041124551320739e+03,5.882352941176471e-01,15256887
9.052141271834335e+03,9.039857259590518e+03,1.176470588235294e+00,15256885
9.053450512328270e+03,9.041182305795956e+03,5.882352941176471e-01,15256888
9.054400874771915e+03,9.040746521360030e+03,1.764705882352941e+00,15256886
9.055670683599040e+03,9.041794113702297e+03,1.176470588235294e+00,15256889
9.056165580654268e+03,9.044930733901284e+03,5.882352941176471e-01,15256891
9.056979924092976e+03,9.042734387112751e+03,1.176470588235294e+00,15256890
9.058744629975329e+03,9.051136150784645e+03,5.882352941176471e-01,15256894
9.060509335857682e+03,9.054737044875949e+03,5.882352941176471e-01,15256895
9.060964801246099e+03,9.049267183463055e+03,1.764705882352941e+00,15256892
9.061459698301327e+03,9.049678808692338e+03,1.764705882352941e+00,15256893
9.062274041740035e+03,9.055084302155365e+03,5.882352941176471e-01,15256896
9.062729507128452e+03,9.056537103774852e+03,5.882352941176471e-01,15256897
9.064038747622388e+03,9.060649900012259e+03,5.882352941176471e-01,15256899
9.066753815948386e+03,9.059647480689096e+03,1.764705882352941e+00,15256898
9.070531790742605e+03,9.065237673095546e+03,1.764705882352941e+00,15256900
9.071209658702207e+03,9.065915541055148e+03,1.764705882352941e+00,15256901
9.072296496624957e+03,9.069348804584834e+03,5.882352941176471e-01,15256903
9.072569307208259e+03,9.067275189561200e+03,1.764705882352941e+00,15256902
9.074569500172481e+03,9.072804794290128e+03,5.882352941176471e-01,15256906
9.075825908389663e+03,9.070061854833167e+03,1.176470588235294e+00,15256905
9.076503776349266e+03,9.069601081086149e+03,1.764705882352941e+00,15256904
9.078268482231619e+03,9.075698723465591e+03,5.882352941176471e-01,15256909
9.079863617819540e+03,9.073328908019043e+03,1.764705882352941e+00,15256907
9.080033188113972e+03,9.077207879833057e+03,5.882352941176471e-01,15256910
9.081120026036722e+03,9.074874962364914e+03,1.764705882352941e+00,15256908
9.083562599878678e+03,9.078256039228919e+03,1.176470588235294e+00,15256912
9.085157735466599e+03,9.077514821580485e+03,1.764705882352941e+00,15256911
9.085327305761031e+03,9.078493644428135e+03,5.882352941176471e-01,15256914
9.086414143683781e+03,9.078418218674469e+03,1.764705882352941e+00,15256913
9.086922441348952e+03,9.079341191074791e+03,5.882352941176471e-01,15256915
9.088178849566134e+03,9.081381816176127e+03,5.882352941176471e-01,15256917
9.088856717525737e+03,9.080907519353558e+03,1.176470588235294e+00,15256916
9.089943555448487e+03,9.082834388446105e+03,5.882352941176471e-01,15256919
9.090451853113658e+03,9.082526627422547e+03,1.176470588235294e+00,15256918
9.093472967213193e+03,9.084308616254440e+03,1.176470588235294e+00,15256921
9.094150835172795e+03,9.083134869739395e+03,1.764705882352941e+00,15256920
9.095237673095546e+03,9.086428366380171e+03,5.882352941176471e-01,15256923
9.095745970760717e+03,9.084922848083228e+03,1.764705882352941e+00,15256922
9.097002378977899e+03,9.086616295934404e+03,5.882352941176471e-01,15256925
9.097510676643070e+03,9.086756900447886e+03,5.882352941176471e-01,15256926
9.097680246937501e+03,9.086615698414251e+03,1.176470588235294e+00,15256924
9.098767084860252e+03,9.089630912451033e+03,5.882352941176471e-01,15256927
9.099275382525422e+03,9.091444152161002e+03,5.882352941176471e-01,15256928
9.099444952819854e+03,9.091780892503306e+03,5.882352941176471e-01,15256929
9.100531790742605e+03,9.092103148022480e+03,5.882352941176471e-01,15256930
9.101040088407775e+03,9.094923259688681e+03,5.882352941176471e-01,15256931
9.101209658702207e+03,9.095241122499839e+03,5.882352941176471e-01,15256932
9.102296496624957e+03,9.095443550188967e+03,5.882352941176471e-01,15256933
9.102804794290128e+03,9.096284043824537e+03,5.882352941176471e-01,15256934
9.104061202507310e+03,9.097937689725031e+03,5.882352941176471e-01,15256936
9.105825908389663e+03,9.098475335504437e+03,5.882352941176471e-01,15256938
9.106503776349266e+03,9.096950699922019e+03,1.764705882352941e+00,15256935
9.107590614272016e+03,9.099389377137167e+03,5.882352941176471e-01,15256939
9.108098911937187e+03,9.098399516114327e+03,1.764705882352941e+00,15256937
9.108268482231619e+03,9.100330719081900e+03,5.882352941176471e-01,15256940
9.112884731919075e+03,9.101612473497100e+03,1.764705882352941e+00,15256941
9.113393029584246e+03,9.102555321256519e+03,1.764705882352941e+00,15256942
9.113562599878678e+03,9.103175157170592e+03,1.764705882352941e+00,15256943
9.114649437801428e+03,9.104487990711025e+03,5.882352941176471e-01,15256944
9.115157735466599e+03,9.105136603435968e+03,5.882352941176471e-01,15256945
9.116414143683781e+03,9.105964866333338e+03,5.882352941176471e-01,15256947
9.118178849566134e+03,9.107756762532618e+03,5.882352941176471e-01,15256949
9.118856717525737e+03,9.105698053197290e+03,1.764705882352941e+00,15256946
9.119943555448487e+03,9.108082611121895e+03,5.882352941176471e-01,15256950
9.120451853113658e+03,9.106653317761077e+03,1.764705882352941e+00,15256948
9.120621423408090e+03,9.109088295070946e+03,5.882352941176471e-01,15256951
9.121708261330840e+03,9.109283124931178e+03,5.882352941176471e-01,15256952
9.122216558996011e+03,9.109491591697904e+03,5.882352941176471e-01,15256953
9.122386129290443e+03,9.111069076998095e+03,5.882352941176471e-01,15256954
9.123472967213193e+03,9.111107571119361e+03,5.882352941176471e-01,15256955
9.125237673095546e+03,9.113634250930998e+03,5.882352941176471e-01,15256958
9.125745970760717e+03,9.112161842016871e+03,1.176470588235294e+00,15256956
9.127002378977899e+03,9.113713737028147e+03,5.882352941176471e-01,15256959
9.127510676643070e+03,9.114046585189648e+03,5.882352941176471e-01,15256960
9.127680246937501e+03,9.113151109518578e+03,1.764705882352941e+00,15256957
9.128767084860252e+03,9.119577614187957e+03,5.882352941176471e-01,15256961
9.130531790742605e+03,9.122888206401139e+03,5.882352941176471e-01,15256964
9.131209658702207e+03,9.121047800623741e+03,1.176470588235294e+00,15256963
9.132296496624957e+03,9.123667368492306e+03,5.882352941176471e-01,15256965
9.132804794290128e+03,9.120883807398849e+03,1.764705882352941e+00,15256962
9.134061202507310e+03,9.125676638126807e+03,5.882352941176471e-01,15256967
9.134569500172481e+03,9.126477935257020e+03,5.882352941176471e-01,15256968
9.134739070466913e+03,9.124507786895379e+03,1.176470588235294e+00,15256966
9.137590614272016e+03,9.126641475822368e+03,1.176470588235294e+00,15256969
9.139863617819540e+03,9.128456200478980e+03,1.764705882352941e+00,15256970
9.140033188113972e+03,9.129080379920241e+03,1.764705882352941e+00,15256971
9.141120026036722e+03,9.129339126035148e+03,1.176470588235294e+00,15256972
9.141797893996325e+03,9.132452804678796e+03,5.882352941176471e-01,15256974
9.145157735466599e+03,9.131807268633258e+03,1.764705882352941e+00,15256973
9.146414143683781e+03,9.132659911002521e+03,1.764705882352941e+00,15256975
9.146922441348952e+03,9.134819436989560e+03,5.882352941176471e-01,15256977
9.147092011643384e+03,9.133248189674203e+03,1.764705882352941e+00,15256976
9.148178849566134e+03,9.136255203538136e+03,5.882352941176471e-01,15256978
9.148687147231305e+03,9.136672503918390e+03,5.882352941176471e-01,15256979
9.150621423408090e+03,9.138756911985798e+03,1.176470588235294e+00,15256980
9.152386129290443e+03,9.141619717697534e+03,5.882352941176471e-01,15256983
9.153472967213193e+03,9.139891037412929e+03,1.764705882352941e+00,15256981
9.153981264878364e+03,9.140781007642268e+03,1.764705882352941e+00,15256982
9.154150835172795e+03,9.143092918698005e+03,5.882352941176471e-01,15256984
9.155745970760717e+03,9.143711263049114e+03,5.882352941176471e-01,15256986
9.155915541055148e+03,9.144718440444694e+03,5.882352941176471e-01,15256987
9.157510676643070e+03,9.146436887535022e+03,5.882352941176471e-01,15256988
9.158767084860252e+03,9.143652532241412e+03,1.764705882352941e+00,15256985
9.159275382525422e+03,9.147410941998288e+03,5.882352941176471e-01,15256990
9.161209658702207e+03,9.146446518351191e+03,1.764705882352941e+00,15256989
9.162804794290128e+03,9.148282785085329e+03,1.176470588235294e+00,15256992
9.162974364584560e+03,9.149181664951333e+03,5.882352941176471e-01,15256993
9.164061202507310e+03,9.147616822275375e+03,1.764705882352941e+00,15256991
9.164569500172481e+03,9.151918019467378e+03,5.882352941176471e-01,15256994
9.164739070466913e+03,9.153910348732168e+03,5.882352941176471e-01,15256995
9.165825908389663e+03,9.154279515978445e+03,5.882352941176471e-01,15256996
9.166334206054834e+03,9.154677425419282e+03,5.882352941176471e-01,15256997
9.166503776349266e+03,9.154730503621749e+03,5.882352941176471e-01,15256998
9.168098911937187e+03,9.155517949441648e+03,5.882352941176471e-01,15257000
9.170033188113972e+03,9.156170119303463e+03,1.176470588235294e+00,15257001
9.171120026036722e+03,9.155073853888716e+03,1.764705882352941e+00,15256999
9.171797893996325e+03,9.160396846187377e+03,5.882352941176471e-01,15257003
9.173393029584246e+03,9.157078630404475e+03,1.764705882352941e+00,15257002
9.173562599878678e+03,9.161536501700338e+03,5.882352941176471e-01,15257005
9.175157735466599e+03,9.163107088472488e+03,5.882352941176471e-01,15257006
9.175327305761031e+03,9.165174715905381e+03,5.882352941176471e-01,15257007
9.176414143683781e+03,9.160632653618102e+03,1.764705882352941e+00,15257004
9.176922441348952e+03,9.167440768323348e+03,5.882352941176471e-01,15257008
9.177092011643384e+03,9.169455129902089e+03,5.882352941176471e-01,15257009
9.178178849566134e+03,9.172063026761298e+03,5.882352941176471e-01,15257010
9.178856717525737e+03,9.173132794034784e+03,5.882352941176471e-01,15257012
9.179943555448487e+03,9.173415356640998e+03,5.882352941176471e-01,15257013
9.181708261330840e+03,9.175269216798367e+03,5.882352941176471e-01,15257015
9.182216558996011e+03,9.172996625207187e+03,1.764705882352941e+00,15257011
9.183472967213193e+03,9.175365346604546e+03,5.882352941176471e-01,15257016
9.183981264878364e+03,9.178996962570019e+03,5.882352941176471e-01,15257017
9.184150835172795e+03,9.174991158390945e+03,1.764705882352941e+00,15257014
9.185237673095546e+03,9.180457198142762e+03,5.882352941176471e-01,15257018
9.189275382525422e+03,9.181916360550134e+03,1.764705882352941e+00,15257019
9.189609893594908e+03,9.186080481830202e+03,1.176470588235294e+00,15257021
9.189848734563138e+03,9.184554616916079e+03,1.764705882352941e+00,15257020
9.191613440445491e+03,9.188554763226755e+03,5.882352941176471e-01,15257024
9.193139305359614e+03,9.187352237243219e+03,1.176470588235294e+00,15257023
9.194569500172481e+03,9.186293072125278e+03,1.764705882352941e+00,15257022
9.194904011241967e+03,9.191657665330874e+03,5.882352941176471e-01,15257026
9.196668717124320e+03,9.191847736591168e+03,5.882352941176471e-01,15257028
9.196907558092550e+03,9.189411312533920e+03,1.764705882352941e+00,15257025
9.198433423006673e+03,9.192026731173447e+03,5.882352941176471e-01,15257029
9.198672263974903e+03,9.192740766844574e+03,5.882352941176471e-01,15257030
9.199863617819540e+03,9.191662430508565e+03,1.764705882352941e+00,15257027
9.200436969857256e+03,9.197468206141357e+03,5.882352941176471e-01,15257032
9.201628323701893e+03,9.197491745709053e+03,5.882352941176471e-01,15257033
9.203393029584246e+03,9.198028812000305e+03,5.882352941176471e-01,15257035
9.203727540653732e+03,9.195862011538315e+03,1.764705882352941e+00,15257031
9.205157735466599e+03,9.198617478831001e+03,5.882352941176471e-01,15257036
9.205492246536085e+03,9.198879979330750e+03,5.882352941176471e-01,15257037
9.205731087504315e+03,9.198000081851287e+03,1.764705882352941e+00,15257034
9.206922441348952e+03,9.199286437434183e+03,5.882352941176471e-01,15257038
9.207256952418438e+03,9.199726851485408e+03,5.882352941176471e-01,15257039
9.208687147231305e+03,9.204192320682997e+03,5.882352941176471e-01,15257041
9.211025205151373e+03,9.203991643744539e+03,1.764705882352941e+00,15257040
9.212551070065496e+03,9.204916857659330e+03,1.764705882352941e+00,15257042
9.212789911033726e+03,9.207551550524411e+03,5.882352941176471e-01,15257044
9.213981264878364e+03,9.207104523060122e+03,1.764705882352941e+00,15257043
9.214315775947849e+03,9.207903091447686e+03,5.882352941176471e-01,15257045
9.216080481830202e+03,9.212444825948832e+03,5.882352941176471e-01,15257048
9.218084028680785e+03,9.208506147606899e+03,1.764705882352941e+00,15257046
9.219275382525422e+03,9.210023127459413e+03,1.764705882352941e+00,15257047
9.219609893594908e+03,9.212788794562359e+03,1.176470588235294e+00,15257049
9.219848734563138e+03,9.213462971345812e+03,5.882352941176471e-01,15257050
9.221040088407775e+03,9.215052434087654e+03,5.882352941176471e-01,15257051
9.221374599477261e+03,9.215507799465077e+03,5.882352941176471e-01,15257052
9.223139305359614e+03,9.216866051404779e+03,5.882352941176471e-01,15257055
9.225142852210197e+03,9.215544524622212e+03,1.764705882352941e+00,15257053
9.226334206054834e+03,9.216674454698500e+03,1.764705882352941e+00,15257054
9.226907558092550e+03,9.219629907737642e+03,5.882352941176471e-01,15257057
9.228098911937187e+03,9.221718183176744e+03,5.882352941176471e-01,15257058
9.228433423006673e+03,9.219309538241878e+03,1.764705882352941e+00,15257056
9.229863617819540e+03,9.225311337399787e+03,5.882352941176471e-01,15257060
9.231628323701893e+03,9.227929795967491e+03,5.882352941176471e-01,15257062
9.232201675739609e+03,9.223595225392447e+03,1.764705882352941e+00,15257059
9.233393029584246e+03,9.228033606218437e+03,5.882352941176471e-01,15257063
9.233727540653732e+03,9.227824776454630e+03,1.764705882352941e+00,15257061
9.233966381621962e+03,9.228453174836889e+03,5.882352941176471e-01,15257064
9.235157735466599e+03,9.230116449418243e+03,5.882352941176471e-01,15257065
9.235492246536085e+03,9.230705264848130e+03,5.882352941176471e-01,15257066
9.235731087504315e+03,9.231670532743961e+03,5.882352941176471e-01,15257067
9.236922441348952e+03,9.232273207627129e+03,5.882352941176471e-01,15257068
9.237256952418438e+03,9.232273889061900e+03,5.882352941176471e-01,15257069
9.238687147231305e+03,9.236287113440990e+03,5.882352941176471e-01,15257071
9.240451853113658e+03,9.237470096031208e+03,5.882352941176471e-01,15257073
9.240786364183143e+03,9.236364512850901e+03,1.176470588235294e+00,15257072
9.241025205151373e+03,9.233381550855438e+03,1.764705882352941e+00,15257070
9.242216558996011e+03,9.237552673931846e+03,5.882352941176471e-01,15257074
9.242551070065496e+03,9.238091773543110e+03,5.882352941176471e-01,15257075
9.242789911033726e+03,9.240908829387218e+03,5.882352941176471e-01,15257076
9.246080481830202e+03,9.242022608186609e+03,1.176470588235294e+00,15257078
9.246806279754203e+03,9.243276867989497e+03,1.176470588235294e+00,15257079
9.247510676643070e+03,9.241100768727588e+03,1.764705882352941e+00,15257077
9.247845187712555e+03,9.243329012701375e+03,5.882352941176471e-01,15257080
9.249780451118457e+03,9.248015745236104e+03,5.882352941176471e-01,15257081
9.253447213730602e+03,9.251682507848249e+03,5.882352941176471e-01,15257082
9.254900040414682e+03,9.253135334532329e+03,5.882352941176471e-01,15257084
9.256304896306392e+03,9.252775484541686e+03,1.176470588235294e+00,15257083
9.256664746297035e+03,9.253955577126026e+03,5.882352941176471e-01,15257086
9.258429452179388e+03,9.255207790257509e+03,5.882352941176471e-01,15257088
9.258741331377661e+03,9.253297770870624e+03,1.764705882352941e+00,15257085
9.259834308071098e+03,9.255037561115985e+03,1.176470588235294e+00,15257087
9.260506037260014e+03,9.255656291404743e+03,5.882352941176471e-01,15257090
9.261599013953451e+03,9.256395728195378e+03,5.882352941176471e-01,15257091
9.263363719835804e+03,9.260564093046634e+03,5.882352941176471e-01,15257093
9.263723569826447e+03,9.255317841753974e+03,1.764705882352941e+00,15257089
9.265800154907073e+03,9.256487055116845e+03,1.764705882352941e+00,15257092
9.267252981591152e+03,9.261496905010653e+03,1.176470588235294e+00,15257095
9.268657837482863e+03,9.261202516887819e+03,1.764705882352941e+00,15257094
9.270422543365216e+03,9.264105844701309e+03,5.882352941176471e-01,15257098
9.271094272554132e+03,9.261664966683404e+03,1.764705882352941e+00,15257096
9.272547099238211e+03,9.263972300497924e+03,1.764705882352941e+00,15257097
9.274311805120564e+03,9.266677287860608e+03,5.882352941176471e-01,15257101
9.274623684318838e+03,9.266104187121210e+03,1.176470588235294e+00,15257100
9.275716661012274e+03,9.264156461281486e+03,1.764705882352941e+00,15257099
9.276388390201191e+03,9.268802070465096e+03,5.882352941176471e-01,15257103
9.277481366894627e+03,9.271241011302949e+03,5.882352941176471e-01,15257104
9.278153096083543e+03,9.274100854140644e+03,5.882352941176471e-01,15257105
9.279605922767623e+03,9.268184105624296e+03,1.764705882352941e+00,15257102
9.279917801965896e+03,9.277820090707749e+03,5.882352941176471e-01,15257107
9.281370628649976e+03,9.278427544346727e+03,5.882352941176471e-01,15257108
9.281682507848249e+03,9.278867543247642e+03,5.882352941176471e-01,15257109
9.282775484541686e+03,9.275700649289732e+03,1.764705882352941e+00,15257106
9.283447213730602e+03,9.280977560839522e+03,5.882352941176471e-01,15257111
9.285804058480569e+03,9.284039352598216e+03,5.882352941176471e-01,15257112
9.286664746297035e+03,9.280760839087086e+03,1.764705882352941e+00,15257110
9.286913584811976e+03,9.285148878929623e+03,5.882352941176471e-01,15257113
9.288322725833193e+03,9.286558019950840e+03,5.882352941176471e-01,15257114
9.291123696554793e+03,9.289358990672440e+03,5.882352941176471e-01,15257117
9.293629912076334e+03,9.288335794429275e+03,1.764705882352941e+00,15257115
9.294439338611222e+03,9.289145220964163e+03,1.764705882352941e+00,15257116
9.296417814201852e+03,9.289674889738356e+03,1.764705882352941e+00,15257118
9.298182520084205e+03,9.290168199223504e+03,5.882352941176471e-01,15257121
9.298924029723393e+03,9.289952112855482e+03,1.764705882352941e+00,15257119
9.299733456258281e+03,9.290150105063558e+03,1.764705882352941e+00,15257120
9.301498162140634e+03,9.295979449271911e+03,5.882352941176471e-01,15257124
9.303262868022987e+03,9.296983768353535e+03,5.882352941176471e-01,15257125
9.303476637731264e+03,9.293932020117834e+03,1.764705882352941e+00,15257122
9.304218147370451e+03,9.294785312503644e+03,1.764705882352941e+00,15257123
9.305027573905340e+03,9.298197578324100e+03,5.882352941176471e-01,15257126
9.305241343613617e+03,9.300184678769090e+03,5.882352941176471e-01,15257127
9.307008605931636e+03,9.305243900049283e+03,5.882352941176471e-01,15257129
9.307747559135157e+03,9.301143828329211e+03,1.176470588235294e+00,15257128
9.308677463951729e+03,9.306912758069376e+03,5.882352941176471e-01,15257130
9.309512637681633e+03,9.307747931799280e+03,5.882352941176471e-01,15257131
9.313860109663013e+03,9.312095403780660e+03,5.882352941176471e-01,15257133
9.314106670086620e+03,9.312341964204267e+03,5.882352941176471e-01,15257134
9.315080060518963e+03,9.309785942871904e+03,1.764705882352941e+00,15257132
9.315758362491014e+03,9.313993656608661e+03,5.882352941176471e-01,15257135
9.317868921019265e+03,9.316104215136913e+03,5.882352941176471e-01,15257138
9.318879577818728e+03,9.315350166054022e+03,1.176470588235294e+00,15257137
9.319633626901618e+03,9.316810311610581e+03,5.882352941176471e-01,15257139
9.320399373269014e+03,9.315105255621955e+03,1.764705882352941e+00,15257136
9.321398332783971e+03,9.317687600553594e+03,5.882352941176471e-01,15257141
9.324173695465787e+03,9.316920024337544e+03,1.764705882352941e+00,15257140
9.325693490916072e+03,9.318100785793326e+03,1.764705882352941e+00,15257142
9.326692450431030e+03,9.318720178754193e+03,1.764705882352941e+00,15257143
9.328457156313383e+03,9.322314963867984e+03,5.882352941176471e-01,15257146
9.329222902680778e+03,9.319250655671910e+03,1.176470588235294e+00,15257145
9.329467813112845e+03,9.319241261008291e+03,1.764705882352941e+00,15257144
9.330987608563131e+03,9.323421339918451e+03,5.882352941176471e-01,15257148
9.331232518995198e+03,9.323599896452689e+03,5.882352941176471e-01,15257149
9.331986568078089e+03,9.322833031915118e+03,1.176470588235294e+00,15257147
9.332752314445484e+03,9.325783284879551e+03,5.882352941176471e-01,15257150
9.334517020327837e+03,9.329313379884449e+03,5.882352941176471e-01,15257153
9.336281726210190e+03,9.329770753486228e+03,5.882352941176471e-01,15257154
9.336526636642257e+03,9.328145392355331e+03,1.764705882352941e+00,15257151
9.337280685725148e+03,9.328500462018266e+03,1.764705882352941e+00,15257152
9.338046432092543e+03,9.330050526857649e+03,5.882352941176471e-01,15257155
9.338291342524610e+03,9.333573525523807e+03,5.882352941176471e-01,15257156
9.339045391607501e+03,9.336063610975753e+03,5.882352941176471e-01,15257157
9.339811137974896e+03,9.337042075208281e+03,5.882352941176471e-01,15257158
9.340056048406963e+03,9.337099260964717e+03,5.882352941176471e-01,15257159
9.341575843857249e+03,9.338827558886318e+03,5.882352941176471e-01,15257161
9.344339509254560e+03,9.337480471321665e+03,1.764705882352941e+00,15257160
9.345350166054022e+03,9.339335922344157e+03,1.764705882352941e+00,15257162
9.346104215136913e+03,9.340134106583283e+03,5.882352941176471e-01,15257164
9.346869961504308e+03,9.339771880858642e+03,1.764705882352941e+00,15257163
9.347114871936375e+03,9.341075378520631e+03,5.882352941176471e-01,15257165
9.347868921019265e+03,9.343062440230671e+03,5.882352941176471e-01,15257166
9.348634667386661e+03,9.343564401199728e+03,5.882352941176471e-01,15257167
9.349633626901618e+03,9.345144093326249e+03,5.882352941176471e-01,15257169
9.350399373269014e+03,9.346152327949236e+03,5.882352941176471e-01,15257170
9.351398332783971e+03,9.346939786021772e+03,5.882352941176471e-01,15257171
9.352164079151367e+03,9.347212071584201e+03,5.882352941176471e-01,15257172
9.352408989583434e+03,9.343852453477013e+03,1.764705882352941e+00,15257168
9.353163038666324e+03,9.348686477926941e+03,5.882352941176471e-01,15257173
9.353928785033719e+03,9.348763713801176e+03,5.882352941176471e-01,15257174
9.354927744548677e+03,9.349095197482663e+03,5.882352941176471e-01,15257176
9.355693490916072e+03,9.349509891729140e+03,5.882352941176471e-01,15257177
9.355938401348140e+03,9.348981561330035e+03,1.176470588235294e+00,15257175
9.356692450431030e+03,9.352240897770999e+03,5.882352941176471e-01,15257178
9.357458196798425e+03,9.352409064312362e+03,5.882352941176471e-01,15257179
9.357703107230493e+03,9.352706988662396e+03,5.882352941176471e-01,15257180
9.358457156313383e+03,9.353743929960244e+03,5.882352941176471e-01,15257181
9.359467813112845e+03,9.354370856973126e+03,5.882352941176471e-01,15257183
9.360987608563131e+03,9.353803258001110e+03,1.176470588235294e+00,15257182
9.361232518995198e+03,9.354791144844260e+03,5.882352941176471e-01,15257185
9.362997224877551e+03,9.357258266172770e+03,5.882352941176471e-01,15257187
9.363751273960442e+03,9.354463327102358e+03,1.764705882352941e+00,15257184
9.365602746064807e+03,9.363838040182454e+03,5.882352941176471e-01,15257189
9.366281726210190e+03,9.356297558219304e+03,1.764705882352941e+00,15257186
9.368291342524610e+03,9.361750959320204e+03,1.764705882352941e+00,15257188
9.369132157829513e+03,9.365185083655689e+03,1.176470588235294e+00,15257190
9.370896863711866e+03,9.367515254776388e+03,5.882352941176471e-01,15257193
9.372574054122217e+03,9.367279936475158e+03,1.764705882352941e+00,15257191
9.373585460171669e+03,9.367417543146546e+03,1.764705882352941e+00,15257192
9.376993771855208e+03,9.373464360090502e+03,1.176470588235294e+00,15257195
9.377206787973637e+03,9.375442082091284e+03,5.882352941176471e-01,15257196
9.377406853622429e+03,9.372112735975370e+03,1.764705882352941e+00,15257194
9.378816788657165e+03,9.377052082774812e+03,5.882352941176471e-01,15257197
9.381047632189414e+03,9.379282926307061e+03,5.882352941176471e-01,15257198
9.385974780730429e+03,9.384210074848076e+03,5.882352941176471e-01,15257200
9.387320334422005e+03,9.383790922657299e+03,1.176470588235294e+00,15257199
9.387739486612781e+03,9.385954318547136e+03,5.882352941176471e-01,15257202
9.390233862300984e+03,9.388469156418631e+03,5.882352941176471e-01,15257203
9.390337615329548e+03,9.385043497682489e+03,1.764705882352941e+00,15257201
9.392387551950417e+03,9.390622846068064e+03,5.882352941176471e-01,15257205
9.394254365334245e+03,9.392489659451892e+03,5.882352941176471e-01,15257206
9.394983701450563e+03,9.389689583803504e+03,1.764705882352941e+00,15257204
9.397272663323912e+03,9.395507957441559e+03,5.882352941176471e-01,15257208
9.398301000932387e+03,9.396536295050034e+03,5.882352941176471e-01,15257209
9.399037369206265e+03,9.396779928671872e+03,5.882352941176471e-01,15257210
9.399832954810627e+03,9.394538837163569e+03,1.764705882352941e+00,15257207
9.400065706814739e+03,9.397913291326891e+03,5.882352941176471e-01,15257211
9.400802075088618e+03,9.397946627684944e+03,5.882352941176471e-01,15257212
9.401597660692980e+03,9.398519672020629e+03,5.882352941176471e-01,15257213
9.403595118579445e+03,9.398568285430129e+03,1.176470588235294e+00,15257214
9.405364016708189e+03,9.403599310825836e+03,5.882352941176471e-01,15257217
9.406096192735676e+03,9.399121292663603e+03,1.764705882352941e+00,15257215
9.408315706913459e+03,9.403021589266400e+03,1.764705882352941e+00,15257216
9.408896689304493e+03,9.407131983422140e+03,5.882352941176471e-01,15257218
9.411414776252007e+03,9.409650070369654e+03,5.882352941176471e-01,15257219
9.412194083338051e+03,9.410429377455698e+03,5.882352941176471e-01,15257220
9.416151223595461e+03,9.410857105948402e+03,1.764705882352941e+00,15257221
9.416708893899066e+03,9.411374102499943e+03,1.764705882352941e+00,15257222
9.418260706054929e+03,9.412966588407870e+03,1.764705882352941e+00,15257223
9.419597240209282e+03,9.417832534326929e+03,5.882352941176471e-01,15257225
9.419680635360167e+03,9.415034635556013e+03,1.176470588235294e+00,15257224
9.420025411937282e+03,9.418210492098386e+03,5.882352941176471e-01,15257226
9.421361946091635e+03,9.418363915900852e+03,5.882352941176471e-01,15257227
9.421790117819635e+03,9.419010482796721e+03,5.882352941176471e-01,15257229
9.423126651973988e+03,9.420023760848076e+03,5.882352941176471e-01,15257230
9.423554823701988e+03,9.421018605285966e+03,5.882352941176471e-01,15257231
9.424974753007225e+03,9.418767984996207e+03,1.764705882352941e+00,15257228
9.425319529584341e+03,9.421497025085495e+03,5.882352941176471e-01,15257233
9.426739458889578e+03,9.422855710212827e+03,5.882352941176471e-01,15257234
9.427084235466694e+03,9.423443289634892e+03,5.882352941176471e-01,15257235
9.428420769621047e+03,9.421187054344817e+03,1.764705882352941e+00,15257232
9.428848941349047e+03,9.424260958070623e+03,5.882352941176471e-01,15257237
9.430613647231400e+03,9.426141642141531e+03,5.882352941176471e-01,15257239
9.431950181385753e+03,9.426127472388345e+03,1.176470588235294e+00,15257238
9.432033576536637e+03,9.423815524827372e+03,1.764705882352941e+00,15257236
9.433714887268106e+03,9.427249431392454e+03,5.882352941176471e-01,15257241
9.433798282418990e+03,9.427837585444488e+03,5.882352941176471e-01,15257242
9.435562988301343e+03,9.429635771886803e+03,5.882352941176471e-01,15257244
9.435907764878458e+03,9.426405100362531e+03,1.764705882352941e+00,15257240
9.437327694183696e+03,9.430747578622066e+03,5.882352941176471e-01,15257245
9.437672470760811e+03,9.431556072677294e+03,5.882352941176471e-01,15257246
9.439009004915164e+03,9.429009635100618e+03,1.764705882352941e+00,15257243
9.439437176643164e+03,9.433459881872130e+03,5.882352941176471e-01,15257248
9.440773710797517e+03,9.434756389667498e+03,5.882352941176471e-01,15257249
9.440857105948402e+03,9.432375640391874e+03,1.176470588235294e+00,15257247
9.442538416679870e+03,9.438390246641050e+03,5.882352941176471e-01,15257251
9.444458183523010e+03,9.442693477640657e+03,5.882352941176471e-01,15257252
9.444731294290223e+03,9.435138379883753e+03,1.764705882352941e+00,15257250
9.446222889405363e+03,9.442747724496544e+03,5.882352941176471e-01,15257254
9.446496000172576e+03,9.442875458949437e+03,5.882352941176471e-01,15257255
9.448025696130081e+03,9.442731578483022e+03,1.764705882352941e+00,15257253
9.450025411937282e+03,9.443856296665274e+03,1.176470588235294e+00,15257257
9.451517007052422e+03,9.443317026114765e+03,1.764705882352941e+00,15257256
9.451790117819635e+03,9.445819695212690e+03,5.882352941176471e-01,15257259
9.453281712934775e+03,9.448730822277717e+03,5.882352941176471e-01,15257260
9.453319813777140e+03,9.443891406759659e+03,1.764705882352941e+00,15257258
9.453554823701988e+03,9.450688560686270e+03,5.882352941176471e-01,15257261
9.455448400916711e+03,9.453683695034358e+03,5.882352941176471e-01,15257262
9.456459429996353e+03,9.454694724114000e+03,5.882352941176471e-01,15257264
9.459069335628486e+03,9.457304629746133e+03,5.882352941176471e-01,15257265
9.459280209137927e+03,9.457515503255575e+03,5.882352941176471e-01,15257266
9.459299716819054e+03,9.454005599171995e+03,1.764705882352941e+00,15257263
9.461299803131253e+03,9.459535097248900e+03,5.882352941176471e-01,15257268
9.461522993383817e+03,9.459758287501465e+03,5.882352941176471e-01,15257269
9.463064509013606e+03,9.460201930552005e+03,5.882352941176471e-01,15257270
9.463287699266170e+03,9.460630849609216e+03,5.882352941176471e-01,15257271
9.464363453275545e+03,9.458537048799565e+03,1.764705882352941e+00,15257267
9.465052405148523e+03,9.461045349361284e+03,5.882352941176471e-01,15257273
9.466128159157898e+03,9.464048756591336e+03,5.882352941176471e-01,15257274
9.467892865040251e+03,9.465062943593243e+03,5.882352941176471e-01,15257276
9.468358626660665e+03,9.460760980449557e+03,1.764705882352941e+00,15257272
9.470123332543017e+03,9.466654241878665e+03,5.882352941176471e-01,15257278
9.470346522795582e+03,9.464553627121399e+03,1.764705882352941e+00,15257275
9.471888038425370e+03,9.469526456039726e+03,5.882352941176471e-01,15257279
9.472185336552174e+03,9.470420630669821e+03,5.882352941176471e-01,15257280
9.473186982687310e+03,9.466035587293500e+03,1.764705882352941e+00,15257277
9.473652744307723e+03,9.470422284477556e+03,5.882352941176471e-01,15257281
9.473950042434527e+03,9.471075588915266e+03,5.882352941176471e-01,15257282
9.474951688569663e+03,9.472000400710328e+03,5.882352941176471e-01,15257283
9.475714748316880e+03,9.472871653837036e+03,5.882352941176471e-01,15257285
9.477182156072429e+03,9.472790072367307e+03,1.176470588235294e+00,15257284
9.477479454199233e+03,9.473147096324619e+03,5.882352941176471e-01,15257287
9.479244160081586e+03,9.474715428897383e+03,5.882352941176471e-01,15257289
9.480245806216722e+03,9.472912802936709e+03,1.764705882352941e+00,15257286
9.482476273719488e+03,9.473891420007053e+03,1.764705882352941e+00,15257288
9.482773571846292e+03,9.475215201359468e+03,1.176470588235294e+00,15257290
9.483775217981427e+03,9.476435207347290e+03,1.176470588235294e+00,15257291
9.484538277728644e+03,9.477693149729565e+03,5.882352941176471e-01,15257293
9.485539923863780e+03,9.477952347094416e+03,5.882352941176471e-01,15257294
9.486005685484194e+03,9.476883417300199e+03,1.176470588235294e+00,15257292
9.486302983610997e+03,9.481215712177224e+03,5.882352941176471e-01,15257295
9.488067689493350e+03,9.483082530904871e+03,5.882352941176471e-01,15257298
9.489832395375703e+03,9.483417185120550e+03,5.882352941176471e-01,15257299
9.490834041510839e+03,9.481405481537967e+03,1.764705882352941e+00,15257296
9.491299803131253e+03,9.482011631278064e+03,1.764705882352941e+00,15257297
9.495126513022762e+03,9.485888643467657e+03,1.764705882352941e+00,15257300
9.496128159157898e+03,9.486817572865592e+03,1.764705882352941e+00,15257301
9.496593920778312e+03,9.487034610148087e+03,1.764705882352941e+00,15257302
9.496891218905115e+03,9.489049991532199e+03,5.882352941176471e-01,15257303
9.498358626660665e+03,9.489733062283816e+03,5.882352941176471e-01,15257305
9.498655924787468e+03,9.495292403032598e+03,5.882352941176471e-01,15257306
9.499657570922604e+03,9.489143723017360e+03,1.176470588235294e+00,15257304
9.500123332543017e+03,9.495328421671931e+03,5.882352941176471e-01,15257307
9.502001266953243e+03,9.500236561070890e+03,5.882352941176471e-01,15257310
9.502185336552174e+03,9.497208838787938e+03,1.176470588235294e+00,15257308
9.504951688569663e+03,9.499399129938043e+03,1.764705882352941e+00,15257309
9.506716394452016e+03,9.501428183996665e+03,5.882352941176471e-01,15257313
9.507295384600302e+03,9.500950741055015e+03,1.764705882352941e+00,15257311
9.507479454199233e+03,9.501044154452275e+03,1.764705882352941e+00,15257312
9.509060090482655e+03,9.507117586135445e+03,5.882352941176471e-01,15257315
9.510086907714105e+03,9.508322201831752e+03,5.882352941176471e-01,15257316
9.511827540094945e+03,9.510062834212593e+03,5.882352941176471e-01,15257317
9.512010512099075e+03,9.504143896088265e+03,1.764705882352941e+00,15257314
9.514833236633927e+03,9.511303824869221e+03,1.176470588235294e+00,15257318
9.516597942516280e+03,9.513714070148767e+03,5.882352941176471e-01,15257321
9.517121657742004e+03,9.511444015367820e+03,1.764705882352941e+00,15257319
9.517741847989070e+03,9.512447730342011e+03,1.764705882352941e+00,15257320
9.518362648398633e+03,9.513812477026852e+03,5.882352941176471e-01,15257322
9.518886363624357e+03,9.514176596002311e+03,5.882352941176471e-01,15257323
9.519506553871423e+03,9.515523312407164e+03,5.882352941176471e-01,15257324
9.520127354280986e+03,9.518313897285015e+03,5.882352941176471e-01,15257325
9.521308186071668e+03,9.519543480189315e+03,5.882352941176471e-01,15257326
9.523072891954021e+03,9.521236604178861e+03,5.882352941176471e-01,15257329
9.525297635029717e+03,9.520003517382659e+03,1.764705882352941e+00,15257327
9.526126845695862e+03,9.520832728048804e+03,1.764705882352941e+00,15257328
9.526602303718727e+03,9.522649014459501e+03,1.176470588235294e+00,15257330
9.527062340912070e+03,9.523553765726388e+03,5.882352941176471e-01,15257331
9.527891551578215e+03,9.523562453712234e+03,5.882352941176471e-01,15257332
9.528367009601079e+03,9.523630513712171e+03,5.882352941176471e-01,15257333
9.529656257460568e+03,9.524560213979873e+03,5.882352941176471e-01,15257335
9.530131715483432e+03,9.524946754054712e+03,5.882352941176471e-01,15257336
9.532356458559129e+03,9.524203344064916e+03,1.764705882352941e+00,15257334
9.534121164441482e+03,9.525765088418455e+03,5.882352941176471e-01,15257339
9.534950375107627e+03,9.525147908311192e+03,1.764705882352941e+00,15257337
9.535425833130491e+03,9.525350154830085e+03,1.764705882352941e+00,15257338
9.535885870323835e+03,9.526761638198447e+03,5.882352941176471e-01,15257340
9.537190539012844e+03,9.528883713354465e+03,5.882352941176471e-01,15257342
9.540244492754686e+03,9.527873411210709e+03,1.764705882352941e+00,15257341
9.540719950777550e+03,9.530749641390301e+03,1.176470588235294e+00,15257344
9.541179987970894e+03,9.530310841625137e+03,1.764705882352941e+00,15257343
9.542484656659903e+03,9.532467695231536e+03,5.882352941176471e-01,15257346
9.543773904519392e+03,9.531118168164686e+03,1.176470588235294e+00,15257345
9.544249362542256e+03,9.533622781491931e+03,5.882352941176471e-01,15257348
9.544709399735600e+03,9.533323337107397e+03,1.176470588235294e+00,15257347
9.545538610401745e+03,9.534053040630545e+03,5.882352941176471e-01,15257349
9.546014068424609e+03,9.534775815647606e+03,5.882352941176471e-01,15257350
9.546474105617953e+03,9.538604344834620e+03,5.882352941176471e-01,15257351
9.547303316284098e+03,9.539449743807603e+03,5.882352941176471e-01,15257352
9.548238811500306e+03,9.541189579274957e+03,5.882352941176471e-01,15257354
9.549068022166451e+03,9.541493303684343e+03,5.882352941176471e-01,15257355
9.549543480189315e+03,9.540906893552187e+03,1.176470588235294e+00,15257353
9.550003517382659e+03,9.541922802355382e+03,5.882352941176471e-01,15257356
9.550832728048804e+03,9.542176860994622e+03,5.882352941176471e-01,15257357
9.551308186071668e+03,9.542405397214471e+03,5.882352941176471e-01,15257358
9.552597433931156e+03,9.545186352544897e+03,5.882352941176471e-01,15257360
9.553532929147364e+03,9.544473245312759e+03,1.176470588235294e+00,15257359
9.554362139813509e+03,9.548142447429376e+03,5.882352941176471e-01,15257362
9.556126845695862e+03,9.550657985211786e+03,5.882352941176471e-01,15257364
9.556602303718727e+03,9.547579127879275e+03,1.764705882352941e+00,15257361
9.557891551578215e+03,9.552496857737877e+03,5.882352941176471e-01,15257365
9.558367009601079e+03,9.553987968411921e+03,5.882352941176471e-01,15257366
9.558827046794423e+03,9.548370217027531e+03,1.764705882352941e+00,15257363
9.560591752676776e+03,9.554208922646600e+03,5.882352941176471e-01,15257369
9.563185669225274e+03,9.554001214840340e+03,1.764705882352941e+00,15257367
9.563661127248138e+03,9.554187648340705e+03,1.764705882352941e+00,15257368
9.564950375107627e+03,9.559610470151681e+03,5.882352941176471e-01,15257371
9.565885870323835e+03,9.557668757477625e+03,1.764705882352941e+00,15257370
9.568955244895197e+03,9.560785485478030e+03,1.764705882352941e+00,15257372
9.570244492754686e+03,9.560997710038696e+03,1.764705882352941e+00,15257373
9.570719950777550e+03,9.561539100126504e+03,5.882352941176471e-01,15257375
9.571179987970894e+03,9.561348794139273e+03,1.764705882352941e+00,15257374
9.572009198637039e+03,9.562684655957023e+03,5.882352941176471e-01,15257376
9.572484656659903e+03,9.563199460299065e+03,5.882352941176471e-01,15257377
9.573773904519392e+03,9.566624969299922e+03,5.882352941176471e-01,15257379
9.574249362542256e+03,9.566923822114757e+03,5.882352941176471e-01,15257380
9.574709399735600e+03,9.566440591399280e+03,1.176470588235294e+00,15257378
9.575538610401745e+03,9.567764584033791e+03,5.882352941176471e-01,15257381
9.576474105617953e+03,9.569670191983417e+03,5.882352941176471e-01,15257383
9.578238811500306e+03,9.569782302241921e+03,5.882352941176471e-01,15257385
9.579543480189315e+03,9.568343970236330e+03,1.764705882352941e+00,15257382
9.580003517382659e+03,9.570137881883240e+03,5.882352941176471e-01,15257386
9.580832728048804e+03,9.569756895714438e+03,1.764705882352941e+00,15257384
9.581308186071668e+03,9.570351565776817e+03,5.882352941176471e-01,15257387
9.581768223265011e+03,9.570397844728363e+03,5.882352941176471e-01,15257388
9.582597433931156e+03,9.570799275036366e+03,5.882352941176471e-01,15257389
9.583532929147364e+03,9.571145950349591e+03,5.882352941176471e-01,15257391
9.584362139813509e+03,9.571488718172119e+03,5.882352941176471e-01,15257392
9.585297635029717e+03,9.572596635961992e+03,5.882352941176471e-01,15257393
9.586126845695862e+03,9.573182012112762e+03,5.882352941176471e-01,15257394
9.586602303718727e+03,9.571132533211938e+03,1.764705882352941e+00,15257390
9.587891551578215e+03,9.573708081917272e+03,5.882352941176471e-01,15257396
9.588367009601080e+03,9.573855119632995e+03,5.882352941176471e-01,15257397
9.590131715483432e+03,9.575338871018267e+03,5.882352941176471e-01,15257399
9.590591752676776e+03,9.573527866775445e+03,1.764705882352941e+00,15257395
9.591896421365785e+03,9.575403807725881e+03,5.882352941176471e-01,15257400
9.592356458559129e+03,9.579628631835818e+03,5.882352941176471e-01,15257401
9.593185669225274e+03,9.574104465322913e+03,1.764705882352941e+00,15257398
9.593661127248138e+03,9.579911846023523e+03,5.882352941176471e-01,15257402
9.595425833130491e+03,9.581509482756401e+03,5.882352941176471e-01,15257405
9.595885870323835e+03,9.579914923287716e+03,1.176470588235294e+00,15257403
9.598479786872333e+03,9.581476674470409e+03,1.764705882352941e+00,15257404
9.600244492754686e+03,9.586378608420227e+03,5.882352941176471e-01,15257408
9.600719950777550e+03,9.582448325227721e+03,1.764705882352941e+00,15257406
9.601179987970894e+03,9.583688726253499e+03,1.764705882352941e+00,15257407
9.602009198637039e+03,9.587161111844270e+03,5.882352941176471e-01,15257409
9.602944693853247e+03,9.593272921374508e+03,5.882352941176471e-01,15257411
9.603773904519392e+03,9.594925347037359e+03,5.882352941176471e-01,15257412
9.605538610401745e+03,9.598515024333548e+03,5.882352941176471e-01,15257414
9.606014068424609e+03,9.588109562171742e+03,1.764705882352941e+00,15257410
9.608238811500306e+03,9.598283527183757e+03,1.764705882352941e+00,15257413
9.609068022166451e+03,9.600703354426626e+03,1.176470588235294e+00,15257415
9.610003517382659e+03,9.603551059551738e+03,5.882352941176471e-01,15257417
9.610832728048804e+03,9.603582804037537e+03,5.882352941176471e-01,15257418
9.611308186071668e+03,9.601366272545418e+03,1.764705882352941e+00,15257416
9.613072891954021e+03,9.608256487365883e+03,5.882352941176471e-01,15257421
9.615297635029717e+03,9.604462841210193e+03,1.764705882352941e+00,15257419
9.616126845695862e+03,9.604836793129625e+03,1.764705882352941e+00,15257420
9.617891551578215e+03,9.611533685659744e+03,5.882352941176471e-01,15257424
9.618367009601080e+03,9.610763777073604e+03,1.764705882352941e+00,15257422
9.618827046794423e+03,9.610952923763994e+03,1.176470588235294e+00,15257423
9.620591752676776e+03,9.616044258606523e+03,5.882352941176471e-01,15257427
9.623185669225274e+03,9.611665832301028e+03,1.764705882352941e+00,15257425
9.623661127248138e+03,9.615626973028882e+03,1.764705882352941e+00,15257426
9.625425833130491e+03,9.619147073564556e+03,5.882352941176471e-01,15257430
9.625885870323835e+03,9.616354001856864e+03,1.764705882352941e+00,15257428
9.627190539012844e+03,9.624202147029300e+03,5.882352941176471e-01,15257431
9.628479786872333e+03,9.618631647176403e+03,1.764705882352941e+00,15257429
9.628955244895197e+03,9.626302351649557e+03,5.882352941176471e-01,15257433
9.629415282088541e+03,9.625362250500822e+03,1.176470588235294e+00,15257432
9.630244492754686e+03,9.627045362219284e+03,5.882352941176471e-01,15257434
9.630719950777550e+03,9.628546821580567e+03,5.882352941176471e-01,15257435
9.631179987970894e+03,9.628849544714983e+03,5.882352941176471e-01,15257436
9.632653996120418e+03,9.630889290238065e+03,5.882352941176471e-01,15257438
9.633695927139433e+03,9.631931221257080e+03,5.882352941176471e-01,15257439
9.633773904519392e+03,9.629358398600213e+03,1.176470588235294e+00,15257437
9.635299103424997e+03,9.633534397542644e+03,5.882352941176471e-01,15257440
9.636154333555385e+03,9.634389627673032e+03,5.882352941176471e-01,15257442
9.637919039437738e+03,9.634725213979096e+03,5.882352941176471e-01,15257444
9.638828515189702e+03,9.634455337068232e+03,1.176470588235294e+00,15257443
9.639165692020380e+03,9.633871574373321e+03,1.764705882352941e+00,15257441
9.639683745320091e+03,9.635567674637799e+03,5.882352941176471e-01,15257445
9.640930397902733e+03,9.638131110290346e+03,5.882352941176471e-01,15257447
9.644122632836761e+03,9.636091531894417e+03,1.764705882352941e+00,15257446
9.644140100315888e+03,9.642375394433535e+03,5.882352941176471e-01,15257449
9.644977862967150e+03,9.639525529791250e+03,1.764705882352941e+00,15257448
9.645887338719114e+03,9.642942799724708e+03,5.882352941176471e-01,15257450
9.647166825895118e+03,9.645402120012765e+03,5.882352941176471e-01,15257452
9.647891805529632e+03,9.644362393764926e+03,1.176470588235294e+00,15257451
9.652395214760060e+03,9.650630508877707e+03,5.882352941176471e-01,15257454
9.652964920528282e+03,9.647670802881223e+03,1.764705882352941e+00,15257453
9.653017004329053e+03,9.651252298446700e+03,5.882352941176471e-01,15257455
9.654159920642413e+03,9.652035174193402e+03,5.882352941176471e-01,15257456
9.654729626410634e+03,9.652695480912055e+03,5.882352941176471e-01,15257457
9.655451983762201e+03,9.653687277879848e+03,5.882352941176471e-01,15257458
9.655924626524766e+03,9.653716316321759e+03,5.882352941176471e-01,15257459
9.656751463491030e+03,9.654986757608677e+03,5.882352941176471e-01,15257460
9.661633527826828e+03,9.656339410179769e+03,1.764705882352941e+00,15257461
9.663398233709180e+03,9.658658804774380e+03,5.882352941176471e-01,15257464
9.663703733419599e+03,9.658409615772540e+03,1.764705882352941e+00,15257462
9.663799264809407e+03,9.658505147162349e+03,1.764705882352941e+00,15257463
9.665162939591533e+03,9.658754407379871e+03,5.882352941176471e-01,15257465
9.665563970691760e+03,9.661168859512818e+03,5.882352941176471e-01,15257467
9.666927645473886e+03,9.662227867440512e+03,5.882352941176471e-01,15257468
9.668692351356239e+03,9.663330861853089e+03,5.882352941176471e-01,15257470
9.668997851066658e+03,9.660626405225431e+03,1.764705882352941e+00,15257466
9.670457057238592e+03,9.664842910391319e+03,5.882352941176471e-01,15257471
9.670858088338819e+03,9.663268033270245e+03,1.764705882352941e+00,15257469
9.672221763120945e+03,9.667104420305203e+03,5.882352941176471e-01,15257473
9.672622794221172e+03,9.667110172237226e+03,5.882352941176471e-01,15257474
9.673986469003298e+03,9.667851228566996e+03,5.882352941176471e-01,15257475
9.674291968713717e+03,9.666732752368042e+03,1.764705882352941e+00,15257472
9.676056674596070e+03,9.668713695527011e+03,5.882352941176471e-01,15257478
9.677821380478423e+03,9.670109497719688e+03,5.882352941176471e-01,15257479
9.677916911868231e+03,9.668059704615288e+03,1.764705882352941e+00,15257476
9.679280586650357e+03,9.668270308685434e+03,1.764705882352941e+00,15257477
9.679586086360776e+03,9.670532005696069e+03,5.882352941176471e-01,15257480
9.682809998415063e+03,9.677952445627236e+03,1.176470588235294e+00,15257482
9.683211029515290e+03,9.673909125851294e+03,1.764705882352941e+00,15257481
9.684880204007834e+03,9.678286914870410e+03,1.764705882352941e+00,15257483
9.684975735397643e+03,9.681280960025332e+03,5.882352941176471e-01,15257485
9.688104116062122e+03,9.681177326347301e+03,1.764705882352941e+00,15257484
9.688505147162349e+03,9.683718595420835e+03,1.176470588235294e+00,15257487
9.690174321654893e+03,9.682284359176181e+03,1.764705882352941e+00,15257486
9.693398233709180e+03,9.684427660935969e+03,1.764705882352941e+00,15257488
9.693799264809407e+03,9.684854377421113e+03,1.764705882352941e+00,15257489
9.695162939591533e+03,9.688662130777389e+03,5.882352941176471e-01,15257491
9.695468439301952e+03,9.686381873626287e+03,1.764705882352941e+00,15257490
9.695563970691760e+03,9.688752168755061e+03,5.882352941176471e-01,15257492
9.697328676574113e+03,9.690426774558947e+03,5.882352941176471e-01,15257495
9.698997851066658e+03,9.689860265222760e+03,1.176470588235294e+00,15257494
9.699093382456466e+03,9.691247304255001e+03,5.882352941176471e-01,15257496
9.700457057238592e+03,9.688937277149929e+03,1.764705882352941e+00,15257493
9.700762556949011e+03,9.692791238370531e+03,5.882352941176471e-01,15257497
9.700858088338819e+03,9.694648204805580e+03,5.882352941176471e-01,15257498
9.704291968713717e+03,9.695843216232954e+03,1.176470588235294e+00,15257500
9.705751174885651e+03,9.695364687234218e+03,1.764705882352941e+00,15257499
9.706056674596070e+03,9.698306220030598e+03,5.882352941176471e-01,15257502
9.706152205985878e+03,9.697583258497845e+03,1.764705882352941e+00,15257501
9.707916911868231e+03,9.702457063385056e+03,5.882352941176471e-01,15257505
9.711045292532710e+03,9.699620061001332e+03,1.764705882352941e+00,15257503
9.711350792243128e+03,9.701811665164738e+03,1.764705882352941e+00,15257504
9.713115498125481e+03,9.704558462625861e+03,5.882352941176471e-01,15257508
9.713211029515290e+03,9.703706940676956e+03,1.764705882352941e+00,15257506
9.714880204007834e+03,9.704764206678257e+03,5.882352941176471e-01,15257509
9.716339410179769e+03,9.703728455353502e+03,1.764705882352941e+00,15257507
9.716644909890187e+03,9.706940383159483e+03,5.882352941176471e-01,15257511
9.718104116062122e+03,9.707257486878006e+03,5.882352941176471e-01,15257512
9.718505147162349e+03,9.705017573593592e+03,1.764705882352941e+00,15257510
9.721939027537246e+03,9.708474083749051e+03,1.764705882352941e+00,15257513
9.723398233709180e+03,9.709295089952985e+03,1.764705882352941e+00,15257514
9.723703733419599e+03,9.711487932739034e+03,5.882352941176471e-01,15257516
9.723799264809407e+03,9.711474823545248e+03,1.764705882352941e+00,15257515
9.725162939591533e+03,9.712763919322652e+03,5.882352941176471e-01,15257517
9.725468439301952e+03,9.714375315130224e+03,5.882352941176471e-01,15257518
9.725563970691760e+03,9.714391220216618e+03,5.882352941176471e-01,15257519
9.726927645473886e+03,9.715007577143338e+03,5.882352941176471e-01,15257520
9.727233145184305e+03,9.716546020362584e+03,5.882352941176471e-01,15257521
9.728692351356239e+03,9.720381660186335e+03,5.882352941176471e-01,15257523
9.728997851066658e+03,9.720562060768871e+03,5.882352941176471e-01,15257524
9.730457057238592e+03,9.722769449674591e+03,5.882352941176471e-01,15257525
9.730762556949011e+03,9.725607151160143e+03,5.882352941176471e-01,15257526
9.730858088338819e+03,9.719152950003396e+03,1.764705882352941e+00,15257522
9.732221763120945e+03,9.726441682488015e+03,5.882352941176471e-01,15257527
9.732527262831364e+03,9.726476962876054e+03,5.882352941176471e-01,15257528
9.732622794221172e+03,9.726486616763445e+03,5.882352941176471e-01,15257529
9.734291968713717e+03,9.727785144362982e+03,5.882352941176471e-01,15257531
9.736056674596070e+03,9.729931340931894e+03,5.882352941176471e-01,15257533
9.737515880768004e+03,9.727035188453394e+03,1.764705882352941e+00,15257530
9.737821380478423e+03,9.730756117336072e+03,5.882352941176471e-01,15257534
9.737916911868231e+03,9.729722497425059e+03,1.764705882352941e+00,15257532
9.739280586650357e+03,9.730840281149023e+03,5.882352941176471e-01,15257535
9.739586086360776e+03,9.732611394100163e+03,5.882352941176471e-01,15257536
9.739681617750584e+03,9.733262113368558e+03,5.882352941176471e-01,15257537
9.741446323632937e+03,9.738598848676039e+03,5.882352941176471e-01,15257540
9.743211029515290e+03,9.739237385568832e+03,5.882352941176471e-01,15257541
9.744574704297416e+03,9.734898765202546e+03,1.764705882352941e+00,15257538
9.744880204007834e+03,9.738505450151023e+03,1.764705882352941e+00,15257539
9.744975735397643e+03,9.739432047804891e+03,5.882352941176471e-01,15257542
9.746339410179769e+03,9.740331732219736e+03,5.882352941176471e-01,15257543
9.746644909890187e+03,9.741024429338251e+03,5.882352941176471e-01,15257544
9.748409615772540e+03,9.745652847600089e+03,5.882352941176471e-01,15257547
9.749868821944475e+03,9.743487396332889e+03,1.176470588235294e+00,15257546
9.750269853044702e+03,9.742057569025414e+03,1.764705882352941e+00,15257545
9.751633527826828e+03,9.746791066854713e+03,5.882352941176471e-01,15257549
9.752034558927054e+03,9.746834376197306e+03,5.882352941176471e-01,15257550
9.753703733419599e+03,9.746469642775716e+03,1.764705882352941e+00,15257548
9.756927645473886e+03,9.747213616803987e+03,1.764705882352941e+00,15257551
9.757328676574113e+03,9.750801828867154e+03,1.764705882352941e+00,15257552
9.758692351356239e+03,9.753663238483819e+03,5.882352941176471e-01,15257554
9.758997851066658e+03,9.753368504597311e+03,1.764705882352941e+00,15257553
9.760762556949011e+03,9.755664654624905e+03,5.882352941176471e-01,15257557
9.762527262831364e+03,9.755857739256503e+03,5.882352941176471e-01,15257558
9.762622794221172e+03,9.753959077154749e+03,1.764705882352941e+00,15257555
9.763986469003298e+03,9.754319789359910e+03,1.764705882352941e+00,15257556
9.764387500103525e+03,9.758339078024901e+03,5.882352941176471e-01,15257560
9.765751174885651e+03,9.762111894137662e+03,5.882352941176471e-01,15257561
9.766056674596070e+03,9.758034205657574e+03,1.176470588235294e+00,15257559
9.767515880768004e+03,9.763756366761272e+03,5.882352941176471e-01,15257563
9.769280586650357e+03,9.765598997697357e+03,5.882352941176471e-01,15257565
9.769681617750584e+03,9.763008491034627e+03,1.764705882352941e+00,15257562
9.771045292532710e+03,9.765718336518352e+03,5.882352941176471e-01,15257566
9.771350792243128e+03,9.764187061372224e+03,1.764705882352941e+00,15257564
9.771446323632937e+03,9.766009142279121e+03,5.882352941176471e-01,15257567
9.772809998415063e+03,9.766462075600585e+03,5.882352941176471e-01,15257568
9.773115498125481e+03,9.766786676337131e+03,5.882352941176471e-01,15257569
9.773211029515290e+03,9.767171726741986e+03,5.882352941176471e-01,15257570
9.778104116062122e+03,9.770125999676711e+03,1.764705882352941e+00,15257571
9.778409615772540e+03,9.770244225098733e+03,1.764705882352941e+00,15257572
9.778505147162349e+03,9.771843177127534e+03,1.764705882352941e+00,15257573
9.780174321654893e+03,9.774707687959695e+03,5.882352941176471e-01,15257575
9.780269853044702e+03,9.774870167402674e+03,5.882352941176471e-01,15257576
9.781633527826828e+03,9.772634588256718e+03,1.176470588235294e+00,15257574
9.782034558927054e+03,9.775007863220836e+03,5.882352941176471e-01,15257578
9.785162939591533e+03,9.775628002829123e+03,1.176470588235294e+00,15257579
9.785468439301952e+03,9.774935073601559e+03,1.764705882352941e+00,15257577
9.787233145184305e+03,9.779216501132963e+03,5.882352941176471e-01,15257582
9.787328676574113e+03,9.777387304935092e+03,1.764705882352941e+00,15257580
9.790457057238592e+03,9.777612771711948e+03,1.764705882352941e+00,15257581
9.792221763120945e+03,9.783908815528274e+03,5.882352941176471e-01,15257585
9.792527262831364e+03,9.780714269137436e+03,1.764705882352941e+00,15257583
9.792622794221172e+03,9.780920755761252e+03,1.764705882352941e+00,15257584
9.793986469003298e+03,9.786052346067018e+03,5.882352941176471e-01,15257586
9.794387500103525e+03,9.789134933482776e+03,5.882352941176471e-01,15257588
9.795751174885651e+03,9.789150959718053e+03,5.882352941176471e-01,15257589
9.796056674596070e+03,9.787520980099039e+03,1.176470588235294e+00,15257587
9.796152205985878e+03,9.790217246581734e+03,5.882352941176471e-01,15257590
9.801045292532710e+03,9.790322298750432e+03,1.764705882352941e+00,15257591
9.801350792243128e+03,9.790543701736615e+03,1.764705882352941e+00,15257592
9.801446323632937e+03,9.792222959548690e+03,1.764705882352941e+00,15257593
9.802809998415063e+03,9.796097745741466e+03,5.882352941176471e-01,15257594
9.803211029515290e+03,9.797651697558967e+03,5.882352941176471e-01,15257596
9.804574704297416e+03,9.798215190181890e+03,5.882352941176471e-01,15257597
9.804975735397643e+03,9.801051284642012e+03,5.882352941176471e-01,15257598
9.806644909890187e+03,9.796968122172975e+03,1.764705882352941e+00,15257595
9.808104116062122e+03,9.801091361946873e+03,1.176470588235294e+00,15257599
9.808505147162349e+03,9.802464731537223e+03,1.176470588235294e+00,15257600
9.809868821944475e+03,9.806099807182625e+03,5.882352941176471e-01,15257602
9.810174321654893e+03,9.804373829278656e+03,1.176470588235294e+00,15257601
9.811633527826828e+03,9.806915873817839e+03,5.882352941176471e-01,15257604
9.812034558927054e+03,9.806213033081435e+03,1.176470588235294e+00,15257603
9.813799264809407e+03,9.810149347107451e+03,5.882352941176471e-01,15257607
9.815468439301952e+03,9.807700427597322e+03,1.764705882352941e+00,15257605
9.815563970691760e+03,9.811154666558037e+03,5.882352941176471e-01,15257608
9.816927645473886e+03,9.807800760887515e+03,1.764705882352941e+00,15257606
9.817328676574113e+03,9.811660979839193e+03,5.882352941176471e-01,15257610
9.818692351356239e+03,9.812626178807806e+03,5.882352941176471e-01,15257611
9.820457057238592e+03,9.813030099128333e+03,5.882352941176471e-01,15257613
9.820762556949011e+03,9.811434513999756e+03,1.764705882352941e+00,15257609
9.822527262831364e+03,9.819210581700437e+03,5.882352941176471e-01,15257615
9.822622794221172e+03,9.812690834222820e+03,1.764705882352941e+00,15257612
9.824291968713717e+03,9.819590370584279e+03,5.882352941176471e-01,15257616
9.824387500103525e+03,9.821223075451022e+03,5.882352941176471e-01,15257617
9.825751174885651e+03,9.815774221810245e+03,1.764705882352941e+00,15257614
9.826152205985878e+03,9.822956260530368e+03,5.882352941176471e-01,15257619
9.827821380478423e+03,9.822123537658220e+03,1.176470588235294e+00,15257618
9.829586086360776e+03,9.825401567842188e+03,5.882352941176471e-01,15257622
9.831045292532710e+03,9.823555806953966e+03,1.764705882352941e+00,15257620
9.831350792243128e+03,9.826098739092307e+03,5.882352941176471e-01,15257623
9.831446323632937e+03,9.825114942257289e+03,1.764705882352941e+00,15257621
9.833115498125481e+03,9.828942273890061e+03,5.882352941176471e-01,15257625
9.833211029515290e+03,9.830087639744900e+03,5.882352941176471e-01,15257626
9.834975735397643e+03,9.831335820293504e+03,5.882352941176471e-01,15257628
9.836339410179769e+03,9.827016261872130e+03,1.764705882352941e+00,15257624
9.836740441279996e+03,9.831652747445887e+03,5.882352941176471e-01,15257629
9.838104116062122e+03,9.832282730323209e+03,5.882352941176471e-01,15257630
9.838409615772540e+03,9.831324211769724e+03,1.764705882352941e+00,15257627
9.839868821944475e+03,9.836678469650469e+03,5.882352941176471e-01,15257632
9.842034558927055e+03,9.833874049397439e+03,1.764705882352941e+00,15257631
9.843703733419599e+03,9.836822588216673e+03,1.764705882352941e+00,15257633
9.843799264809407e+03,9.839033856171118e+03,5.882352941176471e-01,15257635
9.845162939591533e+03,9.837440600351292e+03,1.764705882352941e+00,15257634
9.848997851066658e+03,9.839083214524293e+03,1.764705882352941e+00,15257636
9.849093382456466e+03,9.839174019838629e+03,1.764705882352941e+00,15257637
9.850457057238592e+03,9.840643401233927e+03,1.764705882352941e+00,15257638
9.850762556949011e+03,9.840877004791646e+03,5.882352941176471e-01,15257639
9.852221763120945e+03,9.843386321737171e+03,5.882352941176471e-01,15257641
9.852527262831364e+03,9.844582832757609e+03,5.882352941176471e-01,15257642
9.852622794221172e+03,9.842072051683316e+03,1.176470588235294e+00,15257640
9.853986469003298e+03,9.844921528286242e+03,5.882352941176471e-01,15257643
9.854387500103525e+03,9.849793368570596e+03,5.882352941176471e-01,15257645
9.856813849941365e+03,9.855049144059012e+03,5.882352941176471e-01,15257647
9.857515880768004e+03,9.850580759898906e+03,1.176470588235294e+00,15257646
9.857821380478423e+03,9.847455274086886e+03,1.764705882352941e+00,15257644
9.859280586650357e+03,9.857281694260414e+03,5.882352941176471e-01,15257649
9.861045292532710e+03,9.858503554977855e+03,5.882352941176471e-01,15257651
9.862107967588424e+03,9.855743060235978e+03,1.764705882352941e+00,15257648
9.863367040889173e+03,9.858072923242114e+03,1.764705882352941e+00,15257650
9.863872673470777e+03,9.859146416050768e+03,5.882352941176471e-01,15257653
9.865131746771526e+03,9.859608590503349e+03,5.882352941176471e-01,15257654
9.865637379353130e+03,9.859833183866057e+03,5.882352941176471e-01,15257655
9.866339410179769e+03,9.858580318860225e+03,1.764705882352941e+00,15257652
9.866896452653879e+03,9.862187865290612e+03,5.882352941176471e-01,15257656
9.867402085235483e+03,9.864132226258682e+03,5.882352941176471e-01,15257657
9.868104116062122e+03,9.865290043434464e+03,5.882352941176471e-01,15257658
9.869166791117836e+03,9.865897108195378e+03,5.882352941176471e-01,15257660
9.870425864418585e+03,9.865358304759550e+03,1.176470588235294e+00,15257659
9.870931497000189e+03,9.866354248718818e+03,5.882352941176471e-01,15257662
9.873398233709180e+03,9.866147737019372e+03,1.764705882352941e+00,15257661
9.875162939591533e+03,9.868143223945872e+03,5.882352941176471e-01,15257665
9.875719982065644e+03,9.866874212124501e+03,1.764705882352941e+00,15257663
9.876225614647248e+03,9.866930327722405e+03,1.764705882352941e+00,15257664
9.876927645473886e+03,9.869630667525734e+03,5.882352941176471e-01,15257666
9.877484687947996e+03,9.874601781990227e+03,5.882352941176471e-01,15257667
9.881187773409221e+03,9.879423067526868e+03,5.882352941176471e-01,15257669
9.881519732294306e+03,9.874757536332043e+03,1.764705882352941e+00,15257668
9.881658802376114e+03,9.879894096493761e+03,5.882352941176471e-01,15257670
9.883284438176659e+03,9.880648624921947e+03,5.882352941176471e-01,15257672
9.884717185173927e+03,9.880327485492069e+03,1.176470588235294e+00,15257671
9.887610668096899e+03,9.885845962214546e+03,5.882352941176471e-01,15257673
9.889375373979252e+03,9.887193868498849e+03,5.882352941176471e-01,15257676
9.890155594408112e+03,9.886626182643407e+03,1.176470588235294e+00,15257674
9.891140079861605e+03,9.887639349627032e+03,5.882352941176471e-01,15257677
9.891920300290465e+03,9.887932635053602e+03,5.882352941176471e-01,15257678
9.892395010498915e+03,9.887100892851856e+03,1.764705882352941e+00,15257675
9.892904785743958e+03,9.888667928233644e+03,5.882352941176471e-01,15257679
9.893685006172818e+03,9.889033452267447e+03,5.882352941176471e-01,15257680
9.895449712055171e+03,9.889821603921889e+03,5.882352941176471e-01,15257683
9.896434197508664e+03,9.889810275700460e+03,1.176470588235294e+00,15257682
9.897689128145974e+03,9.889688857493326e+03,1.764705882352941e+00,15257681
9.898979123819877e+03,9.889841481303123e+03,1.176470588235294e+00,15257684
9.901218539910680e+03,9.891411498060499e+03,1.176470588235294e+00,15257686
9.901728315155723e+03,9.891139117603619e+03,1.764705882352941e+00,15257685
9.904273241466936e+03,9.891611530132796e+03,1.764705882352941e+00,15257687
9.905257726920429e+03,9.893330218374133e+03,1.176470588235294e+00,15257689
9.906512657557739e+03,9.892151759766909e+03,1.764705882352941e+00,15257688
9.907802653231642e+03,9.895353516785824e+03,1.176470588235294e+00,15257690
9.908277363440091e+03,9.899917891793087e+03,5.882352941176471e-01,15257692
9.908787138685134e+03,9.898206211600808e+03,1.176470588235294e+00,15257691
9.909567359113995e+03,9.901297634684737e+03,5.882352941176471e-01,15257693
9.910551844567487e+03,9.902500591093192e+03,5.882352941176471e-01,15257695
9.911332064996348e+03,9.902680582273486e+03,5.882352941176471e-01,15257696
9.911806775204797e+03,9.901720342403146e+03,1.176470588235294e+00,15257694
9.915336186969503e+03,9.906356960480191e+03,1.176470588235294e+00,15257699
9.915845962214546e+03,9.903241505335747e+03,1.764705882352941e+00,15257697
9.916626182643407e+03,9.906001751164153e+03,1.764705882352941e+00,15257698
9.917610668096899e+03,9.911903979537758e+03,5.882352941176471e-01,15257701
9.918390888525759e+03,9.912765240729188e+03,5.882352941176471e-01,15257702
9.920155594408112e+03,9.914698312989975e+03,5.882352941176471e-01,15257704
9.920630304616562e+03,9.907225167512361e+03,1.764705882352941e+00,15257700
9.922904785743958e+03,9.913783984124447e+03,1.764705882352941e+00,15257703
9.923325631089080e+03,9.921560925206727e+03,5.882352941176471e-01,15257706
9.925449712055171e+03,9.918000425359219e+03,1.764705882352941e+00,15257705
9.928198903391017e+03,9.922274891453194e+03,1.764705882352941e+00,15257707
9.928619748736139e+03,9.922492410418347e+03,1.764705882352941e+00,15257708
9.928979123819877e+03,9.922912835331400e+03,1.176470588235294e+00,15257709
9.930743829702230e+03,9.925052557953867e+03,5.882352941176471e-01,15257712
9.932149160500844e+03,9.924111929141257e+03,1.176470588235294e+00,15257711
9.933493021038076e+03,9.923903250992048e+03,1.764705882352941e+00,15257710
9.933913866383197e+03,9.928360003057428e+03,5.882352941176471e-01,15257714
9.935257726920429e+03,9.930258322163834e+03,5.882352941176471e-01,15257715
9.935678572265550e+03,9.931603559521664e+03,5.882352941176471e-01,15257716
9.936037947349289e+03,9.926238722862269e+03,1.764705882352941e+00,15257713
9.938787138685134e+03,9.932901562777181e+03,1.176470588235294e+00,15257717
9.940551844567487e+03,9.934974664790867e+03,5.882352941176471e-01,15257720
9.940972689912609e+03,9.934405965778857e+03,1.764705882352941e+00,15257718
9.941332064996348e+03,9.934695068782631e+03,1.764705882352941e+00,15257719
9.942316550449840e+03,9.935337990922755e+03,5.882352941176471e-01,15257721
9.943096770878701e+03,9.937066990095413e+03,5.882352941176471e-01,15257723
9.944861476761054e+03,9.938481270716839e+03,5.882352941176471e-01,15257725
9.946266807559668e+03,9.936237523153749e+03,1.764705882352941e+00,15257722
9.946626182643407e+03,9.938789170088657e+03,5.882352941176471e-01,15257726
9.947610668096899e+03,9.937968633466913e+03,1.764705882352941e+00,15257724
9.948031513442021e+03,9.939174477625468e+03,5.882352941176471e-01,15257727
9.949375373979252e+03,9.940863749572065e+03,5.882352941176471e-01,15257729
9.951920300290465e+03,9.939661775124149e+03,1.764705882352941e+00,15257728
9.953325631089080e+03,9.941641160557145e+03,1.764705882352941e+00,15257730
9.953685006172818e+03,9.946621046415701e+03,5.882352941176471e-01,15257732
9.954669491626311e+03,9.944100409665422e+03,1.764705882352941e+00,15257731
9.956434197508664e+03,9.947997134534182e+03,5.882352941176471e-01,15257735
9.958198903391017e+03,9.948128193896285e+03,5.882352941176471e-01,15257736
9.958619748736139e+03,9.946624111309305e+03,1.764705882352941e+00,15257733
9.958979123819877e+03,9.947417371003595e+03,1.764705882352941e+00,15257734
9.959963609273370e+03,9.949713824686588e+03,5.882352941176471e-01,15257737
9.960743829702230e+03,9.951379174880201e+03,5.882352941176471e-01,15257739
9.961728315155723e+03,9.952264171573433e+03,5.882352941176471e-01,15257740
9.962508535584583e+03,9.954800537824969e+03,5.882352941176471e-01,15257741
9.963493021038076e+03,9.955023847414486e+03,5.882352941176471e-01,15257742
9.963913866383197e+03,9.949755181240791e+03,1.764705882352941e+00,15257738
9.964273241466936e+03,9.955066891115006e+03,5.882352941176471e-01,15257743
9.965257726920429e+03,9.957753576444319e+03,5.882352941176471e-01,15257744
9.966037947349289e+03,9.957868090922681e+03,5.882352941176471e-01,15257746
9.969207984030256e+03,9.957761410324125e+03,1.764705882352941e+00,15257745
9.969567359113995e+03,9.958114741158335e+03,1.176470588235294e+00,15257748
9.970551844567487e+03,9.957993942725434e+03,1.764705882352941e+00,15257747
9.970972689912609e+03,9.958607514255619e+03,5.882352941176471e-01,15257749
9.971332064996348e+03,9.959168709697953e+03,5.882352941176471e-01,15257750
9.972737395794962e+03,9.959852607069692e+03,5.882352941176471e-01,15257752
9.973096770878701e+03,9.960699313562880e+03,5.882352941176471e-01,15257753
9.974502101677315e+03,9.961657400319823e+03,5.882352941176471e-01,15257754
9.975845962214546e+03,9.959234359547225e+03,1.764705882352941e+00,15257751
9.977610668096899e+03,9.963894994099528e+03,5.882352941176471e-01,15257757
9.978390888525759e+03,9.961678515509730e+03,1.764705882352941e+00,15257755
9.979375373979252e+03,9.965528116869361e+03,5.882352941176471e-01,15257758
9.979796219324374e+03,9.963779399421064e+03,1.764705882352941e+00,15257756
9.981140079861605e+03,9.967556265356085e+03,5.882352941176471e-01,15257760
9.981920300290465e+03,9.965874088999032e+03,1.176470588235294e+00,15257759
9.984669491626311e+03,9.968475030870879e+03,1.176470588235294e+00,15257762
9.985090336971433e+03,9.967931778887165e+03,1.764705882352941e+00,15257761
9.985449712055171e+03,9.969466008716446e+03,1.176470588235294e+00,15257763
9.988198903391017e+03,9.973311310354572e+03,1.176470588235294e+00,15257764
9.989963609273370e+03,9.976460791465176e+03,5.882352941176471e-01,15257767
9.990384454618492e+03,9.974066992678977e+03,1.764705882352941e+00,15257765
9.990743829702230e+03,9.976020472088393e+03,1.764705882352941e+00,15257766
9.991728315155723e+03,9.978132554487641e+03,5.882352941176471e-01,15257768
9.992149160500844e+03,9.980024411349951e+03,5.882352941176471e-01,15257769
9.993913866383197e+03,9.983035289793270e+03,5.882352941176471e-01,15257772
9.995678572265550e+03,9.983656181435196e+03,5.882352941176471e-01,15257773
9.996037947349289e+03,9.980361112098007e+03,1.764705882352941e+00,15257770
9.997022432802782e+03,9.982048894256693e+03,1.764705882352941e+00,15257771
9.997443278147903e+03,9.983723051474697e+03,5.882352941176471e-01,15257774
9.997802653231642e+03,9.984114383518829e+03,5.882352941176471e-01,15257775
9.999207984030256e+03,9.986561861642009e+03,5.882352941176471e-01,15257777
9.999567359113995e+03,9.986598926399538e+03,5.882352941176471e-01,15257778
1.000097268991261e+04,9.987370559962331e+03,5.882352941176471e-01,15257779
