FinishTime,ArrivalTime,ServiceTime,ID
2.026287463198822e+00,2.615815808458805e-01,5.882352941176471e-01,48841646
2.619686114729929e+00,8.549802323769875e-01,5.882352941176471e-01,48841647
3.641436864889910e+00,1.876730982536968e+00,5.882352941176471e-01,48841648
5.188628150698260e+00,3.423922268345318e+00,5.882352941176471e-01,48841649
5.395796513520460e+00,3.631090631167519e+00,5.882352941176471e-01,48841650
7.160502395873402e+00,4.964908184483390e+00,5.882352941176471e-01,48841653
9.106529276524185e+00,3.812411629465361e+00,1.764705882352941e+00,48841651
1.048274579775708e+01,4.292529652206753e+00,1.764705882352941e+00,48841652
1.087123515887713e+01,5.736390848993808e+00,5.882352941176471e-01,48841655
1.245462004293222e+01,5.320418028214617e+00,1.764705882352941e+00,48841654
1.421932592528517e+01,7.070340499925700e+00,5.882352941176471e-01,48841658
1.577686344481591e+01,6.345594413815930e+00,1.764705882352941e+00,48841656
1.616535280593595e+01,6.590673037312355e+00,1.764705882352941e+00,48841657
1.793005868828889e+01,9.879870031303803e+00,5.882352941176471e-01,48841661
1.930627520952179e+01,8.628965246357974e+00,1.176470588235294e+00,48841660
1.951344357234399e+01,8.291590989712225e+00,1.764705882352941e+00,48841659
1.969476457064183e+01,1.216388174432633e+01,5.882352941176471e-01,48841662
2.107098109187473e+01,1.380257712528145e+01,5.882352941176471e-01,48841663
2.127814945469693e+01,1.652894645972365e+01,5.882352941176471e-01,48841664
2.145947045299477e+01,1.758241659490657e+01,5.882352941176471e-01,48841665
2.283568697422767e+01,1.874362404472612e+01,5.882352941176471e-01,48841666
2.460039285658061e+01,2.224457899274345e+01,5.882352941176471e-01,48841669
2.480756121940281e+01,1.935875185259768e+01,1.176470588235294e+00,48841667
2.650522428520430e+01,2.474051840285136e+01,5.882352941176471e-01,48841670
2.675358810005360e+01,2.120739238467769e+01,1.764705882352941e+00,48841668
2.973665417118105e+01,2.797194828882811e+01,5.882352941176471e-01,48841672
3.022886180446994e+01,2.846415592211699e+01,5.882352941176471e-01,48841673
3.199356768682288e+01,2.910811081118379e+01,5.882352941176471e-01,48841675
3.311630424329959e+01,2.782218659624076e+01,1.764705882352941e+00,48841671
3.326606593588694e+01,2.854318644797687e+01,1.176470588235294e+00,48841674
3.488101012565253e+01,3.005505712204517e+01,5.882352941176471e-01,48841677
3.664571600800547e+01,3.208826206314996e+01,5.882352941176471e-01,48841679
3.728768533388170e+01,2.913496942578293e+01,1.764705882352941e+00,48841676
3.856018358294576e+01,3.007000894291892e+01,1.764705882352941e+00,48841678
4.032488946529870e+01,3.657598879426193e+01,5.882352941176471e-01,48841682
4.193983365506429e+01,3.312563611478875e+01,1.764705882352941e+00,48841680
4.208959534765164e+01,3.662549384888426e+01,5.882352941176471e-01,48841683
4.258180298094052e+01,3.384922390942690e+01,1.764705882352941e+00,48841681
4.370453953741723e+01,3.690716768178538e+01,5.882352941176471e-01,48841684
4.385430123000458e+01,3.922262403844228e+01,5.882352941176471e-01,48841685
4.611121474564641e+01,3.927261604625339e+01,1.176470588235294e+00,48841686
4.787592062799935e+01,4.418418819379603e+01,5.882352941176471e-01,48841689
4.899865718447606e+01,4.084502613300666e+01,1.764705882352941e+00,48841687
4.914841887706341e+01,4.304197176762301e+01,1.764705882352941e+00,48841688
5.076336306682900e+01,4.892197884310460e+01,5.882352941176471e-01,48841691
5.111988359011593e+01,4.935517770776299e+01,5.882352941176471e-01,48841692
5.140533239270523e+01,4.484404538987343e+01,1.176470588235294e+00,48841690
5.326417809073682e+01,5.149947220838388e+01,5.882352941176471e-01,48841694
5.429277483153488e+01,5.051549628493733e+01,1.176470588235294e+00,48841693
5.646008214898358e+01,5.293067038427770e+01,1.176470588235294e+00,48841695
5.822478803133652e+01,5.413527600314171e+01,5.882352941176471e-01,48841698
5.874808056980303e+01,5.345396292274420e+01,1.764705882352941e+00,48841696
5.958689247859370e+01,5.352613975393242e+01,1.764705882352941e+00,48841697
5.998949391368946e+01,5.479119677790202e+01,5.882352941176471e-01,48841699
6.326219741793241e+01,6.149749153557947e+01,5.882352941176471e-01,48841702
6.404219821686185e+01,5.537783776005626e+01,1.764705882352941e+00,48841700
6.488101012565253e+01,5.623749492611621e+01,1.764705882352941e+00,48841701
6.502690330028535e+01,6.272632334187497e+01,5.882352941176471e-01,48841703
6.580690409921479e+01,6.392653125164606e+01,5.882352941176471e-01,48841704
6.664571600800547e+01,6.401209411151221e+01,5.882352941176471e-01,48841705
6.679160918263829e+01,6.418802825782861e+01,5.882352941176471e-01,48841706
6.757160998156773e+01,6.477273098460416e+01,5.882352941176471e-01,48841707
7.017512777271135e+01,6.643456192649267e+01,1.176470588235294e+00,48841708
7.110660859816174e+01,6.757719683345586e+01,1.176470588235294e+00,48841709
7.170441782352116e+01,6.993971194116822e+01,5.882352941176471e-01,48841710
7.350701429571744e+01,7.174230841336450e+01,5.882352941176471e-01,48841711
7.481244509989304e+01,7.304773921754010e+01,5.882352941176471e-01,48841712
7.488862177757887e+01,7.312391589522593e+01,5.882352941176471e-01,48841713
7.990834803046487e+01,7.814364214811193e+01,5.882352941176471e-01,48841715
8.167305391281781e+01,7.896693692666770e+01,5.882352941176471e-01,48841717
8.214705276794136e+01,7.685293512088254e+01,1.764705882352941e+00,48841714
8.343775979517075e+01,7.937515296875273e+01,5.882352941176471e-01,48841718
8.366949087708462e+01,7.837537323002580e+01,1.764705882352941e+00,48841716
8.520246567752370e+01,8.223524843648968e+01,5.882352941176471e-01,48841720
8.543419675943756e+01,8.321870808349054e+01,5.882352941176471e-01,48841721
8.696717155987664e+01,8.326900262551800e+01,5.882352941176471e-01,48841722
8.719890264179050e+01,8.345260279971946e+01,5.882352941176471e-01,48841723
8.744117041500019e+01,7.946166604794379e+01,1.764705882352941e+00,48841719
8.873187744222958e+01,8.502407011612766e+01,5.882352941176471e-01,48841724
8.896360852414344e+01,8.534027287401087e+01,5.882352941176471e-01,48841725
9.072831440649639e+01,8.867754297401253e+01,5.882352941176471e-01,48841728
9.249302028884933e+01,8.928923459628099e+01,5.882352941176471e-01,48841729
9.273528806205901e+01,8.555332442729555e+01,1.764705882352941e+00,48841726
9.402599508928840e+01,8.694880758543326e+01,1.764705882352941e+00,48841727
9.449999394441195e+01,9.120373805524257e+01,5.882352941176471e-01,48841731
9.579070097164134e+01,9.135226127786519e+01,5.882352941176471e-01,48841732
9.720140508459287e+01,9.543669920223993e+01,5.882352941176471e-01,48841733
9.755540685399428e+01,9.545914541152586e+01,5.882352941176471e-01,48841734
9.778713793590815e+01,9.049370729431133e+01,1.764705882352941e+00,48841730
9.917785530578054e+01,9.741314942342760e+01,5.882352941176471e-01,48841735
9.932071390134175e+01,9.755600801898881e+01,5.882352941176471e-01,48841736
1.009425611881335e+02,9.878594049582694e+01,5.882352941176471e-01,48841738
1.010854197836947e+02,9.881277706095151e+01,5.882352941176471e-01,48841739
1.027072670704864e+02,9.938358235187900e+01,5.882352941176471e-01,48841740
1.039193764559642e+02,9.862525880890533e+01,1.764705882352941e+00,48841737
1.055328657952518e+02,1.037681599128989e+02,5.882352941176471e-01,48841742
1.064398542566046e+02,1.029104424918987e+02,1.176470588235294e+00,48841741
1.072975716776048e+02,1.048623507297961e+02,5.882352941176471e-01,48841744
1.098271172585242e+02,1.045329996114654e+02,1.764705882352941e+00,48841743
1.116281614943182e+02,1.098634556119652e+02,5.882352941176471e-01,48841747
1.129217389139813e+02,1.076276212669225e+02,1.764705882352941e+00,48841745
1.133928673766711e+02,1.105531462323196e+02,5.882352941176471e-01,48841748
1.143062571518374e+02,1.090121395047786e+02,1.764705882352941e+00,48841746
1.151864296795460e+02,1.134217237971931e+02,5.882352941176471e-01,48841749
1.155339505349511e+02,1.137692446525982e+02,5.882352941176471e-01,48841750
1.163112884695336e+02,1.145465825871807e+02,5.882352941176471e-01,48841751
1.174941280285745e+02,1.157294221462216e+02,5.882352941176471e-01,48841753
1.187158414442519e+02,1.151854503911466e+02,1.176470588235294e+00,48841752
1.212739484615692e+02,1.195092425792163e+02,5.882352941176471e-01,48841754
1.233015328689589e+02,1.215368269866060e+02,5.882352941176471e-01,48841756
1.234594121694209e+02,1.216947062870679e+02,5.882352941176471e-01,48841757
1.252505085441132e+02,1.234858026617602e+02,5.882352941176471e-01,48841758
1.252896850352498e+02,1.199955673881910e+02,1.764705882352941e+00,48841755
1.283987172455850e+02,1.266340113632321e+02,5.882352941176471e-01,48841761
1.289048547521651e+02,1.236107371051062e+02,1.764705882352941e+00,48841759
1.305446261911720e+02,1.250810477912471e+02,1.764705882352941e+00,48841760
1.306695606345180e+02,1.284621397379123e+02,5.882352941176471e-01,48841763
1.323093320735249e+02,1.288633464255806e+02,5.882352941176471e-01,48841764
1.336928348926439e+02,1.269849410690879e+02,1.764705882352941e+00,48841762
1.362645693355073e+02,1.309704516884484e+02,1.764705882352941e+00,48841765
1.376034497205837e+02,1.320081404593992e+02,1.764705882352941e+00,48841766
1.380292752178602e+02,1.358829260665172e+02,5.882352941176471e-01,48841768
1.389869525397027e+02,1.326377189055261e+02,1.764705882352941e+00,48841767
1.397939811002131e+02,1.371962885789260e+02,5.882352941176471e-01,48841770
1.415586869825661e+02,1.392510429691049e+02,5.882352941176471e-01,48841772
1.428975673676426e+02,1.362810526921917e+02,1.764705882352941e+00,48841769
1.442810701867615e+02,1.388547386111065e+02,1.764705882352941e+00,48841771
1.460457760691144e+02,1.440783065278567e+02,5.882352941176471e-01,48841775
1.464269791323484e+02,1.399390153576626e+02,1.176470588235294e+00,48841774
1.468528046296249e+02,1.393059198452418e+02,1.764705882352941e+00,48841773
1.513398937161733e+02,1.447378550084215e+02,1.764705882352941e+00,48841776
1.514408056634633e+02,1.496760997811103e+02,5.882352941176471e-01,48841778
1.533526090203996e+02,1.480584913733408e+02,1.764705882352941e+00,48841777
1.537314675370196e+02,1.519667616546667e+02,5.882352941176471e-01,48841780
1.566340113632321e+02,1.498800238800461e+02,1.764705882352941e+00,48841779
1.583987172455850e+02,1.533069075000830e+02,5.882352941176471e-01,48841783
1.586467266674584e+02,1.525619583872103e+02,1.764705882352941e+00,48841781
1.590255851840785e+02,1.532932961784693e+02,1.764705882352941e+00,48841782
1.601634231279380e+02,1.553189379035697e+02,5.882352941176471e-01,48841784
1.604114325498114e+02,1.555438891033760e+02,5.882352941176471e-01,48841785
1.607902910664314e+02,1.556850218188642e+02,5.882352941176471e-01,48841786
1.621761384321643e+02,1.570061377185195e+02,5.882352941176471e-01,48841788
1.625549969487843e+02,1.571837857797857e+02,5.882352941176471e-01,48841789
1.654575407749968e+02,1.557343186742894e+02,1.764705882352941e+00,48841787
1.672222466573497e+02,1.600879464054484e+02,5.882352941176471e-01,48841792
1.674702560792232e+02,1.576434271669739e+02,1.764705882352941e+00,48841790
1.678491145958432e+02,1.594995852349586e+02,1.764705882352941e+00,48841791
1.692349619615761e+02,1.622033088157777e+02,5.882352941176471e-01,48841794
1.696138204781961e+02,1.624353611421956e+02,5.882352941176471e-01,48841795
1.709996678439290e+02,1.635202915182706e+02,5.882352941176471e-01,48841796
1.725163643044086e+02,1.604262614349869e+02,1.764705882352941e+00,48841793
1.727643737262820e+02,1.643254013980039e+02,5.882352941176471e-01,48841798
1.745290796086349e+02,1.657831290821671e+02,5.882352941176471e-01,48841800
1.749079381252549e+02,1.642656490007714e+02,1.764705882352941e+00,48841797
1.778104819514674e+02,1.647852199512532e+02,1.764705882352941e+00,48841799
1.780584913733408e+02,1.664406905870102e+02,1.176470588235294e+00,48841801
1.795751878338203e+02,1.688478721304249e+02,5.882352941176471e-01,48841803
1.798231972556937e+02,1.692525759763953e+02,5.882352941176471e-01,48841804
1.802020557723138e+02,1.666229565419380e+02,1.764705882352941e+00,48841802
1.819667616546667e+02,1.727733417579119e+02,5.882352941176471e-01,48841807
1.831045995985262e+02,1.715480869951002e+02,1.176470588235294e+00,48841805
1.837314675370196e+02,1.727904908368507e+02,5.882352941176471e-01,48841808
1.851173149027526e+02,1.716117454219405e+02,1.764705882352941e+00,48841806
1.868820207851055e+02,1.838915529447372e+02,5.882352941176471e-01,48841811
1.872608793017255e+02,1.768600530897953e+02,1.176470588235294e+00,48841810
1.883987172455850e+02,1.755365999206406e+02,1.764705882352941e+00,48841809
1.886467266674584e+02,1.845587085354905e+02,5.882352941176471e-01,48841812
1.890255851840785e+02,1.846569711648698e+02,5.882352941176471e-01,48841813
1.936928348926439e+02,1.861416665063474e+02,1.764705882352941e+00,48841814
1.939408443145173e+02,1.861491829602795e+02,1.764705882352941e+00,48841815
1.943197028311373e+02,1.864774118099348e+02,1.764705882352941e+00,48841816
1.954575407749968e+02,1.882948423674361e+02,5.882352941176471e-01,48841817
1.957055501968702e+02,1.890856374533269e+02,5.882352941176471e-01,48841818
1.996138204781961e+02,1.894423044557022e+02,1.764705882352941e+00,48841819
2.007516584220556e+02,1.919602917248379e+02,1.764705882352941e+00,48841820
2.009996678439290e+02,1.925003875642393e+02,1.764705882352941e+00,48841821
2.027643737262820e+02,1.947537831737140e+02,5.882352941176471e-01,48841824
2.031432322429020e+02,1.935923106945012e+02,1.176470588235294e+00,48841822
2.042810701867615e+02,1.938846422625772e+02,1.176470588235294e+00,48841823
2.049079381252549e+02,1.957924425877784e+02,5.882352941176471e-01,48841826
2.060457760691144e+02,1.964525185460684e+02,5.882352941176471e-01,48841827
2.066726440076079e+02,1.975046794839683e+02,5.882352941176471e-01,48841828
2.080584913733408e+02,1.947651004755628e+02,1.764705882352941e+00,48841825
2.113398937161733e+02,1.984365687889455e+02,1.764705882352941e+00,48841829
2.119667616546667e+02,1.987618306121522e+02,1.764705882352941e+00,48841830
2.131045995985262e+02,1.992252268320287e+02,5.882352941176471e-01,48841832
2.133526090203996e+02,1.991891561095365e+02,1.764705882352941e+00,48841831
2.137314675370196e+02,2.002395084220776e+02,5.882352941176471e-01,48841833
2.148693054808791e+02,2.018394874868171e+02,5.882352941176471e-01,48841834
2.151173149027526e+02,2.030161808012446e+02,5.882352941176471e-01,48841835
2.154961734193726e+02,2.031306915320436e+02,5.882352941176471e-01,48841836
2.166340113632321e+02,2.033739477527458e+02,5.882352941176471e-01,48841837
2.168820207851055e+02,2.060989352774897e+02,5.882352941176471e-01,48841838
2.172608793017255e+02,2.061646870693330e+02,5.882352941176471e-01,48841839
2.186467266674584e+02,2.069048583657489e+02,5.882352941176471e-01,48841841
2.190255851840785e+02,2.073232114285840e+02,5.882352941176471e-01,48841842
2.201634231279380e+02,2.064504444729799e+02,1.176470588235294e+00,48841840
2.204114325498114e+02,2.073396740204323e+02,5.882352941176471e-01,48841843
2.219281290102909e+02,2.081794033976322e+02,5.882352941176471e-01,48841845
2.221761384321643e+02,2.082528139963907e+02,5.882352941176471e-01,48841846
2.236928348926439e+02,2.088575467595951e+02,5.882352941176471e-01,48841847
2.243197028311373e+02,2.076096205522016e+02,1.764705882352941e+00,48841844
2.254575407749968e+02,2.103424472343983e+02,5.882352941176471e-01,48841849
2.272222466573497e+02,2.105230012922519e+02,5.882352941176471e-01,48841851
2.274702560792232e+02,2.096867721523696e+02,1.764705882352941e+00,48841848
2.289869525397027e+02,2.109542354307856e+02,5.882352941176471e-01,48841852
2.296138204781961e+02,2.103818282517521e+02,1.764705882352941e+00,48841850
2.307516584220556e+02,2.113577249620634e+02,5.882352941176471e-01,48841854
2.313785263605490e+02,2.121668263647393e+02,5.882352941176471e-01,48841855
2.325163643044086e+02,2.122115962203142e+02,5.882352941176471e-01,48841856
2.327643737262820e+02,2.110296050911742e+02,1.764705882352941e+00,48841853
2.331432322429020e+02,2.122262572258865e+02,5.882352941176471e-01,48841857
2.345290796086349e+02,2.147521085959925e+02,5.882352941176471e-01,48841859
2.362937854909879e+02,2.163137284006891e+02,5.882352941176471e-01,48841861
2.366726440076079e+02,2.154977263237706e+02,1.176470588235294e+00,48841860
2.378104819514674e+02,2.123242109897395e+02,1.764705882352941e+00,48841858
2.380584913733408e+02,2.168654939959857e+02,5.882352941176471e-01,48841862
2.384373498899608e+02,2.174333246634178e+02,5.882352941176471e-01,48841863
2.398231972556937e+02,2.194640206118432e+02,5.882352941176471e-01,48841865
2.402020557723138e+02,2.244556717322397e+02,5.882352941176471e-01,48841866
2.415879031380467e+02,2.245702432434476e+02,5.882352941176471e-01,48841867
2.431045995985262e+02,2.186330743763350e+02,1.764705882352941e+00,48841864
2.433526090203996e+02,2.287402764575811e+02,5.882352941176471e-01,48841869
2.448693054808791e+02,2.297836483743469e+02,5.882352941176471e-01,48841870
2.451173149027526e+02,2.305075112428027e+02,5.882352941176471e-01,48841871
2.454961734193726e+02,2.274445368100875e+02,1.764705882352941e+00,48841868
2.472608793017255e+02,2.309217704423239e+02,5.882352941176471e-01,48841874
2.490255851840785e+02,2.320171655186825e+02,5.882352941176471e-01,48841875
2.501634231279380e+02,2.307969468971711e+02,1.764705882352941e+00,48841872
2.504114325498114e+02,2.309061761590179e+02,1.764705882352941e+00,48841873
2.507902910664314e+02,2.330192597639211e+02,5.882352941176471e-01,48841876
2.519281290102909e+02,2.335755111262672e+02,5.882352941176471e-01,48841877
2.521761384321643e+02,2.337447631346162e+02,5.882352941176471e-01,48841878
2.536928348926439e+02,2.350773149932043e+02,5.882352941176471e-01,48841880
2.554575407749968e+02,2.358291805759766e+02,5.882352941176471e-01,48841882
2.560844087134902e+02,2.342961162134890e+02,1.764705882352941e+00,48841879
2.572222466573497e+02,2.395746448099593e+02,5.882352941176471e-01,48841883
2.574702560792232e+02,2.357555004278265e+02,1.764705882352941e+00,48841881
2.578491145958432e+02,2.405369581956800e+02,5.882352941176471e-01,48841884
2.589869525397027e+02,2.413488642552747e+02,5.882352941176471e-01,48841885
2.592349619615761e+02,2.418863798414853e+02,5.882352941176471e-01,48841886
2.596138204781961e+02,2.433205114985610e+02,5.882352941176471e-01,48841887
2.625163643044086e+02,2.444040292792392e+02,1.176470588235294e+00,48841888
2.645290796086349e+02,2.453536543173669e+02,1.764705882352941e+00,48841889
2.649079381252549e+02,2.473668983801424e+02,1.764705882352941e+00,48841890
2.662937854909879e+02,2.481986790597162e+02,5.882352941176471e-01,48841892
2.666726440076079e+02,2.489983135624421e+02,5.882352941176471e-01,48841893
2.678104819514674e+02,2.475920183580196e+02,1.764705882352941e+00,48841891
2.695751878338203e+02,2.499530329431265e+02,5.882352941176471e-01,48841896
2.698231972556937e+02,2.492554277141844e+02,1.176470588235294e+00,48841894
2.715879031380467e+02,2.507042675013508e+02,5.882352941176471e-01,48841898
2.719667616546667e+02,2.492735385495115e+02,1.764705882352941e+00,48841895
2.731045995985262e+02,2.504075412494229e+02,1.176470588235294e+00,48841897
2.737314675370196e+02,2.545361946010426e+02,5.882352941176471e-01,48841900
2.748693054808791e+02,2.551026417422991e+02,5.882352941176471e-01,48841901
2.754961734193726e+02,2.560297393343710e+02,5.882352941176471e-01,48841902
2.768820207851055e+02,2.544627161009596e+02,1.764705882352941e+00,48841899
2.783987172455850e+02,2.562035789321126e+02,1.176470588235294e+00,48841903
2.790255851840785e+02,2.564386918175224e+02,1.176470588235294e+00,48841904
2.807902910664314e+02,2.583902536705796e+02,5.882352941176471e-01,48841907
2.819281290102909e+02,2.572116093368757e+02,1.176470588235294e+00,48841906
2.821761384321643e+02,2.565881667602867e+02,1.764705882352941e+00,48841905
2.825549969487843e+02,2.584544840506042e+02,5.882352941176471e-01,48841908
2.839408443145173e+02,2.594271730550105e+02,5.882352941176471e-01,48841910
2.872222466573497e+02,2.589420258324938e+02,1.764705882352941e+00,48841909
2.874702560792232e+02,2.603414357812395e+02,1.176470588235294e+00,48841912
2.878491145958432e+02,2.597760560917664e+02,1.764705882352941e+00,48841911
2.892349619615761e+02,2.616089171691691e+02,5.882352941176471e-01,48841914
2.909996678439290e+02,2.624547515541925e+02,5.882352941176471e-01,48841916
2.913785263605490e+02,2.621002930770986e+02,1.176470588235294e+00,48841915
2.925163643044086e+02,2.611420316222364e+02,1.764705882352941e+00,48841913
2.931432322429020e+02,2.659374746896589e+02,5.882352941176471e-01,48841918
2.949079381252549e+02,2.673678286985758e+02,5.882352941176471e-01,48841920
2.962937854909879e+02,2.651912863790929e+02,1.764705882352941e+00,48841917
2.966726440076079e+02,2.678564422290570e+02,5.882352941176471e-01,48841921
2.978104819514674e+02,2.661687370160358e+02,1.764705882352941e+00,48841919
2.995751878338203e+02,2.739036549751907e+02,5.882352941176471e-01,48841924
3.013398937161733e+02,2.740619887716713e+02,5.882352941176471e-01,48841925
3.015879031380467e+02,2.684511658120696e+02,1.764705882352941e+00,48841922
3.019667616546667e+02,2.706902554881431e+02,1.764705882352941e+00,48841923
3.031045995985262e+02,2.742811773903743e+02,5.882352941176471e-01,48841926
3.068820207851055e+02,2.754980575467452e+02,1.764705882352941e+00,48841927
3.072608793017255e+02,2.758570020648085e+02,1.764705882352941e+00,48841928
3.083987172455850e+02,2.760314623304113e+02,1.764705882352941e+00,48841929
3.101634231279380e+02,2.776911625187087e+02,5.882352941176471e-01,48841932
3.107902910664314e+02,2.774917605545897e+02,1.176470588235294e+00,48841931
3.119281290102909e+02,2.791345293683525e+02,5.882352941176471e-01,48841933
3.121761384321643e+02,2.761335743066278e+02,1.764705882352941e+00,48841930
3.125549969487843e+02,2.801096711518899e+02,5.882352941176471e-01,48841934
3.139408443145173e+02,2.805746807302117e+02,5.882352941176471e-01,48841936
3.160844087134902e+02,2.835630639369220e+02,1.176470588235294e+00,48841937
3.172222466573497e+02,2.805007893492022e+02,1.764705882352941e+00,48841935
3.174702560792232e+02,2.871669207662764e+02,1.176470588235294e+00,48841938
3.178491145958432e+02,2.874914369826556e+02,5.882352941176471e-01,48841939
3.189869525397027e+02,2.878527288907414e+02,5.882352941176471e-01,48841940
3.192349619615761e+02,2.881472931667512e+02,5.882352941176471e-01,48841941
3.196138204781961e+02,2.904269498749410e+02,5.882352941176471e-01,48841942
3.242810701867615e+02,2.909695482243066e+02,1.764705882352941e+00,48841943
3.245290796086349e+02,2.910915110660005e+02,1.764705882352941e+00,48841944
3.249079381252549e+02,2.937399571524783e+02,1.764705882352941e+00,48841945
3.266726440076079e+02,2.970395377808552e+02,5.882352941176471e-01,48841948
3.278104819514674e+02,2.944744038371135e+02,1.176470588235294e+00,48841946
3.284373498899608e+02,3.015227940398669e+02,5.882352941176471e-01,48841949
3.295751878338203e+02,3.025379459064952e+02,5.882352941176471e-01,48841950
3.298231972556937e+02,2.953285730921154e+02,1.764705882352941e+00,48841947
3.313398937161733e+02,3.027222007151489e+02,5.882352941176471e-01,48841952
3.315879031380467e+02,3.034074319503622e+02,5.882352941176471e-01,48841953
3.331045995985262e+02,3.046852628870300e+02,5.882352941176471e-01,48841954
3.333526090203996e+02,3.054001619789248e+02,5.882352941176471e-01,48841955
3.337314675370196e+02,3.027090450419988e+02,1.764705882352941e+00,48841951
3.366340113632321e+02,3.055353826401828e+02,1.176470588235294e+00,48841956
3.383987172455850e+02,3.088641631751021e+02,5.882352941176471e-01,48841959
3.386467266674584e+02,3.066111294682335e+02,1.764705882352941e+00,48841957
3.390255851840785e+02,3.083010884584164e+02,1.764705882352941e+00,48841958
3.401634231279380e+02,3.108719544594046e+02,5.882352941176471e-01,48841960
3.407902910664314e+02,3.134792851740030e+02,5.882352941176471e-01,48841962
3.425549969487843e+02,3.177925161259873e+02,5.882352941176471e-01,48841964
3.436928348926439e+02,3.173206702694384e+02,1.176470588235294e+00,48841963
3.439408443145173e+02,3.112703757947215e+02,1.764705882352941e+00,48841961
3.443197028311373e+02,3.180034365674941e+02,5.882352941176471e-01,48841965
3.454575407749968e+02,3.184719087865886e+02,5.882352941176471e-01,48841966
3.457055501968702e+02,3.188462978359693e+02,5.882352941176471e-01,48841967
3.460844087134902e+02,3.205290257762995e+02,5.882352941176471e-01,48841968
3.478491145958432e+02,3.220719668706512e+02,5.882352941176471e-01,48841971
3.507516584220556e+02,3.210973486090899e+02,1.764705882352941e+00,48841969
3.509996678439290e+02,3.213572493559112e+02,1.764705882352941e+00,48841970
3.525163643044086e+02,3.239087994684417e+02,5.882352941176471e-01,48841973
3.531432322429020e+02,3.225067901362910e+02,1.764705882352941e+00,48841972
3.542810701867615e+02,3.260348754364176e+02,5.882352941176471e-01,48841975
3.562937854909879e+02,3.259746092323544e+02,1.764705882352941e+00,48841974
3.578104819514674e+02,3.320584321439768e+02,1.176470588235294e+00,48841977
3.580584913733408e+02,3.325431751316731e+02,5.882352941176471e-01,48841978
3.584373498899608e+02,3.312621350534186e+02,1.764705882352941e+00,48841976
3.595751878338203e+02,3.327965198150570e+02,5.882352941176471e-01,48841979
3.602020557723138e+02,3.360311366228451e+02,5.882352941176471e-01,48841981
3.613398937161733e+02,3.360333035349572e+02,5.882352941176471e-01,48841982
3.619667616546667e+02,3.371238710877455e+02,5.882352941176471e-01,48841983
3.633526090203996e+02,3.342213057246671e+02,1.764705882352941e+00,48841980
3.666340113632321e+02,3.409234817285222e+02,1.764705882352941e+00,48841984
3.672608793017255e+02,3.415007227470793e+02,1.764705882352941e+00,48841985
3.683987172455850e+02,3.430669345004269e+02,5.882352941176471e-01,48841987
3.686467266674584e+02,3.428321438777528e+02,1.764705882352941e+00,48841986
3.701634231279380e+02,3.434211742702991e+02,5.882352941176471e-01,48841989
3.707902910664314e+02,3.431695341883892e+02,1.176470588235294e+00,48841988
3.725549969487843e+02,3.457463470802925e+02,5.882352941176471e-01,48841992
3.739408443145173e+02,3.436461344207177e+02,1.764705882352941e+00,48841990
3.743197028311373e+02,3.460656414370061e+02,5.882352941176471e-01,48841993
3.754575407749968e+02,3.449755106349971e+02,1.764705882352941e+00,48841991
3.757055501968702e+02,3.472849602450788e+02,5.882352941176471e-01,48841994
3.772222466573497e+02,3.528966943772080e+02,5.882352941176471e-01,48841996
3.774702560792231e+02,3.532767004556892e+02,5.882352941176471e-01,48841997
3.789869525397027e+02,3.552761394811629e+02,5.882352941176471e-01,48841998
3.792349619615761e+02,3.555846216221849e+02,5.882352941176471e-01,48841999
3.796138204781961e+02,3.473023057281660e+02,1.764705882352941e+00,48841995
3.809996678439290e+02,3.584017816691533e+02,5.882352941176471e-01,48842001
3.813785263605490e+02,3.598568506626446e+02,5.882352941176471e-01,48842002
3.825163643044086e+02,3.581846436898136e+02,1.176470588235294e+00,48842000
3.831432322429020e+02,3.606660846842895e+02,5.882352941176471e-01,48842004
3.862937854909879e+02,3.604969142459724e+02,1.764705882352941e+00,48842003
3.878104819514674e+02,3.607997829978870e+02,1.764705882352941e+00,48842005
3.880584913733408e+02,3.630622085871446e+02,5.882352941176471e-01,48842007
3.884373498899608e+02,3.608085527559577e+02,1.764705882352941e+00,48842006
3.913398937161733e+02,3.648479492696481e+02,1.176470588235294e+00,48842008
3.919667616546667e+02,3.655283553531010e+02,1.176470588235294e+00,48842010
3.931045995985262e+02,3.662246725576667e+02,5.882352941176471e-01,48842011
3.933526090203996e+02,3.651369505805131e+02,1.764705882352941e+00,48842009
3.948693054808791e+02,3.672821573069723e+02,5.882352941176471e-01,48842013
3.966340113632321e+02,3.720473866590767e+02,5.882352941176471e-01,48842015
3.972608793017255e+02,3.666938563518139e+02,1.764705882352941e+00,48842012
3.983987172455850e+02,3.739868838820482e+02,5.882352941176471e-01,48842016
3.986467266674584e+02,3.702080001050104e+02,1.764705882352941e+00,48842014
3.990255851840785e+02,3.758621938606771e+02,5.882352941176471e-01,48842017
4.001634231279380e+02,3.778028249027440e+02,5.882352941176471e-01,48842018
4.004114325498114e+02,3.790869852017634e+02,5.882352941176471e-01,48842019
4.019281290102909e+02,3.794447452373245e+02,5.882352941176471e-01,48842021
4.021761384321643e+02,3.798545953629035e+02,5.882352941176471e-01,48842022
4.025549969487843e+02,3.793304002446505e+02,1.176470588235294e+00,48842020
4.072222466573497e+02,3.800653833537687e+02,1.764705882352941e+00,48842023
4.074702560792231e+02,3.817297980358204e+02,1.764705882352941e+00,48842024
4.078491145958432e+02,3.823319383733908e+02,1.764705882352941e+00,48842025
4.089869525397027e+02,3.839279812560805e+02,5.882352941176471e-01,48842026
4.092349619615761e+02,3.851367485507163e+02,5.882352941176471e-01,48842027
4.107516584220556e+02,3.854815813980533e+02,5.882352941176471e-01,48842029
4.127643737262820e+02,3.874754471577425e+02,1.176470588235294e+00,48842030
4.131432322429020e+02,3.852073622057289e+02,1.764705882352941e+00,48842028
4.149079381252549e+02,3.901535943105605e+02,5.882352941176471e-01,48842033
4.160457760691144e+02,3.894127720970448e+02,1.764705882352941e+00,48842031
4.178104819514674e+02,3.920525723823162e+02,5.882352941176471e-01,48842035
4.180584913733408e+02,3.894546397500403e+02,1.764705882352941e+00,48842032
4.184373498899608e+02,3.918475487630937e+02,1.176470588235294e+00,48842034
4.195751878338203e+02,3.937156727126306e+02,5.882352941176471e-01,48842036
4.198231972556937e+02,3.946122150292441e+02,5.882352941176471e-01,48842037
4.213398937161733e+02,3.969725786686617e+02,5.882352941176471e-01,48842039
4.215879031380467e+02,3.970902236617048e+02,5.882352941176471e-01,48842040
4.231045995985262e+02,3.984122131036979e+02,5.882352941176471e-01,48842041
4.237314675370196e+02,3.957460106919970e+02,1.764705882352941e+00,48842038
4.248693054808791e+02,3.995253555402796e+02,5.882352941176471e-01,48842043
4.268820207851055e+02,3.985815125377052e+02,1.764705882352941e+00,48842042
4.272608793017255e+02,4.002891305091172e+02,1.176470588235294e+00,48842044
4.290255851840785e+02,4.033885288043678e+02,5.882352941176471e-01,48842047
4.301634231279380e+02,4.007503927599435e+02,1.764705882352941e+00,48842045
4.307902910664314e+02,4.044221108560031e+02,5.882352941176471e-01,48842048
4.319281290102909e+02,4.047998929924470e+02,5.882352941176471e-01,48842049
4.321761384321643e+02,4.022480695647662e+02,1.764705882352941e+00,48842046
4.325549969487843e+02,4.061228806572005e+02,5.882352941176471e-01,48842050
4.336928348926439e+02,4.072224095936939e+02,5.882352941176471e-01,48842051
4.339408443145173e+02,4.073281802357014e+02,5.882352941176471e-01,48842052
4.343197028311373e+02,4.096561720106179e+02,5.882352941176471e-01,48842053
4.354575407749968e+02,4.096881624879533e+02,5.882352941176471e-01,48842054
4.357055501968702e+02,4.098775284273282e+02,5.882352941176471e-01,48842055
4.372222466573497e+02,4.099715402412882e+02,5.882352941176471e-01,48842057
4.378491145958432e+02,4.099038984412487e+02,1.176470588235294e+00,48842056
4.389869525397027e+02,4.111967031427197e+02,5.882352941176471e-01,48842059
4.392349619615761e+02,4.101612272779541e+02,1.176470588235294e+00,48842058
4.396138204781961e+02,4.114107000239700e+02,5.882352941176471e-01,48842060
4.407516584220556e+02,4.116433265039696e+02,5.882352941176471e-01,48842061
4.413785263605490e+02,4.130299575983416e+02,5.882352941176471e-01,48842063
4.425163643044086e+02,4.171638610638278e+02,5.882352941176471e-01,48842064
4.431432322429020e+02,4.205518840049401e+02,5.882352941176471e-01,48842065
4.442810701867615e+02,4.207313793938230e+02,5.882352941176471e-01,48842066
4.445290796086349e+02,4.117403990130855e+02,1.764705882352941e+00,48842062
4.484373498899608e+02,4.215248299571201e+02,1.764705882352941e+00,48842067
4.495751878338203e+02,4.224897636234043e+02,1.764705882352941e+00,48842068
4.498231972556937e+02,4.226243439005113e+02,1.764705882352941e+00,48842069
4.513398937161733e+02,4.238643662367835e+02,5.882352941176471e-01,48842071
4.531045995985262e+02,4.251711455160023e+02,5.882352941176471e-01,48842073
4.537314675370196e+02,4.237288870634356e+02,1.764705882352941e+00,48842070
4.548693054808791e+02,4.272499737477186e+02,5.882352941176471e-01,48842074
4.551173149027526e+02,4.245830868022222e+02,1.764705882352941e+00,48842072
4.566340113632321e+02,4.282372870178688e+02,5.882352941176471e-01,48842076
4.583987172455850e+02,4.288292936912234e+02,5.882352941176471e-01,48842078
4.586467266674584e+02,4.283521496399510e+02,1.176470588235294e+00,48842077
4.590255851840785e+02,4.275345097446158e+02,1.764705882352941e+00,48842075
4.604114325498114e+02,4.299581603199935e+02,5.882352941176471e-01,48842080
4.607902910664314e+02,4.315063257043213e+02,5.882352941176471e-01,48842081
4.625549969487843e+02,4.332562503469014e+02,5.882352941176471e-01,48842083
4.636928348926439e+02,4.295185341443765e+02,1.764705882352941e+00,48842079
4.643197028311373e+02,4.357523700827703e+02,5.882352941176471e-01,48842084
4.654575407749968e+02,4.361152809944428e+02,5.882352941176471e-01,48842085
4.657055501968702e+02,4.317906834886762e+02,1.764705882352941e+00,48842082
4.672222466573497e+02,4.368104233407542e+02,5.882352941176471e-01,48842087
4.674702560792231e+02,4.370819160282836e+02,5.882352941176471e-01,48842088
4.689869525397027e+02,4.373724700055855e+02,5.882352941176471e-01,48842089
4.696138204781961e+02,4.367756735215735e+02,1.764705882352941e+00,48842086
4.707516584220556e+02,4.396856451215505e+02,5.882352941176471e-01,48842091
4.713785263605490e+02,4.399695722889970e+02,5.882352941176471e-01,48842092
4.727643737262820e+02,4.387217082563209e+02,1.764705882352941e+00,48842090
4.731432322429020e+02,4.406320820129106e+02,5.882352941176471e-01,48842094
4.742810701867615e+02,4.405145536189555e+02,1.176470588235294e+00,48842093
4.745290796086349e+02,4.437149246340177e+02,5.882352941176471e-01,48842095
4.749079381252549e+02,4.446041000604650e+02,5.882352941176471e-01,48842096
4.760457760691144e+02,4.485830070908564e+02,5.882352941176471e-01,48842097
4.762937854909879e+02,4.489875592506727e+02,5.882352941176471e-01,48842098
4.766726440076079e+02,4.509826557581811e+02,5.882352941176471e-01,48842099
4.778104819514674e+02,4.524038261696266e+02,5.882352941176471e-01,48842100
4.780584913733408e+02,4.563192221512413e+02,5.882352941176471e-01,48842101
4.784373498899608e+02,4.586511824042352e+02,5.882352941176471e-01,48842102
4.798231972556937e+02,4.607026491686239e+02,5.882352941176471e-01,48842104
4.831045995985262e+02,4.602048792218542e+02,1.764705882352941e+00,48842103
4.837314675370196e+02,4.610861290431281e+02,1.764705882352941e+00,48842105
4.848693054808791e+02,4.678379189170881e+02,5.882352941176471e-01,48842107
4.851173149027526e+02,4.630856106168734e+02,1.764705882352941e+00,48842106
4.866340113632321e+02,4.685807876613868e+02,5.882352941176471e-01,48842109
4.868820207851055e+02,4.703026017350507e+02,5.882352941176471e-01,48842110
4.872608793017255e+02,4.682606426230712e+02,1.176470588235294e+00,48842108
4.886467266674584e+02,4.750504384090449e+02,5.882352941176471e-01,48842112
4.907902910664314e+02,4.784116178421017e+02,1.176470588235294e+00,48842113
4.919281290102909e+02,4.722947968934131e+02,1.764705882352941e+00,48842111
4.921761384321643e+02,4.802431567339022e+02,1.176470588235294e+00,48842114
4.925549969487843e+02,4.805796329222349e+02,5.882352941176471e-01,48842115
4.939408443145173e+02,4.832189529909124e+02,5.882352941176471e-01,48842117
4.943197028311373e+02,4.834302253700668e+02,5.882352941176471e-01,48842118
4.954575407749968e+02,4.825083326103298e+02,1.176470588235294e+00,48842116
4.957055501968702e+02,4.836162510225761e+02,5.882352941176471e-01,48842119
4.960844087134902e+02,4.852691938773459e+02,5.882352941176471e-01,48842120
4.972222466573497e+02,4.865120660382155e+02,5.882352941176471e-01,48842121
4.974702560792231e+02,4.867215025219195e+02,5.882352941176471e-01,48842122
4.989869525397027e+02,4.892563941341175e+02,5.882352941176471e-01,48842124
4.992349619615761e+02,4.900534659374097e+02,5.882352941176471e-01,48842125
5.007516584220556e+02,4.906494920472275e+02,5.882352941176471e-01,48842126
5.009996678439290e+02,4.912368969977230e+02,5.882352941176471e-01,48842127
5.013785263605490e+02,4.871915584152609e+02,1.764705882352941e+00,48842123
5.027643737262820e+02,4.955688273543844e+02,5.882352941176471e-01,48842129
5.031432322429020e+02,4.963880258928075e+02,5.882352941176471e-01,48842130
5.049079381252549e+02,4.982099880728183e+02,5.882352941176471e-01,48842132
5.060457760691144e+02,4.948913893390424e+02,1.764705882352941e+00,48842128
5.066726440076079e+02,5.002307682363965e+02,5.882352941176471e-01,48842133
5.078104819514674e+02,5.028044182924173e+02,5.882352941176471e-01,48842134
5.080584913733408e+02,4.965898808243066e+02,1.764705882352941e+00,48842131
5.084373498899608e+02,5.030905900091599e+02,5.882352941176471e-01,48842135
5.095751878338203e+02,5.048712988289653e+02,5.882352941176471e-01,48842136
5.098231972556937e+02,5.058384969603809e+02,5.882352941176471e-01,48842137
5.113398937161733e+02,5.083462786232135e+02,5.882352941176471e-01,48842139
5.137314675370196e+02,5.080096500233859e+02,1.764705882352941e+00,48842138
5.148693054808791e+02,5.104543028337342e+02,1.176470588235294e+00,48842141
5.151173149027526e+02,5.086224728427872e+02,1.764705882352941e+00,48842140
5.154961734193726e+02,5.106547042607795e+02,5.882352941176471e-01,48842142
5.166340113632321e+02,5.110213091213953e+02,5.882352941176471e-01,48842143
5.168820207851055e+02,5.132847342999895e+02,5.882352941176471e-01,48842144
5.172608793017255e+02,5.154744448385374e+02,5.882352941176471e-01,48842145
5.206455703517037e+02,5.188808644693508e+02,5.882352941176471e-01,48842148
5.219281290102909e+02,5.160989346027067e+02,1.764705882352941e+00,48842146
5.221761384321643e+02,5.162337326455930e+02,1.764705882352941e+00,48842147
5.224102762340567e+02,5.193898803958749e+02,5.882352941176471e-01,48842149
5.236928348926439e+02,5.196287401495026e+02,5.882352941176471e-01,48842150
5.239408443145173e+02,5.196847538043655e+02,5.882352941176471e-01,48842151
5.241749821164096e+02,5.200767717292581e+02,5.882352941176471e-01,48842152
5.257055501968702e+02,5.209200193700214e+02,5.882352941176471e-01,48842154
5.259396879987626e+02,5.211411671313162e+02,5.882352941176471e-01,48842155
5.274702560792231e+02,5.215704257588215e+02,5.882352941176471e-01,48842156
5.289869525397027e+02,5.209085314523744e+02,1.764705882352941e+00,48842153
5.292349619615761e+02,5.233571151782945e+02,5.882352941176471e-01,48842158
5.309996678439290e+02,5.250461386901564e+02,5.882352941176471e-01,48842160
5.312338056458214e+02,5.233437756385342e+02,1.764705882352941e+00,48842157
5.325163643044086e+02,5.247007648917114e+02,1.176470588235294e+00,48842159
5.329985115281743e+02,5.268997048192532e+02,5.882352941176471e-01,48842162
5.342810701867615e+02,5.275366018927489e+02,5.882352941176471e-01,48842163
5.347632174105273e+02,5.287069721670852e+02,5.882352941176471e-01,48842164
5.362937854909879e+02,5.260576252617787e+02,1.764705882352941e+00,48842161
5.378104819514674e+02,5.289715063204967e+02,1.176470588235294e+00,48842165
5.380584913733408e+02,5.294192290923525e+02,5.882352941176471e-01,48842167
5.395751878338203e+02,5.295695704983739e+02,5.882352941176471e-01,48842168
5.398231972556937e+02,5.309384691144528e+02,5.882352941176471e-01,48842169
5.400573350575861e+02,5.294089803263539e+02,1.764705882352941e+00,48842166
5.415879031380467e+02,5.314495892020682e+02,5.882352941176471e-01,48842171
5.418220409399390e+02,5.331884409531513e+02,5.882352941176471e-01,48842172
5.431045995985262e+02,5.312453786285066e+02,1.176470588235294e+00,48842170
5.433526090203996e+02,5.336379071024760e+02,5.882352941176471e-01,48842173
5.435867468222920e+02,5.342841474499168e+02,5.882352941176471e-01,48842174
5.448693054808791e+02,5.345021764363647e+02,5.882352941176471e-01,48842175
5.453514527046449e+02,5.350241894379184e+02,5.882352941176471e-01,48842177
5.486467266674584e+02,5.349876619854032e+02,1.764705882352941e+00,48842176
5.501634231279380e+02,5.350969367882807e+02,1.764705882352941e+00,48842178
5.504114325498114e+02,5.390523567354103e+02,5.882352941176471e-01,48842180
5.506455703517037e+02,5.363550024735871e+02,1.764705882352941e+00,48842179
5.521761384321643e+02,5.409194269575045e+02,5.882352941176471e-01,48842182
5.539408443145173e+02,5.447643081311791e+02,5.882352941176471e-01,48842184
5.554575407749968e+02,5.406204585989579e+02,1.764705882352941e+00,48842181
5.557055501968702e+02,5.479037406929455e+02,5.882352941176471e-01,48842185
5.559396879987626e+02,5.421933582697914e+02,1.764705882352941e+00,48842183
5.574702560792231e+02,5.513904316104434e+02,5.882352941176471e-01,48842187
5.577043938811155e+02,5.513986608117523e+02,5.882352941176471e-01,48842188
5.589869525397027e+02,5.481312930046119e+02,1.176470588235294e+00,48842186
5.594690997634684e+02,5.525904164139315e+02,5.882352941176471e-01,48842190
5.607516584220556e+02,5.533771719478662e+02,5.882352941176471e-01,48842191
5.609996678439290e+02,5.519675410753866e+02,1.176470588235294e+00,48842189
5.625163643044086e+02,5.588548228327486e+02,5.882352941176471e-01,48842193
5.642810701867615e+02,5.605953129326717e+02,5.882352941176471e-01,48842195
5.645290796086349e+02,5.597169285004874e+02,1.176470588235294e+00,48842194
5.647632174105273e+02,5.564477907602821e+02,1.764705882352941e+00,48842192
5.660457760691144e+02,5.611108776750707e+02,5.882352941176471e-01,48842196
5.662937854909879e+02,5.625640070925293e+02,5.882352941176471e-01,48842197
5.682926291752331e+02,5.628174533502739e+02,1.176470588235294e+00,48842198
5.701667427522389e+02,5.684020368698860e+02,5.882352941176471e-01,48842200
5.713398937161733e+02,5.652156981952940e+02,1.764705882352941e+00,48842199
5.723812513243886e+02,5.706165454420357e+02,5.882352941176471e-01,48842201
5.736234571134459e+02,5.718587512310930e+02,5.882352941176471e-01,48842202
5.747599371507835e+02,5.729952312684306e+02,5.882352941176471e-01,48842203
5.750465633081414e+02,5.732818574257885e+02,5.882352941176471e-01,48842204
5.786171961228591e+02,5.750877843581532e+02,1.176470588235294e+00,48842205
5.790820587092682e+02,5.773173528269152e+02,5.882352941176471e-01,48842207
5.795333963844251e+02,5.760039846197192e+02,1.176470588235294e+00,48842206
5.803819020052120e+02,5.775311172795911e+02,5.882352941176471e-01,48842208
5.812981022667780e+02,5.783376116758943e+02,5.882352941176471e-01,48842210
5.821466078875650e+02,5.800877077888402e+02,5.882352941176471e-01,48842211
5.826114704739741e+02,5.779507182321184e+02,1.176470588235294e+00,48842209
5.830628081491310e+02,5.806297319916495e+02,5.882352941176471e-01,48842212
5.839113137699179e+02,5.809924925563807e+02,5.882352941176471e-01,48842213
5.843761763563270e+02,5.816369867272129e+02,5.882352941176471e-01,48842214
5.856760196522708e+02,5.831556771192572e+02,5.882352941176471e-01,48842216
5.876220943753808e+02,5.858573884930278e+02,5.882352941176471e-01,48842217
5.883569257961898e+02,5.818224901423318e+02,1.764705882352941e+00,48842215
5.883783242613725e+02,5.866136183790196e+02,5.882352941176471e-01,48842218
5.901216316785427e+02,5.880570110108443e+02,5.882352941176471e-01,48842220
5.918863375608957e+02,5.889354858923755e+02,5.882352941176471e-01,48842222
5.919077360260784e+02,5.883682195330834e+02,1.176470588235294e+00,48842221
5.929162120224396e+02,5.872020405134944e+02,1.764705882352941e+00,48842219
5.936510434432486e+02,5.890620786627469e+02,5.882352941176471e-01,48842223
5.936724419084313e+02,5.894286247882079e+02,5.882352941176471e-01,48842224
5.946809179047925e+02,5.909523746368778e+02,5.882352941176471e-01,48842225
5.954371477907843e+02,5.919968295960454e+02,5.882352941176471e-01,48842227
5.964456237871455e+02,5.931351790811193e+02,5.882352941176471e-01,48842228
5.971804552079545e+02,5.909807042450222e+02,1.176470588235294e+00,48842226
5.982103296694984e+02,5.952858298667752e+02,5.882352941176471e-01,48842230
5.989451610903074e+02,5.954328788943998e+02,5.882352941176471e-01,48842231
5.999750355518513e+02,5.966485424110796e+02,5.882352941176471e-01,48842232
6.007098669726604e+02,5.970564836044635e+02,5.882352941176471e-01,48842233
6.007312654378431e+02,5.943482842331591e+02,1.764705882352941e+00,48842229
6.024745728550133e+02,5.987359005767670e+02,5.882352941176471e-01,48842235
6.042606772025490e+02,5.987562374364255e+02,1.176470588235294e+00,48842236
6.052691531989102e+02,5.983314438102654e+02,1.764705882352941e+00,48842234
6.070338590812631e+02,6.006656762037353e+02,5.882352941176471e-01,48842239
6.077686905020721e+02,5.993712887839691e+02,1.764705882352941e+00,48842237
6.077900889672549e+02,6.005327887136226e+02,1.176470588235294e+00,48842238
6.087985649636161e+02,6.011864884712161e+02,5.882352941176471e-01,48842240
6.095333963844251e+02,6.013438526770838e+02,5.882352941176471e-01,48842241
6.095547948496078e+02,6.013565236323586e+02,5.882352941176471e-01,48842242
6.113195007319608e+02,6.031735197692784e+02,5.882352941176471e-01,48842245
6.123279767283219e+02,6.028991082245009e+02,1.176470588235294e+00,48842243
6.130842066143137e+02,6.045655535406371e+02,5.882352941176471e-01,48842246
6.140926826106749e+02,6.059967786703260e+02,5.882352941176471e-01,48842247
6.148275140314839e+02,6.030832815794664e+02,1.764705882352941e+00,48842244
6.148489124966666e+02,6.066812923964783e+02,5.882352941176471e-01,48842248
6.158573884930278e+02,6.067597716182328e+02,5.882352941176471e-01,48842249
6.166136183790196e+02,6.113060641927408e+02,5.882352941176471e-01,48842251
6.183783242613725e+02,6.120771225887435e+02,5.882352941176471e-01,48842253
6.201216316785427e+02,6.110424612506876e+02,1.764705882352941e+00,48842250
6.211515061400866e+02,6.117627585946301e+02,1.764705882352941e+00,48842252
6.218863375608957e+02,6.151516860970351e+02,5.882352941176471e-01,48842255
6.219077360260784e+02,6.132018149453837e+02,1.176470588235294e+00,48842254
6.229162120224396e+02,6.154090556667134e+02,5.882352941176471e-01,48842256
6.236724419084314e+02,6.170502323738197e+02,5.882352941176471e-01,48842258
6.254371477907843e+02,6.170977727456193e+02,5.882352941176471e-01,48842260
6.271804552079545e+02,6.159724992103394e+02,1.764705882352941e+00,48842257
6.272018536731372e+02,6.191068310704485e+02,5.882352941176471e-01,48842261
6.282103296694984e+02,6.170972995933796e+02,1.764705882352941e+00,48842259
6.289451610903074e+02,6.191905423196100e+02,5.882352941176471e-01,48842262
6.299750355518513e+02,6.215572939826936e+02,5.882352941176471e-01,48842264
6.307098669726604e+02,6.232232311220260e+02,5.882352941176471e-01,48842265
6.317397414342043e+02,6.245281205490506e+02,5.882352941176471e-01,48842266
6.324959713201961e+02,6.205840391590730e+02,1.764705882352941e+00,48842263
6.335044473165572e+02,6.255365728717658e+02,5.882352941176471e-01,48842268
6.360039846197192e+02,6.253141754756645e+02,1.764705882352941e+00,48842267
6.377686905020721e+02,6.289966179768122e+02,5.882352941176471e-01,48842271
6.377900889672549e+02,6.270926092554900e+02,1.764705882352941e+00,48842269
6.387985649636161e+02,6.289924479981114e+02,1.764705882352941e+00,48842270
6.395547948496078e+02,6.300285873283848e+02,5.882352941176471e-01,48842273
6.405632708459690e+02,6.308401247225244e+02,5.882352941176471e-01,48842274
6.423279767283219e+02,6.327520568508931e+02,5.882352941176471e-01,48842276
6.430628081491310e+02,6.291170168898318e+02,1.764705882352941e+00,48842272
6.430842066143137e+02,6.312886459323965e+02,1.176470588235294e+00,48842275
6.440926826106749e+02,6.338472769670565e+02,5.882352941176471e-01,48842277
6.458573884930278e+02,6.357232411898581e+02,5.882352941176471e-01,48842280
6.465922199138368e+02,6.350324280465571e+02,1.176470588235294e+00,48842278
6.483569257961898e+02,6.361596831369515e+02,5.882352941176471e-01,48842282
6.483783242613725e+02,6.356966583751358e+02,1.764705882352941e+00,48842279
6.493868002577337e+02,6.360482949956455e+02,1.176470588235294e+00,48842281
6.501430301437255e+02,6.377451667568318e+02,5.882352941176471e-01,48842284
6.511515061400866e+02,6.379570157928081e+02,5.882352941176471e-01,48842285
6.529162120224396e+02,6.401433597536817e+02,5.882352941176471e-01,48842287
6.536510434432486e+02,6.365430929269362e+02,1.764705882352941e+00,48842283
6.536724419084314e+02,6.385804440533770e+02,1.176470588235294e+00,48842286
6.554157493256015e+02,6.409481406347542e+02,5.882352941176471e-01,48842289
6.554371477907843e+02,6.420084130835097e+02,5.882352941176471e-01,48842290
6.564456237871455e+02,6.404247476151999e+02,1.176470588235294e+00,48842288
6.572018536731372e+02,6.433759031911838e+02,5.882352941176471e-01,48842292
6.582103296694984e+02,6.459544716359884e+02,5.882352941176471e-01,48842293
6.599750355518513e+02,6.462713626024151e+02,5.882352941176471e-01,48842295
6.607098669726604e+02,6.422461603060799e+02,1.764705882352941e+00,48842291
6.617397414342043e+02,6.490779624271283e+02,5.882352941176471e-01,48842296
6.624959713201961e+02,6.459625747616205e+02,1.764705882352941e+00,48842294
6.635044473165572e+02,6.515500096778702e+02,5.882352941176471e-01,48842298
6.642606772025490e+02,6.539164802508227e+02,5.882352941176471e-01,48842299
6.660039846197192e+02,6.497003128465518e+02,1.764705882352941e+00,48842297
6.687985649636161e+02,6.543642003478631e+02,1.764705882352941e+00,48842300
6.695547948496078e+02,6.544198011609726e+02,1.764705882352941e+00,48842301
6.712981022667780e+02,6.548602457658607e+02,1.764705882352941e+00,48842302
6.730628081491310e+02,6.573731165956054e+02,5.882352941176471e-01,48842305
6.730842066143137e+02,6.573514545269014e+02,1.176470588235294e+00,48842304
6.740926826106749e+02,6.558063750383317e+02,1.764705882352941e+00,48842303
6.748275140314839e+02,6.579581269866147e+02,5.882352941176471e-01,48842306
6.758573884930278e+02,6.589394629606139e+02,5.882352941176471e-01,48842308
6.765922199138368e+02,6.600269714787271e+02,5.882352941176471e-01,48842309
6.776220943753808e+02,6.603437993952020e+02,5.882352941176471e-01,48842310
6.783783242613725e+02,6.582290777591948e+02,1.764705882352941e+00,48842307
6.793868002577337e+02,6.628214096465386e+02,5.882352941176471e-01,48842312
6.811515061400866e+02,6.640708516342843e+02,5.882352941176471e-01,48842314
6.818863375608957e+02,6.621544222011303e+02,1.764705882352941e+00,48842311
6.836724419084313e+02,6.630450127323824e+02,1.764705882352941e+00,48842313
6.854157493256015e+02,6.650120546746941e+02,1.176470588235294e+00,48842316
6.854371477907843e+02,6.659018179505083e+02,5.882352941176471e-01,48842317
6.864456237871455e+02,6.643553869573981e+02,1.764705882352941e+00,48842315
6.871804552079545e+02,6.661214746984575e+02,5.882352941176471e-01,48842318
6.889451610903074e+02,6.685370713486919e+02,5.882352941176471e-01,48842321
6.907098669726604e+02,6.699840113163825e+02,5.882352941176471e-01,48842322
6.907312654378431e+02,6.678907286302880e+02,1.764705882352941e+00,48842319
6.917397414342043e+02,6.683977549312921e+02,1.764705882352941e+00,48842320
6.952691531989102e+02,6.746447732625214e+02,1.176470588235294e+00,48842325
6.960039846197192e+02,6.741533428159626e+02,1.764705882352941e+00,48842323
6.960253830849019e+02,6.744655768891946e+02,1.764705882352941e+00,48842324
6.970338590812631e+02,6.750079672087289e+02,5.882352941176471e-01,48842326
6.977900889672549e+02,6.784661298280853e+02,5.882352941176471e-01,48842328
6.987985649636161e+02,6.785626597790877e+02,5.882352941176471e-01,48842329
6.995333963844251e+02,6.781046102544350e+02,1.176470588235294e+00,48842327
6.995547948496078e+02,6.794117843922368e+02,5.882352941176471e-01,48842330
7.013195007319608e+02,6.801921678074496e+02,5.882352941176471e-01,48842333
7.030842066143137e+02,6.806487460196721e+02,5.882352941176471e-01,48842334
7.040926826106749e+02,6.799266579987524e+02,1.764705882352941e+00,48842331
7.048275140314839e+02,6.800179347763623e+02,1.764705882352941e+00,48842332
7.058573884930278e+02,6.841074091565428e+02,5.882352941176471e-01,48842336
7.066136183790196e+02,6.834031256818957e+02,1.176470588235294e+00,48842335
7.101216316785427e+02,6.851650544536425e+02,1.764705882352941e+00,48842337
7.111515061400866e+02,6.854680903347740e+02,1.764705882352941e+00,48842338
7.119077360260784e+02,6.857787971415477e+02,1.764705882352941e+00,48842339
7.129162120224396e+02,6.861423509272953e+02,5.882352941176471e-01,48842341
7.136724419084313e+02,6.863918296662989e+02,5.882352941176471e-01,48842342
7.146809179047925e+02,6.895277911500513e+02,5.882352941176471e-01,48842343
7.154157493256015e+02,6.859119016019115e+02,1.764705882352941e+00,48842340
7.154371477907843e+02,6.896744326264812e+02,5.882352941176471e-01,48842344
7.164456237871455e+02,6.927321750362663e+02,5.882352941176471e-01,48842345
7.171804552079545e+02,6.943364207636989e+02,5.882352941176471e-01,48842346
7.182103296694984e+02,6.961830125701560e+02,5.882352941176471e-01,48842348
7.189451610903074e+02,6.967359254658078e+02,5.882352941176471e-01,48842349
7.189665595554902e+02,6.952650120743610e+02,1.176470588235294e+00,48842347
7.199750355518513e+02,6.991648127376700e+02,5.882352941176471e-01,48842350
7.217397414342043e+02,7.003534227182145e+02,5.882352941176471e-01,48842353
7.235044473165572e+02,7.007558836692302e+02,5.882352941176471e-01,48842354
7.242392787373662e+02,7.000210107684220e+02,1.764705882352941e+00,48842351
7.242606772025490e+02,7.003026231368687e+02,1.764705882352941e+00,48842352
7.252691531989102e+02,7.014168330842838e+02,5.882352941176471e-01,48842355
7.260039846197192e+02,7.017098281653893e+02,5.882352941176471e-01,48842356
7.260253830849019e+02,7.018947210569373e+02,5.882352941176471e-01,48842357
7.270338590812631e+02,7.031665701790171e+02,5.882352941176471e-01,48842358
7.277686905020721e+02,7.064971336035087e+02,5.882352941176471e-01,48842359
7.287985649636161e+02,7.082465885010693e+02,5.882352941176471e-01,48842361
7.295333963844251e+02,7.088628807343157e+02,5.882352941176471e-01,48842362
7.305632708459690e+02,7.103408143521434e+02,5.882352941176471e-01,48842363
7.312981022667780e+02,7.103979216921369e+02,5.882352941176471e-01,48842364
7.313195007319608e+02,7.081141299613925e+02,1.764705882352941e+00,48842360
7.330628081491310e+02,7.119327939891227e+02,5.882352941176471e-01,48842366
7.330842066143137e+02,7.124393104318677e+02,5.882352941176471e-01,48842367
7.340926826106749e+02,7.117245506599989e+02,1.176470588235294e+00,48842365
7.348275140314839e+02,7.129692751094822e+02,5.882352941176471e-01,48842368
7.358573884930278e+02,7.145280508656966e+02,5.882352941176471e-01,48842370
7.376220943753808e+02,7.199393822304711e+02,5.882352941176471e-01,48842372
7.383783242613725e+02,7.138174066855751e+02,1.764705882352941e+00,48842369
7.393868002577337e+02,7.212453924903909e+02,5.882352941176471e-01,48842373
7.401216316785427e+02,7.189390426792694e+02,1.764705882352941e+00,48842371
7.401430301437255e+02,7.216480354559267e+02,5.882352941176471e-01,48842374
7.411515061400866e+02,7.230119006905544e+02,5.882352941176471e-01,48842375
7.418863375608957e+02,7.239145768645222e+02,5.882352941176471e-01,48842376
7.419077360260784e+02,7.247219590370311e+02,5.882352941176471e-01,48842377
7.429162120224396e+02,7.252992582984156e+02,5.882352941176471e-01,48842378
7.436510434432486e+02,7.260365225557132e+02,5.882352941176471e-01,48842379
7.436724419084313e+02,7.260406010494505e+02,5.882352941176471e-01,48842380
7.454157493256015e+02,7.285239968187013e+02,5.882352941176471e-01,48842382
7.464456237871455e+02,7.277604976629853e+02,1.176470588235294e+00,48842381
7.482103296694984e+02,7.301887969259609e+02,5.882352941176471e-01,48842385
7.489665595554902e+02,7.291707600120091e+02,1.764705882352941e+00,48842383
7.507098669726604e+02,7.292256096522122e+02,1.764705882352941e+00,48842384
7.524745728550133e+02,7.333583217044628e+02,5.882352941176471e-01,48842388
7.535044473165572e+02,7.326817433252809e+02,1.764705882352941e+00,48842386
7.542606772025490e+02,7.330961125103060e+02,1.764705882352941e+00,48842387
7.560253830849019e+02,7.379900419967164e+02,5.882352941176471e-01,48842391
7.577686905020721e+02,7.348278661766479e+02,1.764705882352941e+00,48842389
7.587985649636161e+02,7.357182482479716e+02,1.764705882352941e+00,48842390
7.595333963844251e+02,7.386474139154489e+02,5.882352941176471e-01,48842393
7.595547948496078e+02,7.385817448758987e+02,1.176470588235294e+00,48842392
7.605632708459690e+02,7.403159015246419e+02,5.882352941176471e-01,48842394
7.613195007319608e+02,7.416364913012624e+02,5.882352941176471e-01,48842396
7.648275140314839e+02,7.414460580620433e+02,1.764705882352941e+00,48842395
7.658573884930278e+02,7.463748534306395e+02,1.764705882352941e+00,48842397
7.665922199138368e+02,7.491003102104866e+02,5.882352941176471e-01,48842399
7.666136183790196e+02,7.479059054784982e+02,1.764705882352941e+00,48842398
7.683569257961898e+02,7.515525530339727e+02,5.882352941176471e-01,48842401
7.701216316785427e+02,7.532618630066637e+02,5.882352941176471e-01,48842403
7.711515061400866e+02,7.506960494301246e+02,1.764705882352941e+00,48842400
7.718863375608957e+02,7.543393120368789e+02,5.882352941176471e-01,48842404
7.719077360260784e+02,7.524787798753068e+02,1.764705882352941e+00,48842402
7.729162120224396e+02,7.561857178897466e+02,5.882352941176471e-01,48842405
7.736510434432486e+02,7.571072904770934e+02,5.882352941176471e-01,48842406
7.736724419084313e+02,7.581514441877127e+02,5.882352941176471e-01,48842407
7.746809179047925e+02,7.592118677198509e+02,5.882352941176471e-01,48842408
7.754157493256015e+02,7.610506682874140e+02,5.882352941176471e-01,48842409
7.754371477907843e+02,7.613819560136517e+02,5.882352941176471e-01,48842410
7.771804552079545e+02,7.625258911708912e+02,5.882352941176471e-01,48842412
7.799750355518513e+02,7.618066420140585e+02,1.764705882352941e+00,48842411
7.807312654378431e+02,7.627792026804195e+02,1.764705882352941e+00,48842413
7.824745728550133e+02,7.631518839529808e+02,1.764705882352941e+00,48842414
7.824959713201961e+02,7.658025599952305e+02,5.882352941176471e-01,48842416
7.842606772025490e+02,7.670694103471689e+02,5.882352941176471e-01,48842418
7.852691531989102e+02,7.650752347521010e+02,1.764705882352941e+00,48842415
7.860039846197192e+02,7.660179269373306e+02,1.176470588235294e+00,48842417
7.860253830849019e+02,7.675640566238536e+02,5.882352941176471e-01,48842419
7.877686905020721e+02,7.700951723302010e+02,5.882352941176471e-01,48842421
7.905632708459690e+02,7.690349391781482e+02,1.764705882352941e+00,48842420
7.912981022667780e+02,7.706237194854483e+02,1.176470588235294e+00,48842423
7.913195007319608e+02,7.702902398705783e+02,1.764705882352941e+00,48842422
7.958573884930278e+02,7.708357531478673e+02,1.764705882352941e+00,48842424
7.965922199138368e+02,7.712148629461783e+02,1.764705882352941e+00,48842425
7.966136183790196e+02,7.719571882616664e+02,1.764705882352941e+00,48842426
7.976220943753808e+02,7.736626807275760e+02,5.882352941176471e-01,48842427
8.018863375608957e+02,7.763022897808339e+02,1.764705882352941e+00,48842428
8.019077360260784e+02,7.772101460135833e+02,1.764705882352941e+00,48842429
8.029162120224396e+02,7.787946806005510e+02,1.764705882352941e+00,48842430
8.054157493256015e+02,7.818805146216918e+02,1.176470588235294e+00,48842431
8.054371477907843e+02,7.829326311834557e+02,1.176470588235294e+00,48842432
8.072018536731372e+02,7.855762086613598e+02,5.882352941176471e-01,48842435
8.082103296694984e+02,7.838868850908106e+02,1.764705882352941e+00,48842433
8.107098669726604e+02,7.845278963275731e+02,1.764705882352941e+00,48842434
8.117397414342043e+02,7.876234927482264e+02,1.176470588235294e+00,48842437
8.124745728550133e+02,7.886242377245035e+02,5.882352941176471e-01,48842438
8.124959713201961e+02,7.864268876425695e+02,1.764705882352941e+00,48842436
8.135044473165572e+02,7.895170412463074e+02,5.882352941176471e-01,48842439
8.142606772025490e+02,7.932801513588354e+02,5.882352941176471e-01,48842441
8.160039846197192e+02,7.907202750511881e+02,1.176470588235294e+00,48842440
8.160253830849019e+02,7.939643408024111e+02,5.882352941176471e-01,48842443
8.177686905020721e+02,7.946988489045684e+02,5.882352941176471e-01,48842444
8.187985649636161e+02,7.933400574270429e+02,1.764705882352941e+00,48842442
8.195547948496078e+02,7.954651211644694e+02,1.176470588235294e+00,48842445
8.205632708459690e+02,7.968948317819585e+02,5.882352941176471e-01,48842447
8.213195007319608e+02,7.971913531747309e+02,5.882352941176471e-01,48842448
8.223279767283219e+02,7.974240362627735e+02,5.882352941176471e-01,48842449
8.230628081491310e+02,7.955541421039332e+02,1.764705882352941e+00,48842446
8.230842066143137e+02,7.980931653414711e+02,5.882352941176471e-01,48842450
8.248275140314839e+02,8.007489652547077e+02,5.882352941176471e-01,48842452
8.265922199138368e+02,8.010438855140047e+02,5.882352941176471e-01,48842454
8.276220943753808e+02,7.986544179213107e+02,1.764705882352941e+00,48842451
8.283569257961898e+02,8.010848797349542e+02,5.882352941176471e-01,48842455
8.283783242613725e+02,8.009003387912747e+02,1.764705882352941e+00,48842453
8.293868002577337e+02,8.030584465736162e+02,5.882352941176471e-01,48842456
8.301216316785427e+02,8.033431937156630e+02,5.882352941176471e-01,48842457
8.301430301437255e+02,8.043309951569969e+02,5.882352941176471e-01,48842458
8.311515061400866e+02,8.047005630132991e+02,5.882352941176471e-01,48842459
8.319077360260784e+02,8.060829112615338e+02,5.882352941176471e-01,48842461
8.336724419084313e+02,8.079446475444719e+02,5.882352941176471e-01,48842463
8.354157493256015e+02,8.057211106568035e+02,1.764705882352941e+00,48842460
8.354371477907843e+02,8.081053751115137e+02,5.882352941176471e-01,48842464
8.364456237871455e+02,8.071947026530900e+02,1.764705882352941e+00,48842462
8.371804552079545e+02,8.081382535204112e+02,5.882352941176471e-01,48842465
8.399750355518513e+02,8.106781425165011e+02,1.176470588235294e+00,48842467
8.407312654378431e+02,8.095794632430645e+02,1.764705882352941e+00,48842466
8.417397414342043e+02,8.119307516064936e+02,5.882352941176471e-01,48842469
8.424745728550133e+02,8.115645004265344e+02,1.764705882352941e+00,48842468
8.424959713201961e+02,8.143055269312388e+02,5.882352941176471e-01,48842470
8.435044473165572e+02,8.159735540783822e+02,5.882352941176471e-01,48842471
8.442392787373662e+02,8.162923212313975e+02,5.882352941176471e-01,48842472
8.442606772025490e+02,8.218510582636840e+02,5.882352941176471e-01,48842473
8.460253830849019e+02,8.256982567564805e+02,5.882352941176471e-01,48842476
8.477900889672549e+02,8.271146849067385e+02,5.882352941176471e-01,48842477
8.487985649636161e+02,8.223845435707689e+02,1.764705882352941e+00,48842474
8.495333963844251e+02,8.237222197667782e+02,1.764705882352941e+00,48842475
8.495547948496078e+02,8.282285039605539e+02,5.882352941176471e-01,48842478
8.505632708459690e+02,8.297797673492130e+02,5.882352941176471e-01,48842479
8.512981022667780e+02,8.301596577813315e+02,5.882352941176471e-01,48842480
8.513195007319608e+02,8.318857893730604e+02,5.882352941176471e-01,48842481
8.530628081491310e+02,8.336909490272394e+02,5.882352941176471e-01,48842483
8.530842066143137e+02,8.337315843612866e+02,5.882352941176471e-01,48842484
8.548275140314839e+02,8.347911160503245e+02,5.882352941176471e-01,48842485
8.548489124966666e+02,8.374212526975510e+02,5.882352941176471e-01,48842486
8.558573884930278e+02,8.321930872469237e+02,1.764705882352941e+00,48842482
8.565922199138368e+02,8.379644870344419e+02,5.882352941176471e-01,48842487
8.576220943753808e+02,8.426432783666846e+02,5.882352941176471e-01,48842489
8.601430301437255e+02,8.417396943891509e+02,1.764705882352941e+00,48842488
8.611515061400866e+02,8.453859962782594e+02,1.176470588235294e+00,48842491
8.618863375608957e+02,8.437837112852321e+02,1.764705882352941e+00,48842490
8.654371477907843e+02,8.507049320985797e+02,1.764705882352941e+00,48842492
8.664456237871455e+02,8.520788147274329e+02,1.764705882352941e+00,48842493
8.671804552079545e+02,8.530603858727643e+02,1.764705882352941e+00,48842494
8.672018536731372e+02,8.548204314055396e+02,5.882352941176471e-01,48842495
8.689451610903074e+02,8.605680778669117e+02,5.882352941176471e-01,48842497
8.689665595554902e+02,8.616720113082722e+02,5.882352941176471e-01,48842498
8.707312654378431e+02,8.644015410876972e+02,5.882352941176471e-01,48842500
8.717397414342043e+02,8.577486674766538e+02,1.764705882352941e+00,48842496
8.724959713201961e+02,8.658350875885210e+02,5.882352941176471e-01,48842501
8.735044473165572e+02,8.659485337106718e+02,5.882352941176471e-01,48842502
8.742392787373662e+02,8.627418899327525e+02,1.764705882352941e+00,48842499
8.742606772025490e+02,8.663432867850080e+02,5.882352941176471e-01,48842503
8.752691531989102e+02,8.678429230876756e+02,5.882352941176471e-01,48842504
8.760039846197192e+02,8.685482803986983e+02,5.882352941176471e-01,48842505
8.760253830849019e+02,8.694805084242331e+02,5.882352941176471e-01,48842506
8.777900889672549e+02,8.723646002126254e+02,5.882352941176471e-01,48842509
8.787985649636161e+02,8.713989908754772e+02,1.176470588235294e+00,48842507
8.795547948496078e+02,8.740560342072642e+02,5.882352941176471e-01,48842510
8.805632708459690e+02,8.742304708692604e+02,5.882352941176471e-01,48842511
8.812981022667780e+02,8.719407729287381e+02,1.764705882352941e+00,48842508
8.813195007319608e+02,8.749096015143069e+02,5.882352941176471e-01,48842512
8.830628081491310e+02,8.766128348094015e+02,5.882352941176471e-01,48842514
8.830842066143137e+02,8.775122894469957e+02,5.882352941176471e-01,48842515
8.848275140314839e+02,8.790664888708059e+02,5.882352941176471e-01,48842516
8.848489124966666e+02,8.793014437540375e+02,5.882352941176471e-01,48842517
8.858573884930278e+02,8.764357607659273e+02,1.764705882352941e+00,48842513
8.876220943753808e+02,8.815862976372882e+02,5.882352941176471e-01,48842520
8.901216316785427e+02,8.809001435659531e+02,1.764705882352941e+00,48842518
8.901430301437255e+02,8.814575186385332e+02,1.764705882352941e+00,48842519
8.929162120224396e+02,8.816262250845553e+02,1.764705882352941e+00,48842521
8.946809179047925e+02,8.829340836447302e+02,5.882352941176471e-01,48842524
8.954157493256015e+02,8.823877406929422e+02,1.764705882352941e+00,48842522
8.954371477907843e+02,8.825319482990607e+02,1.764705882352941e+00,48842523
8.964456237871455e+02,8.837499946806317e+02,5.882352941176471e-01,48842525
8.999750355518513e+02,8.883464548599479e+02,1.176470588235294e+00,48842528
9.007098669726604e+02,8.848178045045200e+02,1.764705882352941e+00,48842526
9.007312654378431e+02,8.861637667743033e+02,1.764705882352941e+00,48842527
9.024745728550133e+02,8.901053698671510e+02,5.882352941176471e-01,48842530
9.042392787373662e+02,8.909665391207924e+02,5.882352941176471e-01,48842532
9.052691531989102e+02,8.896608098739594e+02,1.764705882352941e+00,48842529
9.060253830849019e+02,8.902490378375768e+02,1.764705882352941e+00,48842531
9.077900889672549e+02,8.925498113021903e+02,5.882352941176471e-01,48842535
9.095333963844251e+02,8.913685701150276e+02,1.764705882352941e+00,48842533
9.095547948496078e+02,8.935974943949356e+02,5.882352941176471e-01,48842536
9.105632708459690e+02,8.919341962922027e+02,1.764705882352941e+00,48842534
9.112981022667780e+02,8.944918320656950e+02,5.882352941176471e-01,48842537
9.123279767283219e+02,8.963452259006567e+02,5.882352941176471e-01,48842539
9.148275140314839e+02,8.965943271982946e+02,1.176470588235294e+00,48842540
9.148489124966666e+02,8.963251281153440e+02,1.764705882352941e+00,48842538
9.165922199138368e+02,8.993855964376561e+02,5.882352941176471e-01,48842542
9.176220943753808e+02,8.972265185169811e+02,1.764705882352941e+00,48842541
9.183569257961898e+02,9.009574062977104e+02,5.882352941176471e-01,48842544
9.183783242613725e+02,8.994132683529662e+02,1.176470588235294e+00,48842543
9.229162120224396e+02,9.016110392184938e+02,1.764705882352941e+00,48842545
9.236510434432486e+02,9.024038127818077e+02,1.764705882352941e+00,48842546
9.236724419084313e+02,9.029410256833312e+02,1.764705882352941e+00,48842547
9.272018536731372e+02,9.074019532404042e+02,1.176470588235294e+00,48842550
9.282103296694984e+02,9.048804968672315e+02,1.764705882352941e+00,48842548
9.289451610903074e+02,9.057322361288331e+02,1.764705882352941e+00,48842549
9.289665595554902e+02,9.120885500055579e+02,5.882352941176471e-01,48842551
9.307098669726604e+02,9.144243513228823e+02,5.882352941176471e-01,48842553
9.307312654378431e+02,9.148235855957096e+02,5.882352941176471e-01,48842554
9.324745728550133e+02,9.179830843048965e+02,5.882352941176471e-01,48842555
9.335044473165572e+02,9.140629036799004e+02,1.764705882352941e+00,48842552
9.342392787373662e+02,9.186167130063352e+02,5.882352941176471e-01,48842557
9.360039846197192e+02,9.216296609554179e+02,5.882352941176471e-01,48842559
9.360253830849019e+02,9.182547922803320e+02,1.764705882352941e+00,48842556
9.377686905020721e+02,9.227089841291049e+02,5.882352941176471e-01,48842560
9.377900889672549e+02,9.233679756873753e+02,5.882352941176471e-01,48842561
9.387985649636161e+02,9.190159288523750e+02,1.764705882352941e+00,48842558
9.395547948496078e+02,9.246943739111781e+02,5.882352941176471e-01,48842563
9.413195007319608e+02,9.260511404612439e+02,5.882352941176471e-01,48842565
9.430628081491310e+02,9.245412435040063e+02,1.764705882352941e+00,48842562
9.430842066143137e+02,9.261110115401041e+02,5.882352941176471e-01,48842566
9.440926826106749e+02,9.252791571950296e+02,1.764705882352941e+00,48842564
9.448489124966666e+02,9.275949180500819e+02,5.882352941176471e-01,48842568
9.483569257961898e+02,9.267948579329242e+02,1.764705882352941e+00,48842567
9.493868002577337e+02,9.276356844714465e+02,1.764705882352941e+00,48842569
9.501430301437255e+02,9.288848184932308e+02,1.764705882352941e+00,48842570
9.511515061400866e+02,9.298936887785096e+02,5.882352941176471e-01,48842572
9.519077360260784e+02,9.321085823028762e+02,5.882352941176471e-01,48842573
9.529162120224396e+02,9.321905206681767e+02,5.882352941176471e-01,48842574
9.536510434432486e+02,9.289700446403671e+02,1.764705882352941e+00,48842571
9.536724419084313e+02,9.325737202980656e+02,5.882352941176471e-01,48842575
9.554157493256015e+02,9.336683431640254e+02,5.882352941176471e-01,48842577
9.554371477907843e+02,9.346051381065926e+02,5.882352941176471e-01,48842578
9.564456237871455e+02,9.335805212719067e+02,1.176470588235294e+00,48842576
9.572018536731372e+02,9.377758882534782e+02,5.882352941176471e-01,48842580
9.582103296694984e+02,9.379523352776195e+02,5.882352941176471e-01,48842581
9.589665595554902e+02,9.383204403838174e+02,5.882352941176471e-01,48842582
9.607098669726604e+02,9.367210419573605e+02,1.764705882352941e+00,48842579
9.635044473165572e+02,9.395439545066132e+02,1.764705882352941e+00,48842583
9.642606772025490e+02,9.403181369622287e+02,1.764705882352941e+00,48842584
9.660039846197192e+02,9.436736039473569e+02,1.764705882352941e+00,48842585
9.677686905020721e+02,9.456521077387425e+02,5.882352941176471e-01,48842588
9.687985649636161e+02,9.437313768810092e+02,1.764705882352941e+00,48842586
9.695547948496078e+02,9.450781182371697e+02,1.764705882352941e+00,48842587
9.712981022667780e+02,9.464230255454717e+02,1.176470588235294e+00,48842589
9.713195007319608e+02,9.470643166056643e+02,5.882352941176471e-01,48842591
9.740926826106749e+02,9.470101760241047e+02,1.764705882352941e+00,48842590
9.748489124966666e+02,9.486932267141873e+02,1.176470588235294e+00,48842593
9.758573884930278e+02,9.493980650675937e+02,5.882352941176471e-01,48842594
9.765922199138368e+02,9.480691656436377e+02,1.764705882352941e+00,48842592
9.766136183790196e+02,9.496875480806218e+02,5.882352941176471e-01,48842595
9.776220943753808e+02,9.512512331210639e+02,5.882352941176471e-01,48842596
9.783783242613725e+02,9.525613247061972e+02,5.882352941176471e-01,48842598
9.801430301437255e+02,9.546128505080534e+02,5.882352941176471e-01,48842600
9.811515061400866e+02,9.526661279669680e+02,1.176470588235294e+00,48842599
9.818863375608957e+02,9.516297383661673e+02,1.764705882352941e+00,48842597
9.829162120224396e+02,9.564034931271981e+02,5.882352941176471e-01,48842602
9.836510434432486e+02,9.565285240495565e+02,5.882352941176471e-01,48842603
9.854157493256015e+02,9.579903660302554e+02,5.882352941176471e-01,48842605
9.854371477907843e+02,9.546452909696677e+02,1.764705882352941e+00,48842601
9.864456237871455e+02,9.574760144361958e+02,1.176470588235294e+00,48842604
9.871804552079545e+02,9.584722949901459e+02,5.882352941176471e-01,48842606
9.872018536731372e+02,9.594518441534716e+02,5.882352941176471e-01,48842607
9.889451610903074e+02,9.621279119365190e+02,5.882352941176471e-01,48842609
9.889665595554902e+02,9.630279758049484e+02,5.882352941176471e-01,48842610
9.907312654378431e+02,9.640620090269923e+02,5.882352941176471e-01,48842612
9.917397414342043e+02,9.603866036345093e+02,1.764705882352941e+00,48842608
9.924959713201961e+02,9.654544146857198e+02,5.882352941176471e-01,48842613
9.942392787373662e+02,9.631699265618397e+02,1.764705882352941e+00,48842611
9.952691531989102e+02,9.669529856535888e+02,1.176470588235294e+00,48842614
9.960039846197192e+02,9.676606566159115e+02,5.882352941176471e-01,48842616
9.970338590812631e+02,9.706721739556244e+02,5.882352941176471e-01,48842617
9.977686905020721e+02,9.707750885004140e+02,5.882352941176471e-01,48842618
9.977900889672549e+02,9.673349069966157e+02,1.764705882352941e+00,48842615
9.987985649636161e+02,9.709004333059383e+02,5.882352941176471e-01,48842619
9.995333963844251e+02,9.711328865427603e+02,5.882352941176471e-01,48842620
9.995547948496078e+02,9.732776505236784e+02,5.882352941176471e-01,48842621
1.000563270845969e+03,9.736171511157773e+02,5.882352941176471e-01,48842622
1.001298102266778e+03,9.736924766031740e+02,5.882352941176471e-01,48842623
1.002327976728322e+03,9.740675364526765e+02,5.882352941176471e-01,48842625
1.003062808149131e+03,9.748971670974974e+02,5.882352941176471e-01,48842626
1.004827514031484e+03,9.764975896048228e+02,5.882352941176471e-01,48842628
1.004848912496667e+03,9.739465514437594e+02,1.764705882352941e+00,48842624
1.005857388493028e+03,9.762561480526093e+02,1.176470588235294e+00,48842627
1.006592219913837e+03,9.784095207990062e+02,5.882352941176471e-01,48842629
1.010143030143725e+03,9.808726844878645e+02,1.764705882352941e+00,48842630
1.011151506140087e+03,9.808887864054944e+02,1.764705882352941e+00,48842631
1.011886337560896e+03,9.820064832405349e+02,1.764705882352941e+00,48842632
1.011907736026078e+03,9.822932505457182e+02,5.882352941176471e-01,48842633
1.012916212022440e+03,9.832500784085067e+02,5.882352941176471e-01,48842634
1.013672441908431e+03,9.838593184882871e+02,5.882352941176471e-01,48842636
1.014680917904793e+03,9.839993296160878e+02,5.882352941176471e-01,48842637
1.015415749325602e+03,9.838094594800042e+02,1.176470588235294e+00,48842635
1.016445623787145e+03,9.843129851698089e+02,5.882352941176471e-01,48842639
1.017180455207954e+03,9.848895451366672e+02,5.882352941176471e-01,48842640
1.018966559555490e+03,9.840755784801492e+02,1.764705882352941e+00,48842638
1.021739741434204e+03,9.854441842728794e+02,1.764705882352941e+00,48842641
1.022474572855013e+03,9.859377235857002e+02,1.764705882352941e+00,48842642
1.023504447316557e+03,9.879941935883945e+02,5.882352941176471e-01,48842644
1.024239278737366e+03,9.881390806168420e+02,5.882352941176471e-01,48842645
1.024260677202549e+03,9.868689464569474e+02,1.764705882352941e+00,48842643
1.025269153198910e+03,9.884469501276685e+02,5.882352941176471e-01,48842646
1.026025383084902e+03,9.886607266745957e+02,5.882352941176471e-01,48842648
1.027768690502072e+03,9.885959707594798e+02,1.176470588235294e+00,48842647
1.028798564963616e+03,9.920627163161149e+02,1.176470588235294e+00,48842649
1.029533396384425e+03,9.937338410672390e+02,5.882352941176471e-01,48842651
1.031298102266778e+03,9.979599430348773e+02,5.882352941176471e-01,48842653
1.031319500731961e+03,9.925222524398610e+02,1.764705882352941e+00,48842650
1.033062808149131e+03,9.990785222167638e+02,5.882352941176471e-01,48842654
1.033084206614314e+03,9.990952407883209e+02,5.882352941176471e-01,48842655
1.034092682610675e+03,9.959770719914273e+02,1.764705882352941e+00,48842652
1.034827514031484e+03,1.000222433495294e+03,5.882352941176471e-01,48842656
1.034848912496667e+03,1.002865516290320e+03,5.882352941176471e-01,48842657
1.035857388493028e+03,1.003481293259631e+03,5.882352941176471e-01,48842658
1.038378324261373e+03,1.003745009168001e+03,1.176470588235294e+00,48842660
1.040121631678543e+03,1.003671063039403e+03,1.764705882352941e+00,48842659
1.040143030143725e+03,1.004499523767271e+03,5.882352941176471e-01,48842662
1.041151506140087e+03,1.004355427248227e+03,1.764705882352941e+00,48842661
1.042916212022440e+03,1.005604910359183e+03,5.882352941176471e-01,48842665
1.044680917904793e+03,1.007594699046063e+03,5.882352941176471e-01,48842666
1.045415749325602e+03,1.005013654266578e+03,1.764705882352941e+00,48842663
1.045437147790784e+03,1.005055251454117e+03,1.764705882352941e+00,48842664
1.046445623787145e+03,1.008274050988632e+03,5.882352941176471e-01,48842667
1.050709866972660e+03,1.011256799290396e+03,1.764705882352941e+00,48842668
1.050731265437843e+03,1.011301952002133e+03,1.764705882352941e+00,48842669
1.051739741434204e+03,1.015473381085783e+03,1.764705882352941e+00,48842670
1.054260677202549e+03,1.016401794534181e+03,1.176470588235294e+00,48842672
1.056003984619719e+03,1.016154241717773e+03,1.764705882352941e+00,48842671
1.056025383084902e+03,1.017527031723876e+03,5.882352941176471e-01,48842674
1.057033859081263e+03,1.016451712154112e+03,1.764705882352941e+00,48842673
1.057768690502072e+03,1.020274028841358e+03,5.882352941176471e-01,48842675
1.059533396384425e+03,1.022518719703100e+03,5.882352941176471e-01,48842678
1.059554794849608e+03,1.021127426695109e+03,1.176470588235294e+00,48842676
1.061319500731961e+03,1.023651432370419e+03,5.882352941176471e-01,48842680
1.062327976728322e+03,1.021216345165934e+03,1.764705882352941e+00,48842677
1.063062808149131e+03,1.023192647301177e+03,1.176470588235294e+00,48842679
1.063084206614314e+03,1.025541083834033e+03,5.882352941176471e-01,48842681
1.064092682610675e+03,1.027435306814343e+03,5.882352941176471e-01,48842682
1.064848912496667e+03,1.028401725559276e+03,5.882352941176471e-01,48842684
1.065857388493028e+03,1.028831759333663e+03,5.882352941176471e-01,48842685
1.066592219913837e+03,1.027948552118778e+03,1.176470588235294e+00,48842683
1.068356925796190e+03,1.031443547708582e+03,5.882352941176471e-01,48842688
1.070121631678543e+03,1.031503979499477e+03,5.882352941176471e-01,48842689
1.070143030143725e+03,1.030086690340748e+03,1.764705882352941e+00,48842686
1.071151506140087e+03,1.030285944293295e+03,1.764705882352941e+00,48842687
1.071886337560896e+03,1.032000698371256e+03,5.882352941176471e-01,48842690
1.073651043443249e+03,1.033867667191313e+03,5.882352941176471e-01,48842693
1.075437147790784e+03,1.032030779520095e+03,1.764705882352941e+00,48842691
1.076445623787145e+03,1.033655673264311e+03,1.764705882352941e+00,48842692
1.077201853673137e+03,1.038699331942939e+03,5.882352941176471e-01,48842695
1.078945161090307e+03,1.037161971029427e+03,1.764705882352941e+00,48842694
1.078966559555490e+03,1.043944393860218e+03,5.882352941176471e-01,48842697
1.079975035551851e+03,1.040944411882918e+03,1.176470588235294e+00,48842696
1.080731265437843e+03,1.046153646582428e+03,5.882352941176471e-01,48842699
1.081739741434204e+03,1.047619272351552e+03,5.882352941176471e-01,48842700
1.084239278737366e+03,1.045358410737171e+03,1.764705882352941e+00,48842698
1.084260677202549e+03,1.047686687125119e+03,1.176470588235294e+00,48842701
1.086025383084902e+03,1.052662749686152e+03,5.882352941176471e-01,48842704
1.087033859081263e+03,1.049750905745652e+03,1.764705882352941e+00,48842702
1.087790088967255e+03,1.054971523201051e+03,5.882352941176471e-01,48842705
1.088798564963616e+03,1.055935250259262e+03,5.882352941176471e-01,48842706
1.089533396384425e+03,1.050256818107536e+03,1.764705882352941e+00,48842703
1.089554794849608e+03,1.056367350374964e+03,5.882352941176471e-01,48842707
1.092327976728322e+03,1.056546741682486e+03,1.176470588235294e+00,48842708
1.094827514031484e+03,1.058817643883191e+03,1.764705882352941e+00,48842709
1.094848912496667e+03,1.059171946556703e+03,1.764705882352941e+00,48842710
1.097622094375381e+03,1.059996999610881e+03,1.764705882352941e+00,48842711
1.100121631678543e+03,1.061554939969323e+03,1.764705882352941e+00,48842712
1.100143030143725e+03,1.063788478881996e+03,1.764705882352941e+00,48842713
1.101151506140087e+03,1.064494753823661e+03,1.176470588235294e+00,48842714
1.101886337560896e+03,1.064709005373381e+03,5.882352941176471e-01,48842715
1.103651043443249e+03,1.068345963998735e+03,5.882352941176471e-01,48842718
1.105415749325602e+03,1.073776212107283e+03,5.882352941176471e-01,48842719
1.105437147790784e+03,1.066686017597506e+03,1.764705882352941e+00,48842716
1.106445623787145e+03,1.068173179424324e+03,1.764705882352941e+00,48842717
1.107180455207954e+03,1.073999221370748e+03,5.882352941176471e-01,48842720
1.107201853673137e+03,1.075375481831585e+03,5.882352941176471e-01,48842721
1.108210329669498e+03,1.075649395557012e+03,5.882352941176471e-01,48842722
1.108945161090307e+03,1.076155148338469e+03,5.882352941176471e-01,48842723
1.108966559555490e+03,1.077259960381956e+03,5.882352941176471e-01,48842724
1.109975035551851e+03,1.077417718055904e+03,5.882352941176471e-01,48842725
1.110731265437843e+03,1.079113548070842e+03,5.882352941176471e-01,48842727
1.114239278737366e+03,1.077835642245226e+03,1.764705882352941e+00,48842726
1.115269153198910e+03,1.080173009400284e+03,1.764705882352941e+00,48842728
1.116003984619719e+03,1.082745450010771e+03,5.882352941176471e-01,48842730
1.116025383084902e+03,1.081615524636284e+03,1.764705882352941e+00,48842729
1.117033859081263e+03,1.083085470686741e+03,5.882352941176471e-01,48842731
1.118798564963616e+03,1.086302905053875e+03,5.882352941176471e-01,48842734
1.119533396384425e+03,1.085346813923139e+03,1.176470588235294e+00,48842732
1.120563270845969e+03,1.087926241651818e+03,5.882352941176471e-01,48842735
1.121319500731961e+03,1.085850530323627e+03,1.764705882352941e+00,48842733
1.123084206614314e+03,1.092351592275705e+03,5.882352941176471e-01,48842738
1.124827514031484e+03,1.088370455917637e+03,1.764705882352941e+00,48842736
1.125857388493028e+03,1.090497817895536e+03,1.764705882352941e+00,48842737
1.128356925796190e+03,1.092666586357249e+03,1.176470588235294e+00,48842740
1.128378324261373e+03,1.092420284309004e+03,1.764705882352941e+00,48842739
1.130121631678543e+03,1.093991314406264e+03,5.882352941176471e-01,48842742
1.130143030143725e+03,1.094474021051570e+03,5.882352941176471e-01,48842743
1.131151506140087e+03,1.093094735007579e+03,1.764705882352941e+00,48842741
1.131907736026078e+03,1.097631734471326e+03,5.882352941176471e-01,48842745
1.132916212022440e+03,1.097946370717008e+03,5.882352941176471e-01,48842746
1.133672441908431e+03,1.098080175458490e+03,5.882352941176471e-01,48842747
1.135415749325602e+03,1.095306142645750e+03,1.764705882352941e+00,48842744
1.135437147790784e+03,1.098551619738023e+03,5.882352941176471e-01,48842749
1.136445623787145e+03,1.098401867798535e+03,1.176470588235294e+00,48842748
1.140709866972660e+03,1.099554861977440e+03,1.764705882352941e+00,48842750
1.140731265437843e+03,1.102543146601082e+03,1.764705882352941e+00,48842751
1.141739741434204e+03,1.102698721655003e+03,1.764705882352941e+00,48842752
1.142474572855013e+03,1.102964494542958e+03,5.882352941176471e-01,48842753
1.143504447316557e+03,1.104760912621692e+03,5.882352941176471e-01,48842755
1.146025383084902e+03,1.103270620877259e+03,1.764705882352941e+00,48842754
1.147768690502072e+03,1.105361978379803e+03,1.764705882352941e+00,48842756
1.147790088967255e+03,1.108158358005021e+03,5.882352941176471e-01,48842758
1.148798564963616e+03,1.105404221684522e+03,1.764705882352941e+00,48842757
1.149533396384425e+03,1.108558697199686e+03,5.882352941176471e-01,48842759
1.149554794849608e+03,1.108912419221085e+03,5.882352941176471e-01,48842760
1.151298102266778e+03,1.110918128637306e+03,5.882352941176471e-01,48842762
1.151319500731961e+03,1.112927159721592e+03,5.882352941176471e-01,48842763
1.153062808149131e+03,1.114271022936929e+03,5.882352941176471e-01,48842764
1.153084206614314e+03,1.114271879593179e+03,5.882352941176471e-01,48842765
1.154092682610675e+03,1.109355277064241e+03,1.764705882352941e+00,48842761
1.154827514031484e+03,1.114272499897014e+03,5.882352941176471e-01,48842766
1.158356925796190e+03,1.116365946724859e+03,1.176470588235294e+00,48842769
1.158378324261373e+03,1.114867190151083e+03,1.764705882352941e+00,48842767
1.159386800257734e+03,1.115854729863574e+03,1.764705882352941e+00,48842768
1.160143030143725e+03,1.117014816940357e+03,5.882352941176471e-01,48842771
1.161151506140087e+03,1.117991558051403e+03,5.882352941176471e-01,48842772
1.161907736026078e+03,1.118686893659843e+03,5.882352941176471e-01,48842773
1.163651043443249e+03,1.116676223000045e+03,1.764705882352941e+00,48842770
1.164680917904793e+03,1.120368389408770e+03,1.176470588235294e+00,48842774
1.165437147790784e+03,1.121296780816997e+03,1.176470588235294e+00,48842775
1.166445623787145e+03,1.123560684079725e+03,5.882352941176471e-01,48842777
1.168945161090307e+03,1.123337552113878e+03,1.764705882352941e+00,48842776
1.168966559555490e+03,1.123901626042667e+03,1.176470588235294e+00,48842778
1.170731265437843e+03,1.127269602869205e+03,5.882352941176471e-01,48842781
1.171739741434204e+03,1.124774561944607e+03,1.764705882352941e+00,48842779
1.173504447316557e+03,1.128900876016663e+03,5.882352941176471e-01,48842783
1.174239278737366e+03,1.126274069898583e+03,1.764705882352941e+00,48842780
1.175269153198910e+03,1.129056658395159e+03,5.882352941176471e-01,48842784
1.176025383084902e+03,1.127946954264226e+03,1.764705882352941e+00,48842782
1.177033859081263e+03,1.134534115671551e+03,5.882352941176471e-01,48842786
1.178798564963616e+03,1.136077767495560e+03,5.882352941176471e-01,48842788
1.179533396384425e+03,1.131797570276597e+03,1.764705882352941e+00,48842785
1.179554794849608e+03,1.135714818588209e+03,1.176470588235294e+00,48842787
1.181319500731961e+03,1.141409238901361e+03,5.882352941176471e-01,48842791
1.182327976728322e+03,1.140635603148078e+03,1.176470588235294e+00,48842789
1.183062808149131e+03,1.141067709128090e+03,1.176470588235294e+00,48842790
1.183084206614314e+03,1.143116358255769e+03,5.882352941176471e-01,48842792
1.184827514031484e+03,1.145111362696320e+03,5.882352941176471e-01,48842794
1.186592219913837e+03,1.148732514244511e+03,5.882352941176471e-01,48842796
1.187622094375381e+03,1.143152399466933e+03,1.764705882352941e+00,48842793
1.188378324261373e+03,1.147180538215067e+03,1.764705882352941e+00,48842795
1.189386800257734e+03,1.153534305333970e+03,5.882352941176471e-01,48842798
1.190143030143725e+03,1.153682232741967e+03,5.882352941176471e-01,48842799
1.191886337560896e+03,1.149520754550757e+03,1.764705882352941e+00,48842797
1.191907736026078e+03,1.154118150036288e+03,5.882352941176471e-01,48842801
1.192916212022440e+03,1.154035858269778e+03,1.176470588235294e+00,48842800
1.193651043443249e+03,1.154893720673282e+03,5.882352941176471e-01,48842802
1.194680917904793e+03,1.156431573291856e+03,5.882352941176471e-01,48842804
1.195437147790784e+03,1.155669278016690e+03,1.176470588235294e+00,48842803
1.197180455207954e+03,1.157242745266492e+03,1.176470588235294e+00,48842805
1.198945161090307e+03,1.158548350349347e+03,5.882352941176471e-01,48842808
1.199975035551851e+03,1.157311721887976e+03,1.764705882352941e+00,48842806
1.200709866972660e+03,1.158568304887537e+03,5.882352941176471e-01,48842809
1.200731265437843e+03,1.158011868804169e+03,1.764705882352941e+00,48842807
1.202474572855013e+03,1.161178850605628e+03,5.882352941176471e-01,48842811
1.204239278737366e+03,1.162954106900609e+03,5.882352941176471e-01,48842813
1.205269153198910e+03,1.159966959749843e+03,1.764705882352941e+00,48842810
1.206003984619719e+03,1.166933518947493e+03,5.882352941176471e-01,48842814
1.206025383084902e+03,1.161345359586402e+03,1.764705882352941e+00,48842812
1.207033859081263e+03,1.167116136142525e+03,5.882352941176471e-01,48842815
1.207768690502072e+03,1.167871139279687e+03,5.882352941176471e-01,48842816
1.209533396384425e+03,1.171152218643105e+03,5.882352941176471e-01,48842819
1.209554794849608e+03,1.168054778313447e+03,1.176470588235294e+00,48842817
1.210563270845969e+03,1.171072104877650e+03,1.176470588235294e+00,48842818
1.211298102266778e+03,1.172922255593530e+03,5.882352941176471e-01,48842820
1.212327976728322e+03,1.174714693789870e+03,5.882352941176471e-01,48842822
1.214848912496667e+03,1.173788624033292e+03,1.764705882352941e+00,48842821
1.216592219913837e+03,1.175719189943487e+03,1.764705882352941e+00,48842823
1.217622094375381e+03,1.177707468390909e+03,1.764705882352941e+00,48842824
1.218356925796190e+03,1.179717108743695e+03,5.882352941176471e-01,48842826
1.219386800257734e+03,1.180604167982164e+03,5.882352941176471e-01,48842827
1.220143030143725e+03,1.179362679750582e+03,1.764705882352941e+00,48842825
1.221151506140087e+03,1.182483255427789e+03,5.882352941176471e-01,48842829
1.221886337560896e+03,1.181935894099706e+03,1.176470588235294e+00,48842828
1.221907736026078e+03,1.184373640793752e+03,5.882352941176471e-01,48842830
1.223651043443249e+03,1.187044725342218e+03,5.882352941176471e-01,48842832
1.225415749325602e+03,1.187303135688556e+03,5.882352941176471e-01,48842834
1.226445623787145e+03,1.184458215577376e+03,1.764705882352941e+00,48842831
1.227180455207954e+03,1.188614377288010e+03,5.882352941176471e-01,48842835
1.227201853673137e+03,1.187089956244860e+03,1.764705882352941e+00,48842833
1.228210329669498e+03,1.188817937009608e+03,5.882352941176471e-01,48842836
1.228945161090307e+03,1.188917510641458e+03,5.882352941176471e-01,48842837
1.230709866972660e+03,1.189818666093566e+03,5.882352941176471e-01,48842840
1.232474572855013e+03,1.191226445141683e+03,5.882352941176471e-01,48842841
1.232495971320196e+03,1.188969848640194e+03,1.764705882352941e+00,48842838
1.233504447316557e+03,1.189090589943324e+03,1.764705882352941e+00,48842839
1.235269153198910e+03,1.194290976377917e+03,5.882352941176471e-01,48842844
1.236025383084902e+03,1.193072086336661e+03,1.176470588235294e+00,48842843
1.237768690502072e+03,1.192767210329781e+03,1.764705882352941e+00,48842842
1.237790088967255e+03,1.195033560378758e+03,5.882352941176471e-01,48842846
1.239533396384425e+03,1.195678954822167e+03,5.882352941176471e-01,48842847
1.240563270845969e+03,1.194701368178278e+03,1.764705882352941e+00,48842845
1.241298102266778e+03,1.198527505455018e+03,5.882352941176471e-01,48842849
1.243084206614314e+03,1.197829914891091e+03,1.764705882352941e+00,48842848
1.244092682610675e+03,1.199602010684115e+03,1.176470588235294e+00,48842850
1.244827514031484e+03,1.202620006633328e+03,1.176470588235294e+00,48842851
1.245857388493028e+03,1.203316665383355e+03,5.882352941176471e-01,48842853
1.246592219913837e+03,1.203484156906476e+03,5.882352941176471e-01,48842854
1.246613618379020e+03,1.202724725712080e+03,1.176470588235294e+00,48842852
1.248356925796190e+03,1.209673474213293e+03,5.882352941176471e-01,48842856
1.250121631678543e+03,1.211031426562689e+03,5.882352941176471e-01,48842858
1.251151506140087e+03,1.206048044716443e+03,1.764705882352941e+00,48842855
1.251907736026078e+03,1.210298624429647e+03,1.764705882352941e+00,48842857
1.252916212022440e+03,1.211405780373273e+03,5.882352941176471e-01,48842860
1.253651043443249e+03,1.211055810905533e+03,1.176470588235294e+00,48842859
1.253672441908431e+03,1.213260313951712e+03,5.882352941176471e-01,48842861
1.254680917904793e+03,1.214373571206730e+03,5.882352941176471e-01,48842862
1.255415749325602e+03,1.216450328358027e+03,5.882352941176471e-01,48842863
1.255437147790784e+03,1.217485725485438e+03,5.882352941176471e-01,48842864
1.257180455207954e+03,1.219494019005568e+03,5.882352941176471e-01,48842866
1.258945161090307e+03,1.220433148073284e+03,5.882352941176471e-01,48842868
1.259975035551851e+03,1.217492305210821e+03,1.764705882352941e+00,48842865
1.260709866972660e+03,1.221273596170709e+03,5.882352941176471e-01,48842869
1.260731265437843e+03,1.220114559422904e+03,1.764705882352941e+00,48842867
1.261739741434204e+03,1.223116048772174e+03,5.882352941176471e-01,48842870
1.262474572855013e+03,1.224659580839347e+03,5.882352941176471e-01,48842871
1.262495971320196e+03,1.226332590992831e+03,5.882352941176471e-01,48842872
1.263504447316557e+03,1.226503787790440e+03,5.882352941176471e-01,48842873
1.265269153198910e+03,1.234013998982581e+03,5.882352941176471e-01,48842876
1.267033859081263e+03,1.234974625116360e+03,5.882352941176471e-01,48842877
1.267768690502072e+03,1.229099872357869e+03,1.764705882352941e+00,48842874
1.267790088967255e+03,1.233567575477016e+03,1.764705882352941e+00,48842875
1.269533396384425e+03,1.237945770554718e+03,5.882352941176471e-01,48842879
1.269554794849608e+03,1.238922410048371e+03,5.882352941176471e-01,48842880
1.271298102266778e+03,1.239735443217672e+03,5.882352941176471e-01,48842881
1.272327976728322e+03,1.236868345856291e+03,1.764705882352941e+00,48842878
1.274092682610675e+03,1.242124204745281e+03,5.882352941176471e-01,48842884
1.274848912496667e+03,1.240493143376225e+03,1.764705882352941e+00,48842882
1.276592219913837e+03,1.240648261888004e+03,1.764705882352941e+00,48842883
1.278356925796190e+03,1.244800019378848e+03,5.882352941176471e-01,48842887
1.279386800257734e+03,1.243015259292055e+03,1.764705882352941e+00,48842885
1.280121631678543e+03,1.245586881250068e+03,5.882352941176471e-01,48842888
1.280143030143725e+03,1.243975193463238e+03,1.764705882352941e+00,48842886
1.281151506140087e+03,1.248015395147807e+03,5.882352941176471e-01,48842889
1.281886337560896e+03,1.248500679625977e+03,5.882352941176471e-01,48842890
1.285437147790784e+03,1.250538993057488e+03,1.764705882352941e+00,48842891
1.286445623787145e+03,1.251261911569263e+03,1.764705882352941e+00,48842892
1.287180455207954e+03,1.253406421162786e+03,1.764705882352941e+00,48842893
1.288210329669498e+03,1.253694537080477e+03,5.882352941176471e-01,48842895
1.289975035551851e+03,1.257549863273496e+03,5.882352941176471e-01,48842897
1.290709866972660e+03,1.253782683628748e+03,1.176470588235294e+00,48842896
1.290731265437843e+03,1.253469442933838e+03,1.764705882352941e+00,48842894
1.292495971320196e+03,1.259492247073121e+03,5.882352941176471e-01,48842900
1.294239278737366e+03,1.258031174298789e+03,1.176470588235294e+00,48842899
1.294260677202549e+03,1.260485853632117e+03,5.882352941176471e-01,48842901
1.295269153198910e+03,1.257736323501862e+03,1.764705882352941e+00,48842898
1.296025383084902e+03,1.262874467942023e+03,5.882352941176471e-01,48842903
1.297033859081263e+03,1.265682410460471e+03,5.882352941176471e-01,48842904
1.299533396384425e+03,1.261096731351825e+03,1.764705882352941e+00,48842902
1.301319500731961e+03,1.266157008337520e+03,1.764705882352941e+00,48842905
1.302327976728322e+03,1.266244108033296e+03,1.764705882352941e+00,48842906
1.303062808149131e+03,1.266592665014950e+03,1.176470588235294e+00,48842907
1.304092682610675e+03,1.269417799326927e+03,5.882352941176471e-01,48842909
1.304848912496667e+03,1.266915086376819e+03,1.176470588235294e+00,48842908
1.305857388493028e+03,1.274789176424183e+03,5.882352941176471e-01,48842911
1.306613618379020e+03,1.277061996365997e+03,5.882352941176471e-01,48842912
1.307622094375381e+03,1.277400669959194e+03,5.882352941176471e-01,48842913
1.308356925796190e+03,1.274768957605075e+03,1.764705882352941e+00,48842910
1.308378324261373e+03,1.278823072404762e+03,5.882352941176471e-01,48842914
1.309386800257734e+03,1.280154596001553e+03,5.882352941176471e-01,48842915
1.313651043443249e+03,1.280806548032832e+03,1.764705882352941e+00,48842916
1.313672441908431e+03,1.281821886166767e+03,1.764705882352941e+00,48842917
1.314680917904793e+03,1.282750054875452e+03,1.764705882352941e+00,48842918
1.315437147790784e+03,1.286180749997068e+03,5.882352941176471e-01,48842920
1.316445623787145e+03,1.286552780781751e+03,5.882352941176471e-01,48842921
1.317201853673137e+03,1.287824679883109e+03,5.882352941176471e-01,48842922
1.318210329669498e+03,1.288907448019591e+03,5.882352941176471e-01,48842923
1.318945161090307e+03,1.284172368579530e+03,1.764705882352941e+00,48842919
1.318966559555490e+03,1.291015756767959e+03,5.882352941176471e-01,48842924
1.319975035551851e+03,1.291664117012182e+03,5.882352941176471e-01,48842925
1.320731265437843e+03,1.292695395665036e+03,5.882352941176471e-01,48842927
1.321739741434204e+03,1.294939714143366e+03,5.882352941176471e-01,48842928
1.322495971320196e+03,1.295101392274076e+03,5.882352941176471e-01,48842929
1.324239278737366e+03,1.291954946820505e+03,1.764705882352941e+00,48842926
1.324260677202549e+03,1.300370347432599e+03,5.882352941176471e-01,48842931
1.326003984619719e+03,1.301514787815788e+03,5.882352941176471e-01,48842932
1.326025383084902e+03,1.301870404177332e+03,5.882352941176471e-01,48842933
1.327033859081263e+03,1.297305175404420e+03,1.764705882352941e+00,48842930
1.327768690502072e+03,1.302171302585503e+03,5.882352941176471e-01,48842934
1.327790088967255e+03,1.302877668496417e+03,5.882352941176471e-01,48842935
1.328798564963616e+03,1.302881542455677e+03,5.882352941176471e-01,48842936
1.329554794849608e+03,1.304209091392114e+03,5.882352941176471e-01,48842938
1.330563270845969e+03,1.308563075209506e+03,5.882352941176471e-01,48842939
1.331319500731961e+03,1.308571813811921e+03,5.882352941176471e-01,48842940
1.332327976728322e+03,1.311059096072673e+03,5.882352941176471e-01,48842941
1.333062808149131e+03,1.302995364467790e+03,1.764705882352941e+00,48842937
1.333084206614314e+03,1.311219933682347e+03,5.882352941176471e-01,48842942
1.334092682610675e+03,1.312230076065405e+03,5.882352941176471e-01,48842943
1.334827514031484e+03,1.312714742451272e+03,5.882352941176471e-01,48842944
1.338378324261373e+03,1.313087106774240e+03,1.764705882352941e+00,48842945
1.339386800257734e+03,1.315287473551754e+03,1.764705882352941e+00,48842946
1.340121631678543e+03,1.319791143464389e+03,1.764705882352941e+00,48842947
1.341907736026078e+03,1.320051684063367e+03,1.176470588235294e+00,48842948
1.344680917904793e+03,1.322427906029191e+03,1.764705882352941e+00,48842949
1.345415749325602e+03,1.323661327606002e+03,1.764705882352941e+00,48842950
1.347180455207954e+03,1.324683114654075e+03,5.882352941176471e-01,48842953
1.347201853673137e+03,1.323836363977167e+03,1.764705882352941e+00,48842951
1.349975035551851e+03,1.324009001560820e+03,1.764705882352941e+00,48842952
1.350731265437843e+03,1.325198177896283e+03,1.176470588235294e+00,48842955
1.352474572855013e+03,1.325064718703069e+03,1.764705882352941e+00,48842954
1.354239278737366e+03,1.328493154524328e+03,5.882352941176471e-01,48842958
1.355269153198910e+03,1.325284726807416e+03,1.764705882352941e+00,48842956
1.356025383084902e+03,1.325931190307376e+03,1.764705882352941e+00,48842957
1.357790088967255e+03,1.332841879152044e+03,5.882352941176471e-01,48842961
1.359533396384425e+03,1.329812568284722e+03,1.764705882352941e+00,48842959
1.360563270845969e+03,1.329969750698776e+03,1.764705882352941e+00,48842960
1.361319500731961e+03,1.334292934710817e+03,1.176470588235294e+00,48842962
1.364827514031484e+03,1.334457193314448e+03,1.764705882352941e+00,48842963
1.365857388493028e+03,1.334953895394598e+03,1.764705882352941e+00,48842964
1.366613618379020e+03,1.335893276469132e+03,1.764705882352941e+00,48842965
1.368378324261373e+03,1.336745492941631e+03,5.882352941176471e-01,48842968
1.370121631678543e+03,1.336070365859646e+03,1.764705882352941e+00,48842966
1.370143030143725e+03,1.338028305093851e+03,5.882352941176471e-01,48842969
1.371151506140087e+03,1.336659358556477e+03,1.764705882352941e+00,48842967
1.371907736026078e+03,1.340957127237927e+03,5.882352941176471e-01,48842971
1.372916212022440e+03,1.341156572147473e+03,5.882352941176471e-01,48842972
1.375415749325602e+03,1.339970675838978e+03,1.764705882352941e+00,48842970
1.377180455207954e+03,1.344078702235177e+03,5.882352941176471e-01,48842975
1.377201853673137e+03,1.341430497414072e+03,1.764705882352941e+00,48842973
1.378210329669498e+03,1.342120494315565e+03,1.764705882352941e+00,48842974
1.378945161090307e+03,1.346367670022276e+03,5.882352941176471e-01,48842976
1.379975035551851e+03,1.346664419733439e+03,5.882352941176471e-01,48842978
1.380709866972660e+03,1.346932352919111e+03,5.882352941176471e-01,48842979
1.380731265437843e+03,1.346513171422033e+03,1.176470588235294e+00,48842977
1.381739741434204e+03,1.348590540747041e+03,5.882352941176471e-01,48842980
1.382474572855013e+03,1.349782396931053e+03,5.882352941176471e-01,48842981
1.382495971320196e+03,1.349796040725686e+03,5.882352941176471e-01,48842982
1.383504447316557e+03,1.350035325404605e+03,5.882352941176471e-01,48842983
1.384239278737366e+03,1.350208385992549e+03,5.882352941176471e-01,48842984
1.385269153198910e+03,1.352329519357272e+03,5.882352941176471e-01,48842986
1.386003984619719e+03,1.352335845547367e+03,5.882352941176471e-01,48842987
1.386025383084902e+03,1.350265226547263e+03,1.176470588235294e+00,48842985
1.387033859081263e+03,1.352890763203544e+03,5.882352941176471e-01,48842988
1.387768690502072e+03,1.353076177394706e+03,5.882352941176471e-01,48842989
1.387790088967255e+03,1.354345643689891e+03,5.882352941176471e-01,48842990
1.388798564963616e+03,1.354416285397386e+03,5.882352941176471e-01,48842991
1.389533396384425e+03,1.354940623150918e+03,5.882352941176471e-01,48842992
1.389554794849608e+03,1.355271367394026e+03,5.882352941176471e-01,48842993
1.390563270845969e+03,1.355716740547499e+03,5.882352941176471e-01,48842994
1.391298102266778e+03,1.356575226009131e+03,5.882352941176471e-01,48842995
1.391319500731961e+03,1.356993577790948e+03,5.882352941176471e-01,48842996
1.392327976728322e+03,1.357459024289605e+03,5.882352941176471e-01,48842997
1.393084206614314e+03,1.360405031516079e+03,5.882352941176471e-01,48842999
1.394092682610675e+03,1.360675431415480e+03,5.882352941176471e-01,48843000
1.394827514031484e+03,1.357619786737894e+03,1.176470588235294e+00,48842998
1.395857388493028e+03,1.363163869547562e+03,5.882352941176471e-01,48843002
1.396592219913837e+03,1.363979804732923e+03,5.882352941176471e-01,48843003
1.397622094375381e+03,1.366370250420145e+03,5.882352941176471e-01,48843004
1.398356925796190e+03,1.367546465426608e+03,5.882352941176471e-01,48843005
1.398378324261373e+03,1.362154753827050e+03,1.764705882352941e+00,48843001
1.399386800257734e+03,1.368671584516318e+03,5.882352941176471e-01,48843006
1.401151506140087e+03,1.370378056577161e+03,5.882352941176471e-01,48843009
1.403651043443249e+03,1.368739977238337e+03,1.764705882352941e+00,48843007
1.403672441908431e+03,1.370257778581293e+03,1.764705882352941e+00,48843008
1.405415749325602e+03,1.370766237495924e+03,5.882352941176471e-01,48843011
1.405437147790784e+03,1.372065849151944e+03,5.882352941176471e-01,48843012
1.406445623787145e+03,1.370660411687364e+03,1.764705882352941e+00,48843010
1.407180455207954e+03,1.374931214984479e+03,5.882352941176471e-01,48843013
1.407201853673137e+03,1.375327942180026e+03,5.882352941176471e-01,48843014
1.408210329669498e+03,1.375712810921461e+03,5.882352941176471e-01,48843015
1.408945161090307e+03,1.377905630398887e+03,5.882352941176471e-01,48843016
1.408966559555490e+03,1.379074181646344e+03,5.882352941176471e-01,48843017
1.410709866972660e+03,1.379897234537972e+03,5.882352941176471e-01,48843019
1.411739741434204e+03,1.379699224348321e+03,1.176470588235294e+00,48843018
1.412474572855013e+03,1.383646283251058e+03,5.882352941176471e-01,48843021
1.414239278737366e+03,1.385406054177117e+03,5.882352941176471e-01,48843023
1.414260677202549e+03,1.382673362778974e+03,1.764705882352941e+00,48843020
1.416003984619719e+03,1.385526062640265e+03,5.882352941176471e-01,48843024
1.416025383084902e+03,1.386893060525833e+03,5.882352941176471e-01,48843025
1.417033859081263e+03,1.384560558109230e+03,1.764705882352941e+00,48843022
1.417768690502072e+03,1.387451776008510e+03,5.882352941176471e-01,48843026
1.418798564963616e+03,1.390150298205770e+03,5.882352941176471e-01,48843028
1.420563270845969e+03,1.390764020638739e+03,5.882352941176471e-01,48843030
1.421298102266778e+03,1.390324044500464e+03,1.176470588235294e+00,48843029
1.421319500731961e+03,1.388676454363232e+03,1.764705882352941e+00,48843027
1.422327976728322e+03,1.394300391566973e+03,5.882352941176471e-01,48843031
1.423084206614314e+03,1.395256807751350e+03,5.882352941176471e-01,48843033
1.424092682610675e+03,1.398079349461037e+03,5.882352941176471e-01,48843034
1.425857388493028e+03,1.399813475089076e+03,5.882352941176471e-01,48843036
1.426592219913837e+03,1.394852891499598e+03,1.764705882352941e+00,48843032
1.428356925796190e+03,1.404686905187893e+03,5.882352941176471e-01,48843038
1.428378324261373e+03,1.398135625930652e+03,1.764705882352941e+00,48843035
1.430121631678543e+03,1.404748221722033e+03,5.882352941176471e-01,48843039
1.430143030143725e+03,1.406202899530536e+03,5.882352941176471e-01,48843040
1.431151506140087e+03,1.404186794755689e+03,1.764705882352941e+00,48843037
1.431886337560896e+03,1.407919960761660e+03,5.882352941176471e-01,48843041
1.433651043443249e+03,1.411450622128023e+03,5.882352941176471e-01,48843044
1.434680917904793e+03,1.410624809691658e+03,1.176470588235294e+00,48843043
1.435415749325602e+03,1.413376433668766e+03,5.882352941176471e-01,48843045
1.435437147790784e+03,1.408989196289366e+03,1.764705882352941e+00,48843042
1.436445623787145e+03,1.416415902779256e+03,5.882352941176471e-01,48843046
1.438210329669498e+03,1.417090830717895e+03,5.882352941176471e-01,48843049
1.440709866972660e+03,1.416457890571626e+03,1.764705882352941e+00,48843047
1.440731265437843e+03,1.417026860379787e+03,1.764705882352941e+00,48843048
1.442474572855013e+03,1.418623346720196e+03,5.882352941176471e-01,48843051
1.442495971320196e+03,1.420856505764522e+03,5.882352941176471e-01,48843052
1.443504447316557e+03,1.418457087426617e+03,1.764705882352941e+00,48843050
1.444239278737366e+03,1.424241627408180e+03,5.882352941176471e-01,48843053
1.444260677202549e+03,1.426998006241906e+03,5.882352941176471e-01,48843054
1.445269153198910e+03,1.427130231995919e+03,5.882352941176471e-01,48843055
1.446003984619719e+03,1.428264267413173e+03,5.882352941176471e-01,48843056
1.446025383084902e+03,1.429428813535256e+03,5.882352941176471e-01,48843057
1.447768690502072e+03,1.432265190468735e+03,5.882352941176471e-01,48843059
1.447790088967255e+03,1.437022108891369e+03,5.882352941176471e-01,48843060
1.449533396384425e+03,1.440267282223060e+03,5.882352941176471e-01,48843061
1.449554794849608e+03,1.440970364165318e+03,5.882352941176471e-01,48843062
1.450563270845969e+03,1.430533010259724e+03,1.764705882352941e+00,48843058
1.451319500731961e+03,1.443163841274164e+03,5.882352941176471e-01,48843064
1.452327976728322e+03,1.447095388149590e+03,5.882352941176471e-01,48843065
1.453062808149131e+03,1.441196434825825e+03,1.176470588235294e+00,48843063
1.454827514031484e+03,1.450871568590437e+03,5.882352941176471e-01,48843068
1.455857388493028e+03,1.449877557394659e+03,1.176470588235294e+00,48843067
1.456592219913837e+03,1.451449414965316e+03,5.882352941176471e-01,48843069
1.456613618379020e+03,1.448793102206445e+03,1.764705882352941e+00,48843066
1.457622094375381e+03,1.452593867569311e+03,5.882352941176471e-01,48843070
1.458356925796190e+03,1.452847734569266e+03,5.882352941176471e-01,48843071
1.458378324261373e+03,1.454105029885473e+03,5.882352941176471e-01,48843072
1.459386800257734e+03,1.454310474822375e+03,5.882352941176471e-01,48843073
1.460121631678543e+03,1.455215079104267e+03,5.882352941176471e-01,48843074
1.460143030143725e+03,1.455914431023153e+03,5.882352941176471e-01,48843075
1.461886337560896e+03,1.458608337703827e+03,5.882352941176471e-01,48843077
1.461907736026078e+03,1.458842483157111e+03,5.882352941176471e-01,48843078
1.462916212022440e+03,1.458074475360958e+03,1.176470588235294e+00,48843076
1.463672441908431e+03,1.461457135618221e+03,5.882352941176471e-01,48843080
1.465415749325602e+03,1.460124099668045e+03,1.176470588235294e+00,48843079
1.465437147790784e+03,1.463251555846598e+03,5.882352941176471e-01,48843082
1.467180455207954e+03,1.464317098729126e+03,5.882352941176471e-01,48843083
1.468210329669498e+03,1.461662076782968e+03,1.764705882352941e+00,48843081
1.468945161090307e+03,1.465498811241979e+03,5.882352941176471e-01,48843085
1.469975035551851e+03,1.465655588028741e+03,5.882352941176471e-01,48843086
1.470709866972660e+03,1.465784651109976e+03,5.882352941176471e-01,48843087
1.470731265437843e+03,1.465276327783751e+03,1.764705882352941e+00,48843084
1.472495971320196e+03,1.469960057728609e+03,5.882352941176471e-01,48843090
1.473504447316557e+03,1.466321784801626e+03,1.176470588235294e+00,48843088
1.475269153198910e+03,1.471265344411548e+03,5.882352941176471e-01,48843092
1.476003984619719e+03,1.469258551380559e+03,1.764705882352941e+00,48843089
1.476025383084902e+03,1.470776804522186e+03,1.176470588235294e+00,48843091
1.477790088967255e+03,1.473749742294940e+03,5.882352941176471e-01,48843095
1.479554794849608e+03,1.473787983575738e+03,5.882352941176471e-01,48843096
1.480563270845969e+03,1.471943006257472e+03,1.764705882352941e+00,48843093
1.481298102266778e+03,1.473534760216185e+03,1.764705882352941e+00,48843094
1.483062808149131e+03,1.474429938985776e+03,5.882352941176471e-01,48843099
1.484848912496667e+03,1.473868507171139e+03,1.764705882352941e+00,48843097
1.485857388493028e+03,1.474116122485716e+03,1.764705882352941e+00,48843098
1.488356925796190e+03,1.477001867765161e+03,1.764705882352941e+00,48843100
1.490121631678543e+03,1.481571344054620e+03,5.882352941176471e-01,48843103
1.490143030143725e+03,1.478913326453807e+03,1.764705882352941e+00,48843101
1.491151506140087e+03,1.479504866904887e+03,1.764705882352941e+00,48843102
1.491886337560896e+03,1.481721249175402e+03,5.882352941176471e-01,48843104
1.493651043443249e+03,1.483344764767758e+03,5.882352941176471e-01,48843107
1.494680917904793e+03,1.483051445648989e+03,1.176470588235294e+00,48843106
1.495415749325602e+03,1.484936390635769e+03,5.882352941176471e-01,48843108
1.495437147790784e+03,1.481744498222129e+03,1.764705882352941e+00,48843105
1.497180455207954e+03,1.486084816439983e+03,5.882352941176471e-01,48843110
1.497201853673137e+03,1.487579626456929e+03,5.882352941176471e-01,48843111
1.498945161090307e+03,1.487815036814604e+03,5.882352941176471e-01,48843112
1.499975035551851e+03,1.485755013264069e+03,1.764705882352941e+00,48843109
1.500709866972660e+03,1.488181166772564e+03,5.882352941176471e-01,48843114
1.502495971320196e+03,1.488093631269422e+03,1.764705882352941e+00,48843113
1.505269153198910e+03,1.488523288124258e+03,1.764705882352941e+00,48843115
1.506003984619719e+03,1.489873122077068e+03,1.764705882352941e+00,48843116
1.507033859081263e+03,1.491693392246733e+03,5.882352941176471e-01,48843118
1.507790088967255e+03,1.491602517804336e+03,1.764705882352941e+00,48843117
1.508798564963616e+03,1.494449821926966e+03,5.882352941176471e-01,48843120
1.510563270845969e+03,1.495976819690470e+03,5.882352941176471e-01,48843122
1.511298102266778e+03,1.492775947020706e+03,1.764705882352941e+00,48843119
1.512327976728322e+03,1.499510770989824e+03,5.882352941176471e-01,48843123
1.513062808149131e+03,1.500132464657003e+03,5.882352941176471e-01,48843124
1.513084206614314e+03,1.495857954846649e+03,1.764705882352941e+00,48843121
1.514827514031484e+03,1.502126708019652e+03,5.882352941176471e-01,48843126
1.516592219913837e+03,1.504494981940843e+03,5.882352941176471e-01,48843128
1.517622094375381e+03,1.501863594300263e+03,1.764705882352941e+00,48843125
1.518356925796190e+03,1.505026010978526e+03,5.882352941176471e-01,48843129
1.518378324261373e+03,1.502893051362220e+03,1.764705882352941e+00,48843127
1.519386800257734e+03,1.506206229907653e+03,5.882352941176471e-01,48843130
1.520121631678543e+03,1.506555414415818e+03,5.882352941176471e-01,48843131
1.520143030143725e+03,1.506593353156020e+03,5.882352941176471e-01,48843132
1.522916212022440e+03,1.507022091453145e+03,1.176470588235294e+00,48843133
1.524680917904793e+03,1.509425787216189e+03,5.882352941176471e-01,48843136
1.525415749325602e+03,1.507964271384381e+03,1.764705882352941e+00,48843134
1.525437147790784e+03,1.509198984129746e+03,1.764705882352941e+00,48843135
1.527180455207954e+03,1.512174482370799e+03,5.882352941176471e-01,48843138
1.527201853673137e+03,1.513543994005930e+03,5.882352941176471e-01,48843139
1.528210329669498e+03,1.510015422143877e+03,1.176470588235294e+00,48843137
1.528966559555490e+03,1.514485534546203e+03,5.882352941176471e-01,48843141
1.529975035551851e+03,1.517053880412450e+03,5.882352941176471e-01,48843142
1.531739741434204e+03,1.520734114050816e+03,5.882352941176471e-01,48843144
1.532474572855013e+03,1.514107067919744e+03,1.764705882352941e+00,48843140
1.534260677202549e+03,1.520473959561964e+03,1.764705882352941e+00,48843143
1.536025383084902e+03,1.523660329388982e+03,5.882352941176471e-01,48843147
1.537033859081263e+03,1.523153667651680e+03,1.764705882352941e+00,48843145
1.537768690502072e+03,1.523567903280839e+03,1.764705882352941e+00,48843146
1.538798564963616e+03,1.525590221765305e+03,5.882352941176471e-01,48843149
1.540563270845969e+03,1.526481066818113e+03,5.882352941176471e-01,48843151
1.541319500731961e+03,1.524366768261227e+03,1.764705882352941e+00,48843148
1.542327976728322e+03,1.527938753810599e+03,5.882352941176471e-01,48843152
1.543062808149131e+03,1.526400488056596e+03,1.764705882352941e+00,48843150
1.546613618379020e+03,1.527975546381954e+03,1.764705882352941e+00,48843153
1.547622094375381e+03,1.529289615824623e+03,1.764705882352941e+00,48843154
1.548356925796190e+03,1.531563634421871e+03,1.764705882352941e+00,48843155
1.549386800257734e+03,1.535240651623338e+03,5.882352941176471e-01,48843157
1.550121631678543e+03,1.535782177309990e+03,5.882352941176471e-01,48843158
1.550143030143725e+03,1.534230592214812e+03,1.176470588235294e+00,48843156
1.551151506140087e+03,1.536071768750443e+03,5.882352941176471e-01,48843159
1.551886337560896e+03,1.536157391486107e+03,5.882352941176471e-01,48843160
1.552916212022440e+03,1.538189715733552e+03,5.882352941176471e-01,48843162
1.553651043443249e+03,1.539497633846868e+03,5.882352941176471e-01,48843163
1.554680917904793e+03,1.541018361696790e+03,5.882352941176471e-01,48843164
1.555437147790784e+03,1.537286735038378e+03,1.764705882352941e+00,48843161
1.557201853673137e+03,1.543777147602261e+03,5.882352941176471e-01,48843167
1.558945161090307e+03,1.541295927011300e+03,1.764705882352941e+00,48843165
1.558966559555490e+03,1.544422872536192e+03,5.882352941176471e-01,48843168
1.559975035551851e+03,1.542395771975175e+03,1.764705882352941e+00,48843166
1.560709866972660e+03,1.545892775994650e+03,5.882352941176471e-01,48843169
1.562474572855013e+03,1.547619594064085e+03,5.882352941176471e-01,48843172
1.564239278737366e+03,1.547987043676985e+03,5.882352941176471e-01,48843173
1.564260677202549e+03,1.546207238430702e+03,1.764705882352941e+00,48843170
1.565269153198910e+03,1.547551762538661e+03,1.764705882352941e+00,48843171
1.566003984619719e+03,1.548340956897842e+03,5.882352941176471e-01,48843174
1.566025383084902e+03,1.550922411206598e+03,5.882352941176471e-01,48843175
1.567033859081263e+03,1.551029771933886e+03,5.882352941176471e-01,48843176
1.567768690502072e+03,1.551298853484808e+03,5.882352941176471e-01,48843177
1.567790088967255e+03,1.551914296404189e+03,5.882352941176471e-01,48843178
1.569533396384425e+03,1.553326008478847e+03,5.882352941176471e-01,48843180
1.570563270845969e+03,1.553254269393502e+03,1.176470588235294e+00,48843179
1.571298102266778e+03,1.556997379296810e+03,5.882352941176471e-01,48843182
1.571319500731961e+03,1.556759067466561e+03,1.176470588235294e+00,48843181
1.572327976728322e+03,1.558172301315864e+03,5.882352941176471e-01,48843183
1.573062808149131e+03,1.558184496035763e+03,5.882352941176471e-01,48843184
1.573084206614314e+03,1.560130067163581e+03,5.882352941176471e-01,48843185
1.574092682610675e+03,1.560775184770656e+03,5.882352941176471e-01,48843186
1.574848912496667e+03,1.563054228027142e+03,5.882352941176471e-01,48843188
1.575857388493028e+03,1.563998798754046e+03,5.882352941176471e-01,48843189
1.576592219913837e+03,1.562856873889599e+03,1.176470588235294e+00,48843187
1.578356925796190e+03,1.567260724777022e+03,5.882352941176471e-01,48843192
1.580121631678543e+03,1.567403158447260e+03,5.882352941176471e-01,48843193
1.580143030143725e+03,1.565096676593724e+03,1.764705882352941e+00,48843190
1.581151506140087e+03,1.566233707924305e+03,1.764705882352941e+00,48843191
1.581907736026078e+03,1.568524415173563e+03,5.882352941176471e-01,48843195
1.585415749325602e+03,1.567792991988085e+03,1.764705882352941e+00,48843194
1.586445623787145e+03,1.568593331846342e+03,1.764705882352941e+00,48843196
1.587180455207954e+03,1.570403829482836e+03,5.882352941176471e-01,48843198
1.587201853673137e+03,1.569446542093717e+03,1.764705882352941e+00,48843197
1.588210329669498e+03,1.570833391744399e+03,5.882352941176471e-01,48843199
1.588966559555490e+03,1.575237709900026e+03,5.882352941176471e-01,48843201
1.592474572855013e+03,1.571428611524816e+03,1.764705882352941e+00,48843200
1.593504447316557e+03,1.576612458697109e+03,1.764705882352941e+00,48843202
1.594260677202549e+03,1.576620383502248e+03,1.764705882352941e+00,48843203
1.596025383084902e+03,1.577819594724852e+03,5.882352941176471e-01,48843206
1.597768690502072e+03,1.576756101116611e+03,1.764705882352941e+00,48843204
1.597790088967255e+03,1.579317298183027e+03,5.882352941176471e-01,48843207
1.598798564963616e+03,1.576872612532907e+03,1.764705882352941e+00,48843205
1.599533396384425e+03,1.582064719368921e+03,5.882352941176471e-01,48843208
1.599554794849608e+03,1.583675815240916e+03,5.882352941176471e-01,48843209
1.601319500731961e+03,1.585154374363665e+03,5.882352941176471e-01,48843212
1.603084206614314e+03,1.585699723138288e+03,5.882352941176471e-01,48843213
1.604092682610675e+03,1.583731699838106e+03,1.764705882352941e+00,48843210
1.604827514031484e+03,1.584815322969824e+03,1.764705882352941e+00,48843211
1.605857388493028e+03,1.586594214652811e+03,5.882352941176471e-01,48843215
1.606592219913837e+03,1.587303121921476e+03,5.882352941176471e-01,48843216
1.606613618379020e+03,1.585815585656666e+03,1.176470588235294e+00,48843214
1.607622094375381e+03,1.588881796222812e+03,5.882352941176471e-01,48843217
1.608356925796190e+03,1.589943076664397e+03,5.882352941176471e-01,48843218
1.608378324261373e+03,1.591121694513499e+03,5.882352941176471e-01,48843219
1.610121631678543e+03,1.595218895585783e+03,5.882352941176471e-01,48843221
1.610143030143725e+03,1.595815960570938e+03,5.882352941176471e-01,48843222
1.612916212022440e+03,1.592888236134527e+03,1.764705882352941e+00,48843220
1.615415749325602e+03,1.598211214662691e+03,1.764705882352941e+00,48843223
1.615437147790784e+03,1.600260124381482e+03,1.764705882352941e+00,48843224
1.617180455207954e+03,1.602510874676942e+03,5.882352941176471e-01,48843226
1.618210329669498e+03,1.600762527513584e+03,1.764705882352941e+00,48843225
1.618945161090307e+03,1.603704412985296e+03,5.882352941176471e-01,48843228
1.620709866972660e+03,1.606590722548130e+03,5.882352941176471e-01,48843230
1.620731265437843e+03,1.602706659715846e+03,1.764705882352941e+00,48843227
1.622495971320196e+03,1.607130182837866e+03,5.882352941176471e-01,48843232
1.623504447316557e+03,1.604631729146746e+03,1.764705882352941e+00,48843229
1.624260677202549e+03,1.608621416451753e+03,5.882352941176471e-01,48843233
1.625269153198910e+03,1.609569787135513e+03,5.882352941176471e-01,48843234
1.626003984619719e+03,1.607025900530302e+03,1.764705882352941e+00,48843231
1.626025383084902e+03,1.610227840919754e+03,5.882352941176471e-01,48843235
1.627033859081263e+03,1.611055667804356e+03,5.882352941176471e-01,48843236
1.628798564963616e+03,1.614376638179419e+03,5.882352941176471e-01,48843239
1.630563270845969e+03,1.614461448000505e+03,5.882352941176471e-01,48843240
1.631298102266778e+03,1.611749302423671e+03,1.764705882352941e+00,48843237
1.631319500731961e+03,1.613576007252295e+03,1.764705882352941e+00,48843238
1.634092682610675e+03,1.614609878184293e+03,1.176470588235294e+00,48843241
1.634848912496667e+03,1.616328223980616e+03,1.176470588235294e+00,48843243
1.635857388493028e+03,1.616714532342945e+03,5.882352941176471e-01,48843244
1.636592219913837e+03,1.615953877639554e+03,1.764705882352941e+00,48843242
1.636613618379020e+03,1.617222595935652e+03,5.882352941176471e-01,48843245
1.638356925796190e+03,1.619610724567672e+03,5.882352941176471e-01,48843247
1.640121631678543e+03,1.620823675024299e+03,5.882352941176471e-01,48843249
1.641151506140087e+03,1.617803601599405e+03,1.764705882352941e+00,48843246
1.641886337560896e+03,1.623736752541507e+03,5.882352941176471e-01,48843250
1.641907736026078e+03,1.619675019050067e+03,1.764705882352941e+00,48843248
1.643651043443249e+03,1.623966383943437e+03,5.882352941176471e-01,48843252
1.645415749325602e+03,1.625880297331802e+03,5.882352941176471e-01,48843254
1.646445623787145e+03,1.623755959409821e+03,1.764705882352941e+00,48843251
1.647180455207954e+03,1.625933050940548e+03,5.882352941176471e-01,48843255
1.647201853673137e+03,1.624558256922317e+03,1.764705882352941e+00,48843253
1.648210329669498e+03,1.627325141901584e+03,5.882352941176471e-01,48843256
1.648966559555490e+03,1.628935384179990e+03,5.882352941176471e-01,48843258
1.649975035551851e+03,1.629407551707013e+03,5.882352941176471e-01,48843259
1.650709866972660e+03,1.627948839578703e+03,1.176470588235294e+00,48843257
1.654260677202549e+03,1.629886822480194e+03,1.764705882352941e+00,48843260
1.655269153198910e+03,1.631166058316149e+03,1.764705882352941e+00,48843261
1.656003984619719e+03,1.631648546729370e+03,1.764705882352941e+00,48843262
1.656025383084902e+03,1.632118551705188e+03,5.882352941176471e-01,48843263
1.657768690502072e+03,1.632792484478372e+03,5.882352941176471e-01,48843265
1.657790088967255e+03,1.634512478761889e+03,5.882352941176471e-01,48843266
1.659533396384425e+03,1.634866989032647e+03,5.882352941176471e-01,48843267
1.659554794849608e+03,1.635536655010445e+03,5.882352941176471e-01,48843268
1.660563270845969e+03,1.632750078724886e+03,1.764705882352941e+00,48843264
1.662327976728322e+03,1.638983142928127e+03,5.882352941176471e-01,48843271
1.663084206614314e+03,1.638630441561933e+03,1.176470588235294e+00,48843270
1.664827514031484e+03,1.638259228704252e+03,1.764705882352941e+00,48843269
1.666592219913837e+03,1.640136710595334e+03,5.882352941176471e-01,48843274
1.667622094375381e+03,1.639192892898263e+03,1.764705882352941e+00,48843272
1.668378324261373e+03,1.639749280600745e+03,1.764705882352941e+00,48843273
1.671886337560896e+03,1.640405722737112e+03,1.764705882352941e+00,48843275
1.672916212022440e+03,1.640470192706356e+03,1.764705882352941e+00,48843276
1.673672441908431e+03,1.641222402348253e+03,1.764705882352941e+00,48843277
1.677180455207954e+03,1.642056789446549e+03,1.764705882352941e+00,48843278
1.678210329669498e+03,1.642554014316788e+03,1.764705882352941e+00,48843279
1.678945161090307e+03,1.642861974345778e+03,5.882352941176471e-01,48843281
1.678966559555490e+03,1.642833499954235e+03,1.764705882352941e+00,48843280
1.680709866972660e+03,1.645715988110851e+03,5.882352941176471e-01,48843283
1.680731265437843e+03,1.645931615764027e+03,5.882352941176471e-01,48843284
1.681739741434204e+03,1.643704779907070e+03,1.176470588235294e+00,48843282
1.682474572855013e+03,1.646002821437919e+03,5.882352941176471e-01,48843285
1.682495971320196e+03,1.647203167441004e+03,5.882352941176471e-01,48843286
1.687033859081263e+03,1.647821077102262e+03,1.764705882352941e+00,48843287
1.687768690502072e+03,1.648127664595797e+03,1.764705882352941e+00,48843288
1.687790088967255e+03,1.648484685265945e+03,1.764705882352941e+00,48843289
1.688798564963616e+03,1.649743998298647e+03,5.882352941176471e-01,48843290
1.689554794849608e+03,1.651606812353217e+03,5.882352941176471e-01,48843292
1.690563270845969e+03,1.652553790581879e+03,5.882352941176471e-01,48843293
1.692327976728322e+03,1.653049626891880e+03,5.882352941176471e-01,48843295
1.693062808149131e+03,1.650675203959642e+03,1.764705882352941e+00,48843291
1.694827514031484e+03,1.654568256310299e+03,5.882352941176471e-01,48843297
1.694848912496667e+03,1.652842472860285e+03,1.764705882352941e+00,48843294
1.696592219913837e+03,1.657069420655288e+03,5.882352941176471e-01,48843298
1.696613618379020e+03,1.657227627305087e+03,5.882352941176471e-01,48843299
1.697622094375381e+03,1.653622875698278e+03,1.764705882352941e+00,48843296
1.698356925796190e+03,1.658277236329621e+03,5.882352941176471e-01,48843300
1.699386800257734e+03,1.661975597090218e+03,5.882352941176471e-01,48843302
1.700121631678543e+03,1.663626754976328e+03,5.882352941176471e-01,48843303
1.701886337560896e+03,1.664695470828881e+03,5.882352941176471e-01,48843305
1.701907736026078e+03,1.660474295995635e+03,1.764705882352941e+00,48843301
1.703651043443249e+03,1.665101258164670e+03,5.882352941176471e-01,48843306
1.703672441908431e+03,1.665984719291796e+03,5.882352941176471e-01,48843307
1.704680917904793e+03,1.664295947970999e+03,1.764705882352941e+00,48843304
1.707201853673137e+03,1.668612959023092e+03,1.176470588235294e+00,48843309
1.708210329669498e+03,1.670164824769012e+03,1.176470588235294e+00,48843310
1.708945161090307e+03,1.666759750240454e+03,1.764705882352941e+00,48843308
1.708966559555490e+03,1.671379591858372e+03,5.882352941176471e-01,48843311
1.710709866972660e+03,1.671820047901174e+03,5.882352941176471e-01,48843313
1.710731265437843e+03,1.673539678085305e+03,5.882352941176471e-01,48843314
1.712474572855013e+03,1.677523131677131e+03,5.882352941176471e-01,48843315
1.713504447316557e+03,1.671439053497947e+03,1.764705882352941e+00,48843312
1.715269153198910e+03,1.681676431828432e+03,5.882352941176471e-01,48843318
1.716025383084902e+03,1.679652732016931e+03,1.764705882352941e+00,48843316
1.717033859081263e+03,1.682360417396815e+03,5.882352941176471e-01,48843319
1.717768690502072e+03,1.681537564846008e+03,1.764705882352941e+00,48843317
1.717790088967255e+03,1.683229794638508e+03,5.882352941176471e-01,48843320
1.718798564963616e+03,1.683876163405868e+03,5.882352941176471e-01,48843321
1.719554794849608e+03,1.686878791279965e+03,5.882352941176471e-01,48843323
1.720563270845969e+03,1.688360079883415e+03,5.882352941176471e-01,48843324
1.721319500731961e+03,1.689238374836233e+03,5.882352941176471e-01,48843325
1.722327976728322e+03,1.689766756776821e+03,5.882352941176471e-01,48843326
1.723062808149131e+03,1.684072793121953e+03,1.764705882352941e+00,48843322
1.723084206614314e+03,1.690437956416923e+03,5.882352941176471e-01,48843327
1.724092682610675e+03,1.690576234117900e+03,5.882352941176471e-01,48843328
1.724827514031484e+03,1.693066905607461e+03,5.882352941176471e-01,48843329
1.724848912496667e+03,1.694567687156655e+03,5.882352941176471e-01,48843330
1.727622094375381e+03,1.695806720555693e+03,1.176470588235294e+00,48843331
1.728378324261373e+03,1.696607970458309e+03,1.176470588235294e+00,48843333
1.729386800257734e+03,1.697747971569628e+03,5.882352941176471e-01,48843334
1.730121631678543e+03,1.696038281752734e+03,1.764705882352941e+00,48843332
1.731907736026078e+03,1.699573652636641e+03,1.176470588235294e+00,48843335
1.733672441908431e+03,1.703561934031505e+03,5.882352941176471e-01,48843338
1.734680917904793e+03,1.700420555451386e+03,1.764705882352941e+00,48843336
1.735415749325602e+03,1.702909484654973e+03,1.764705882352941e+00,48843337
1.737180455207954e+03,1.706421320680045e+03,5.882352941176471e-01,48843341
1.738210329669498e+03,1.706031628886405e+03,1.176470588235294e+00,48843340
1.738945161090307e+03,1.706864428167181e+03,5.882352941176471e-01,48843342
1.738966559555490e+03,1.703858025001161e+03,1.764705882352941e+00,48843339
1.739975035551851e+03,1.707132712702045e+03,5.882352941176471e-01,48843343
1.740709866972660e+03,1.708742506261859e+03,5.882352941176471e-01,48843344
1.744260677202549e+03,1.709602334516520e+03,1.764705882352941e+00,48843345
1.745269153198910e+03,1.711593315103291e+03,1.764705882352941e+00,48843346
1.746003984619719e+03,1.712039535897541e+03,1.764705882352941e+00,48843347
1.746025383084902e+03,1.713464812467134e+03,5.882352941176471e-01,48843348
1.747790088967255e+03,1.715826641990950e+03,5.882352941176471e-01,48843351
1.749533396384425e+03,1.714227980229338e+03,1.176470588235294e+00,48843350
1.749554794849608e+03,1.715902699628777e+03,5.882352941176471e-01,48843352
1.750563270845969e+03,1.713731177298986e+03,1.764705882352941e+00,48843349
1.751298102266778e+03,1.717937588043426e+03,5.882352941176471e-01,48843353
1.751319500731961e+03,1.718149546842783e+03,5.882352941176471e-01,48843354
1.752327976728322e+03,1.718319212858336e+03,5.882352941176471e-01,48843355
1.753062808149131e+03,1.719355924650551e+03,5.882352941176471e-01,48843356
1.754092682610675e+03,1.719892106044214e+03,5.882352941176471e-01,48843358
1.756613618379020e+03,1.719370630175925e+03,1.764705882352941e+00,48843357
1.758356925796190e+03,1.720309609874613e+03,1.764705882352941e+00,48843359
1.758378324261373e+03,1.724834344355467e+03,5.882352941176471e-01,48843361
1.759386800257734e+03,1.722482479404247e+03,1.764705882352941e+00,48843360
1.760121631678543e+03,1.724957779013572e+03,5.882352941176471e-01,48843362
1.760143030143725e+03,1.725008667624547e+03,5.882352941176471e-01,48843363
1.763672441908431e+03,1.725519552480555e+03,1.176470588235294e+00,48843366
1.764680917904793e+03,1.725314194797317e+03,1.764705882352941e+00,48843364
1.765415749325602e+03,1.725364103439085e+03,1.764705882352941e+00,48843365
1.765437147790784e+03,1.728322319604508e+03,5.882352941176471e-01,48843367
1.766445623787145e+03,1.729256631977787e+03,5.882352941176471e-01,48843368
1.768945161090307e+03,1.729311587718794e+03,1.176470588235294e+00,48843369
1.770709866972660e+03,1.730191793143960e+03,5.882352941176471e-01,48843372
1.770731265437843e+03,1.729316659678243e+03,1.764705882352941e+00,48843370
1.771739741434204e+03,1.729374491062355e+03,1.764705882352941e+00,48843371
1.772474572855013e+03,1.730335106119570e+03,5.882352941176471e-01,48843373
1.772495971320196e+03,1.731071619238430e+03,5.882352941176471e-01,48843374
1.774260677202549e+03,1.732015720342189e+03,5.882352941176471e-01,48843377
1.775269153198910e+03,1.731199191851916e+03,1.176470588235294e+00,48843375
1.776025383084902e+03,1.732056521470734e+03,5.882352941176471e-01,48843378
1.777768690502072e+03,1.731216368030094e+03,1.764705882352941e+00,48843376
1.777790088967255e+03,1.733540493436019e+03,5.882352941176471e-01,48843380
1.779554794849608e+03,1.735824954054823e+03,5.882352941176471e-01,48843382
1.780563270845969e+03,1.732566371290744e+03,1.764705882352941e+00,48843379
1.781319500731961e+03,1.735825636674292e+03,5.882352941176471e-01,48843383
1.782327976728322e+03,1.736010104218868e+03,5.882352941176471e-01,48843384
1.783062808149131e+03,1.734306185791591e+03,1.764705882352941e+00,48843381
1.783084206614314e+03,1.738286749511659e+03,5.882352941176471e-01,48843385
1.784092682610675e+03,1.740024274170903e+03,5.882352941176471e-01,48843386
1.784827514031484e+03,1.740489022749642e+03,5.882352941176471e-01,48843387
1.784848912496667e+03,1.742256941393094e+03,5.882352941176471e-01,48843388
1.785857388493028e+03,1.742415336559812e+03,5.882352941176471e-01,48843389
1.786613618379020e+03,1.744379082162803e+03,5.882352941176471e-01,48843391
1.790121631678543e+03,1.743480415801056e+03,1.764705882352941e+00,48843390
1.791151506140087e+03,1.745543109134812e+03,1.764705882352941e+00,48843392
1.791886337560896e+03,1.746851615908359e+03,5.882352941176471e-01,48843394
1.791907736026078e+03,1.746576961096255e+03,1.764705882352941e+00,48843393
1.792916212022440e+03,1.748709512231504e+03,5.882352941176471e-01,48843395
1.793651043443249e+03,1.748737732267991e+03,5.882352941176471e-01,48843396
1.793672441908431e+03,1.748914441707030e+03,5.882352941176471e-01,48843397
1.794680917904793e+03,1.749562653263504e+03,5.882352941176471e-01,48843398
1.795415749325602e+03,1.750509426139692e+03,5.882352941176471e-01,48843399
1.795437147790784e+03,1.751220186437992e+03,5.882352941176471e-01,48843400
1.797180455207954e+03,1.751729108529648e+03,5.882352941176471e-01,48843402
1.797201853673137e+03,1.752586445724329e+03,5.882352941176471e-01,48843403
1.798945161090307e+03,1.753951501814035e+03,5.882352941176471e-01,48843404
1.798966559555490e+03,1.754502448787738e+03,5.882352941176471e-01,48843405
1.799975035551851e+03,1.751250468925729e+03,1.764705882352941e+00,48843401
1.804239278737366e+03,1.757244065396814e+03,1.764705882352941e+00,48843406
1.804260677202549e+03,1.758081201342671e+03,1.764705882352941e+00,48843407
1.805269153198910e+03,1.759249125977730e+03,1.764705882352941e+00,48843408
1.806003984619719e+03,1.761671151082602e+03,5.882352941176471e-01,48843409
1.806025383084902e+03,1.766038572313807e+03,5.882352941176471e-01,48843410
1.807033859081263e+03,1.766684312561642e+03,5.882352941176471e-01,48843411
1.807768690502072e+03,1.767032255905161e+03,5.882352941176471e-01,48843412
1.808798564963616e+03,1.768424908511656e+03,5.882352941176471e-01,48843414
1.809533396384425e+03,1.768560213007827e+03,5.882352941176471e-01,48843415
1.810563270845969e+03,1.769621518897395e+03,5.882352941176471e-01,48843416
1.811319500731961e+03,1.767150957833546e+03,1.764705882352941e+00,48843413
1.813084206614314e+03,1.774879560559460e+03,5.882352941176471e-01,48843419
1.814827514031484e+03,1.771907868702551e+03,1.764705882352941e+00,48843417
1.814848912496667e+03,1.775210596177476e+03,5.882352941176471e-01,48843420
1.815857388493028e+03,1.774091853562351e+03,1.764705882352941e+00,48843418
1.816592219913837e+03,1.776152393945798e+03,5.882352941176471e-01,48843421
1.817622094375381e+03,1.776883295874429e+03,5.882352941176471e-01,48843423
1.819386800257734e+03,1.777986216504947e+03,5.882352941176471e-01,48843425
1.820143030143725e+03,1.776848661488766e+03,1.764705882352941e+00,48843422
1.821886337560896e+03,1.777674177733455e+03,1.764705882352941e+00,48843424
1.824680917904793e+03,1.778400694258077e+03,1.764705882352941e+00,48843426
1.825437147790784e+03,1.778487595821442e+03,1.764705882352941e+00,48843427
1.826445623787145e+03,1.783389083123349e+03,5.882352941176471e-01,48843429
1.827180455207954e+03,1.781417993860445e+03,1.764705882352941e+00,48843428
1.828210329669498e+03,1.790026089669967e+03,5.882352941176471e-01,48843431
1.828945161090307e+03,1.790146721709058e+03,5.882352941176471e-01,48843432
1.830731265437843e+03,1.784040883421331e+03,1.764705882352941e+00,48843430
1.831739741434204e+03,1.790694323995870e+03,1.176470588235294e+00,48843433
1.832495971320196e+03,1.791078954853560e+03,5.882352941176471e-01,48843435
1.833504447316557e+03,1.791334878174206e+03,5.882352941176471e-01,48843436
1.834239278737366e+03,1.790794758060096e+03,1.764705882352941e+00,48843434
1.834260677202549e+03,1.791915713874965e+03,5.882352941176471e-01,48843437
1.835269153198910e+03,1.792156734937341e+03,5.882352941176471e-01,48843438
1.836003984619719e+03,1.794313016208775e+03,5.882352941176471e-01,48843439
1.837033859081263e+03,1.796811753764377e+03,5.882352941176471e-01,48843441
1.837768690502072e+03,1.797125175149064e+03,5.882352941176471e-01,48843442
1.838798564963616e+03,1.797591602239490e+03,5.882352941176471e-01,48843443
1.839533396384425e+03,1.799230494135709e+03,5.882352941176471e-01,48843444
1.839554794849608e+03,1.795644497848197e+03,1.764705882352941e+00,48843440
1.840563270845969e+03,1.799523100642789e+03,5.882352941176471e-01,48843445
1.841298102266778e+03,1.799943477470208e+03,5.882352941176471e-01,48843446
1.841319500731961e+03,1.800070081246920e+03,5.882352941176471e-01,48843447
1.843062808149131e+03,1.801037924107591e+03,5.882352941176471e-01,48843449
1.843084206614314e+03,1.801093631952651e+03,5.882352941176471e-01,48843450
1.844827514031484e+03,1.803078053300671e+03,5.882352941176471e-01,48843451
1.844848912496667e+03,1.803710303214488e+03,5.882352941176471e-01,48843452
1.845857388493028e+03,1.800664093643207e+03,1.764705882352941e+00,48843448
1.846592219913837e+03,1.806523772512610e+03,5.882352941176471e-01,48843453
1.850143030143725e+03,1.808790959188058e+03,1.764705882352941e+00,48843454
1.851151506140087e+03,1.809139277085018e+03,1.764705882352941e+00,48843455
1.851886337560896e+03,1.809364347738870e+03,1.764705882352941e+00,48843456
1.852916212022440e+03,1.809805447824665e+03,5.882352941176471e-01,48843458
1.854680917904793e+03,1.813103364392405e+03,5.882352941176471e-01,48843460
1.855415749325602e+03,1.812844803414694e+03,1.176470588235294e+00,48843459
1.855437147790784e+03,1.809410140260350e+03,1.764705882352941e+00,48843457
1.856445623787145e+03,1.814357574442569e+03,5.882352941176471e-01,48843461
1.857180455207954e+03,1.814560981155064e+03,5.882352941176471e-01,48843462
1.858210329669498e+03,1.816106291246838e+03,5.882352941176471e-01,48843464
1.860731265437843e+03,1.815821531894562e+03,1.764705882352941e+00,48843463
1.862474572855013e+03,1.816344355030107e+03,1.764705882352941e+00,48843465
1.863504447316557e+03,1.817509132143365e+03,1.764705882352941e+00,48843466
1.864239278737366e+03,1.821050595383615e+03,5.882352941176471e-01,48843468
1.866025383084902e+03,1.820684872884155e+03,1.764705882352941e+00,48843467
1.867790088967255e+03,1.822314732278080e+03,5.882352941176471e-01,48843471
1.868798564963616e+03,1.821177829841212e+03,1.764705882352941e+00,48843469
1.869533396384425e+03,1.822241490084941e+03,1.764705882352941e+00,48843470
1.871298102266778e+03,1.827152142141346e+03,5.882352941176471e-01,48843474
1.873084206614314e+03,1.822582063766879e+03,1.764705882352941e+00,48843472
1.874092682610675e+03,1.826184263083601e+03,1.764705882352941e+00,48843473
1.874848912496667e+03,1.828878613517514e+03,5.882352941176471e-01,48843476
1.875857388493028e+03,1.830251345999479e+03,5.882352941176471e-01,48843477
1.876592219913837e+03,1.827993029550220e+03,1.764705882352941e+00,48843475
1.878356925796190e+03,1.835073257146436e+03,5.882352941176471e-01,48843480
1.880143030143725e+03,1.831984260026911e+03,1.764705882352941e+00,48843478
1.881151506140087e+03,1.833994473860747e+03,1.764705882352941e+00,48843479
1.882916212022440e+03,1.837921078491148e+03,5.882352941176471e-01,48843483
1.883651043443249e+03,1.835756776186988e+03,1.764705882352941e+00,48843481
1.885415749325602e+03,1.840597619296390e+03,5.882352941176471e-01,48843485
1.885437147790784e+03,1.836348949677052e+03,1.764705882352941e+00,48843482
1.887201853673137e+03,1.842207724630187e+03,5.882352941176471e-01,48843487
1.888210329669498e+03,1.840373340028581e+03,1.764705882352941e+00,48843484
1.888945161090307e+03,1.840619253911768e+03,1.176470588235294e+00,48843486
1.888966559555490e+03,1.842498069719547e+03,5.882352941176471e-01,48843488
1.889975035551851e+03,1.843409620790493e+03,5.882352941176471e-01,48843489
1.890709866972660e+03,1.843715863188542e+03,5.882352941176471e-01,48843490
1.890731265437843e+03,1.844055358502030e+03,5.882352941176471e-01,48843491
1.892495971320196e+03,1.849428807624123e+03,5.882352941176471e-01,48843494
1.893504447316557e+03,1.845218930940753e+03,1.176470588235294e+00,48843492
1.894239278737366e+03,1.846482224332915e+03,1.176470588235294e+00,48843493
1.894260677202549e+03,1.849678674775903e+03,5.882352941176471e-01,48843495
1.895269153198910e+03,1.850016745761142e+03,5.882352941176471e-01,48843496
1.896003984619719e+03,1.852005431108533e+03,5.882352941176471e-01,48843497
1.896025383084902e+03,1.852527661001082e+03,5.882352941176471e-01,48843498
1.897768690502072e+03,1.854093856246768e+03,5.882352941176471e-01,48843500
1.897790088967255e+03,1.857224403575335e+03,5.882352941176471e-01,48843501
1.899533396384425e+03,1.857445108764073e+03,5.882352941176471e-01,48843502
1.900563270845969e+03,1.852815507403057e+03,1.764705882352941e+00,48843499
1.901319500731961e+03,1.858385878163266e+03,1.176470588235294e+00,48843503
1.902327976728322e+03,1.862507573512913e+03,5.882352941176471e-01,48843505
1.903084206614314e+03,1.862534952660693e+03,5.882352941176471e-01,48843506
1.904827514031484e+03,1.860205844600496e+03,1.764705882352941e+00,48843504
1.907622094375381e+03,1.862576866881523e+03,1.764705882352941e+00,48843507
1.908378324261373e+03,1.862728123465036e+03,1.764705882352941e+00,48843508
1.909386800257734e+03,1.863118355501377e+03,5.882352941176471e-01,48843510
1.910121631678543e+03,1.862961612930225e+03,1.764705882352941e+00,48843509
1.910143030143725e+03,1.864146628195692e+03,5.882352941176471e-01,48843511
1.911151506140087e+03,1.864184106081750e+03,5.882352941176471e-01,48843512
1.911886337560896e+03,1.864535199780593e+03,5.882352941176471e-01,48843513
1.911907736026078e+03,1.865130239288180e+03,5.882352941176471e-01,48843514
1.912916212022440e+03,1.865728711951621e+03,5.882352941176471e-01,48843515
1.913651043443249e+03,1.868281578840093e+03,5.882352941176471e-01,48843516
1.914680917904793e+03,1.873487312283655e+03,5.882352941176471e-01,48843518
1.917201853673137e+03,1.871053785667210e+03,1.764705882352941e+00,48843517
1.918210329669498e+03,1.876005187737945e+03,1.176470588235294e+00,48843520
1.918945161090307e+03,1.875568728775770e+03,1.764705882352941e+00,48843519
1.918966559555490e+03,1.877295225833207e+03,5.882352941176471e-01,48843521
1.919975035551851e+03,1.877803667259875e+03,5.882352941176471e-01,48843522
1.920709866972660e+03,1.878702389018734e+03,5.882352941176471e-01,48843523
1.920731265437843e+03,1.879249232920529e+03,5.882352941176471e-01,48843524
1.921739741434204e+03,1.879806120547800e+03,5.882352941176471e-01,48843525
1.922474572855013e+03,1.881088834812997e+03,5.882352941176471e-01,48843526
1.922495971320196e+03,1.882207871869287e+03,5.882352941176471e-01,48843527
1.924239278737366e+03,1.886760031175418e+03,5.882352941176471e-01,48843529
1.924260677202549e+03,1.887508686472501e+03,5.882352941176471e-01,48843530
1.926025383084902e+03,1.888684701227323e+03,5.882352941176471e-01,48843532
1.927033859081263e+03,1.882429994061936e+03,1.764705882352941e+00,48843528
1.928798564963616e+03,1.891054633141881e+03,5.882352941176471e-01,48843534
1.929533396384425e+03,1.888429847203411e+03,1.764705882352941e+00,48843531
1.930563270845969e+03,1.893092387891156e+03,5.882352941176471e-01,48843535
1.931298102266778e+03,1.893789812668149e+03,5.882352941176471e-01,48843536
1.931319500731961e+03,1.889894031150419e+03,1.764705882352941e+00,48843533
1.933062808149131e+03,1.894508076948891e+03,5.882352941176471e-01,48843538
1.933084206614314e+03,1.895187328116397e+03,5.882352941176471e-01,48843539
1.934848912496667e+03,1.897296209832244e+03,5.882352941176471e-01,48843541
1.935857388493028e+03,1.894361547558068e+03,1.764705882352941e+00,48843537
1.936613618379020e+03,1.898559545840432e+03,5.882352941176471e-01,48843542
1.938356925796190e+03,1.896448527544768e+03,1.764705882352941e+00,48843540
1.938378324261373e+03,1.902293053492813e+03,5.882352941176471e-01,48843544
1.939386800257734e+03,1.901660179830893e+03,1.176470588235294e+00,48843543
1.940143030143725e+03,1.904129178734704e+03,5.882352941176471e-01,48843546
1.941886337560896e+03,1.903947947480284e+03,1.176470588235294e+00,48843545
1.943672441908431e+03,1.905797293923134e+03,1.176470588235294e+00,48843548
1.944680917904793e+03,1.905459192352708e+03,1.764705882352941e+00,48843547
1.945437147790784e+03,1.906301312067321e+03,5.882352941176471e-01,48843550
1.947180455207954e+03,1.906116401984132e+03,1.764705882352941e+00,48843549
1.947201853673137e+03,1.908535804191522e+03,5.882352941176471e-01,48843552
1.948966559555490e+03,1.912236643384107e+03,5.882352941176471e-01,48843554
1.949975035551851e+03,1.907390488352857e+03,1.764705882352941e+00,48843551
1.950709866972660e+03,1.910340481923317e+03,1.176470588235294e+00,48843553
1.952495971320196e+03,1.912391931216131e+03,1.176470588235294e+00,48843555
1.954239278737366e+03,1.913231182347040e+03,1.176470588235294e+00,48843557
1.954260677202549e+03,1.914755210136900e+03,5.882352941176471e-01,48843558
1.955269153198910e+03,1.912617786881769e+03,1.764705882352941e+00,48843556
1.956003984619719e+03,1.914903865019678e+03,5.882352941176471e-01,48843559
1.956025383084902e+03,1.915130107862571e+03,5.882352941176471e-01,48843560
1.957033859081263e+03,1.915638966150026e+03,5.882352941176471e-01,48843561
1.957790088967255e+03,1.920180992789846e+03,5.882352941176471e-01,48843563
1.958798564963616e+03,1.922242636191994e+03,5.882352941176471e-01,48843564
1.959554794849608e+03,1.924682088357473e+03,5.882352941176471e-01,48843565
1.960563270845969e+03,1.927017672151224e+03,5.882352941176471e-01,48843566
1.961298102266778e+03,1.916740098265990e+03,1.764705882352941e+00,48843562
1.961319500731961e+03,1.927577087169510e+03,5.882352941176471e-01,48843567
1.962327976728322e+03,1.927642617760860e+03,5.882352941176471e-01,48843568
1.963062808149131e+03,1.928610120138675e+03,5.882352941176471e-01,48843569
1.963084206614314e+03,1.929904236723893e+03,5.882352941176471e-01,48843570
1.964827514031484e+03,1.931660160321438e+03,5.882352941176471e-01,48843572
1.964848912496667e+03,1.932146683434568e+03,5.882352941176471e-01,48843573
1.966613618379020e+03,1.935105038063045e+03,5.882352941176471e-01,48843575
1.967622094375381e+03,1.930908919254132e+03,1.764705882352941e+00,48843571
1.968378324261373e+03,1.937836958532484e+03,5.882352941176471e-01,48843576
1.969386800257734e+03,1.938609010015220e+03,5.882352941176471e-01,48843577
1.970121631678543e+03,1.932904804475698e+03,1.764705882352941e+00,48843574
1.971886337560896e+03,1.939747050920920e+03,5.882352941176471e-01,48843580
1.973672441908431e+03,1.939111225778125e+03,1.764705882352941e+00,48843578
1.974680917904793e+03,1.939129415675249e+03,1.764705882352941e+00,48843579
1.975415749325602e+03,1.940226385828996e+03,1.176470588235294e+00,48843581
1.975437147790784e+03,1.941630143025676e+03,5.882352941176471e-01,48843582
1.976445623787145e+03,1.943392812253913e+03,5.882352941176471e-01,48843583
1.978945161090307e+03,1.943533281653394e+03,1.176470588235294e+00,48843584
1.979975035551851e+03,1.945969653321562e+03,1.176470588235294e+00,48843586
1.980709866972660e+03,1.946792678403174e+03,5.882352941176471e-01,48843587
1.980731265437843e+03,1.945623250120717e+03,1.764705882352941e+00,48843585
1.981739741434204e+03,1.946893901338249e+03,5.882352941176471e-01,48843588
1.983504447316557e+03,1.949225255275679e+03,5.882352941176471e-01,48843591
1.986003984619719e+03,1.946957983330741e+03,1.764705882352941e+00,48843589
1.986025383084902e+03,1.947383746169894e+03,1.764705882352941e+00,48843590
1.987033859081263e+03,1.949834314865205e+03,1.176470588235294e+00,48843592
1.987790088967255e+03,1.951108056563334e+03,5.882352941176471e-01,48843594
1.988798564963616e+03,1.954223508076228e+03,5.882352941176471e-01,48843595
1.989533396384425e+03,1.950262088493812e+03,1.176470588235294e+00,48843593
1.989554794849608e+03,1.957145343879781e+03,5.882352941176471e-01,48843596
1.990563270845969e+03,1.957596597579098e+03,5.882352941176471e-01,48843597
1.991319500731961e+03,1.958435586466882e+03,5.882352941176471e-01,48843599
1.992327976728322e+03,1.960382551423244e+03,5.882352941176471e-01,48843600
1.993062808149131e+03,1.957807284719069e+03,1.176470588235294e+00,48843598
1.993084206614314e+03,1.961271301655486e+03,5.882352941176471e-01,48843601
1.994092682610675e+03,1.961708855375872e+03,5.882352941176471e-01,48843602
1.994827514031484e+03,1.961948014351898e+03,5.882352941176471e-01,48843603
1.995857388493028e+03,1.964360565400786e+03,5.882352941176471e-01,48843605
1.997622094375381e+03,1.965324600914051e+03,5.882352941176471e-01,48843607
1.998356925796190e+03,1.964641956944475e+03,1.176470588235294e+00,48843606
1.998378324261373e+03,1.963187620963381e+03,1.764705882352941e+00,48843604
2.000121631678543e+03,1.966628517351724e+03,5.882352941176471e-01,48843609
2.001151506140087e+03,1.966280537009657e+03,1.176470588235294e+00,48843608
2.001907736026078e+03,1.966740234776233e+03,1.176470588235294e+00,48843610
2.005415749325602e+03,1.967871310118745e+03,1.764705882352941e+00,48843611
2.006445623787145e+03,1.968339242991223e+03,1.764705882352941e+00,48843612
2.007180455207954e+03,1.969160243746970e+03,5.882352941176471e-01,48843614
2.007201853673137e+03,1.968950992709723e+03,1.764705882352941e+00,48843613
2.008210329669498e+03,1.969342125079776e+03,5.882352941176471e-01,48843615
2.009975035551851e+03,1.973875271633380e+03,5.882352941176471e-01,48843618
2.012474572855013e+03,1.970899062144566e+03,1.764705882352941e+00,48843616
2.012495971320196e+03,1.973023993730444e+03,1.764705882352941e+00,48843617
2.014239278737366e+03,1.975071177352792e+03,5.882352941176471e-01,48843620
2.014260677202549e+03,1.975623090166846e+03,5.882352941176471e-01,48843621
2.015269153198910e+03,1.974865536651587e+03,1.764705882352941e+00,48843619
2.019533396384425e+03,1.976355130379317e+03,1.764705882352941e+00,48843622
2.019554794849608e+03,1.976578881822292e+03,1.764705882352941e+00,48843623
2.020563270845969e+03,1.977402817283768e+03,1.764705882352941e+00,48843624
2.021298102266778e+03,1.979827041721549e+03,5.882352941176471e-01,48843625
2.021319500731961e+03,1.979849136718485e+03,5.882352941176471e-01,48843626
2.022327976728322e+03,1.980065133237396e+03,5.882352941176471e-01,48843627
2.023062808149131e+03,1.981567832155388e+03,5.882352941176471e-01,48843628
2.024092682610675e+03,1.982217093326688e+03,5.882352941176471e-01,48843630
2.024827514031484e+03,1.982802666319574e+03,5.882352941176471e-01,48843631
2.024848912496667e+03,1.981750552133824e+03,1.176470588235294e+00,48843629
2.025857388493028e+03,1.983322499729533e+03,5.882352941176471e-01,48843632
2.026613618379020e+03,1.984346666033387e+03,5.882352941176471e-01,48843634
2.027622094375381e+03,1.986457882933177e+03,5.882352941176471e-01,48843635
2.028378324261373e+03,1.987424610002711e+03,5.882352941176471e-01,48843636
2.029386800257734e+03,1.987814996818938e+03,5.882352941176471e-01,48843637
2.030121631678543e+03,1.983492754954391e+03,1.764705882352941e+00,48843633
2.033672441908431e+03,1.988889796793838e+03,1.764705882352941e+00,48843638
2.034680917904793e+03,1.990862678549991e+03,1.764705882352941e+00,48843639
2.035415749325602e+03,1.991349819021205e+03,1.764705882352941e+00,48843640
2.037201853673137e+03,1.992783970845083e+03,1.176470588235294e+00,48843641
2.038966559555490e+03,1.995897945249772e+03,5.882352941176471e-01,48843644
2.039975035551851e+03,1.992792919202993e+03,1.764705882352941e+00,48843642
2.040709866972660e+03,1.993201377764226e+03,1.764705882352941e+00,48843643
2.042474572855013e+03,1.997727627765813e+03,5.882352941176471e-01,48843647
2.044260677202549e+03,1.996251455180172e+03,1.764705882352941e+00,48843645
2.045269153198910e+03,1.997490813859644e+03,1.764705882352941e+00,48843646
2.046025383084902e+03,1.998725754352072e+03,5.882352941176471e-01,48843649
2.047033859081263e+03,1.999500719998746e+03,5.882352941176471e-01,48843650
2.047768690502072e+03,1.998283063217789e+03,1.764705882352941e+00,48843648
2.047790088967255e+03,2.000499065604098e+03,5.882352941176471e-01,48843651
2.048798564963616e+03,2.000809815903429e+03,5.882352941176471e-01,48843652
2.049554794849608e+03,2.002146485424919e+03,5.882352941176471e-01,48843654
2.050563270845969e+03,2.002237813744483e+03,5.882352941176471e-01,48843655
2.053062808149131e+03,2.002013640119225e+03,1.764705882352941e+00,48843653
2.054827514031484e+03,2.008667685160418e+03,5.882352941176471e-01,48843658
2.054848912496667e+03,2.004024341340803e+03,1.764705882352941e+00,48843656
2.055857388493028e+03,2.007036880804864e+03,1.764705882352941e+00,48843657
2.056613618379020e+03,2.010981530295277e+03,5.882352941176471e-01,48843660
2.060121631678543e+03,2.008789329468495e+03,1.764705882352941e+00,48843659
2.061151506140087e+03,2.012763792652315e+03,1.764705882352941e+00,48843661
2.061886337560896e+03,2.015623375818586e+03,5.882352941176471e-01,48843663
2.061907736026078e+03,2.013837478478935e+03,1.764705882352941e+00,48843662
2.062916212022440e+03,2.016405434601320e+03,5.882352941176471e-01,48843664
2.067180455207954e+03,2.016555514609252e+03,1.764705882352941e+00,48843665
2.067201853673137e+03,2.017728409678735e+03,1.764705882352941e+00,48843666
2.068210329669498e+03,2.018242719361321e+03,1.764705882352941e+00,48843667
2.069975035551851e+03,2.022898125877062e+03,5.882352941176471e-01,48843670
2.072474572855013e+03,2.019737754633987e+03,1.764705882352941e+00,48843668
2.072495971320196e+03,2.021767775683800e+03,1.764705882352941e+00,48843669
2.073504447316557e+03,2.024467954045356e+03,1.176470588235294e+00,48843671
2.074239278737366e+03,2.025542185070499e+03,5.882352941176471e-01,48843672
2.074260677202549e+03,2.025800174518045e+03,5.882352941176471e-01,48843673
2.076025383084902e+03,2.028302746034717e+03,5.882352941176471e-01,48843676
2.077033859081263e+03,2.026091864852491e+03,1.176470588235294e+00,48843674
2.078798564963616e+03,2.030554504842151e+03,5.882352941176471e-01,48843678
2.079533396384425e+03,2.028073177475131e+03,1.764705882352941e+00,48843675
2.079554794849608e+03,2.030346345759959e+03,1.176470588235294e+00,48843677
2.081298102266778e+03,2.030731691526207e+03,5.882352941176471e-01,48843680
2.081319500731961e+03,2.030942584939114e+03,5.882352941176471e-01,48843681
2.083084206614314e+03,2.032469666092047e+03,5.882352941176471e-01,48843683
2.084092682610675e+03,2.030725501587623e+03,1.764705882352941e+00,48843679
2.085857388493028e+03,2.035188840071940e+03,5.882352941176471e-01,48843685
2.086592219913837e+03,2.031995978746547e+03,1.764705882352941e+00,48843682
2.087622094375381e+03,2.035805265642130e+03,5.882352941176471e-01,48843686
2.088356925796190e+03,2.035815825173628e+03,5.882352941176471e-01,48843687
2.088378324261373e+03,2.033236464064512e+03,1.764705882352941e+00,48843684
2.089386800257734e+03,2.036542201570972e+03,5.882352941176471e-01,48843688
2.090121631678543e+03,2.036659494301984e+03,5.882352941176471e-01,48843689
2.090143030143725e+03,2.037526952700637e+03,5.882352941176471e-01,48843690
2.091151506140087e+03,2.038316140412801e+03,5.882352941176471e-01,48843691
2.091886337560896e+03,2.041722665833838e+03,5.882352941176471e-01,48843692
2.091907736026078e+03,2.045266120422664e+03,5.882352941176471e-01,48843693
2.093651043443249e+03,2.046763728886080e+03,5.882352941176471e-01,48843695
2.093672441908431e+03,2.050485403602401e+03,5.882352941176471e-01,48843696
2.095415749325602e+03,2.051473813891818e+03,5.882352941176471e-01,48843697
2.095437147790784e+03,2.051580997437333e+03,5.882352941176471e-01,48843698
2.096445623787145e+03,2.046450841092009e+03,1.764705882352941e+00,48843694
2.098210329669498e+03,2.057227666703985e+03,5.882352941176471e-01,48843701
2.100709866972660e+03,2.054326974017529e+03,1.764705882352941e+00,48843699
2.100731265437843e+03,2.054611724208949e+03,1.764705882352941e+00,48843700
2.102474572855013e+03,2.058280351999050e+03,5.882352941176471e-01,48843703
2.102495971320196e+03,2.058360499889464e+03,5.882352941176471e-01,48843704
2.103504447316557e+03,2.057999352683403e+03,1.764705882352941e+00,48843702
2.104239278737366e+03,2.059602160299627e+03,5.882352941176471e-01,48843705
2.104260677202549e+03,2.061290494268337e+03,5.882352941176471e-01,48843706
2.105269153198910e+03,2.066229514719834e+03,5.882352941176471e-01,48843707
2.106003984619719e+03,2.066504533749867e+03,5.882352941176471e-01,48843708
2.106025383084902e+03,2.066642685569214e+03,5.882352941176471e-01,48843709
2.107033859081263e+03,2.067148015839397e+03,5.882352941176471e-01,48843710
2.107768690502072e+03,2.068505375795758e+03,5.882352941176471e-01,48843711
2.107790088967255e+03,2.069303824495026e+03,5.882352941176471e-01,48843712
2.108798564963616e+03,2.071411541452201e+03,5.882352941176471e-01,48843713
2.110563270845969e+03,2.073545020092158e+03,5.882352941176471e-01,48843716
2.111319500731961e+03,2.072218356161013e+03,1.176470588235294e+00,48843715
2.112327976728322e+03,2.073897105324987e+03,5.882352941176471e-01,48843717
2.113062808149131e+03,2.071563910273289e+03,1.764705882352941e+00,48843714
2.113084206614314e+03,2.073908287752071e+03,5.882352941176471e-01,48843718
2.114827514031484e+03,2.077579382687642e+03,5.882352941176471e-01,48843720
2.117622094375381e+03,2.076902046545664e+03,1.764705882352941e+00,48843719
2.118356925796190e+03,2.078366854193681e+03,1.176470588235294e+00,48843722
2.118378324261373e+03,2.077695132453892e+03,1.764705882352941e+00,48843721
2.119386800257734e+03,2.078399516623855e+03,5.882352941176471e-01,48843723
2.123651043443249e+03,2.078921301476916e+03,1.764705882352941e+00,48843724
2.123672441908431e+03,2.079015604940475e+03,1.764705882352941e+00,48843725
2.124680917904793e+03,2.079225258430528e+03,1.764705882352941e+00,48843726
2.125437147790784e+03,2.080051908894989e+03,5.882352941176471e-01,48843728
2.127201853673137e+03,2.080743758890579e+03,5.882352941176471e-01,48843730
2.128945161090307e+03,2.079672333677692e+03,1.764705882352941e+00,48843727
2.128966559555490e+03,2.081202954155607e+03,5.882352941176471e-01,48843731
2.129975035551851e+03,2.080208722478598e+03,1.764705882352941e+00,48843729
2.130709866972660e+03,2.082977468790388e+03,5.882352941176471e-01,48843732
2.131739741434204e+03,2.084243910101145e+03,5.882352941176471e-01,48843734
2.134260677202549e+03,2.083132600043023e+03,1.764705882352941e+00,48843733
2.136003984619719e+03,2.084435701142684e+03,1.764705882352941e+00,48843735
2.136025383084902e+03,2.090778773543259e+03,5.882352941176471e-01,48843737
2.137033859081263e+03,2.089630676950747e+03,1.764705882352941e+00,48843736
2.137768690502072e+03,2.094365035692125e+03,5.882352941176471e-01,48843738
2.137790088967255e+03,2.094762092101294e+03,5.882352941176471e-01,48843739
2.138798564963616e+03,2.095288813230638e+03,5.882352941176471e-01,48843740
2.139554794849608e+03,2.095828477888132e+03,5.882352941176471e-01,48843742
2.140563270845969e+03,2.096379903602368e+03,5.882352941176471e-01,48843743
2.141319500731961e+03,2.096767737526757e+03,5.882352941176471e-01,48843744
2.143062808149131e+03,2.095753920925160e+03,1.764705882352941e+00,48843741
2.143084206614314e+03,2.098871908130409e+03,5.882352941176471e-01,48843746
2.144092682610675e+03,2.098309429534659e+03,1.176470588235294e+00,48843745
2.144827514031484e+03,2.100890980977553e+03,5.882352941176471e-01,48843747
2.144848912496667e+03,2.102021456271108e+03,5.882352941176471e-01,48843748
2.145857388493028e+03,2.102523721736399e+03,5.882352941176471e-01,48843749
2.146592219913837e+03,2.103062924063086e+03,5.882352941176471e-01,48843750
2.146613618379020e+03,2.105171506643030e+03,5.882352941176471e-01,48843751
2.151151506140087e+03,2.106417695918871e+03,1.764705882352941e+00,48843752
2.151886337560896e+03,2.113298487714792e+03,1.764705882352941e+00,48843753
2.151907736026078e+03,2.113444395814645e+03,1.764705882352941e+00,48843754
2.153672441908431e+03,2.117603951229759e+03,5.882352941176471e-01,48843757
2.156445623787145e+03,2.114642605889301e+03,1.764705882352941e+00,48843755
2.157180455207954e+03,2.117395185680398e+03,1.764705882352941e+00,48843756
2.158210329669498e+03,2.127741653742592e+03,5.882352941176471e-01,48843759
2.158945161090307e+03,2.129543210899898e+03,5.882352941176471e-01,48843760
2.158966559555490e+03,2.125283145366096e+03,1.764705882352941e+00,48843758
2.159975035551851e+03,2.130374212033634e+03,5.882352941176471e-01,48843761
2.160709866972660e+03,2.130575246603770e+03,5.882352941176471e-01,48843762
2.161739741434204e+03,2.135426497027369e+03,5.882352941176471e-01,48843764
2.162474572855013e+03,2.136572421013922e+03,5.882352941176471e-01,48843765
2.164260677202549e+03,2.134096235999503e+03,1.764705882352941e+00,48843763
2.166025383084902e+03,2.137750790850957e+03,5.882352941176471e-01,48843768
2.167033859081263e+03,2.136627363188358e+03,1.764705882352941e+00,48843766
2.167768690502072e+03,2.137100814995059e+03,1.764705882352941e+00,48843767
2.167790088967255e+03,2.137811048135125e+03,5.882352941176471e-01,48843769
2.168798564963616e+03,2.138705580668961e+03,5.882352941176471e-01,48843770
2.169533396384425e+03,2.139785219199008e+03,5.882352941176471e-01,48843771
2.169554794849608e+03,2.140632877111264e+03,5.882352941176471e-01,48843772
2.173062808149131e+03,2.144705031948069e+03,1.176470588235294e+00,48843774
2.174092682610675e+03,2.141528899378614e+03,1.764705882352941e+00,48843773
2.174827514031484e+03,2.146619151255498e+03,5.882352941176471e-01,48843776
2.174848912496667e+03,2.146084488505722e+03,1.764705882352941e+00,48843775
2.176592219913837e+03,2.150107081483936e+03,5.882352941176471e-01,48843778
2.179386800257734e+03,2.147415880638960e+03,1.764705882352941e+00,48843777
2.180143030143725e+03,2.151194441251821e+03,1.764705882352941e+00,48843779
2.181886337560896e+03,2.153319246725725e+03,1.764705882352941e+00,48843780
2.181907736026078e+03,2.154576972128089e+03,5.882352941176471e-01,48843782
2.182916212022440e+03,2.154059093064520e+03,1.176470588235294e+00,48843781
2.183651043443249e+03,2.154580450439167e+03,5.882352941176471e-01,48843783
2.184680917904793e+03,2.157270620831235e+03,5.882352941176471e-01,48843785
2.186445623787145e+03,2.159454959129271e+03,5.882352941176471e-01,48843787
2.187201853673137e+03,2.156064680024476e+03,1.764705882352941e+00,48843784
2.188210329669498e+03,2.160433012927364e+03,5.882352941176471e-01,48843788
2.188945161090307e+03,2.158983848964275e+03,1.764705882352941e+00,48843786
2.188966559555490e+03,2.161080125982729e+03,5.882352941176471e-01,48843789
2.189975035551851e+03,2.161516912359842e+03,5.882352941176471e-01,48843790
2.191739741434204e+03,2.166502387773864e+03,5.882352941176471e-01,48843793
2.193504447316557e+03,2.168611585539136e+03,5.882352941176471e-01,48843794
2.194239278737366e+03,2.161704588873281e+03,1.764705882352941e+00,48843791
2.194260677202549e+03,2.162057643616773e+03,1.764705882352941e+00,48843792
2.195269153198910e+03,2.176736873216190e+03,5.882352941176471e-01,48843795
2.196003984619719e+03,2.177035066857456e+03,5.882352941176471e-01,48843796
2.196025383084902e+03,2.177219831333548e+03,5.882352941176471e-01,48843797
2.197033859081263e+03,2.177571214700738e+03,5.882352941176471e-01,48843798
2.197768690502072e+03,2.177922330701455e+03,5.882352941176471e-01,48843799
2.198798564963616e+03,2.179690711067517e+03,5.882352941176471e-01,48843801
2.200563270845969e+03,2.182075342165337e+03,5.882352941176471e-01,48843803
2.201319500731961e+03,2.178734709176580e+03,1.764705882352941e+00,48843800
2.202327976728322e+03,2.184272504050941e+03,5.882352941176471e-01,48843804
2.203062808149131e+03,2.180500852200792e+03,1.764705882352941e+00,48843802
2.203084206614314e+03,2.184339664351646e+03,5.882352941176471e-01,48843805
2.204092682610675e+03,2.184595115607059e+03,5.882352941176471e-01,48843806
2.204827514031484e+03,2.184625721715477e+03,5.882352941176471e-01,48843807
2.205857388493028e+03,2.189244200207141e+03,5.882352941176471e-01,48843809
2.206592219913837e+03,2.189479301291872e+03,5.882352941176471e-01,48843810
2.206613618379020e+03,2.188566488942248e+03,1.176470588235294e+00,48843808
2.207622094375381e+03,2.190800009908397e+03,5.882352941176471e-01,48843811
2.208356925796190e+03,2.192275566686369e+03,5.882352941176471e-01,48843812
2.208378324261373e+03,2.192430768088041e+03,5.882352941176471e-01,48843813
2.210143030143725e+03,2.197793711836144e+03,5.882352941176471e-01,48843816
2.211151506140087e+03,2.194994474311529e+03,1.176470588235294e+00,48843814
2.212916212022440e+03,2.200247914296278e+03,5.882352941176471e-01,48843818
2.213651043443249e+03,2.195821457496924e+03,1.764705882352941e+00,48843815
2.214680917904793e+03,2.200278183354164e+03,5.882352941176471e-01,48843819
2.215415749325602e+03,2.200948444304503e+03,5.882352941176471e-01,48843820
2.215437147790784e+03,2.198744093189162e+03,1.764705882352941e+00,48843817
2.217180455207954e+03,2.203136222142763e+03,5.882352941176471e-01,48843822
2.219975035551851e+03,2.202630846054842e+03,1.764705882352941e+00,48843821
2.220731265437843e+03,2.205507877660049e+03,1.764705882352941e+00,48843823
2.221739741434204e+03,2.206996755540004e+03,5.882352941176471e-01,48843825
2.222474572855013e+03,2.205914283334399e+03,1.764705882352941e+00,48843824
2.222495971320196e+03,2.207381825043594e+03,5.882352941176471e-01,48843826
2.224260677202549e+03,2.209788667557569e+03,5.882352941176471e-01,48843829
2.227033859081263e+03,2.207422160753620e+03,1.764705882352941e+00,48843827
2.227768690502072e+03,2.207881987153831e+03,1.764705882352941e+00,48843828
2.227790088967255e+03,2.210942415683643e+03,1.176470588235294e+00,48843830
2.229533396384425e+03,2.213601647797837e+03,5.882352941176471e-01,48843832
2.231319500731961e+03,2.213668727176536e+03,1.176470588235294e+00,48843833
2.232327976728322e+03,2.211297925978226e+03,1.764705882352941e+00,48843831
2.233062808149131e+03,2.213795568261731e+03,1.176470588235294e+00,48843834
2.233084206614314e+03,2.215097354545293e+03,5.882352941176471e-01,48843835
2.234848912496667e+03,2.218223755788589e+03,5.882352941176471e-01,48843838
2.236592219913837e+03,2.216932718053127e+03,1.176470588235294e+00,48843837
2.237622094375381e+03,2.216329544983055e+03,1.764705882352941e+00,48843836
2.238356925796190e+03,2.218547726874695e+03,5.882352941176471e-01,48843840
2.239386800257734e+03,2.218736248874466e+03,5.882352941176471e-01,48843841
2.240121631678543e+03,2.219006865297459e+03,5.882352941176471e-01,48843842
2.240143030143725e+03,2.218236225611382e+03,1.764705882352941e+00,48843839
2.243672441908431e+03,2.220686190306262e+03,1.176470588235294e+00,48843845
2.244680917904793e+03,2.219664597575670e+03,1.764705882352941e+00,48843843
2.245415749325602e+03,2.219917700017840e+03,1.764705882352941e+00,48843844
2.246445623787145e+03,2.224429014167874e+03,5.882352941176471e-01,48843847
2.247180455207954e+03,2.225373562820896e+03,5.882352941176471e-01,48843848
2.247201853673137e+03,2.223344092325315e+03,1.176470588235294e+00,48843846
2.248210329669498e+03,2.225663796665070e+03,5.882352941176471e-01,48843849
2.248945161090307e+03,2.226582277573329e+03,5.882352941176471e-01,48843850
2.249975035551851e+03,2.227868018863379e+03,5.882352941176471e-01,48843852
2.251739741434204e+03,2.232273460863392e+03,5.882352941176471e-01,48843854
2.252474572855013e+03,2.231283599528842e+03,1.176470588235294e+00,48843853
2.252495971320196e+03,2.227857433837394e+03,1.764705882352941e+00,48843851
2.254260677202549e+03,2.235662281688867e+03,5.882352941176471e-01,48843857
2.257033859081263e+03,2.234486996701201e+03,1.764705882352941e+00,48843855
2.257768690502072e+03,2.235229346087575e+03,1.764705882352941e+00,48843856
2.259533396384425e+03,2.239976134343435e+03,5.882352941176471e-01,48843860
2.259554794849608e+03,2.236115409501840e+03,1.764705882352941e+00,48843858
2.261298102266778e+03,2.240435636275671e+03,5.882352941176471e-01,48843861
2.262327976728322e+03,2.237327910100599e+03,1.764705882352941e+00,48843859
2.263062808149131e+03,2.241751664891466e+03,5.882352941176471e-01,48843863
2.264092682610675e+03,2.242251936104083e+03,5.882352941176471e-01,48843864
2.264827514031484e+03,2.242593166391247e+03,5.882352941176471e-01,48843865
2.264848912496667e+03,2.241691063035986e+03,1.764705882352941e+00,48843862
2.265857388493028e+03,2.245050989759709e+03,5.882352941176471e-01,48843866
2.266592219913837e+03,2.246047568763526e+03,5.882352941176471e-01,48843867
2.267622094375381e+03,2.247340947561261e+03,5.882352941176471e-01,48843869
2.268356925796190e+03,2.248425078818484e+03,5.882352941176471e-01,48843870
2.269386800257734e+03,2.248520215538249e+03,5.882352941176471e-01,48843871
2.270121631678543e+03,2.248826281647855e+03,5.882352941176471e-01,48843872
2.270143030143725e+03,2.246313416992184e+03,1.764705882352941e+00,48843868
2.271151506140087e+03,2.249653382693065e+03,5.882352941176471e-01,48843873
2.271886337560896e+03,2.250846752157317e+03,5.882352941176471e-01,48843874
2.272916212022440e+03,2.254351366088812e+03,5.882352941176471e-01,48843876
2.273651043443249e+03,2.254552601679886e+03,5.882352941176471e-01,48843877
2.273672441908431e+03,2.252655116152596e+03,1.176470588235294e+00,48843875
2.275415749325602e+03,2.257893544267483e+03,5.882352941176471e-01,48843879
2.275437147790784e+03,2.259467717331674e+03,5.882352941176471e-01,48843880
2.277201853673137e+03,2.259930670333234e+03,5.882352941176471e-01,48843882
2.278210329669498e+03,2.256950291725661e+03,1.764705882352941e+00,48843878
2.278945161090307e+03,2.259630927003297e+03,1.176470588235294e+00,48843881
2.278966559555490e+03,2.260068396642105e+03,5.882352941176471e-01,48843883
2.280709866972660e+03,2.260825407800657e+03,5.882352941176471e-01,48843885
2.280731265437843e+03,2.262001598266218e+03,5.882352941176471e-01,48843886
2.282474572855013e+03,2.262600350528148e+03,5.882352941176471e-01,48843887
2.282495971320196e+03,2.262642944127099e+03,5.882352941176471e-01,48843888
2.283504447316557e+03,2.260205481695925e+03,1.764705882352941e+00,48843884
2.284260677202549e+03,2.265192387818296e+03,5.882352941176471e-01,48843890
2.286003984619719e+03,2.264035630155509e+03,1.176470588235294e+00,48843889
2.286025383084902e+03,2.265434909792543e+03,5.882352941176471e-01,48843892
2.287033859081263e+03,2.265204177348153e+03,1.176470588235294e+00,48843891
2.287790088967255e+03,2.267014437745990e+03,5.882352941176471e-01,48843894
2.288798564963616e+03,2.267460475264482e+03,5.882352941176471e-01,48843895
2.289554794849608e+03,2.267603510017080e+03,5.882352941176471e-01,48843896
2.291298102266778e+03,2.265833821743144e+03,1.764705882352941e+00,48843893
2.293062808149131e+03,2.271171978028208e+03,5.882352941176471e-01,48843899
2.294092682610675e+03,2.267762438751714e+03,1.764705882352941e+00,48843897
2.294848912496667e+03,2.271077575829197e+03,1.764705882352941e+00,48843898
2.297622094375381e+03,2.274268056062442e+03,1.176470588235294e+00,48843901
2.298356925796190e+03,2.272184644259928e+03,1.764705882352941e+00,48843900
2.298378324261373e+03,2.276939419508146e+03,1.176470588235294e+00,48843902
2.300121631678543e+03,2.283225985892819e+03,5.882352941176471e-01,48843904
2.301151506140087e+03,2.280483450707575e+03,1.176470588235294e+00,48843903
2.301886337560896e+03,2.285844001855732e+03,5.882352941176471e-01,48843906
2.302916212022440e+03,2.287426985211414e+03,5.882352941176471e-01,48843907
2.303672441908431e+03,2.284516184750643e+03,1.764705882352941e+00,48843905
2.305437147790784e+03,2.288990881656616e+03,5.882352941176471e-01,48843910
2.307180455207954e+03,2.287541461155501e+03,1.764705882352941e+00,48843908
2.307201853673137e+03,2.289861727158769e+03,5.882352941176471e-01,48843911
2.308210329669498e+03,2.287661417890380e+03,1.764705882352941e+00,48843909
2.308966559555490e+03,2.290930364334204e+03,5.882352941176471e-01,48843913
2.312474572855013e+03,2.290578283313098e+03,1.764705882352941e+00,48843912
2.313504447316557e+03,2.292487025756338e+03,1.764705882352941e+00,48843914
2.314239278737366e+03,2.295947263002152e+03,5.882352941176471e-01,48843916
2.314260677202549e+03,2.294956428044883e+03,1.764705882352941e+00,48843915
2.315269153198910e+03,2.297131231707715e+03,5.882352941176471e-01,48843917
2.316003984619719e+03,2.298357211092582e+03,5.882352941176471e-01,48843918
2.316025383084902e+03,2.301977951594939e+03,5.882352941176471e-01,48843919
2.317033859081263e+03,2.302063231760759e+03,5.882352941176471e-01,48843920
2.317768690502072e+03,2.302498652764581e+03,5.882352941176471e-01,48843921
2.317790088967255e+03,2.302598096082966e+03,5.882352941176471e-01,48843922
2.319554794849608e+03,2.305388775316035e+03,5.882352941176471e-01,48843925
2.321298102266778e+03,2.304168307802892e+03,1.176470588235294e+00,48843924
2.321319500731961e+03,2.305472046330747e+03,5.882352941176471e-01,48843926
2.322327976728322e+03,2.303057977844699e+03,1.764705882352941e+00,48843923
2.323062808149131e+03,2.305582666569664e+03,5.882352941176471e-01,48843927
2.323084206614314e+03,2.307557400065802e+03,5.882352941176471e-01,48843928
2.324092682610675e+03,2.308689322023396e+03,5.882352941176471e-01,48843929
2.324827514031484e+03,2.309984507959634e+03,5.882352941176471e-01,48843930
2.324848912496667e+03,2.311906795339687e+03,5.882352941176471e-01,48843931
2.325857388493028e+03,2.312606802387983e+03,5.882352941176471e-01,48843932
2.326613618379020e+03,2.313732711345335e+03,5.882352941176471e-01,48843934
2.327622094375381e+03,2.315410184358728e+03,5.882352941176471e-01,48843935
2.329386800257734e+03,2.318976515074646e+03,5.882352941176471e-01,48843937
2.330121631678543e+03,2.312924188863238e+03,1.764705882352941e+00,48843933
2.331151506140087e+03,2.319681569895286e+03,5.882352941176471e-01,48843938
2.331907736026078e+03,2.318350299406432e+03,1.764705882352941e+00,48843936
2.333651043443249e+03,2.320091319545499e+03,1.176470588235294e+00,48843939
2.333672441908431e+03,2.323509563123303e+03,5.882352941176471e-01,48843941
2.335415749325602e+03,2.324854622544560e+03,5.882352941176471e-01,48843942
2.335437147790784e+03,2.324923656174196e+03,5.882352941176471e-01,48843943
2.336445623787145e+03,2.322185373685826e+03,1.764705882352941e+00,48843940
2.337180455207954e+03,2.325215206992194e+03,5.882352941176471e-01,48843944
2.337201853673137e+03,2.326142778372889e+03,5.882352941176471e-01,48843945
2.338945161090307e+03,2.330073164832356e+03,5.882352941176471e-01,48843947
2.338966559555490e+03,2.331892656568126e+03,5.882352941176471e-01,48843948
2.341739741434204e+03,2.329234966091326e+03,1.764705882352941e+00,48843946
2.344239278737366e+03,2.332055320208809e+03,1.764705882352941e+00,48843949
2.344260677202549e+03,2.335959041022937e+03,1.764705882352941e+00,48843950
2.346025383084902e+03,2.337442457489863e+03,5.882352941176471e-01,48843953
2.347033859081263e+03,2.336640103015006e+03,1.764705882352941e+00,48843951
2.349533396384425e+03,2.337133302446109e+03,1.764705882352941e+00,48843952
2.350563270845969e+03,2.339966908493722e+03,1.176470588235294e+00,48843955
2.351319500731961e+03,2.339764064955057e+03,1.764705882352941e+00,48843954
2.353084206614314e+03,2.341515858313964e+03,5.882352941176471e-01,48843958
2.354827514031484e+03,2.340312378325488e+03,1.764705882352941e+00,48843956
2.354848912496667e+03,2.342082123995623e+03,5.882352941176471e-01,48843959
2.355857388493028e+03,2.340678182295558e+03,1.764705882352941e+00,48843957
2.356613618379020e+03,2.345775009418837e+03,5.882352941176471e-01,48843961
2.357622094375381e+03,2.346339364575200e+03,5.882352941176471e-01,48843962
2.359386800257734e+03,2.347876466041266e+03,5.882352941176471e-01,48843964
2.360121631678543e+03,2.343438351154705e+03,1.764705882352941e+00,48843960
2.361151506140087e+03,2.348611086001661e+03,5.882352941176471e-01,48843965
2.361886337560896e+03,2.350613618698640e+03,5.882352941176471e-01,48843966
2.361907736026078e+03,2.346790677939444e+03,1.764705882352941e+00,48843963
2.363651043443249e+03,2.353605077119948e+03,5.882352941176471e-01,48843968
2.363672441908431e+03,2.353624835774365e+03,5.882352941176471e-01,48843969
2.365437147790784e+03,2.354303254616369e+03,5.882352941176471e-01,48843971
2.366445623787145e+03,2.351200664563169e+03,1.764705882352941e+00,48843967
2.367201853673137e+03,2.356372514788286e+03,5.882352941176471e-01,48843972
2.368210329669498e+03,2.356579988362360e+03,5.882352941176471e-01,48843973
2.368945161090307e+03,2.354203928982086e+03,1.764705882352941e+00,48843970
2.368966559555490e+03,2.357650369271204e+03,5.882352941176471e-01,48843974
2.369975035551851e+03,2.359216429388111e+03,5.882352941176471e-01,48843975
2.370731265437843e+03,2.362751193278674e+03,5.882352941176471e-01,48843977
2.371739741434204e+03,2.362953567904117e+03,5.882352941176471e-01,48843978
2.372474572855013e+03,2.360870646118710e+03,1.176470588235294e+00,48843976
2.373504447316557e+03,2.363708651064757e+03,5.882352941176471e-01,48843980
2.374239278737366e+03,2.366214342727545e+03,5.882352941176471e-01,48843981
2.376025383084902e+03,2.363024297460952e+03,1.764705882352941e+00,48843979
2.378798564963616e+03,2.366355986733801e+03,1.764705882352941e+00,48843982
2.379533396384425e+03,2.370700428145808e+03,1.764705882352941e+00,48843983
2.380563270845969e+03,2.371975556879787e+03,5.882352941176471e-01,48843985
2.381298102266778e+03,2.372082226373285e+03,5.882352941176471e-01,48843986
2.381319500731961e+03,2.370789898525713e+03,1.764705882352941e+00,48843984
2.383062808149131e+03,2.372470535559746e+03,5.882352941176471e-01,48843988
2.385857388493028e+03,2.372199258904513e+03,1.764705882352941e+00,48843987
2.386613618379020e+03,2.374073770306809e+03,1.764705882352941e+00,48843989
2.387622094375381e+03,2.374483019151851e+03,5.882352941176471e-01,48843991
2.388356925796190e+03,2.374475311402228e+03,1.764705882352941e+00,48843990
2.389386800257734e+03,2.375320714870849e+03,5.882352941176471e-01,48843993
2.390121631678543e+03,2.376316301514260e+03,5.882352941176471e-01,48843994
2.390143030143725e+03,2.374577614543315e+03,1.176470588235294e+00,48843992
2.391151506140087e+03,2.376383620325435e+03,5.882352941176471e-01,48843995
2.391907736026078e+03,2.378688521151433e+03,5.882352941176471e-01,48843997
2.392916212022440e+03,2.379053973232078e+03,5.882352941176471e-01,48843998
2.394680917904793e+03,2.381872552408008e+03,5.882352941176471e-01,48844000
2.395415749325602e+03,2.377856831130148e+03,1.764705882352941e+00,48843996
2.397201853673137e+03,2.381249995018195e+03,1.764705882352941e+00,48843999
2.398945161090307e+03,2.384269044243644e+03,1.176470588235294e+00,48844002
2.399975035551851e+03,2.384247423677206e+03,1.764705882352941e+00,48844001
2.402474572855013e+03,2.387330367250587e+03,1.176470588235294e+00,48844004
2.402495971320196e+03,2.384669278932045e+03,1.764705882352941e+00,48844003
2.404239278737366e+03,2.388910372800156e+03,5.882352941176471e-01,48844006
2.404260677202549e+03,2.389224392502553e+03,5.882352941176471e-01,48844007
2.405269153198910e+03,2.388417867727068e+03,1.764705882352941e+00,48844005
2.406003984619719e+03,2.389560196633464e+03,5.882352941176471e-01,48844008
2.407033859081263e+03,2.389779363199933e+03,5.882352941176471e-01,48844010
2.407768690502072e+03,2.390855579589116e+03,5.882352941176471e-01,48844011
2.408798564963616e+03,2.391033317731366e+03,5.882352941176471e-01,48844012
2.409533396384425e+03,2.392642001503781e+03,5.882352941176471e-01,48844013
2.409554794849608e+03,2.389747436202776e+03,1.764705882352941e+00,48844009
2.410563270845969e+03,2.394670135288178e+03,5.882352941176471e-01,48844014
2.411298102266778e+03,2.395116498213799e+03,5.882352941176471e-01,48844015
2.411319500731961e+03,2.395817852874612e+03,5.882352941176471e-01,48844016
2.414827514031484e+03,2.397790747672252e+03,1.176470588235294e+00,48844018
2.415857388493028e+03,2.397584070298594e+03,1.764705882352941e+00,48844017
2.416613618379020e+03,2.400227315489237e+03,1.764705882352941e+00,48844019
2.417622094375381e+03,2.401621169150252e+03,5.882352941176471e-01,48844021
2.420121631678543e+03,2.401604822796661e+03,1.764705882352941e+00,48844020
2.421151506140087e+03,2.403206845055724e+03,1.176470588235294e+00,48844023
2.421886337560896e+03,2.403734099641137e+03,5.882352941176471e-01,48844024
2.421907736026078e+03,2.401986913331976e+03,1.764705882352941e+00,48844022
2.423651043443249e+03,2.407360447381224e+03,5.882352941176471e-01,48844026
2.423672441908431e+03,2.407632834508248e+03,5.882352941176471e-01,48844027
2.426445623787145e+03,2.405785506425437e+03,1.764705882352941e+00,48844025
2.427180455207954e+03,2.408191419782553e+03,1.176470588235294e+00,48844028
2.427201853673137e+03,2.409138277187215e+03,1.176470588235294e+00,48844029
2.428966559555490e+03,2.411209702773297e+03,5.882352941176471e-01,48844032
2.431739741434204e+03,2.409619979362214e+03,1.764705882352941e+00,48844030
2.432474572855013e+03,2.410118639448461e+03,1.764705882352941e+00,48844031
2.434260677202549e+03,2.411567446967328e+03,1.764705882352941e+00,48844033
2.436025383084902e+03,2.417725100106021e+03,5.882352941176471e-01,48844036
2.437033859081263e+03,2.412171093873560e+03,1.764705882352941e+00,48844034
2.437768690502072e+03,2.415402960156979e+03,1.764705882352941e+00,48844035
2.437790088967255e+03,2.418814882286791e+03,5.882352941176471e-01,48844037
2.438798564963616e+03,2.419407746302393e+03,5.882352941176471e-01,48844038
2.439554794849608e+03,2.421508336474547e+03,5.882352941176471e-01,48844040
2.443062808149131e+03,2.419968026218315e+03,1.764705882352941e+00,48844039
2.444092682610675e+03,2.422313275260305e+03,1.764705882352941e+00,48844041
2.444827514031484e+03,2.423332427661844e+03,5.882352941176471e-01,48844043
2.444848912496667e+03,2.422460689828334e+03,1.764705882352941e+00,48844042
2.445857388493028e+03,2.423411205983289e+03,5.882352941176471e-01,48844044
2.446613618379020e+03,2.424929261166043e+03,5.882352941176471e-01,48844046
2.447622094375381e+03,2.426838240143202e+03,5.882352941176471e-01,48844047
2.448356925796190e+03,2.423555925402763e+03,1.176470588235294e+00,48844045
2.448378324261373e+03,2.428629009480913e+03,5.882352941176471e-01,48844048
2.452916212022440e+03,2.429370660810233e+03,1.764705882352941e+00,48844049
2.453651043443249e+03,2.430043514671838e+03,1.764705882352941e+00,48844050
2.453672441908431e+03,2.434145850058525e+03,1.764705882352941e+00,48844051
2.454680917904793e+03,2.434601282080079e+03,5.882352941176471e-01,48844052
2.455415749325602e+03,2.435012471269863e+03,5.882352941176471e-01,48844053
2.458966559555490e+03,2.435013899877985e+03,1.764705882352941e+00,48844054
2.459975035551851e+03,2.436888810656956e+03,1.764705882352941e+00,48844055
2.460709866972660e+03,2.436908509608522e+03,1.764705882352941e+00,48844056
2.460731265437843e+03,2.437160423297485e+03,5.882352941176471e-01,48844057
2.462474572855013e+03,2.438697537433316e+03,5.882352941176471e-01,48844059
2.462495971320196e+03,2.438895688206516e+03,5.882352941176471e-01,48844060
2.465269153198910e+03,2.438640480789701e+03,1.764705882352941e+00,48844058
2.467033859081263e+03,2.443484678776218e+03,5.882352941176471e-01,48844063
2.467768690502072e+03,2.441325784431622e+03,1.764705882352941e+00,48844061
2.467790088967255e+03,2.442539680205084e+03,1.764705882352941e+00,48844062
2.468798564963616e+03,2.445436956280489e+03,5.882352941176471e-01,48844064
2.469554794849608e+03,2.449048015625962e+03,5.882352941176471e-01,48844066
2.470563270845969e+03,2.449130537033058e+03,5.882352941176471e-01,48844067
2.471319500731961e+03,2.450912432881234e+03,5.882352941176471e-01,48844068
2.472327976728322e+03,2.454272975416703e+03,5.882352941176471e-01,48844069
2.473062808149131e+03,2.446519483166549e+03,1.764705882352941e+00,48844065
2.473084206614314e+03,2.455245401053533e+03,5.882352941176471e-01,48844070
2.474827514031484e+03,2.457368113069890e+03,5.882352941176471e-01,48844072
2.475857388493028e+03,2.457044171360288e+03,1.176470588235294e+00,48844071
2.476592219913837e+03,2.460117135958170e+03,5.882352941176471e-01,48844074
2.478356925796190e+03,2.460459149028158e+03,5.882352941176471e-01,48844076
2.478378324261373e+03,2.457913531709372e+03,1.764705882352941e+00,48844073
2.480121631678543e+03,2.460796988664846e+03,5.882352941176471e-01,48844077
2.481151506140087e+03,2.460326902459325e+03,1.764705882352941e+00,48844075
2.481886337560896e+03,2.461446951110182e+03,5.882352941176471e-01,48844079
2.482916212022440e+03,2.466505236588111e+03,5.882352941176471e-01,48844080
2.483672441908431e+03,2.460986152306385e+03,1.764705882352941e+00,48844078
2.485437147790784e+03,2.467712316162140e+03,5.882352941176471e-01,48844083
2.486445623787145e+03,2.467283671813554e+03,1.176470588235294e+00,48844082
2.487180455207954e+03,2.466994089990014e+03,1.764705882352941e+00,48844081
2.487201853673137e+03,2.468632287977095e+03,5.882352941176471e-01,48844084
2.488210329669498e+03,2.471655110783604e+03,5.882352941176471e-01,48844085
2.490709866972660e+03,2.473155577699926e+03,1.176470588235294e+00,48844086
2.492474572855013e+03,2.477156211549234e+03,5.882352941176471e-01,48844089
2.492495971320196e+03,2.474678961090381e+03,1.764705882352941e+00,48844087
2.493504447316557e+03,2.476364749197048e+03,1.764705882352941e+00,48844088
2.496003984619719e+03,2.477360993509232e+03,1.176470588235294e+00,48844090
2.497033859081263e+03,2.478296843200571e+03,1.176470588235294e+00,48844092
2.497768690502072e+03,2.478861246191003e+03,5.882352941176471e-01,48844093
2.497790088967255e+03,2.477888463314785e+03,1.764705882352941e+00,48844091
2.499533396384425e+03,2.483647063208741e+03,5.882352941176471e-01,48844095
2.499554794849608e+03,2.484074713393792e+03,5.882352941176471e-01,48844096
2.501298102266778e+03,2.485248652907163e+03,5.882352941176471e-01,48844097
2.502327976728322e+03,2.479495749070264e+03,1.764705882352941e+00,48844094
2.503062808149131e+03,2.487631384670283e+03,5.882352941176471e-01,48844099
2.503084206614314e+03,2.485279851432262e+03,1.176470588235294e+00,48844098
2.504092682610675e+03,2.487796937100832e+03,5.882352941176471e-01,48844100
2.505857388493028e+03,2.488667135873165e+03,5.882352941176471e-01,48844103
2.506592219913837e+03,2.488021478008770e+03,1.176470588235294e+00,48844101
2.507622094375381e+03,2.489373854441626e+03,5.882352941176471e-01,48844104
2.508356925796190e+03,2.491224197505411e+03,5.882352941176471e-01,48844105
2.508378324261373e+03,2.488052551824302e+03,1.764705882352941e+00,48844102
2.509386800257734e+03,2.491353246911163e+03,5.882352941176471e-01,48844106
2.510121631678543e+03,2.492797644002111e+03,5.882352941176471e-01,48844107
2.513672441908431e+03,2.495463296037130e+03,1.764705882352941e+00,48844108
2.514680917904793e+03,2.495546523268884e+03,1.764705882352941e+00,48844109
2.515415749325602e+03,2.496063864125021e+03,1.764705882352941e+00,48844110
2.515437147790784e+03,2.497821723026209e+03,5.882352941176471e-01,48844111
2.517201853673137e+03,2.501859032653949e+03,5.882352941176471e-01,48844114
2.518966559555490e+03,2.503785975913760e+03,5.882352941176471e-01,48844115
2.519975035551851e+03,2.498360077622215e+03,1.764705882352941e+00,48844112
2.520709866972660e+03,2.500595569147058e+03,1.764705882352941e+00,48844113
2.522474572855013e+03,2.505214703629791e+03,5.882352941176471e-01,48844118
2.524239278737366e+03,2.506296172933334e+03,5.882352941176471e-01,48844119
2.524260677202549e+03,2.504258044884095e+03,1.764705882352941e+00,48844116
2.525269153198910e+03,2.504764367353851e+03,1.764705882352941e+00,48844117
2.526003984619719e+03,2.506522970949049e+03,5.882352941176471e-01,48844120
2.526025383084902e+03,2.506649536301819e+03,5.882352941176471e-01,48844121
2.527768690502072e+03,2.511513518581825e+03,5.882352941176471e-01,48844123
2.527790088967255e+03,2.511825190186741e+03,5.882352941176471e-01,48844124
2.530563270845969e+03,2.508708118670964e+03,1.764705882352941e+00,48844122
2.531298102266778e+03,2.512777569804781e+03,1.176470588235294e+00,48844125
2.531319500731961e+03,2.512963252275592e+03,1.176470588235294e+00,48844126
2.532327976728322e+03,2.513172139383905e+03,5.882352941176471e-01,48844127
2.533084206614314e+03,2.514105485810699e+03,5.882352941176471e-01,48844129
2.534848912496667e+03,2.518904333212612e+03,5.882352941176471e-01,48844131
2.536592219913837e+03,2.513990450572133e+03,1.764705882352941e+00,48844128
2.536613618379020e+03,2.520055087913295e+03,5.882352941176471e-01,48844132
2.537622094375381e+03,2.515198030078724e+03,1.764705882352941e+00,48844130
2.538378324261373e+03,2.520593905054431e+03,5.882352941176471e-01,48844134
2.540143030143725e+03,2.521054513727856e+03,5.882352941176471e-01,48844136
2.541886337560896e+03,2.520284925880540e+03,1.764705882352941e+00,48844133
2.542916212022440e+03,2.520853075682857e+03,1.764705882352941e+00,48844135
2.543651043443249e+03,2.522699755914818e+03,5.882352941176471e-01,48844138
2.544680917904793e+03,2.522938346437342e+03,5.882352941176471e-01,48844139
2.545415749325602e+03,2.524104728586699e+03,5.882352941176471e-01,48844140
2.545437147790784e+03,2.522089789888315e+03,1.764705882352941e+00,48844137
2.547180455207954e+03,2.524684192752427e+03,5.882352941176471e-01,48844142
2.549975035551851e+03,2.524106872254384e+03,1.764705882352941e+00,48844141
2.550731265437843e+03,2.525787799706556e+03,1.764705882352941e+00,48844143
2.551739741434204e+03,2.527151271705234e+03,5.882352941176471e-01,48844145
2.552474572855013e+03,2.526152471147794e+03,1.764705882352941e+00,48844144
2.552495971320196e+03,2.528522254773897e+03,5.882352941176471e-01,48844146
2.553504447316557e+03,2.529223174965498e+03,5.882352941176471e-01,48844147
2.554260677202549e+03,2.534058151209571e+03,5.882352941176471e-01,48844149
2.555269153198910e+03,2.534622115653948e+03,5.882352941176471e-01,48844150
2.556025383084902e+03,2.534750971421556e+03,5.882352941176471e-01,48844151
2.557033859081263e+03,2.535016088068881e+03,5.882352941176471e-01,48844152
2.557768690502072e+03,2.529275891135408e+03,1.764705882352941e+00,48844148
2.558798564963616e+03,2.539443025797412e+03,5.882352941176471e-01,48844154
2.559533396384425e+03,2.539596305858579e+03,5.882352941176471e-01,48844155
2.561298102266778e+03,2.540345967969487e+03,5.882352941176471e-01,48844157
2.561319500731961e+03,2.539266655748295e+03,1.764705882352941e+00,48844153
2.563062808149131e+03,2.542703827002842e+03,5.882352941176471e-01,48844158
2.563084206614314e+03,2.544036957349253e+03,5.882352941176471e-01,48844159
2.564092682610675e+03,2.540111345893354e+03,1.764705882352941e+00,48844156
2.564827514031484e+03,2.544584243292930e+03,5.882352941176471e-01,48844160
2.564848912496667e+03,2.544839705058290e+03,5.882352941176471e-01,48844161
2.566592219913837e+03,2.545293047051621e+03,5.882352941176471e-01,48844163
2.566613618379020e+03,2.545311150943805e+03,5.882352941176471e-01,48844164
2.567622094375381e+03,2.544903464353437e+03,1.176470588235294e+00,48844162
2.568378324261373e+03,2.546246398739236e+03,5.882352941176471e-01,48844166
2.569386800257734e+03,2.546876312656742e+03,5.882352941176471e-01,48844167
2.570121631678543e+03,2.546143486442092e+03,1.176470588235294e+00,48844165
2.571151506140087e+03,2.548766096909199e+03,5.882352941176471e-01,48844169
2.571886337560896e+03,2.548908257017390e+03,5.882352941176471e-01,48844170
2.572916212022440e+03,2.551545902491216e+03,5.882352941176471e-01,48844171
2.573651043443249e+03,2.552805090899694e+03,5.882352941176471e-01,48844172
2.573672441908431e+03,2.547393283017298e+03,1.764705882352941e+00,48844168
2.574680917904793e+03,2.553002478415558e+03,5.882352941176471e-01,48844173
2.577201853673137e+03,2.555791097851787e+03,1.176470588235294e+00,48844175
2.578945161090307e+03,2.555343755589380e+03,1.764705882352941e+00,48844174
2.578966559555490e+03,2.558391199561308e+03,5.882352941176471e-01,48844177
2.579975035551851e+03,2.558097223282156e+03,1.764705882352941e+00,48844176
2.580709866972660e+03,2.558832800611603e+03,5.882352941176471e-01,48844178
2.580731265437843e+03,2.559466900598844e+03,5.882352941176471e-01,48844179
2.582474572855013e+03,2.562476018874925e+03,5.882352941176471e-01,48844181
2.582495971320196e+03,2.562903113163578e+03,5.882352941176471e-01,48844182
2.584239278737366e+03,2.564267976966056e+03,5.882352941176471e-01,48844183
2.585269153198910e+03,2.559821272310745e+03,1.764705882352941e+00,48844180
2.586003984619719e+03,2.567289020596136e+03,5.882352941176471e-01,48844185
2.587033859081263e+03,2.567325958051207e+03,5.882352941176471e-01,48844186
2.587768690502072e+03,2.568759626394622e+03,5.882352941176471e-01,48844187
2.587790088967255e+03,2.565990752670036e+03,1.764705882352941e+00,48844184
2.589533396384425e+03,2.573680238655461e+03,5.882352941176471e-01,48844189
2.589554794849608e+03,2.574365328207933e+03,5.882352941176471e-01,48844190
2.591298102266778e+03,2.575438443561810e+03,5.882352941176471e-01,48844191
2.592327976728322e+03,2.571311200824079e+03,1.764705882352941e+00,48844188
2.593062808149131e+03,2.577226185139864e+03,5.882352941176471e-01,48844193
2.594092682610675e+03,2.577800890418783e+03,5.882352941176471e-01,48844194
2.594827514031484e+03,2.577873128784907e+03,5.882352941176471e-01,48844195
2.594848912496667e+03,2.576766862023297e+03,1.764705882352941e+00,48844192
2.596613618379020e+03,2.580989672208284e+03,5.882352941176471e-01,48844198
2.597622094375381e+03,2.577931025297226e+03,1.176470588235294e+00,48844196
2.598378324261373e+03,2.581161661159711e+03,5.882352941176471e-01,48844199
2.599386800257734e+03,2.582406691760048e+03,5.882352941176471e-01,48844200
2.600121631678543e+03,2.578629584246159e+03,1.764705882352941e+00,48844197
2.600143030143725e+03,2.582994131770212e+03,5.882352941176471e-01,48844201
2.601151506140087e+03,2.583107458362717e+03,5.882352941176471e-01,48844202
2.601886337560896e+03,2.583939641638470e+03,5.882352941176471e-01,48844203
2.601907736026078e+03,2.585091721470677e+03,5.882352941176471e-01,48844204
2.602916212022440e+03,2.585186253084190e+03,5.882352941176471e-01,48844205
2.603651043443249e+03,2.586384294873327e+03,5.882352941176471e-01,48844206
2.603672441908431e+03,2.587955219747226e+03,5.882352941176471e-01,48844207
2.604680917904793e+03,2.590360215210295e+03,5.882352941176471e-01,48844208
2.605437147790784e+03,2.592968566871870e+03,5.882352941176471e-01,48844210
2.606445623787145e+03,2.593727690928173e+03,5.882352941176471e-01,48844211
2.607180455207954e+03,2.590362940329746e+03,1.176470588235294e+00,48844209
2.607201853673137e+03,2.593742707411697e+03,5.882352941176471e-01,48844212
2.608966559555490e+03,2.596079610713610e+03,5.882352941176471e-01,48844215
2.610709866972660e+03,2.595515474148037e+03,1.176470588235294e+00,48844214
2.610731265437843e+03,2.598155240995819e+03,5.882352941176471e-01,48844216
2.611739741434204e+03,2.594790072026843e+03,1.764705882352941e+00,48844213
2.612474572855013e+03,2.598702447085976e+03,5.882352941176471e-01,48844217
2.612495971320196e+03,2.600337479425846e+03,5.882352941176471e-01,48844218
2.615269153198910e+03,2.603164179861699e+03,1.176470588235294e+00,48844219
2.616025383084902e+03,2.604879410700998e+03,1.176470588235294e+00,48844221
2.617033859081263e+03,2.608088307150608e+03,5.882352941176471e-01,48844222
2.617768690502072e+03,2.603497048777566e+03,1.764705882352941e+00,48844220
2.617790088967255e+03,2.612044769018139e+03,5.882352941176471e-01,48844223
2.618798564963616e+03,2.612720339241854e+03,5.882352941176471e-01,48844224
2.619533396384425e+03,2.613495097786592e+03,5.882352941176471e-01,48844225
2.619554794849608e+03,2.613723186730610e+03,5.882352941176471e-01,48844226
2.624092682610675e+03,2.613889855551601e+03,1.764705882352941e+00,48844227
2.624827514031484e+03,2.616663536775678e+03,1.764705882352941e+00,48844228
2.624848912496667e+03,2.617018119114454e+03,1.764705882352941e+00,48844229
2.626592219913837e+03,2.620683362719912e+03,5.882352941176471e-01,48844231
2.628356925796190e+03,2.623678728930267e+03,5.882352941176471e-01,48844233
2.629386800257734e+03,2.618574783896761e+03,1.764705882352941e+00,48844230
2.630121631678543e+03,2.625643471289913e+03,5.882352941176471e-01,48844234
2.630143030143725e+03,2.623510871256833e+03,1.764705882352941e+00,48844232
2.631907736026078e+03,2.630071540150328e+03,5.882352941176471e-01,48844237
2.633651043443249e+03,2.628949753659580e+03,1.176470588235294e+00,48844236
2.634680917904793e+03,2.628821297880351e+03,1.764705882352941e+00,48844235
2.637201853673137e+03,2.630144501906882e+03,1.764705882352941e+00,48844238
2.638945161090307e+03,2.632656757016674e+03,1.764705882352941e+00,48844239
2.639975035551851e+03,2.632949536890877e+03,1.764705882352941e+00,48844240
2.640709866972660e+03,2.634770903295693e+03,5.882352941176471e-01,48844242
2.640731265437843e+03,2.633943086400396e+03,1.176470588235294e+00,48844241
2.642474572855013e+03,2.636143317681648e+03,5.882352941176471e-01,48844244
2.644239278737366e+03,2.637748352684786e+03,5.882352941176471e-01,48844246
2.644260677202549e+03,2.637650661554818e+03,1.176470588235294e+00,48844245
2.645269153198910e+03,2.635603563428328e+03,1.764705882352941e+00,48844243
2.646003984619719e+03,2.638078391492681e+03,5.882352941176471e-01,48844247
2.646025383084902e+03,2.638167945037930e+03,5.882352941176471e-01,48844248
2.647033859081263e+03,2.638433222968395e+03,5.882352941176471e-01,48844249
2.648798564963616e+03,2.639319689131978e+03,5.882352941176471e-01,48844252
2.649533396384425e+03,2.639084503503525e+03,1.176470588235294e+00,48844250
2.650563270845969e+03,2.640608582519533e+03,5.882352941176471e-01,48844253
2.651298102266778e+03,2.640719767099970e+03,5.882352941176471e-01,48844254
2.651319500731961e+03,2.639313153465580e+03,1.764705882352941e+00,48844251
2.653084206614314e+03,2.644094049421259e+03,5.882352941176471e-01,48844257
2.655857388493028e+03,2.641107264666506e+03,1.764705882352941e+00,48844255
2.656592219913837e+03,2.643707834819886e+03,1.764705882352941e+00,48844256
2.657622094375381e+03,2.646666036917796e+03,5.882352941176471e-01,48844259
2.658356925796190e+03,2.646882218346262e+03,5.882352941176471e-01,48844260
2.658378324261373e+03,2.645115134357538e+03,1.764705882352941e+00,48844258
2.660121631678543e+03,2.650950967253258e+03,5.882352941176471e-01,48844262
2.660143030143725e+03,2.651095971197600e+03,5.882352941176471e-01,48844263
2.661907736026078e+03,2.652942345036418e+03,5.882352941176471e-01,48844265
2.662916212022440e+03,2.650587343341652e+03,1.764705882352941e+00,48844261
2.665415749325602e+03,2.651436884649476e+03,1.764705882352941e+00,48844264
2.665437147790784e+03,2.654204641203399e+03,1.176470588235294e+00,48844266
2.667180455207954e+03,2.654450796716012e+03,5.882352941176471e-01,48844268
2.667201853673137e+03,2.654866897760041e+03,5.882352941176471e-01,48844269
2.668210329669498e+03,2.654376442432628e+03,1.764705882352941e+00,48844267
2.668945161090307e+03,2.655284935972027e+03,5.882352941176471e-01,48844270
2.668966559555490e+03,2.656087650502761e+03,5.882352941176471e-01,48844271
2.670731265437843e+03,2.659170698267054e+03,5.882352941176471e-01,48844274
2.672474572855013e+03,2.658855232630224e+03,1.176470588235294e+00,48844273
2.672495971320196e+03,2.660409673081649e+03,5.882352941176471e-01,48844275
2.673504447316557e+03,2.657866422269163e+03,1.764705882352941e+00,48844272
2.674239278737366e+03,2.661822942971789e+03,5.882352941176471e-01,48844276
2.676003984619719e+03,2.663417527980166e+03,5.882352941176471e-01,48844279
2.676025383084902e+03,2.661906548432918e+03,1.176470588235294e+00,48844277
2.677768690502072e+03,2.663640560943299e+03,5.882352941176471e-01,48844280
2.677790088967255e+03,2.665707041939817e+03,5.882352941176471e-01,48844281
2.678798564963616e+03,2.663149527169329e+03,1.764705882352941e+00,48844278
2.679554794849608e+03,2.667361324869279e+03,5.882352941176471e-01,48844283
2.683062808149131e+03,2.665762422650608e+03,1.764705882352941e+00,48844282
2.683084206614314e+03,2.669036623304291e+03,1.176470588235294e+00,48844285
2.684092682610675e+03,2.667604902085754e+03,1.764705882352941e+00,48844284
2.684848912496667e+03,2.669469218123230e+03,5.882352941176471e-01,48844287
2.685857388493028e+03,2.673013177486652e+03,5.882352941176471e-01,48844288
2.686592219913837e+03,2.669310768732404e+03,1.176470588235294e+00,48844286
2.686613618379020e+03,2.673835184478328e+03,5.882352941176471e-01,48844289
2.687622094375381e+03,2.674858859189545e+03,5.882352941176471e-01,48844290
2.688356925796190e+03,2.680185827350831e+03,5.882352941176471e-01,48844291
2.688378324261373e+03,2.681542713662236e+03,5.882352941176471e-01,48844292
2.690143030143725e+03,2.687219946607978e+03,5.882352941176471e-01,48844295
2.691151506140087e+03,2.682132588238137e+03,1.176470588235294e+00,48844293
2.692916212022440e+03,2.688739536046398e+03,5.882352941176471e-01,48844297
2.693651043443249e+03,2.686395652445061e+03,1.764705882352941e+00,48844294
2.694680917904793e+03,2.688953060046377e+03,5.882352941176471e-01,48844298
2.695415749325602e+03,2.689114549159635e+03,5.882352941176471e-01,48844299
2.695437147790784e+03,2.687573491088655e+03,1.764705882352941e+00,48844296
2.696445623787145e+03,2.689492858329592e+03,5.882352941176471e-01,48844300
2.697180455207954e+03,2.690435848081417e+03,5.882352941176471e-01,48844301
2.697201853673137e+03,2.690466260511425e+03,5.882352941176471e-01,48844302
2.698210329669498e+03,2.690929177857342e+03,5.882352941176471e-01,48844303
2.698966559555490e+03,2.692299518980740e+03,5.882352941176471e-01,48844305
2.699975035551851e+03,2.693264141022714e+03,5.882352941176471e-01,48844306
2.700731265437843e+03,2.694171923522111e+03,5.882352941176471e-01,48844307
2.701739741434204e+03,2.694743391730422e+03,5.882352941176471e-01,48844308
2.702474572855013e+03,2.691430937865976e+03,1.764705882352941e+00,48844304
2.702495971320196e+03,2.695525364118570e+03,5.882352941176471e-01,48844309
2.703504447316557e+03,2.695689181709773e+03,5.882352941176471e-01,48844310
2.704239278737366e+03,2.696572177325348e+03,5.882352941176471e-01,48844311
2.705269153198910e+03,2.703120517037046e+03,5.882352941176471e-01,48844313
2.707790088967255e+03,2.697162596990334e+03,1.764705882352941e+00,48844312
2.710398084504579e+03,2.705103966857520e+03,1.764705882352941e+00,48844314
2.711044553041389e+03,2.709279847159036e+03,5.882352941176471e-01,48844315
2.712834002218997e+03,2.709304590454291e+03,1.176470588235294e+00,48844316
2.714954274384000e+03,2.713189568501647e+03,5.882352941176471e-01,48844318
2.715401552463242e+03,2.713636846580889e+03,5.882352941176471e-01,48844319
2.716131738670156e+03,2.712602326905450e+03,1.176470588235294e+00,48844317
2.717514528729274e+03,2.715749822846921e+03,5.882352941176471e-01,48844320
2.719490946193100e+03,2.715961534428394e+03,1.176470588235294e+00,48844321
2.722236173516055e+03,2.716942055868996e+03,1.764705882352941e+00,48844322
2.722384916385711e+03,2.720620210503358e+03,5.882352941176471e-01,48844324
2.724060856636273e+03,2.718766738989215e+03,1.764705882352941e+00,48844323
2.724149622268063e+03,2.720951979359400e+03,5.882352941176471e-01,48844326
2.727530291163114e+03,2.720805377160678e+03,1.764705882352941e+00,48844325
2.727590268400979e+03,2.721574309599157e+03,1.176470588235294e+00,48844327
2.729354974283332e+03,2.724581378068246e+03,5.882352941176471e-01,48844330
2.729443739915122e+03,2.722025950788514e+03,1.764705882352941e+00,48844328
2.731119680165685e+03,2.724804086765404e+03,5.882352941176471e-01,48844331
2.731208445797475e+03,2.726956706371434e+03,5.882352941176471e-01,48844332
2.732824408810173e+03,2.724486989198296e+03,1.764705882352941e+00,48844329
2.732973151679828e+03,2.728487649062959e+03,5.882352941176471e-01,48844334
2.734589114692526e+03,2.730231958652092e+03,5.882352941176471e-01,48844335
2.736413797812744e+03,2.727290258167060e+03,1.764705882352941e+00,48844333
2.738118526457232e+03,2.733325594496647e+03,1.176470588235294e+00,48844337
2.738267269326887e+03,2.730458452736246e+03,1.764705882352941e+00,48844336
2.740031975209240e+03,2.735148612956038e+03,5.882352941176471e-01,48844340
2.741707915459803e+03,2.734403926670308e+03,1.764705882352941e+00,48844338
2.743412644104290e+03,2.734407958298738e+03,1.764705882352941e+00,48844339
2.745177349986643e+03,2.736409980257282e+03,5.882352941176471e-01,48844343
2.745326092856299e+03,2.735693837507152e+03,1.764705882352941e+00,48844341
2.747002033106862e+03,2.735747604002660e+03,1.764705882352941e+00,48844342
2.748766738989214e+03,2.738814561005584e+03,5.882352941176471e-01,48844346
2.748855504621005e+03,2.738318972892018e+03,1.176470588235294e+00,48844345
2.750471467633702e+03,2.736701561768935e+03,1.764705882352941e+00,48844344
2.752384916385711e+03,2.742664521282969e+03,1.176470588235294e+00,48844348
2.754060856636273e+03,2.739541858388533e+03,1.764705882352941e+00,48844347
2.754149622268063e+03,2.743464157065873e+03,5.882352941176471e-01,48844350
2.755765585280761e+03,2.742731219860368e+03,1.764705882352941e+00,48844349
2.755825562518626e+03,2.743692891444187e+03,5.882352941176471e-01,48844351
2.755914328150416e+03,2.743879799899890e+03,5.882352941176471e-01,48844352
2.757590268400979e+03,2.744797118048123e+03,5.882352941176471e-01,48844354
2.761059702927820e+03,2.744167742028535e+03,1.764705882352941e+00,48844353
2.761208445797475e+03,2.744838050871831e+03,1.764705882352941e+00,48844355
2.762824408810173e+03,2.747408328311136e+03,5.882352941176471e-01,48844357
2.762884386048038e+03,2.745509725855038e+03,1.764705882352941e+00,48844356
2.762973151679828e+03,2.748131326009080e+03,5.882352941176471e-01,48844358
2.764589114692526e+03,2.748164139815474e+03,5.882352941176471e-01,48844359
2.764649091930391e+03,2.748798289930784e+03,5.882352941176471e-01,48844360
2.766413797812744e+03,2.749750444080528e+03,5.882352941176471e-01,48844363
2.768267269326887e+03,2.749060133824596e+03,1.764705882352941e+00,48844361
2.769883232339585e+03,2.749410328684069e+03,1.764705882352941e+00,48844362
2.770031975209240e+03,2.751188990651913e+03,5.882352941176471e-01,48844365
2.771707915459803e+03,2.750187166170452e+03,1.764705882352941e+00,48844364
2.775177349986643e+03,2.751568586882469e+03,1.764705882352941e+00,48844366
2.775326092856299e+03,2.752475179933610e+03,1.764705882352941e+00,48844367
2.776942055868996e+03,2.753589858920228e+03,5.882352941176471e-01,48844369
2.777002033106862e+03,2.752631858143629e+03,1.764705882352941e+00,48844368
2.777090798738652e+03,2.753678224573920e+03,5.882352941176471e-01,48844370
2.778706761751349e+03,2.753709437731340e+03,5.882352941176471e-01,48844371
2.778766738989214e+03,2.754767205412238e+03,5.882352941176471e-01,48844372
2.780471467633702e+03,2.758725706929066e+03,5.882352941176471e-01,48844374
2.780531444871567e+03,2.759253362303130e+03,5.882352941176471e-01,48844375
2.780620210503358e+03,2.754793714864027e+03,1.176470588235294e+00,48844373
2.782236173516055e+03,2.760347844469026e+03,5.882352941176471e-01,48844376
2.782384916385711e+03,2.763693838619006e+03,5.882352941176471e-01,48844378
2.784000879398408e+03,2.767086708124551e+03,5.882352941176471e-01,48844379
2.785765585280761e+03,2.769088278279979e+03,5.882352941176471e-01,48844381
2.785825562518626e+03,2.763380802982129e+03,1.764705882352941e+00,48844377
2.787679034032769e+03,2.767533304335714e+03,1.764705882352941e+00,48844380
2.789443739915122e+03,2.774065039879566e+03,5.882352941176471e-01,48844384
2.791059702927820e+03,2.770757007865923e+03,1.764705882352941e+00,48844382
2.791119680165685e+03,2.771968345346805e+03,1.764705882352941e+00,48844383
2.791208445797475e+03,2.774374025739064e+03,5.882352941176471e-01,48844385
2.792884386048038e+03,2.775538460625668e+03,5.882352941176471e-01,48844387
2.794589114692526e+03,2.774736520359624e+03,1.176470588235294e+00,48844386
2.794649091930391e+03,2.777456563254780e+03,5.882352941176471e-01,48844389
2.796353820574879e+03,2.777733456952987e+03,5.882352941176471e-01,48844390
2.796502563444534e+03,2.777138430590620e+03,1.764705882352941e+00,48844388
2.798118526457232e+03,2.778048871235850e+03,5.882352941176471e-01,48844392
2.799883232339585e+03,2.781752694208486e+03,5.882352941176471e-01,48844394
2.799943209577450e+03,2.777983218081999e+03,1.764705882352941e+00,48844391
2.801647938221937e+03,2.781985091224023e+03,5.882352941176471e-01,48844395
2.801796681091593e+03,2.778829482375027e+03,1.764705882352941e+00,48844393
2.803412644104290e+03,2.783792721278895e+03,5.882352941176471e-01,48844397
2.803561386973946e+03,2.783859494044180e+03,5.882352941176471e-01,48844398
2.805177349986643e+03,2.783995313812809e+03,5.882352941176471e-01,48844399
2.805237327224509e+03,2.783304406968392e+03,1.764705882352941e+00,48844396
2.805326092856299e+03,2.787910371278338e+03,5.882352941176471e-01,48844400
2.806942055868996e+03,2.787980890042666e+03,5.882352941176471e-01,48844401
2.807002033106862e+03,2.788170263857777e+03,5.882352941176471e-01,48844402
2.807090798738652e+03,2.788925484370797e+03,5.882352941176471e-01,48844403
2.812236173516055e+03,2.788962851188037e+03,1.764705882352941e+00,48844404
2.812296150753920e+03,2.789804191824899e+03,1.764705882352941e+00,48844405
2.812384916385711e+03,2.790160041880784e+03,1.764705882352941e+00,48844406
2.814149622268063e+03,2.793236063570793e+03,5.882352941176471e-01,48844409
2.815914328150416e+03,2.793494037020053e+03,5.882352941176471e-01,48844410
2.817530291163114e+03,2.791721593968156e+03,1.764705882352941e+00,48844407
2.817590268400979e+03,2.792189363492595e+03,1.764705882352941e+00,48844408
2.817679034032769e+03,2.795048259075603e+03,5.882352941176471e-01,48844411
2.819294997045467e+03,2.795595557879133e+03,5.882352941176471e-01,48844412
2.819443739915122e+03,2.798052888401302e+03,5.882352941176471e-01,48844414
2.821059702927820e+03,2.798868424573315e+03,5.882352941176471e-01,48844415
2.822824408810173e+03,2.799969234550481e+03,5.882352941176471e-01,48844417
2.822884386048038e+03,2.797394343432877e+03,1.764705882352941e+00,48844413
2.824589114692526e+03,2.800667870975596e+03,5.882352941176471e-01,48844418
2.824737857562181e+03,2.799016559764107e+03,1.764705882352941e+00,48844416
2.828118526457232e+03,2.803407040965677e+03,1.176470588235294e+00,48844420
2.828178503695097e+03,2.802634451901583e+03,1.764705882352941e+00,48844419
2.828267269326887e+03,2.803728964789557e+03,1.176470588235294e+00,48844421
2.829883232339585e+03,2.804165876421894e+03,5.882352941176471e-01,48844422
2.831707915459803e+03,2.805202458761145e+03,1.176470588235294e+00,48844423
2.833472621342156e+03,2.806524152677012e+03,5.882352941176471e-01,48844426
2.833561386973946e+03,2.805864002637626e+03,1.764705882352941e+00,48844424
2.835177349986643e+03,2.806256486432243e+03,1.764705882352941e+00,48844425
2.835326092856299e+03,2.807588089324627e+03,5.882352941176471e-01,48844428
2.836942055868996e+03,2.808001792074421e+03,5.882352941176471e-01,48844429
2.837002033106862e+03,2.806793877357733e+03,1.176470588235294e+00,48844427
2.838766738989215e+03,2.813875279362200e+03,5.882352941176471e-01,48844432
2.840620210503358e+03,2.808035451882938e+03,1.764705882352941e+00,48844430
2.842236173516055e+03,2.808137873676742e+03,1.764705882352941e+00,48844431
2.842384916385711e+03,2.818411470460431e+03,5.882352941176471e-01,48844434
2.844000879398408e+03,2.822969541257750e+03,5.882352941176471e-01,48844435
2.844060856636273e+03,2.816125542084850e+03,1.764705882352941e+00,48844433
2.844149622268063e+03,2.823123096563794e+03,5.882352941176471e-01,48844436
2.845765585280761e+03,2.823964754947537e+03,5.882352941176471e-01,48844437
2.849354974283332e+03,2.824248349350431e+03,1.764705882352941e+00,48844438
2.849443739915122e+03,2.825250460712515e+03,1.764705882352941e+00,48844439
2.851059702927820e+03,2.826005468972109e+03,1.764705882352941e+00,48844440
2.851208445797475e+03,2.829035681271630e+03,5.882352941176471e-01,48844442
2.852824408810173e+03,2.830197452119334e+03,5.882352941176471e-01,48844443
2.854589114692526e+03,2.835988557208979e+03,5.882352941176471e-01,48844445
2.854649091930391e+03,2.827683746597234e+03,1.764705882352941e+00,48844441
2.856502563444534e+03,2.830318364132196e+03,1.764705882352941e+00,48844444
2.858267269326887e+03,2.841458766704705e+03,5.882352941176471e-01,48844448
2.859883232339585e+03,2.837296625713437e+03,1.764705882352941e+00,48844446
2.859943209577450e+03,2.838513600924204e+03,1.764705882352941e+00,48844447
2.861796681091593e+03,2.842917585588215e+03,1.176470588235294e+00,48844449
2.863561386973946e+03,2.845767435375401e+03,5.882352941176471e-01,48844452
2.865177349986643e+03,2.844879561595012e+03,1.764705882352941e+00,48844450
2.865237327224509e+03,2.845745188589409e+03,1.764705882352941e+00,48844451
2.866942055868996e+03,2.848079221268873e+03,5.882352941176471e-01,48844454
2.868855504621005e+03,2.846978076475518e+03,1.764705882352941e+00,48844453
2.870531444871567e+03,2.849882864107966e+03,1.764705882352941e+00,48844455
2.872236173516055e+03,2.850197650049241e+03,1.764705882352941e+00,48844456
2.874149622268063e+03,2.851315184799487e+03,1.764705882352941e+00,48844457
2.875825562518626e+03,2.851610391338377e+03,1.764705882352941e+00,48844458
2.875914328150416e+03,2.855430377611121e+03,5.882352941176471e-01,48844460
2.877530291163114e+03,2.855300030259109e+03,1.764705882352941e+00,48844459
2.877679034032769e+03,2.856129730520880e+03,5.882352941176471e-01,48844462
2.879443739915122e+03,2.858405764023606e+03,5.882352941176471e-01,48844464
2.881119680165685e+03,2.855806967889816e+03,1.764705882352941e+00,48844461
2.881208445797475e+03,2.858942994359113e+03,5.882352941176471e-01,48844465
2.882824408810173e+03,2.856202580176832e+03,1.764705882352941e+00,48844463
2.882884386048038e+03,2.859641653048612e+03,5.882352941176471e-01,48844466
2.882973151679828e+03,2.859659234255628e+03,5.882352941176471e-01,48844467
2.884737857562181e+03,2.864768728600563e+03,5.882352941176471e-01,48844470
2.886502563444534e+03,2.865606658614461e+03,5.882352941176471e-01,48844471
2.888118526457232e+03,2.863747336756042e+03,1.764705882352941e+00,48844468
2.888178503695097e+03,2.864295625301690e+03,1.764705882352941e+00,48844469
2.888267269326887e+03,2.867379532357092e+03,5.882352941176471e-01,48844472
2.889883232339585e+03,2.868250449933236e+03,5.882352941176471e-01,48844473
2.889943209577450e+03,2.869285298891477e+03,5.882352941176471e-01,48844474
2.890031975209240e+03,2.869390613577102e+03,5.882352941176471e-01,48844475
2.891647938221937e+03,2.870550605086838e+03,5.882352941176471e-01,48844476
2.891707915459803e+03,2.873042475553968e+03,5.882352941176471e-01,48844477
2.891796681091593e+03,2.874395821705160e+03,5.882352941176471e-01,48844478
2.893472621342156e+03,2.876262390841950e+03,5.882352941176471e-01,48844480
2.895237327224509e+03,2.878129459478657e+03,5.882352941176471e-01,48844482
2.896942055868996e+03,2.874705660694422e+03,1.764705882352941e+00,48844479
2.897090798738652e+03,2.877213206769601e+03,1.764705882352941e+00,48844481
2.898706761751349e+03,2.879306238965071e+03,5.882352941176471e-01,48844484
2.898766738989214e+03,2.878475297199162e+03,1.176470588235294e+00,48844483
2.898855504621005e+03,2.879416416282553e+03,5.882352941176471e-01,48844485
2.900471467633702e+03,2.879990870118744e+03,5.882352941176471e-01,48844486
2.900531444871567e+03,2.884481514393247e+03,5.882352941176471e-01,48844487
2.900620210503358e+03,2.884879092966832e+03,5.882352941176471e-01,48844488
2.904000879398408e+03,2.885480979794197e+03,1.176470588235294e+00,48844489
2.905765585280761e+03,2.887037938350648e+03,5.882352941176471e-01,48844492
2.905825562518626e+03,2.886173379982216e+03,1.764705882352941e+00,48844490
2.905914328150416e+03,2.886715127731394e+03,1.764705882352941e+00,48844491
2.907530291163114e+03,2.888720625980089e+03,5.882352941176471e-01,48844493
2.907590268400979e+03,2.888919950002293e+03,5.882352941176471e-01,48844494
2.909354974283332e+03,2.891762064430187e+03,5.882352941176471e-01,48844497
2.911119680165685e+03,2.891844070762869e+03,5.882352941176471e-01,48844498
2.911208445797475e+03,2.890008534594255e+03,1.764705882352941e+00,48844495
2.912824408810173e+03,2.891587340962016e+03,1.764705882352941e+00,48844496
2.912884386048038e+03,2.892794720110739e+03,5.882352941176471e-01,48844499
2.914589114692526e+03,2.894148361931633e+03,5.882352941176471e-01,48844501
2.914737857562181e+03,2.893534995418355e+03,1.176470588235294e+00,48844500
2.916353820574879e+03,2.897700961688122e+03,5.882352941176471e-01,48844503
2.916413797812744e+03,2.896412142332393e+03,1.176470588235294e+00,48844502
2.918118526457232e+03,2.901411556413505e+03,5.882352941176471e-01,48844505
2.919883232339585e+03,2.903879995075974e+03,5.882352941176471e-01,48844507
2.920031975209240e+03,2.899265256958225e+03,1.764705882352941e+00,48844504
2.921647938221937e+03,2.906595822749183e+03,5.882352941176471e-01,48844508
2.921707915459803e+03,2.903714634557509e+03,1.764705882352941e+00,48844506
2.921796681091593e+03,2.907156300251293e+03,5.882352941176471e-01,48844509
2.926942055868996e+03,2.909431835361873e+03,1.764705882352941e+00,48844510
2.927002033106862e+03,2.909495981149410e+03,1.764705882352941e+00,48844511
2.927090798738652e+03,2.910117156406936e+03,1.764705882352941e+00,48844512
2.928706761751349e+03,2.910642934142191e+03,5.882352941176471e-01,48844513
2.928766738989214e+03,2.910676288736101e+03,5.882352941176471e-01,48844514
2.930531444871567e+03,2.913835183711041e+03,5.882352941176471e-01,48844517
2.932236173516055e+03,2.911437829348458e+03,1.176470588235294e+00,48844516
2.932296150753920e+03,2.915229002899718e+03,5.882352941176471e-01,48844518
2.932384916385711e+03,2.911424079217048e+03,1.764705882352941e+00,48844515
2.934149622268063e+03,2.918981891263626e+03,5.882352941176471e-01,48844521
2.935914328150416e+03,2.919431799595345e+03,5.882352941176471e-01,48844522
2.937530291163114e+03,2.917403906527711e+03,1.764705882352941e+00,48844519
2.937590268400979e+03,2.918221355401549e+03,1.764705882352941e+00,48844520
2.937679034032769e+03,2.920165224315798e+03,5.882352941176471e-01,48844523
2.939294997045467e+03,2.921022040487522e+03,5.882352941176471e-01,48844524
2.939354974283332e+03,2.921389129136895e+03,5.882352941176471e-01,48844525
2.939443739915122e+03,2.923027787983823e+03,5.882352941176471e-01,48844526
2.941059702927820e+03,2.925811911318202e+03,5.882352941176471e-01,48844527
2.941119680165685e+03,2.930647763450849e+03,5.882352941176471e-01,48844528
2.942824408810173e+03,2.931226422887683e+03,5.882352941176471e-01,48844530
2.944589114692526e+03,2.934120546381668e+03,5.882352941176471e-01,48844532
2.944737857562181e+03,2.930874932763755e+03,1.764705882352941e+00,48844529
2.946413797812744e+03,2.931846065232724e+03,1.764705882352941e+00,48844531
2.946502563444534e+03,2.937230641145511e+03,5.882352941176471e-01,48844534
2.948178503695097e+03,2.937438719638132e+03,5.882352941176471e-01,48844535
2.948267269326887e+03,2.939802363822961e+03,5.882352941176471e-01,48844536
2.949883232339585e+03,2.934535787699793e+03,1.764705882352941e+00,48844533
2.949943209577450e+03,2.940570277148233e+03,5.882352941176471e-01,48844537
2.951647938221937e+03,2.941430614369042e+03,5.882352941176471e-01,48844539
2.951707915459803e+03,2.941660666790661e+03,5.882352941176471e-01,48844540
2.951796681091593e+03,2.940672325002300e+03,1.176470588235294e+00,48844538
2.956942055868996e+03,2.943734534617211e+03,1.764705882352941e+00,48844541
2.957002033106862e+03,2.945429671188485e+03,1.764705882352941e+00,48844542
2.957090798738652e+03,2.945655495788446e+03,1.764705882352941e+00,48844543
2.958706761751349e+03,2.945863289793505e+03,5.882352941176471e-01,48844544
2.962296150753920e+03,2.946399918744636e+03,1.764705882352941e+00,48844545
2.962384916385711e+03,2.947613985462885e+03,1.764705882352941e+00,48844546
2.964000879398408e+03,2.948010590496051e+03,1.764705882352941e+00,48844547
2.964060856636273e+03,2.948881242265631e+03,5.882352941176471e-01,48844548
2.965765585280761e+03,2.950778605221297e+03,5.882352941176471e-01,48844550
2.967530291163114e+03,2.953603693585539e+03,5.882352941176471e-01,48844552
2.967590268400979e+03,2.952495937562103e+03,1.176470588235294e+00,48844551
2.967679034032769e+03,2.950102916494981e+03,1.764705882352941e+00,48844549
2.969443739915122e+03,2.954729098615112e+03,5.882352941176471e-01,48844555
2.972824408810173e+03,2.953907169817068e+03,1.764705882352941e+00,48844553
2.972884386048038e+03,2.954466189461958e+03,1.764705882352941e+00,48844554
2.972973151679828e+03,2.955937363053849e+03,1.176470588235294e+00,48844556
2.974589114692526e+03,2.956260415385931e+03,5.882352941176471e-01,48844557
2.974649091930391e+03,2.957426729789390e+03,5.882352941176471e-01,48844558
2.976353820574879e+03,2.958706733023967e+03,5.882352941176471e-01,48844560
2.976413797812744e+03,2.959195623146620e+03,5.882352941176471e-01,48844561
2.976502563444534e+03,2.958020897042818e+03,1.176470588235294e+00,48844559
2.978267269326887e+03,2.960616022317454e+03,5.882352941176471e-01,48844564
2.980031975209240e+03,2.961277020669539e+03,5.882352941176471e-01,48844565
2.981647938221937e+03,2.959496909187676e+03,1.764705882352941e+00,48844562
2.981707915459803e+03,2.959951264854425e+03,1.764705882352941e+00,48844563
2.983412644104290e+03,2.963960427783440e+03,5.882352941176471e-01,48844567
2.983472621342156e+03,2.965745964359395e+03,5.882352941176471e-01,48844568
2.985237327224509e+03,2.966640692801200e+03,5.882352941176471e-01,48844570
2.985326092856299e+03,2.962355727178116e+03,1.764705882352941e+00,48844566
2.987090798738652e+03,2.971918832588017e+03,5.882352941176471e-01,48844572
2.988706761751349e+03,2.965909675353615e+03,1.764705882352941e+00,48844569
2.990471467633702e+03,2.977891102850583e+03,5.882352941176471e-01,48844574
2.990531444871567e+03,2.970397350294948e+03,1.764705882352941e+00,48844571
2.992236173516055e+03,2.979350919225239e+03,5.882352941176471e-01,48844575
2.992296150753920e+03,2.980009926316598e+03,5.882352941176471e-01,48844576
2.992384916385711e+03,2.971977599362634e+03,1.764705882352941e+00,48844573
2.997530291163114e+03,2.980568985455160e+03,1.764705882352941e+00,48844577
2.997590268400979e+03,2.981564446816234e+03,1.764705882352941e+00,48844578
2.997679034032769e+03,2.982269953540280e+03,1.764705882352941e+00,48844579
2.999443739915122e+03,2.984548382915537e+03,5.882352941176471e-01,48844582
3.001208445797475e+03,2.985869927584636e+03,5.882352941176471e-01,48844583
3.002824408810173e+03,2.984374564406051e+03,1.764705882352941e+00,48844580
3.002884386048038e+03,2.984393798592599e+03,1.764705882352941e+00,48844581
3.004589114692526e+03,2.988242396839642e+03,5.882352941176471e-01,48844585
3.004649091930391e+03,2.989372247618004e+03,5.882352941176471e-01,48844586
3.004737857562181e+03,2.986546762591462e+03,1.176470588235294e+00,48844584
3.006353820574879e+03,2.991400690294744e+03,5.882352941176471e-01,48844587
3.006413797812744e+03,2.991450154833599e+03,5.882352941176471e-01,48844588
3.008118526457232e+03,2.995193142950091e+03,5.882352941176471e-01,48844590
3.008178503695097e+03,2.997378376447076e+03,5.882352941176471e-01,48844591
3.009883232339585e+03,3.000513910822224e+03,5.882352941176471e-01,48844592
3.010031975209240e+03,2.995001951693098e+03,1.764705882352941e+00,48844589
3.011647938221937e+03,3.000940339092298e+03,5.882352941176471e-01,48844594
3.013412644104290e+03,3.004157741462914e+03,5.882352941176471e-01,48844596
3.013472621342156e+03,3.000856003625085e+03,1.764705882352941e+00,48844593
3.015177349986643e+03,3.004697702414224e+03,5.882352941176471e-01,48844597
3.015237327224509e+03,3.005388798200107e+03,5.882352941176471e-01,48844598
3.015326092856299e+03,3.002183734891135e+03,1.764705882352941e+00,48844595
3.016942055868996e+03,3.006415472494255e+03,5.882352941176471e-01,48844599
3.017002033106862e+03,3.006624426283638e+03,5.882352941176471e-01,48844600
3.018766738989214e+03,3.009433043849761e+03,5.882352941176471e-01,48844603
3.020531444871567e+03,3.010184555955651e+03,5.882352941176471e-01,48844604
3.020620210503358e+03,3.008914480785436e+03,1.764705882352941e+00,48844601
3.022236173516055e+03,3.009259584314087e+03,1.764705882352941e+00,48844602
3.022296150753920e+03,3.010698787427855e+03,5.882352941176471e-01,48844605
3.024060856636273e+03,3.012829415546390e+03,5.882352941176471e-01,48844608
3.025825562518626e+03,3.013120029624091e+03,5.882352941176471e-01,48844609
3.025914328150416e+03,3.010726181266639e+03,1.764705882352941e+00,48844606
3.027530291163114e+03,3.012138975333861e+03,1.764705882352941e+00,48844607
3.029294997045467e+03,3.014488790048378e+03,5.882352941176471e-01,48844612
3.029443739915122e+03,3.013965929875403e+03,1.176470588235294e+00,48844611
3.031059702927820e+03,3.014901222165237e+03,5.882352941176471e-01,48844613
3.031119680165685e+03,3.013297755406415e+03,1.764705882352941e+00,48844610
3.032973151679828e+03,3.015997029252291e+03,1.176470588235294e+00,48844614
3.036353820574879e+03,3.016455435876991e+03,1.764705882352941e+00,48844615
3.036413797812744e+03,3.016646125400200e+03,1.764705882352941e+00,48844616
3.036502563444534e+03,3.018212856673365e+03,1.176470588235294e+00,48844617
3.038178503695097e+03,3.020962576641589e+03,5.882352941176471e-01,48844619
3.039943209577450e+03,3.023391041248540e+03,5.882352941176471e-01,48844621
3.041647938221937e+03,3.018825363847094e+03,1.764705882352941e+00,48844618
3.041707915459803e+03,3.028586571669251e+03,5.882352941176471e-01,48844622
3.041796681091593e+03,3.022789126675787e+03,1.764705882352941e+00,48844620
3.043412644104290e+03,3.028709383464078e+03,5.882352941176471e-01,48844623
3.043472621342156e+03,3.032193734931845e+03,5.882352941176471e-01,48844624
3.043561386973946e+03,3.034372342986040e+03,5.882352941176471e-01,48844625
3.045326092856299e+03,3.036772185227177e+03,5.882352941176471e-01,48844628
3.047090798738652e+03,3.037197163716083e+03,5.882352941176471e-01,48844629
3.048706761751349e+03,3.035861517027645e+03,1.764705882352941e+00,48844626
3.048766738989214e+03,3.036141742586645e+03,1.764705882352941e+00,48844627
3.050531444871567e+03,3.038658574784601e+03,5.882352941176471e-01,48844632
3.052296150753920e+03,3.040063279768103e+03,5.882352941176471e-01,48844633
3.052384916385711e+03,3.037593709896464e+03,1.764705882352941e+00,48844630
3.054000879398408e+03,3.038280186170614e+03,1.764705882352941e+00,48844631
3.054060856636273e+03,3.043045326770972e+03,5.882352941176471e-01,48844634
3.055765585280761e+03,3.045427444983319e+03,5.882352941176471e-01,48844636
3.055825562518626e+03,3.046125499938366e+03,5.882352941176471e-01,48844637
3.057679034032769e+03,3.044443488675010e+03,1.764705882352941e+00,48844635
3.059443739915122e+03,3.050604756615962e+03,5.882352941176471e-01,48844640
3.061059702927820e+03,3.046866397136610e+03,1.764705882352941e+00,48844638
3.061119680165685e+03,3.048513160677188e+03,1.764705882352941e+00,48844639
3.061208445797475e+03,3.051758585373516e+03,5.882352941176471e-01,48844641
3.062824408810173e+03,3.052531845426008e+03,5.882352941176471e-01,48844642
3.062884386048038e+03,3.052740329902537e+03,5.882352941176471e-01,48844643
3.064589114692526e+03,3.054961338063842e+03,5.882352941176471e-01,48844645
3.066353820574879e+03,3.056524096393493e+03,5.882352941176471e-01,48844647
3.066502563444534e+03,3.054306294796319e+03,1.764705882352941e+00,48844644
3.068118526457232e+03,3.057796042317506e+03,5.882352941176471e-01,48844648
3.068178503695097e+03,3.055324219259433e+03,1.764705882352941e+00,48844646
3.068267269326887e+03,3.058354563103266e+03,5.882352941176471e-01,48844649
3.069943209577450e+03,3.058914361117692e+03,5.882352941176471e-01,48844651
3.070031975209240e+03,3.059145124261327e+03,5.882352941176471e-01,48844652
3.071707915459803e+03,3.061584654973074e+03,5.882352941176471e-01,48844653
3.071796681091593e+03,3.062833949110643e+03,5.882352941176471e-01,48844654
3.073412644104290e+03,3.058875072344660e+03,1.764705882352941e+00,48844650
3.073472621342156e+03,3.062954346838393e+03,5.882352941176471e-01,48844655
3.073561386973946e+03,3.063126817592515e+03,5.882352941176471e-01,48844656
3.075237327224509e+03,3.065041740448900e+03,5.882352941176471e-01,48844658
3.075326092856299e+03,3.066083782156825e+03,5.882352941176471e-01,48844659
3.077002033106862e+03,3.066777503151372e+03,5.882352941176471e-01,48844660
3.078706761751349e+03,3.063614829065251e+03,1.764705882352941e+00,48844657
3.078766738989214e+03,3.069360813458106e+03,5.882352941176471e-01,48844662
3.080471467633702e+03,3.070517770740116e+03,5.882352941176471e-01,48844663
3.080531444871567e+03,3.071053291844775e+03,5.882352941176471e-01,48844664
3.080620210503358e+03,3.066778220058749e+03,1.764705882352941e+00,48844661
3.082236173516055e+03,3.071525696682968e+03,5.882352941176471e-01,48844665
3.082296150753920e+03,3.072604545662959e+03,5.882352941176471e-01,48844666
3.082384916385711e+03,3.072895711536175e+03,5.882352941176471e-01,48844667
3.084000879398408e+03,3.074687950945159e+03,5.882352941176471e-01,48844668
3.084060856636273e+03,3.075087811992205e+03,5.882352941176471e-01,48844669
3.084149622268063e+03,3.075380797062221e+03,5.882352941176471e-01,48844670
3.085914328150416e+03,3.082432901278412e+03,5.882352941176471e-01,48844673
3.087679034032769e+03,3.082573775402273e+03,5.882352941176471e-01,48844674
3.089294997045467e+03,3.078156041469611e+03,1.764705882352941e+00,48844671
3.089354974283332e+03,3.080566958755813e+03,1.764705882352941e+00,48844672
3.089443739915122e+03,3.085684890811545e+03,5.882352941176471e-01,48844675
3.091059702927820e+03,3.087285833934023e+03,5.882352941176471e-01,48844676
3.094649091930391e+03,3.087805077695887e+03,1.764705882352941e+00,48844677
3.094737857562181e+03,3.088037780477087e+03,1.764705882352941e+00,48844678
3.096353820574879e+03,3.089297974138503e+03,1.764705882352941e+00,48844679
3.096413797812744e+03,3.091322957497697e+03,5.882352941176471e-01,48844680
3.096502563444534e+03,3.091741206158728e+03,5.882352941176471e-01,48844681
3.101563003533791e+03,3.099798297651438e+03,5.882352941176471e-01,48844683
3.101647938221937e+03,3.092174110593720e+03,1.764705882352941e+00,48844682
3.103698003959011e+03,3.101933298076658e+03,5.882352941176471e-01,48844685
3.103898416926510e+03,3.102133711044157e+03,5.882352941176471e-01,48844686
3.105462709841364e+03,3.103051100187931e+03,5.882352941176471e-01,48844687
3.105475386951487e+03,3.100181269304428e+03,1.764705882352941e+00,48844684
3.105663122808863e+03,3.103409834081522e+03,5.882352941176471e-01,48844688
3.107227415723717e+03,3.103649564211580e+03,5.882352941176471e-01,48844689
3.109192534573569e+03,3.105652822764687e+03,1.176470588235294e+00,48844691
3.110769504598546e+03,3.104600446133454e+03,1.764705882352941e+00,48844690
3.112521533370776e+03,3.105748887875015e+03,1.764705882352941e+00,48844692
3.112534210480898e+03,3.105820381379382e+03,5.882352941176471e-01,48844694
3.114298916363251e+03,3.106357393552380e+03,5.882352941176471e-01,48844696
3.114486652220628e+03,3.105758454283738e+03,1.764705882352941e+00,48844693
3.116063622245604e+03,3.108327110077050e+03,5.882352941176471e-01,48844697
3.117815651017834e+03,3.106352660521610e+03,1.764705882352941e+00,48844695
3.117828328127957e+03,3.114372530399959e+03,5.882352941176471e-01,48844699
3.119580356900187e+03,3.116073744178094e+03,5.882352941176471e-01,48844700
3.119780769867686e+03,3.109534261454360e+03,1.764705882352941e+00,48844698
3.121545475750039e+03,3.117363750335831e+03,5.882352941176471e-01,48844703
3.123122445775016e+03,3.116419040750634e+03,1.764705882352941e+00,48844701
3.123310181632392e+03,3.119276386954748e+03,5.882352941176471e-01,48844704
3.124874474547246e+03,3.117041916196972e+03,1.764705882352941e+00,48844702
3.124887151657369e+03,3.120997980555620e+03,5.882352941176471e-01,48844705
3.126639180429599e+03,3.121802471113048e+03,5.882352941176471e-01,48844707
3.126651857539722e+03,3.122730316910140e+03,5.882352941176471e-01,48844708
3.128403886311952e+03,3.123059938884799e+03,5.882352941176471e-01,48844709
3.128416563422075e+03,3.124036628485575e+03,5.882352941176471e-01,48844710
3.128604299279451e+03,3.121246996899001e+03,1.764705882352941e+00,48844706
3.130168592194305e+03,3.124339461457668e+03,5.882352941176471e-01,48844711
3.130181269304428e+03,3.124778800844875e+03,5.882352941176471e-01,48844712
3.131933298076658e+03,3.127380856693694e+03,5.882352941176471e-01,48844714
3.133898416926510e+03,3.125029065800505e+03,1.764705882352941e+00,48844713
3.135475386951487e+03,3.128333794665481e+03,1.764705882352941e+00,48844715
3.135663122808863e+03,3.130611729021678e+03,5.882352941176471e-01,48844717
3.137227415723717e+03,3.129231866209057e+03,1.764705882352941e+00,48844716
3.137240092833840e+03,3.131198135240138e+03,5.882352941176471e-01,48844718
3.137427828691216e+03,3.132978388297054e+03,5.882352941176471e-01,48844719
3.138992121606070e+03,3.133231305583605e+03,5.882352941176471e-01,48844720
3.140102349543198e+03,3.138337643660845e+03,5.882352941176471e-01,48844722
3.142534210480898e+03,3.134300162881184e+03,1.764705882352941e+00,48844721
3.144444318562147e+03,3.140914906797441e+03,1.176470588235294e+00,48844724
3.144461891478377e+03,3.142697185596024e+03,5.882352941176471e-01,48844725
3.145159245040252e+03,3.139865127393193e+03,1.764705882352941e+00,48844723
3.146209024444500e+03,3.143419173856178e+03,5.882352941176471e-01,48844726
3.147991303243083e+03,3.143519148791006e+03,1.176470588235294e+00,48844727
3.150393718621195e+03,3.146864306856489e+03,1.176470588235294e+00,48844728
3.150943210214166e+03,3.147413798449460e+03,1.176470588235294e+00,48844729
3.152869024097722e+03,3.151104318215369e+03,5.882352941176471e-01,48844731
3.153026790008428e+03,3.151262084126075e+03,5.882352941176471e-01,48844732
3.153738497723578e+03,3.148444380076520e+03,1.764705882352941e+00,48844730
3.154633729980075e+03,3.152000982863929e+03,5.882352941176471e-01,48844733
3.158742609868485e+03,3.153448492221426e+03,1.764705882352941e+00,48844734
3.159751173703649e+03,3.156221761938943e+03,1.176470588235294e+00,48844736
3.160507315750838e+03,3.156670339040679e+03,5.882352941176471e-01,48844737
3.160886722526444e+03,3.155592604879385e+03,1.764705882352941e+00,48844735
3.161515879586002e+03,3.157439351483525e+03,5.882352941176471e-01,48844738
3.164036727515544e+03,3.158897385090252e+03,1.176470588235294e+00,48844739
3.167344766335207e+03,3.162050648688148e+03,1.764705882352941e+00,48844740
3.170547154488948e+03,3.168782448606595e+03,5.882352941176471e-01,48844743
3.171510221791446e+03,3.167980810026740e+03,1.176470588235294e+00,48844741
3.171705469473282e+03,3.168176057708576e+03,1.176470588235294e+00,48844742
3.172311860371301e+03,3.168990403191621e+03,5.882352941176471e-01,48844744
3.173274927673799e+03,3.169069722574271e+03,5.882352941176471e-01,48844745
3.173470175355635e+03,3.170225922043367e+03,5.882352941176471e-01,48844746
3.177605978018360e+03,3.171329366655842e+03,1.764705882352941e+00,48844747
3.178569045320858e+03,3.172872473743794e+03,1.764705882352941e+00,48844748
3.179835770425666e+03,3.174541652778607e+03,1.764705882352941e+00,48844749
3.180333751203211e+03,3.176871033484064e+03,5.882352941176471e-01,48844751
3.181135389783066e+03,3.175476693959344e+03,1.176470588235294e+00,48844750
3.181600476308019e+03,3.178465918299586e+03,5.882352941176471e-01,48844752
3.183204029384259e+03,3.181439323501906e+03,5.882352941176471e-01,48844753
3.183486625876180e+03,3.181721919993827e+03,5.882352941176471e-01,48844754
3.187292496267046e+03,3.181998378619987e+03,1.764705882352941e+00,48844755
3.187909700923449e+03,3.186144995041096e+03,5.882352941176471e-01,48844757
3.190409887693479e+03,3.185115770046421e+03,1.764705882352941e+00,48844756
3.192331807943122e+03,3.190567102060769e+03,5.882352941176471e-01,48844758
3.194415520596010e+03,3.192650814713657e+03,5.882352941176471e-01,48844759
3.198507562399747e+03,3.196742856517394e+03,5.882352941176471e-01,48844760
3.198552865788630e+03,3.196788159906277e+03,5.882352941176471e-01,48844761
3.198644070296566e+03,3.196879364414213e+03,5.882352941176471e-01,48844762
3.200272268282100e+03,3.197319315264235e+03,5.882352941176471e-01,48844763
3.200317571670983e+03,3.197480375024580e+03,5.882352941176471e-01,48844764
3.202744897211574e+03,3.200980191329221e+03,5.882352941176471e-01,48844765
3.205624429628156e+03,3.203859723745803e+03,5.882352941176471e-01,48844766
3.206345927409245e+03,3.204581221526892e+03,5.882352941176471e-01,48844767
3.206733217399246e+03,3.204968511516893e+03,5.882352941176471e-01,48844768
3.208844919564242e+03,3.207080213681889e+03,5.882352941176471e-01,48844770
3.209116855593673e+03,3.207352149711321e+03,5.882352941176471e-01,48844771
3.210966428024864e+03,3.209201722142511e+03,5.882352941176471e-01,48844772
3.211016704466062e+03,3.205722586819003e+03,1.764705882352941e+00,48844769
3.212731133907217e+03,3.209697860619996e+03,5.882352941176471e-01,48844774
3.214495839789570e+03,3.212052503370660e+03,5.882352941176471e-01,48844776
3.214692924472769e+03,3.209398806825710e+03,1.764705882352941e+00,48844773
3.216457630355122e+03,3.213278685232195e+03,5.882352941176471e-01,48844778
3.216780718610076e+03,3.211486600963017e+03,1.764705882352941e+00,48844775
3.218025251554276e+03,3.212857246408017e+03,1.176470588235294e+00,48844777
3.218222336237475e+03,3.213350464744811e+03,5.882352941176471e-01,48844779
3.219789957436629e+03,3.214888233813519e+03,5.882352941176471e-01,48844781
3.220310130374782e+03,3.214487476775598e+03,1.176470588235294e+00,48844780
3.222074836257135e+03,3.216431546583170e+03,5.882352941176471e-01,48844784
3.223319369201335e+03,3.215713132208822e+03,1.176470588235294e+00,48844783
3.223516453884534e+03,3.215693839169184e+03,1.764705882352941e+00,48844782
3.223839542139487e+03,3.216841462614989e+03,5.882352941176471e-01,48844785
3.225084075083688e+03,3.217998923114508e+03,5.882352941176471e-01,48844786
3.225281159766887e+03,3.218939691548658e+03,5.882352941176471e-01,48844787
3.225604248021840e+03,3.220032530148251e+03,5.882352941176471e-01,48844788
3.227045865649240e+03,3.225124265510774e+03,5.882352941176471e-01,48844790
3.227555227858015e+03,3.225790521975662e+03,5.882352941176471e-01,48844791
3.230378192730747e+03,3.223657986608405e+03,1.764705882352941e+00,48844789
3.230575277413946e+03,3.226141370889625e+03,1.176470588235294e+00,48844792
3.232142898613100e+03,3.226577951194943e+03,5.882352941176471e-01,48844794
3.232849345505074e+03,3.226220305935759e+03,1.764705882352941e+00,48844793
3.234614051387426e+03,3.228910335644290e+03,5.882352941176471e-01,48844797
3.235869395061005e+03,3.226955682387675e+03,1.764705882352941e+00,48844795
3.236378757269779e+03,3.229178080285056e+03,5.882352941176471e-01,48844798
3.237437016260159e+03,3.228200418418322e+03,1.764705882352941e+00,48844796
3.239398806825710e+03,3.230914857298969e+03,1.176470588235294e+00,48844799
3.239609562154542e+03,3.237844856272189e+03,5.882352941176471e-01,48844801
3.241672874916838e+03,3.234352738082378e+03,1.764705882352941e+00,48844800
3.243280367380670e+03,3.241515661498317e+03,5.882352941176471e-01,48844802
3.245045073263023e+03,3.242753424030937e+03,5.882352941176471e-01,48844805
3.246809779145376e+03,3.243595874582689e+03,5.882352941176471e-01,48844806
3.247627860118796e+03,3.242333742471738e+03,1.764705882352941e+00,48844803
3.247941143147902e+03,3.242647025500844e+03,1.764705882352941e+00,48844804
3.252103896792434e+03,3.243612739493919e+03,1.764705882352941e+00,48844807
3.252921977765855e+03,3.244199427198320e+03,1.764705882352941e+00,48844808
3.253235260794961e+03,3.245073608476845e+03,1.764705882352941e+00,48844809
3.254686683648208e+03,3.248881617350657e+03,5.882352941176471e-01,48844811
3.254999966677314e+03,3.249193318885889e+03,5.882352941176471e-01,48844812
3.256451389530561e+03,3.249568546974411e+03,5.882352941176471e-01,48844813
3.256764672559667e+03,3.250453091542144e+03,5.882352941176471e-01,48844814
3.257398014439493e+03,3.247879225506193e+03,1.764705882352941e+00,48844810
3.258216095412914e+03,3.250749064858130e+03,5.882352941176471e-01,48844815
3.258529378442020e+03,3.251188762406351e+03,5.882352941176471e-01,48844816
3.259162720321846e+03,3.252081377913654e+03,5.882352941176471e-01,48844817
3.260294084324373e+03,3.255819177262694e+03,5.882352941176471e-01,48844819
3.263510213059973e+03,3.254564812840343e+03,1.764705882352941e+00,48844818
3.264456837968905e+03,3.256170500144483e+03,1.764705882352941e+00,48844820
3.265588201971432e+03,3.256554431271788e+03,1.764705882352941e+00,48844821
3.268804330707032e+03,3.259006153054291e+03,1.764705882352941e+00,48844822
3.269103934579061e+03,3.267339228696708e+03,5.882352941176471e-01,48844824
3.269750955615964e+03,3.264403657470755e+03,1.764705882352941e+00,48844823
3.273345444121848e+03,3.269816032357142e+03,1.176470588235294e+00,48844825
3.273583434738562e+03,3.271818728856209e+03,5.882352941176471e-01,48844827
3.273914809131109e+03,3.270385397366403e+03,1.176470588235294e+00,48844826
3.275110150004201e+03,3.272195176888011e+03,5.882352941176471e-01,48844828
3.275348140620915e+03,3.273041976329906e+03,5.882352941176471e-01,48844829
3.277112846503268e+03,3.273740930691567e+03,5.882352941176471e-01,48844832
3.278877552385621e+03,3.275427851846079e+03,5.882352941176471e-01,48844833
3.279208926778168e+03,3.273193328806546e+03,1.764705882352941e+00,48844830
3.280404267651259e+03,3.273227378998441e+03,1.764705882352941e+00,48844831
3.280642258267974e+03,3.275988455642489e+03,5.882352941176471e-01,48844834
3.282406964150327e+03,3.278710984745632e+03,5.882352941176471e-01,48844837
3.284503044425227e+03,3.276318188988651e+03,1.764705882352941e+00,48844835
3.285698385298318e+03,3.277975256267647e+03,1.764705882352941e+00,48844836
3.285936375915033e+03,3.281164341751120e+03,1.176470588235294e+00,48844838
3.286267750307580e+03,3.282486627102357e+03,5.882352941176471e-01,48844839
3.289227797063024e+03,3.285166027696796e+03,1.176470588235294e+00,48844840
3.293942104157727e+03,3.292177398275374e+03,5.882352941176471e-01,48844842
3.295641644156278e+03,3.293876938273925e+03,5.882352941176471e-01,48844843
3.295822465324666e+03,3.290528347677608e+03,1.764705882352941e+00,48844841
3.295941908496198e+03,3.294177202613845e+03,5.882352941176471e-01,48844844
3.297406350038631e+03,3.295023179465951e+03,5.882352941176471e-01,48844845
3.297587171207019e+03,3.295107394952040e+03,5.882352941176471e-01,48844846
3.297706614378551e+03,3.295258640918344e+03,5.882352941176471e-01,48844847
3.299171055920984e+03,3.295746898102124e+03,5.882352941176471e-01,48844848
3.299351877089372e+03,3.295749555334514e+03,5.882352941176471e-01,48844849
3.299471320260904e+03,3.296115550066497e+03,5.882352941176471e-01,48844850
3.300935761803337e+03,3.296467062146845e+03,5.882352941176471e-01,48844851
3.301116582971725e+03,3.298595615482816e+03,5.882352941176471e-01,48844852
3.304201265261810e+03,3.302436559379457e+03,5.882352941176471e-01,48844853
3.304582990664944e+03,3.302818284782591e+03,5.882352941176471e-01,48844854
3.307686161337661e+03,3.305921455455309e+03,5.882352941176471e-01,48844857
3.309450867220014e+03,3.306715066808456e+03,5.882352941176471e-01,48844858
3.310839849989736e+03,3.305545732342678e+03,1.764705882352941e+00,48844855
3.311171444750879e+03,3.305877327103821e+03,1.764705882352941e+00,48844856
3.312604555872089e+03,3.308033387998394e+03,5.882352941176471e-01,48844860
3.312936150633232e+03,3.308281812865578e+03,5.882352941176471e-01,48844861
3.314744984867073e+03,3.308012835089552e+03,1.764705882352941e+00,48844859
3.316465562397938e+03,3.309009925138773e+03,1.176470588235294e+00,48844863
3.317898673519148e+03,3.308959617878992e+03,1.764705882352941e+00,48844862
3.319663379401501e+03,3.314195154719675e+03,5.882352941176471e-01,48844866
3.320039102514132e+03,3.309414110307163e+03,1.764705882352941e+00,48844864
3.321759680044997e+03,3.311090205456642e+03,1.764705882352941e+00,48844865
3.321803808396485e+03,3.316742029276453e+03,5.882352941176471e-01,48844868
3.324957497048560e+03,3.314781590793191e+03,1.764705882352941e+00,48844867
3.326722202930913e+03,3.317929383201761e+03,5.882352941176471e-01,48844871
3.327053797692056e+03,3.317155954353085e+03,1.764705882352941e+00,48844869
3.327097926043544e+03,3.317890611857867e+03,1.764705882352941e+00,48844870
3.328486908813266e+03,3.319866094482425e+03,5.882352941176471e-01,48844872
3.328862631925897e+03,3.321068169272266e+03,5.882352941176471e-01,48844874
3.330627337808250e+03,3.323059279604589e+03,5.882352941176471e-01,48844876
3.332016320577972e+03,3.322361263231246e+03,1.176470588235294e+00,48844875
3.332347915339115e+03,3.319887900145783e+03,1.764705882352941e+00,48844873
3.332392043690603e+03,3.323660924048618e+03,5.882352941176471e-01,48844877
3.334112621221468e+03,3.324338116375028e+03,5.882352941176471e-01,48844879
3.335545732342678e+03,3.323738694568028e+03,1.176470588235294e+00,48844878
3.337310438225031e+03,3.325083893341893e+03,5.882352941176471e-01,48844882
3.337686161337661e+03,3.324368536272618e+03,1.764705882352941e+00,48844880
3.339406738868526e+03,3.324568780285854e+03,1.764705882352941e+00,48844881
3.341171444750879e+03,3.328856481551477e+03,5.882352941176471e-01,48844885
3.342604555872089e+03,3.326148090363871e+03,1.764705882352941e+00,48844883
3.342936150633232e+03,3.329639933811027e+03,5.882352941176471e-01,48844886
3.342980278984720e+03,3.328347602172157e+03,1.764705882352941e+00,48844884
3.344700856515585e+03,3.330155067162521e+03,5.882352941176471e-01,48844888
3.344744984867073e+03,3.330802742187913e+03,5.882352941176471e-01,48844889
3.347898673519148e+03,3.329913137231443e+03,1.764705882352941e+00,48844887
3.348274396631779e+03,3.331733497564624e+03,1.176470588235294e+00,48844891
3.349663379401501e+03,3.332027315120145e+03,5.882352941176471e-01,48844892
3.349994974162644e+03,3.331110459390188e+03,1.764705882352941e+00,48844890
3.350039102514132e+03,3.333887414847333e+03,5.882352941176471e-01,48844893
3.351428085283854e+03,3.335837041415041e+03,5.882352941176471e-01,48844894
3.351759680044997e+03,3.336308305355586e+03,5.882352941176471e-01,48844895
3.353192791166207e+03,3.338955886260436e+03,5.882352941176471e-01,48844897
3.355333220161191e+03,3.338035040015020e+03,1.764705882352941e+00,48844896
3.357053797692056e+03,3.338980246400477e+03,1.764705882352941e+00,48844898
3.358486908813266e+03,3.340298080134990e+03,1.764705882352941e+00,48844899
3.358818503574409e+03,3.341697774383173e+03,5.882352941176471e-01,48844901
3.360583209456762e+03,3.342031518188974e+03,5.882352941176471e-01,48844903
3.360627337808250e+03,3.340987886789267e+03,1.764705882352941e+00,48844900
3.362347915339115e+03,3.344394085855503e+03,5.882352941176471e-01,48844904
3.362392043690603e+03,3.345667659573133e+03,5.882352941176471e-01,48844905
3.363781026460325e+03,3.342018314397631e+03,1.764705882352941e+00,48844902
3.364156749572956e+03,3.348755256189867e+03,5.882352941176471e-01,48844907
3.365545732342678e+03,3.350988432370238e+03,5.882352941176471e-01,48844908
3.365921455455309e+03,3.354455760560237e+03,5.882352941176471e-01,48844909
3.367310438225031e+03,3.356091163643097e+03,5.882352941176471e-01,48844910
3.367642032986173e+03,3.346361374324017e+03,1.764705882352941e+00,48844906
3.367686161337661e+03,3.356142708318138e+03,5.882352941176471e-01,48844911
3.372604555872089e+03,3.356616656493892e+03,1.764705882352941e+00,48844912
3.372936150633232e+03,3.356967458354521e+03,1.764705882352941e+00,48844913
3.372980278984720e+03,3.356996512956829e+03,1.764705882352941e+00,48844914
3.374369261754442e+03,3.357367275666142e+03,5.882352941176471e-01,48844915
3.374700856515585e+03,3.357575146143305e+03,5.882352941176471e-01,48844916
3.374744984867073e+03,3.357858326106227e+03,5.882352941176471e-01,48844917
3.376133967636795e+03,3.358310955924131e+03,5.882352941176471e-01,48844918
3.376465562397938e+03,3.358659458648042e+03,5.882352941176471e-01,48844919
3.379994974162644e+03,3.362144602937123e+03,1.176470588235294e+00,48844922
3.380039102514132e+03,3.360966202827002e+03,1.764705882352941e+00,48844920
3.381428085283854e+03,3.361884572203973e+03,1.764705882352941e+00,48844921
3.381803808396485e+03,3.366904760686308e+03,5.882352941176471e-01,48844924
3.383192791166207e+03,3.367575490134983e+03,5.882352941176471e-01,48844925
3.384957497048560e+03,3.371266558712747e+03,5.882352941176471e-01,48844927
3.385289091809703e+03,3.365133144138928e+03,1.764705882352941e+00,48844923
3.386722202930913e+03,3.373075890270294e+03,5.882352941176471e-01,48844928
3.387053797692056e+03,3.374542705309054e+03,5.882352941176471e-01,48844929
3.387097926043544e+03,3.370363014877415e+03,1.764705882352941e+00,48844926
3.388818503574409e+03,3.376568514202621e+03,5.882352941176471e-01,48844931
3.388862631925897e+03,3.378059189174558e+03,5.882352941176471e-01,48844932
3.392016320577972e+03,3.375503641951417e+03,1.764705882352941e+00,48844930
3.393781026460325e+03,3.379975930921420e+03,5.882352941176471e-01,48844935
3.394112621221468e+03,3.378474594085248e+03,1.764705882352941e+00,48844933
3.394156749572956e+03,3.379611921313122e+03,1.764705882352941e+00,48844934
3.395545732342678e+03,3.380520893887079e+03,5.882352941176471e-01,48844936
3.395921455455309e+03,3.380737584952300e+03,5.882352941176471e-01,48844938
3.397310438225031e+03,3.381859124854773e+03,5.882352941176471e-01,48844939
3.399075144107383e+03,3.384112265318090e+03,5.882352941176471e-01,48844941
3.399406738868526e+03,3.380716026675326e+03,1.764705882352941e+00,48844937
3.399450867220014e+03,3.384022255288976e+03,1.176470588235294e+00,48844940
3.400839849989736e+03,3.388088011117296e+03,5.882352941176471e-01,48844942
3.401171444750879e+03,3.389054118844996e+03,5.882352941176471e-01,48844943
3.401215573102367e+03,3.390199958792293e+03,5.882352941176471e-01,48844944
3.402604555872089e+03,3.393101414896538e+03,5.882352941176471e-01,48844945
3.406133967636795e+03,3.396301255474787e+03,1.176470588235294e+00,48844948
3.406465562397938e+03,3.395189175215326e+03,1.764705882352941e+00,48844946
3.406509690749426e+03,3.395707546746207e+03,1.764705882352941e+00,48844947
3.411428085283854e+03,3.397567068009161e+03,1.764705882352941e+00,48844949
3.411759680044997e+03,3.402180013211870e+03,1.764705882352941e+00,48844950
3.411803808396485e+03,3.402636946242903e+03,1.764705882352941e+00,48844951
3.413192791166207e+03,3.403616911564549e+03,5.882352941176471e-01,48844952
3.413568514278838e+03,3.404186600718871e+03,5.882352941176471e-01,48844954
3.415289091809703e+03,3.403795385053596e+03,1.176470588235294e+00,48844953
3.418486908813266e+03,3.404601801108486e+03,1.764705882352941e+00,48844955
3.418862631925897e+03,3.405791350961534e+03,1.764705882352941e+00,48844956
3.420583209456762e+03,3.408646412759479e+03,1.764705882352941e+00,48844957
3.420627337808250e+03,3.410546262394412e+03,5.882352941176471e-01,48844959
3.422347915339115e+03,3.411175038453852e+03,5.882352941176471e-01,48844960
3.423781026460325e+03,3.408721854570753e+03,1.764705882352941e+00,48844958
3.425545732342678e+03,3.411971133464807e+03,5.882352941176471e-01,48844963
3.425921455455309e+03,3.411532476881232e+03,1.764705882352941e+00,48844961
3.427310438225031e+03,3.412100661035751e+03,5.882352941176471e-01,48844964
3.427642032986173e+03,3.411716817925783e+03,1.764705882352941e+00,48844962
3.429406738868526e+03,3.413503774040148e+03,5.882352941176471e-01,48844967
3.431171444750879e+03,3.413974567521686e+03,5.882352941176471e-01,48844968
3.431215573102367e+03,3.412115202720640e+03,1.764705882352941e+00,48844965
3.432604555872089e+03,3.413221988896421e+03,1.764705882352941e+00,48844966
3.432936150633232e+03,3.416459372660983e+03,5.882352941176471e-01,48844969
3.434369261754442e+03,3.418471202182835e+03,5.882352941176471e-01,48844971
3.436133967636795e+03,3.424323063664892e+03,5.882352941176471e-01,48844973
3.436509690749426e+03,3.416998815683306e+03,1.764705882352941e+00,48844970
3.438230268280291e+03,3.421676447537074e+03,1.764705882352941e+00,48844972
3.438274396631779e+03,3.425997588490339e+03,5.882352941176471e-01,48844975
3.439994974162644e+03,3.426021247899250e+03,5.882352941176471e-01,48844976
3.441428085283854e+03,3.424724502547145e+03,1.764705882352941e+00,48844974
3.441759680044997e+03,3.428150884723884e+03,5.882352941176471e-01,48844978
3.441803808396485e+03,3.426353508679642e+03,1.176470588235294e+00,48844977
3.443192791166207e+03,3.428870210182054e+03,5.882352941176471e-01,48844979
3.443524385927350e+03,3.428889862011219e+03,5.882352941176471e-01,48844980
3.445289091809703e+03,3.435023641558171e+03,5.882352941176471e-01,48844983
3.447097926043544e+03,3.432641012685331e+03,1.764705882352941e+00,48844981
3.448486908813266e+03,3.432811372233155e+03,1.764705882352941e+00,48844982
3.448862631925897e+03,3.435233436033154e+03,5.882352941176471e-01,48844985
3.450251614695619e+03,3.436498886867429e+03,5.882352941176471e-01,48844986
3.450583209456762e+03,3.435155191226560e+03,1.764705882352941e+00,48844984
3.452016320577972e+03,3.437043322425221e+03,5.882352941176471e-01,48844988
3.452347915339115e+03,3.438157731394033e+03,5.882352941176471e-01,48844989
3.453781026460325e+03,3.438993329809838e+03,5.882352941176471e-01,48844990
3.454112621221468e+03,3.440113363439885e+03,5.882352941176471e-01,48844991
3.454156749572956e+03,3.436892407377370e+03,1.764705882352941e+00,48844987
3.457642032986173e+03,3.442474381809221e+03,1.176470588235294e+00,48844993
3.457686161337661e+03,3.446525015463745e+03,1.176470588235294e+00,48844994
3.459075144107383e+03,3.442185379153509e+03,1.764705882352941e+00,48844992
3.459406738868526e+03,3.446963655516013e+03,5.882352941176471e-01,48844995
3.459450867220014e+03,3.449609048274621e+03,5.882352941176471e-01,48844996
3.460839849989736e+03,3.452707753818024e+03,5.882352941176471e-01,48844997
3.461215573102367e+03,3.453978578534790e+03,5.882352941176471e-01,48844999
3.462936150633232e+03,3.453165947171209e+03,1.176470588235294e+00,48844998
3.464700856515585e+03,3.455829743129838e+03,5.882352941176471e-01,48845002
3.464744984867073e+03,3.455373274888749e+03,1.176470588235294e+00,48845001
3.466133967636795e+03,3.454265905348918e+03,1.764705882352941e+00,48845000
3.466509690749426e+03,3.456727791020829e+03,5.882352941176471e-01,48845004
3.468274396631779e+03,3.458225631128150e+03,5.882352941176471e-01,48845006
3.469663379401501e+03,3.457609235508156e+03,1.176470588235294e+00,48845005
3.469994974162644e+03,3.456192860865281e+03,1.764705882352941e+00,48845003
3.470039102514132e+03,3.459184988851906e+03,5.882352941176471e-01,48845007
3.471759680044997e+03,3.462340451774337e+03,5.882352941176471e-01,48845009
3.471803808396485e+03,3.462827640818367e+03,5.882352941176471e-01,48845010
3.473524385927350e+03,3.464609466362470e+03,5.882352941176471e-01,48845011
3.474957497048560e+03,3.461082280038654e+03,1.764705882352941e+00,48845008
3.475333220161191e+03,3.464947286140962e+03,1.176470588235294e+00,48845012
3.476722202930913e+03,3.468478428996824e+03,5.882352941176471e-01,48845014
3.477053797692056e+03,3.468350168992104e+03,1.176470588235294e+00,48845013
3.478486908813266e+03,3.469548092878663e+03,5.882352941176471e-01,48845016
3.478818503574409e+03,3.469904017026257e+03,5.882352941176471e-01,48845017
3.480251614695619e+03,3.469972741802643e+03,5.882352941176471e-01,48845018
3.480583209456762e+03,3.477394368742809e+03,5.882352941176471e-01,48845019
3.480627337808250e+03,3.468839008110240e+03,1.764705882352941e+00,48845015
3.482016320577972e+03,3.477882919087137e+03,5.882352941176471e-01,48845020
3.482392043690603e+03,3.480060310113607e+03,5.882352941176471e-01,48845022
3.483781026460325e+03,3.480773258969498e+03,5.882352941176471e-01,48845023
3.484112621221468e+03,3.478644528223821e+03,1.176470588235294e+00,48845021
3.484156749572956e+03,3.482087053776468e+03,5.882352941176471e-01,48845024
3.488194540212893e+03,3.486429834330540e+03,5.882352941176471e-01,48845026
3.490373417580806e+03,3.488608711698453e+03,5.882352941176471e-01,48845027
3.491552369814479e+03,3.486258252167421e+03,1.764705882352941e+00,48845025
3.492138123463159e+03,3.489242321528850e+03,5.882352941176471e-01,48845029
3.493317075696832e+03,3.489308767802574e+03,5.882352941176471e-01,48845030
3.493902829345512e+03,3.490004531471695e+03,5.882352941176471e-01,48845031
3.494076742164678e+03,3.488782624517619e+03,1.764705882352941e+00,48845028
3.495081781579185e+03,3.491025309711134e+03,5.882352941176471e-01,48845032
3.495667535227865e+03,3.492103451388663e+03,5.882352941176471e-01,48845033
3.497606153929384e+03,3.492548139155882e+03,1.176470588235294e+00,48845034
3.499226156527532e+03,3.497461450645179e+03,5.882352941176471e-01,48845035
3.501679579077848e+03,3.499914873195495e+03,5.882352941176471e-01,48845036
3.504453039694427e+03,3.502688333812074e+03,5.882352941176471e-01,48845039
3.505677118817704e+03,3.500383001170645e+03,1.764705882352941e+00,48845037
3.506217745576780e+03,3.503671864538660e+03,5.882352941176471e-01,48845040
3.507540387370357e+03,3.502246269723298e+03,1.764705882352941e+00,48845038
3.510971236464763e+03,3.503865468544454e+03,1.764705882352941e+00,48845041
3.512905826195155e+03,3.507611708548096e+03,1.764705882352941e+00,48845042
3.512928077342274e+03,3.507633959695215e+03,1.764705882352941e+00,48845043
3.514670532077508e+03,3.509172372520435e+03,5.882352941176471e-01,48845045
3.514692783224627e+03,3.509659695653365e+03,5.882352941176471e-01,48845046
3.516265354111822e+03,3.508117272167590e+03,1.764705882352941e+00,48845044
3.516435237959861e+03,3.510322402322838e+03,5.882352941176471e-01,48845047
3.516457489106980e+03,3.510336990596814e+03,5.882352941176471e-01,48845048
3.518199943842214e+03,3.510590007501241e+03,5.882352941176471e-01,48845050
3.518222194989333e+03,3.512158786358238e+03,5.882352941176471e-01,48845051
3.519964649724567e+03,3.513514624865846e+03,5.882352941176471e-01,48845052
3.519986900871686e+03,3.514164684568403e+03,5.882352941176471e-01,48845053
3.521559471758880e+03,3.510580679445338e+03,1.764705882352941e+00,48845049
3.521729355606920e+03,3.514641746723283e+03,5.882352941176471e-01,48845054
3.523494061489272e+03,3.517780036831006e+03,5.882352941176471e-01,48845057
3.525281018518745e+03,3.515429054734833e+03,1.764705882352941e+00,48845055
3.526853589405939e+03,3.517068005259063e+03,1.764705882352941e+00,48845056
3.527045724401098e+03,3.519364072300283e+03,5.882352941176471e-01,48845059
3.528788179136331e+03,3.519279699388344e+03,1.764705882352941e+00,48845058
3.528810430283451e+03,3.519812450192652e+03,5.882352941176471e-01,48845061
3.530552885018684e+03,3.520243995012022e+03,5.882352941176471e-01,48845062
3.530575136165803e+03,3.521028260277395e+03,5.882352941176471e-01,48845063
3.532147707052998e+03,3.519499517050940e+03,1.764705882352941e+00,48845060
3.532317590901037e+03,3.526794352257281e+03,5.882352941176471e-01,48845064
3.532339842048156e+03,3.528170049039928e+03,5.882352941176471e-01,48845065
3.533912412935351e+03,3.529950527822964e+03,5.882352941176471e-01,48845066
3.534104547930509e+03,3.531815520102052e+03,5.882352941176471e-01,48845068
3.535677118817704e+03,3.533318194994263e+03,5.882352941176471e-01,48845069
3.537441824700057e+03,3.535095149463428e+03,5.882352941176471e-01,48845071
3.537611708548096e+03,3.531300441886032e+03,1.764705882352941e+00,48845067
3.539376414430449e+03,3.535932668064139e+03,5.882352941176471e-01,48845073
3.539398665577568e+03,3.533357524621173e+03,1.764705882352941e+00,48845070
3.541141120312802e+03,3.536998991447578e+03,5.882352941176471e-01,48845074
3.542735942347116e+03,3.535800144645761e+03,1.764705882352941e+00,48845072
3.542905826195155e+03,3.539917777390757e+03,5.882352941176471e-01,48845076
3.544670532077508e+03,3.542359533295694e+03,5.882352941176471e-01,48845078
3.544692783224627e+03,3.539135016277815e+03,1.764705882352941e+00,48845075
3.546435237959861e+03,3.542388170357929e+03,5.882352941176471e-01,48845079
3.548030059994174e+03,3.539950321744655e+03,1.764705882352941e+00,48845077
3.548199943842214e+03,3.544729529158286e+03,5.882352941176471e-01,48845081
3.549986900871686e+03,3.543620726972379e+03,1.764705882352941e+00,48845080
3.551729355606920e+03,3.546833584155784e+03,1.176470588235294e+00,48845083
3.551751606754039e+03,3.547475844387914e+03,5.882352941176471e-01,48845084
3.553324177641233e+03,3.545726426549236e+03,1.764705882352941e+00,48845082
3.555088883523586e+03,3.549077295516276e+03,5.882352941176471e-01,48845087
3.556853589405939e+03,3.550422420836937e+03,5.882352941176471e-01,48845088
3.557023473253978e+03,3.547708806039875e+03,1.764705882352941e+00,48845085
3.557045724401098e+03,3.548749543753988e+03,1.764705882352941e+00,48845086
3.558618295288292e+03,3.550845614854032e+03,5.882352941176471e-01,48845089
3.558788179136331e+03,3.552777168307123e+03,5.882352941176471e-01,48845090
3.558810430283451e+03,3.554476799745704e+03,5.882352941176471e-01,48845091
3.560383001170645e+03,3.554479194942115e+03,5.882352941176471e-01,48845092
3.562147707052998e+03,3.555781548649231e+03,5.882352941176471e-01,48845095
3.563912412935351e+03,3.557155105113700e+03,5.882352941176471e-01,48845096
3.564082296783390e+03,3.554739849217676e+03,1.764705882352941e+00,48845093
3.564104547930509e+03,3.555514415294389e+03,1.764705882352941e+00,48845094
3.565847002665743e+03,3.560590190672123e+03,5.882352941176471e-01,48845098
3.565869253812862e+03,3.560601870886771e+03,5.882352941176471e-01,48845099
3.567611708548096e+03,3.560905513983235e+03,5.882352941176471e-01,48845100
3.567633959695215e+03,3.561165145297634e+03,5.882352941176471e-01,48845101
3.569206530582410e+03,3.560095356983551e+03,1.764705882352941e+00,48845097
3.569398665577568e+03,3.563775820868799e+03,5.882352941176471e-01,48845103
3.570971236464763e+03,3.564003821324140e+03,5.882352941176471e-01,48845104
3.572735942347116e+03,3.564799459018277e+03,5.882352941176471e-01,48845106
3.572905826195155e+03,3.561505082991611e+03,1.764705882352941e+00,48845102
3.572928077342274e+03,3.564123786236999e+03,1.176470588235294e+00,48845105
3.574670532077508e+03,3.567225160592125e+03,5.882352941176471e-01,48845108
3.576265354111822e+03,3.566552036744045e+03,1.176470588235294e+00,48845107
3.576435237959861e+03,3.570463787835070e+03,5.882352941176471e-01,48845110
3.578030059994174e+03,3.570526559875071e+03,5.882352941176471e-01,48845111
3.578199943842214e+03,3.570843013420652e+03,5.882352941176471e-01,48845112
3.578222194989333e+03,3.569791478460980e+03,1.764705882352941e+00,48845109
3.583324177641233e+03,3.571361742518154e+03,1.764705882352941e+00,48845113
3.583494061489272e+03,3.574680439051067e+03,1.764705882352941e+00,48845114
3.583516312636392e+03,3.577230892283388e+03,1.764705882352941e+00,48845115
3.585258767371625e+03,3.578751723352236e+03,5.882352941176471e-01,48845117
3.587045724401098e+03,3.582267482052750e+03,1.176470588235294e+00,48845118
3.588618295288292e+03,3.578649628364151e+03,1.764705882352941e+00,48845116
3.590383001170645e+03,3.584457493789729e+03,5.882352941176471e-01,48845121
3.590552885018684e+03,3.583347460172830e+03,1.764705882352941e+00,48845119
3.592317590901037e+03,3.589272586209819e+03,5.882352941176471e-01,48845123
3.592339842048156e+03,3.584382441325743e+03,1.764705882352941e+00,48845120
3.595677118817704e+03,3.585953857295767e+03,1.764705882352941e+00,48845122
3.595847002665743e+03,3.591079105107156e+03,1.176470588235294e+00,48845124
3.598418751433347e+03,3.596654045550994e+03,5.882352941176471e-01,48845126
3.598436560490218e+03,3.596671854607865e+03,5.882352941176471e-01,48845127
3.599242439647334e+03,3.593948322000276e+03,1.764705882352941e+00,48845125
3.600183457315700e+03,3.598035285361488e+03,5.882352941176471e-01,48845128
3.601007145529687e+03,3.598618914220792e+03,5.882352941176471e-01,48845130
3.601948163198053e+03,3.598822909832849e+03,5.882352941176471e-01,48845131
3.602103970704822e+03,3.598574558940116e+03,1.176470588235294e+00,48845129
3.603712869080405e+03,3.599639015209477e+03,5.882352941176471e-01,48845133
3.606301263176746e+03,3.599206979716328e+03,1.764705882352941e+00,48845132
3.607398088351881e+03,3.601190749138112e+03,1.764705882352941e+00,48845134
3.608065969059099e+03,3.602812321728032e+03,5.882352941176471e-01,48845136
3.609006986727464e+03,3.601380012143671e+03,1.764705882352941e+00,48845135
3.609830674941452e+03,3.607905219855653e+03,5.882352941176471e-01,48845138
3.610771692609817e+03,3.608300667187384e+03,5.882352941176471e-01,48845139
3.612536398492170e+03,3.609029357291826e+03,5.882352941176471e-01,48845141
3.612692205998940e+03,3.602841439733089e+03,1.764705882352941e+00,48845137
3.613360086706158e+03,3.608679102604375e+03,1.176470588235294e+00,48845140
3.614301104374523e+03,3.610014921029477e+03,5.882352941176471e-01,48845142
3.617986323645999e+03,3.610036444475444e+03,1.764705882352941e+00,48845143
3.618654204353217e+03,3.610756886212265e+03,1.764705882352941e+00,48845144
3.619595222021582e+03,3.611130119854058e+03,1.764705882352941e+00,48845145
3.620418910235570e+03,3.612940862269253e+03,5.882352941176471e-01,48845147
3.621359927903935e+03,3.614463047245063e+03,5.882352941176471e-01,48845148
3.621515735410705e+03,3.612512550148779e+03,1.176470588235294e+00,48845146
3.622183616117923e+03,3.616023742310946e+03,5.882352941176471e-01,48845149
3.623280441293058e+03,3.619129786377917e+03,5.882352941176471e-01,48845151
3.626654045550994e+03,3.616572470877057e+03,1.764705882352941e+00,48845150
3.627477733764981e+03,3.619833565806286e+03,1.764705882352941e+00,48845152
3.628418751433347e+03,3.620421753026543e+03,5.882352941176471e-01,48845154
3.628574558940116e+03,3.620147094951834e+03,1.764705882352941e+00,48845153
3.630183457315700e+03,3.622251697468395e+03,5.882352941176471e-01,48845156
3.631007145529687e+03,3.621834101445130e+03,1.176470588235294e+00,48845155
3.631948163198053e+03,3.624693505849700e+03,5.882352941176471e-01,48845158
3.632103970704822e+03,3.624660036540022e+03,1.176470588235294e+00,48845157
3.633712869080405e+03,3.625384319894872e+03,5.882352941176471e-01,48845160
3.635477574962758e+03,3.628573280469733e+03,5.882352941176471e-01,48845162
3.636301263176746e+03,3.625329885346505e+03,1.764705882352941e+00,48845159
3.637242280845111e+03,3.629469066764253e+03,5.882352941176471e-01,48845163
3.637398088351881e+03,3.627395469959689e+03,1.764705882352941e+00,48845161
3.639006986727464e+03,3.629598200612608e+03,5.882352941176471e-01,48845165
3.639162794234234e+03,3.630145415502182e+03,5.882352941176471e-01,48845166
3.640771692609817e+03,3.630255198376979e+03,5.882352941176471e-01,48845167
3.640927500116587e+03,3.630996834030988e+03,5.882352941176471e-01,48845168
3.641595380823805e+03,3.629577062727919e+03,1.764705882352941e+00,48845164
3.642692205998940e+03,3.634105486034346e+03,5.882352941176471e-01,48845170
3.643360086706158e+03,3.635662204007199e+03,5.882352941176471e-01,48845171
3.644456911881293e+03,3.635750209772752e+03,5.882352941176471e-01,48845172
3.645124792588511e+03,3.636296170810582e+03,5.882352941176471e-01,48845173
3.646065810256876e+03,3.632907097751885e+03,1.764705882352941e+00,48845169
3.646889498470864e+03,3.637308252161599e+03,5.882352941176471e-01,48845175
3.648654204353217e+03,3.638059919934973e+03,5.882352941176471e-01,48845177
3.649751029528352e+03,3.636739549420852e+03,1.764705882352941e+00,48845174
3.650418910235570e+03,3.641121177634495e+03,5.882352941176471e-01,48845178
3.651359927903935e+03,3.637998896121895e+03,1.764705882352941e+00,48845176
3.652183616117923e+03,3.642386340111557e+03,5.882352941176471e-01,48845180
3.653124633786288e+03,3.643506779651195e+03,5.882352941176471e-01,48845181
3.653948322000276e+03,3.644670513075508e+03,5.882352941176471e-01,48845182
3.654889339668641e+03,3.646748513287940e+03,5.882352941176471e-01,48845183
3.655045147175411e+03,3.641266741909003e+03,1.764705882352941e+00,48845179
3.655713027882629e+03,3.647249130888231e+03,5.882352941176471e-01,48845184
3.656654045550994e+03,3.647734518390284e+03,5.882352941176471e-01,48845185
3.657477733764981e+03,3.647830382636673e+03,5.882352941176471e-01,48845187
3.658418751433347e+03,3.648286417756588e+03,5.882352941176471e-01,48845188
3.658574558940116e+03,3.647772225274266e+03,1.176470588235294e+00,48845186
3.660339264822469e+03,3.649141985613246e+03,5.882352941176471e-01,48845191
3.662103970704822e+03,3.651474920409068e+03,5.882352941176471e-01,48845192
3.662771851412040e+03,3.648572872007901e+03,1.764705882352941e+00,48845189
3.663712869080405e+03,3.648640786404202e+03,1.764705882352941e+00,48845190
3.663868676587175e+03,3.652771774059169e+03,5.882352941176471e-01,48845193
3.664536557294393e+03,3.655737836926710e+03,5.882352941176471e-01,48845194
3.665477574962758e+03,3.656487540157246e+03,5.882352941176471e-01,48845195
3.668065969059099e+03,3.658217240725227e+03,1.176470588235294e+00,48845197
3.669162794234234e+03,3.656746266621381e+03,1.764705882352941e+00,48845196
3.670771692609817e+03,3.659787123944684e+03,1.764705882352941e+00,48845198
3.673360086706158e+03,3.660764559085590e+03,1.764705882352941e+00,48845199
3.674301104374523e+03,3.662708826320749e+03,1.176470588235294e+00,48845201
3.674456911881293e+03,3.662414358925946e+03,1.764705882352941e+00,48845200
3.675124792588511e+03,3.662906986639265e+03,5.882352941176471e-01,48845202
3.676065810256876e+03,3.663456871569628e+03,5.882352941176471e-01,48845203
3.676221617763646e+03,3.664181908294316e+03,5.882352941176471e-01,48845204
3.677986323645999e+03,3.665636721245216e+03,5.882352941176471e-01,48845207
3.678654204353217e+03,3.664353572811665e+03,1.176470588235294e+00,48845205
3.681359927903935e+03,3.664612208236701e+03,1.764705882352941e+00,48845206
3.682183616117923e+03,3.665957214001863e+03,1.176470588235294e+00,48845209
3.683124633786288e+03,3.666456514310161e+03,5.882352941176471e-01,48845210
3.683280441293058e+03,3.665679736922480e+03,1.764705882352941e+00,48845208
3.685045147175411e+03,3.670368479612644e+03,5.882352941176471e-01,48845213
3.687477733764981e+03,3.668034524678630e+03,1.764705882352941e+00,48845211
3.688418751433347e+03,3.669451606374234e+03,1.764705882352941e+00,48845212
3.688574558940116e+03,3.670607718161016e+03,1.176470588235294e+00,48845214
3.692103970704822e+03,3.672000301723428e+03,1.176470588235294e+00,48845217
3.692771851412040e+03,3.671313450048531e+03,1.764705882352941e+00,48845215
3.693712869080405e+03,3.671686546277709e+03,1.764705882352941e+00,48845216
3.693868676587175e+03,3.672924287861451e+03,5.882352941176471e-01,48845218
3.695633382469528e+03,3.674429082649440e+03,5.882352941176471e-01,48845221
3.697242280845111e+03,3.674327198546519e+03,1.176470588235294e+00,48845220
3.698065969059099e+03,3.673091384088496e+03,1.764705882352941e+00,48845219
3.699006986727464e+03,3.677418011839740e+03,5.882352941176471e-01,48845223
3.700927500116587e+03,3.675177152406708e+03,1.764705882352941e+00,48845222
3.702536398492170e+03,3.679081126519616e+03,1.176470588235294e+00,48845225
3.702692205998940e+03,3.679254979092901e+03,5.882352941176471e-01,48845226
3.703360086706158e+03,3.677921421138342e+03,1.764705882352941e+00,48845224
3.704301104374523e+03,3.679605252157128e+03,5.882352941176471e-01,48845227
3.705124792588511e+03,3.683457893882829e+03,5.882352941176471e-01,48845229
3.706889498470864e+03,3.683879632327917e+03,5.882352941176471e-01,48845231
3.707986323645999e+03,3.682752160062814e+03,1.764705882352941e+00,48845228
3.709595222021582e+03,3.683467849540231e+03,1.764705882352941e+00,48845230
3.709751029528352e+03,3.684728783186296e+03,5.882352941176471e-01,48845233
3.711515735410705e+03,3.685709157739883e+03,5.882352941176471e-01,48845235
3.712183616117923e+03,3.684069500293136e+03,1.764705882352941e+00,48845232
3.713124633786288e+03,3.685693999932972e+03,1.176470588235294e+00,48845234
3.714889339668641e+03,3.689278369154290e+03,5.882352941176471e-01,48845238
3.715713027882629e+03,3.688656460224504e+03,1.176470588235294e+00,48845237
3.716654045550994e+03,3.689380100833510e+03,5.882352941176471e-01,48845239
3.716809853057764e+03,3.685817940617521e+03,1.764705882352941e+00,48845236
3.717477733764981e+03,3.691398239884434e+03,5.882352941176471e-01,48845240
3.718418751433347e+03,3.691473182677814e+03,5.882352941176471e-01,48845241
3.718574558940116e+03,3.692930095188031e+03,5.882352941176471e-01,48845242
3.719242439647334e+03,3.694880399889548e+03,5.882352941176471e-01,48845243
3.720183457315700e+03,3.695097900830019e+03,5.882352941176471e-01,48845244
3.720339264822469e+03,3.695185587248250e+03,5.882352941176471e-01,48845245
3.721007145529687e+03,3.699987004157529e+03,5.882352941176471e-01,48845246
3.721948163198053e+03,3.701792416437163e+03,5.882352941176471e-01,48845247
3.722103970704822e+03,3.702563665247906e+03,5.882352941176471e-01,48845248
3.723712869080405e+03,3.703467921770749e+03,5.882352941176471e-01,48845250
3.724536557294393e+03,3.703019720165015e+03,1.176470588235294e+00,48845249
3.725477574962758e+03,3.704718543026103e+03,5.882352941176471e-01,48845252
3.726301263176746e+03,3.706777088076793e+03,5.882352941176471e-01,48845253
3.727242280845111e+03,3.707122600734051e+03,5.882352941176471e-01,48845254
3.727398088351881e+03,3.704319057260087e+03,1.764705882352941e+00,48845251
3.728065969059099e+03,3.708258389682008e+03,5.882352941176471e-01,48845255
3.729006986727464e+03,3.709185085930538e+03,5.882352941176471e-01,48845256
3.729830674941452e+03,3.709683172754994e+03,5.882352941176471e-01,48845258
3.732536398492170e+03,3.709964950119855e+03,1.176470588235294e+00,48845259
3.732692205998940e+03,3.709274557804559e+03,1.764705882352941e+00,48845257
3.733360086706158e+03,3.710587791247507e+03,1.176470588235294e+00,48845260
3.734301104374523e+03,3.710605894834386e+03,5.882352941176471e-01,48845261
3.734456911881293e+03,3.711217445757218e+03,5.882352941176471e-01,48845262
3.736065810256876e+03,3.712082994009419e+03,5.882352941176471e-01,48845264
3.736221617763646e+03,3.712637746386833e+03,5.882352941176471e-01,48845265
3.737830516139229e+03,3.712768797568819e+03,5.882352941176471e-01,48845266
3.738654204353217e+03,3.711974089216916e+03,1.764705882352941e+00,48845263
3.739595222021582e+03,3.715431967068414e+03,5.882352941176471e-01,48845268
3.739751029528352e+03,3.712773408413450e+03,1.176470588235294e+00,48845267
3.741359927903935e+03,3.718010725329796e+03,5.882352941176471e-01,48845270
3.743280441293058e+03,3.719233000186278e+03,1.176470588235294e+00,48845271
3.743948322000276e+03,3.716883890952563e+03,1.764705882352941e+00,48845269
3.745045147175411e+03,3.719934345817284e+03,5.882352941176471e-01,48845273
3.746654045550994e+03,3.719293201937126e+03,1.764705882352941e+00,48845272
3.748418751433347e+03,3.723786011458386e+03,5.882352941176471e-01,48845276
3.748574558940116e+03,3.722470276708025e+03,1.176470588235294e+00,48845275
3.749242439647334e+03,3.721442309862120e+03,1.764705882352941e+00,48845274
3.753712869080405e+03,3.724037227281341e+03,1.764705882352941e+00,48845277
3.753868676587175e+03,3.725419733051282e+03,1.764705882352941e+00,48845278
3.754536557294393e+03,3.726294108332869e+03,1.764705882352941e+00,48845279
3.755477574962758e+03,3.727184180116975e+03,5.882352941176471e-01,48845280
3.755633382469528e+03,3.728286443937504e+03,5.882352941176471e-01,48845281
3.759830674941452e+03,3.729013430189783e+03,1.764705882352941e+00,48845282
3.760771692609817e+03,3.729171622200126e+03,1.764705882352941e+00,48845283
3.760927500116587e+03,3.729284886667633e+03,1.764705882352941e+00,48845284
3.761595380823805e+03,3.729499298494395e+03,5.882352941176471e-01,48845285
3.762536398492170e+03,3.729765246851085e+03,5.882352941176471e-01,48845286
3.762692205998940e+03,3.730680347425728e+03,5.882352941176471e-01,48845287
3.763360086706158e+03,3.731634850983786e+03,5.882352941176471e-01,48845288
3.764301104374523e+03,3.732120220425435e+03,5.882352941176471e-01,48845289
3.764456911881293e+03,3.733206239410480e+03,5.882352941176471e-01,48845290
3.766065810256876e+03,3.734881789910057e+03,5.882352941176471e-01,48845292
3.766221617763646e+03,3.734925379709398e+03,5.882352941176471e-01,48845293
3.767830516139229e+03,3.736481661297157e+03,5.882352941176471e-01,48845294
3.767986323645999e+03,3.737032420523930e+03,5.882352941176471e-01,48845295
3.768654204353217e+03,3.734641539799731e+03,1.764705882352941e+00,48845291
3.769595222021582e+03,3.737316869147684e+03,5.882352941176471e-01,48845296
3.769751029528352e+03,3.737909568136544e+03,5.882352941176471e-01,48845297
3.770418910235570e+03,3.739688873277811e+03,5.882352941176471e-01,48845298
3.771359927903935e+03,3.740042663433503e+03,5.882352941176471e-01,48845299
3.771515735410705e+03,3.740515896396274e+03,5.882352941176471e-01,48845300
3.772183616117923e+03,3.741121809382894e+03,5.882352941176471e-01,48845301
3.776654045550994e+03,3.742659658726435e+03,1.764705882352941e+00,48845302
3.776809853057764e+03,3.743437819473399e+03,1.764705882352941e+00,48845303
3.777477733764981e+03,3.744649689259277e+03,1.764705882352941e+00,48845304
3.778418751433347e+03,3.745105809962105e+03,5.882352941176471e-01,48845305
3.778574558940116e+03,3.746119285882775e+03,5.882352941176471e-01,48845306
3.780183457315700e+03,3.747461123903830e+03,5.882352941176471e-01,48845308
3.780339264822469e+03,3.748441100708851e+03,5.882352941176471e-01,48845309
3.782771851412040e+03,3.746415140153106e+03,1.764705882352941e+00,48845307
3.785477574962758e+03,3.748568285091037e+03,1.764705882352941e+00,48845310
3.785633382469528e+03,3.748922954432961e+03,1.764705882352941e+00,48845311
3.787242280845111e+03,3.749251302721783e+03,5.882352941176471e-01,48845313
3.787398088351881e+03,3.750140000631587e+03,5.882352941176471e-01,48845314
3.788065969059099e+03,3.748940257735411e+03,1.764705882352941e+00,48845312
3.789006986727464e+03,3.751640128905967e+03,5.882352941176471e-01,48845315
3.789162794234234e+03,3.752267145266500e+03,5.882352941176471e-01,48845316
3.789830674941452e+03,3.754424460297939e+03,5.882352941176471e-01,48845317
3.794301104374523e+03,3.754534300869275e+03,1.764705882352941e+00,48845318
3.794456911881293e+03,3.755482925596932e+03,1.764705882352941e+00,48845319
3.795124792588511e+03,3.756129223825658e+03,1.764705882352941e+00,48845320
3.796065810256876e+03,3.756446672194074e+03,5.882352941176471e-01,48845321
3.796221617763646e+03,3.758167065930628e+03,5.882352941176471e-01,48845322
3.796889498470864e+03,3.759058508540623e+03,5.882352941176471e-01,48845323
3.797830516139229e+03,3.760611348622083e+03,5.882352941176471e-01,48845324
3.798654204353217e+03,3.763624356267544e+03,5.882352941176471e-01,48845326
3.799595222021582e+03,3.763808911371427e+03,5.882352941176471e-01,48845327
3.800418910235570e+03,3.764152857817625e+03,5.882352941176471e-01,48845328
3.801515735410705e+03,3.763014675730044e+03,1.764705882352941e+00,48845325
3.803280441293058e+03,3.766559814891363e+03,5.882352941176471e-01,48845331
3.804889339668641e+03,3.764304676966011e+03,1.764705882352941e+00,48845329
3.805713027882629e+03,3.765487629596513e+03,1.764705882352941e+00,48845330
3.806654045550994e+03,3.770146893927830e+03,5.882352941176471e-01,48845333
3.808418751433347e+03,3.771082344817437e+03,5.882352941176471e-01,48845335
3.808574558940116e+03,3.767017586746157e+03,1.764705882352941e+00,48845332
3.810183457315700e+03,3.771912618986976e+03,5.882352941176471e-01,48845336
3.810339264822469e+03,3.773432508116173e+03,5.882352941176471e-01,48845337
3.811007145529687e+03,3.770748161326638e+03,1.764705882352941e+00,48845334
3.811948163198053e+03,3.775208624403934e+03,5.882352941176471e-01,48845338
3.812771851412040e+03,3.775739181290187e+03,5.882352941176471e-01,48845340
3.813712869080405e+03,3.776042319455653e+03,5.882352941176471e-01,48845341
3.814536557294393e+03,3.776146066909935e+03,5.882352941176471e-01,48845342
3.815477574962758e+03,3.776602165396216e+03,5.882352941176471e-01,48845343
3.815633382469528e+03,3.775493425578943e+03,1.764705882352941e+00,48845339
3.816301263176746e+03,3.778419137176669e+03,5.882352941176471e-01,48845344
3.817242280845111e+03,3.778964592239356e+03,5.882352941176471e-01,48845345
3.817398088351881e+03,3.781229710835133e+03,5.882352941176471e-01,48845346
3.819162794234234e+03,3.783432696202364e+03,5.882352941176471e-01,48845349
3.820927500116587e+03,3.783512113193391e+03,5.882352941176471e-01,48845350
3.821595380823805e+03,3.782383920117132e+03,1.764705882352941e+00,48845347
3.822536398492170e+03,3.782592760394564e+03,1.764705882352941e+00,48845348
3.822692205998940e+03,3.783548835876241e+03,5.882352941176471e-01,48845351
3.824456911881293e+03,3.785194408456682e+03,5.882352941176471e-01,48845354
3.825124792588511e+03,3.784632498209601e+03,1.176470588235294e+00,48845352
3.826221617763646e+03,3.787085674382144e+03,5.882352941176471e-01,48845355
3.827830516139229e+03,3.785023008995443e+03,1.764705882352941e+00,48845353
3.830418910235570e+03,3.787974919803085e+03,1.764705882352941e+00,48845356
3.831515735410705e+03,3.789437505352084e+03,1.764705882352941e+00,48845357
3.832183616117923e+03,3.792311902603983e+03,5.882352941176471e-01,48845359
3.833124633786288e+03,3.791424486018401e+03,1.764705882352941e+00,48845358
3.833280441293058e+03,3.792684914692452e+03,5.882352941176471e-01,48845360
3.834889339668641e+03,3.792951261575611e+03,5.882352941176471e-01,48845362
3.835045147175411e+03,3.794005500134528e+03,5.882352941176471e-01,48845363
3.835713027882629e+03,3.792711063080109e+03,1.176470588235294e+00,48845361
3.836654045550994e+03,3.795087588850232e+03,5.882352941176471e-01,48845364
3.838418751433347e+03,3.801565998778023e+03,5.882352941176471e-01,48845367
3.838574558940116e+03,3.796684150996764e+03,1.176470588235294e+00,48845365
3.840339264822469e+03,3.802720202756853e+03,5.882352941176471e-01,48845369
3.841007145529687e+03,3.801030733079100e+03,1.764705882352941e+00,48845366
3.842771851412040e+03,3.805975582251670e+03,5.882352941176471e-01,48845371
3.843712869080405e+03,3.802409597891840e+03,1.764705882352941e+00,48845368
3.845633382469528e+03,3.805931886698279e+03,1.764705882352941e+00,48845370
3.846301263176746e+03,3.806737815244876e+03,1.176470588235294e+00,48845372
3.847398088351881e+03,3.808470957610802e+03,5.882352941176471e-01,48845374
3.849006986727464e+03,3.807679582297048e+03,1.764705882352941e+00,48845373
3.849830674941452e+03,3.809457934607155e+03,1.176470588235294e+00,48845375
3.852692205998940e+03,3.810103980607577e+03,1.764705882352941e+00,48845376
3.854301104374523e+03,3.810482951917493e+03,1.764705882352941e+00,48845377
3.854456911881293e+03,3.811749744445607e+03,5.882352941176471e-01,48845379
3.855124792588511e+03,3.811346598647057e+03,1.764705882352941e+00,48845378
3.859595222021582e+03,3.811863104183224e+03,1.764705882352941e+00,48845380
3.859751029528352e+03,3.812322210905294e+03,1.764705882352941e+00,48845381
3.860418910235570e+03,3.813364906538307e+03,1.764705882352941e+00,48845382
3.861515735410705e+03,3.814864627421875e+03,5.882352941176471e-01,48845384
3.863124633786288e+03,3.814490381771721e+03,1.176470588235294e+00,48845383
3.863280441293058e+03,3.816972693386593e+03,5.882352941176471e-01,48845386
3.863948322000276e+03,3.815616158137513e+03,1.176470588235294e+00,48845385
3.865045147175411e+03,3.817369021008110e+03,5.882352941176471e-01,48845388
3.865713027882629e+03,3.820250789781888e+03,5.882352941176471e-01,48845389
3.868418751433347e+03,3.817311016576656e+03,1.764705882352941e+00,48845387
3.868574558940116e+03,3.820254626131705e+03,1.176470588235294e+00,48845390
3.869242439647334e+03,3.823025741190128e+03,1.176470588235294e+00,48845391
3.870183457315700e+03,3.823225474125789e+03,5.882352941176471e-01,48845392
3.871007145529687e+03,3.827401790941573e+03,5.882352941176471e-01,48845394
3.871948163198053e+03,3.827450758803953e+03,5.882352941176471e-01,48845395
3.873712869080405e+03,3.828382547330111e+03,5.882352941176471e-01,48845397
3.873868676587175e+03,3.825129673148866e+03,1.764705882352941e+00,48845393
3.875477574962758e+03,3.828669831243005e+03,5.882352941176471e-01,48845398
3.875633382469528e+03,3.829442281350768e+03,5.882352941176471e-01,48845399
3.876301263176746e+03,3.827629632910116e+03,1.764705882352941e+00,48845396
3.877242280845111e+03,3.831618839891575e+03,5.882352941176471e-01,48845400
3.877398088351881e+03,3.834847942118797e+03,5.882352941176471e-01,48845401
3.879006986727464e+03,3.840254383550654e+03,5.882352941176471e-01,48845403
3.879162794234234e+03,3.840929132557635e+03,5.882352941176471e-01,48845404
3.880771692609817e+03,3.842703739604644e+03,5.882352941176471e-01,48845405
3.880927500116587e+03,3.843728168568795e+03,5.882352941176471e-01,48845406
3.881595380823805e+03,3.837288223026691e+03,1.764705882352941e+00,48845402
3.882536398492170e+03,3.843921439799435e+03,5.882352941176471e-01,48845407
3.882692205998940e+03,3.844815376146381e+03,5.882352941176471e-01,48845408
3.883360086706158e+03,3.845157868259329e+03,5.882352941176471e-01,48845409
3.884456911881293e+03,3.846468620467907e+03,5.882352941176471e-01,48845411
3.885124792588511e+03,3.847190757730488e+03,5.882352941176471e-01,48845412
3.886221617763646e+03,3.850820869258393e+03,5.882352941176471e-01,48845413
3.886889498470864e+03,3.851596282547188e+03,5.882352941176471e-01,48845414
3.887830516139229e+03,3.846099428100849e+03,1.764705882352941e+00,48845410
3.887986323645999e+03,3.851952250513802e+03,5.882352941176471e-01,48845415
3.891359927903935e+03,3.852669808547369e+03,1.176470588235294e+00,48845417
3.892183616117923e+03,3.852473161753558e+03,1.764705882352941e+00,48845416
3.893280441293058e+03,3.854213485782814e+03,1.764705882352941e+00,48845418
3.894889339668641e+03,3.854885276563994e+03,1.176470588235294e+00,48845419
3.895045147175411e+03,3.858049068716901e+03,5.882352941176471e-01,48845421
3.897477733764981e+03,3.855007341968336e+03,1.764705882352941e+00,48845420
3.900183457315700e+03,3.861174893630792e+03,1.764705882352941e+00,48845422
3.900339264822469e+03,3.862059156289064e+03,1.764705882352941e+00,48845423
3.902771851412040e+03,3.863910688874346e+03,1.764705882352941e+00,48845424
3.903712869080405e+03,3.865432209152004e+03,1.176470588235294e+00,48845425
3.903868676587175e+03,3.867303293888254e+03,1.176470588235294e+00,48845426
3.905477574962758e+03,3.869339479692639e+03,5.882352941176471e-01,48845428
3.905633382469528e+03,3.869859304792221e+03,5.882352941176471e-01,48845429
3.907242280845111e+03,3.870500122170657e+03,5.882352941176471e-01,48845430
3.907398088351881e+03,3.870751592222049e+03,5.882352941176471e-01,48845431
3.908065969059099e+03,3.868389317622343e+03,1.764705882352941e+00,48845427
3.909830674941452e+03,3.876495270479380e+03,5.882352941176471e-01,48845434
3.911595380823805e+03,3.877248103487699e+03,5.882352941176471e-01,48845435
3.912536398492170e+03,3.873139035981264e+03,1.764705882352941e+00,48845432
3.912692205998940e+03,3.876181515115806e+03,1.764705882352941e+00,48845433
3.914301104374523e+03,3.879125855330216e+03,5.882352941176471e-01,48845437
3.914456911881293e+03,3.880072732230235e+03,5.882352941176471e-01,48845438
3.916889498470864e+03,3.878978585617931e+03,1.764705882352941e+00,48845436
3.917986323645999e+03,3.880618055092344e+03,1.176470588235294e+00,48845440
3.918654204353217e+03,3.880648537509512e+03,5.882352941176471e-01,48845441
3.919595222021582e+03,3.880093583895753e+03,1.764705882352941e+00,48845439
3.919751029528352e+03,3.880660296936929e+03,5.882352941176471e-01,48845442
3.920418910235570e+03,3.881304482697601e+03,5.882352941176471e-01,48845443
3.921359927903935e+03,3.881397180130571e+03,5.882352941176471e-01,48845444
3.922183616117923e+03,3.883087825447032e+03,5.882352941176471e-01,48845446
3.923124633786288e+03,3.883219208072092e+03,5.882352941176471e-01,48845447
3.923948322000276e+03,3.883701176308024e+03,5.882352941176471e-01,48845448
3.925045147175411e+03,3.881816640030103e+03,1.764705882352941e+00,48845445
3.925713027882629e+03,3.886798103513119e+03,5.882352941176471e-01,48845450
3.926654045550994e+03,3.886034363953947e+03,1.176470588235294e+00,48845449
3.926809853057764e+03,3.888122572020323e+03,5.882352941176471e-01,48845451
3.927477733764981e+03,3.888398951466314e+03,5.882352941176471e-01,48845452
3.931007145529687e+03,3.890248543724298e+03,1.176470588235294e+00,48845455
3.931948163198053e+03,3.888786291132238e+03,1.764705882352941e+00,48845453
3.932103970704822e+03,3.889355981540494e+03,1.764705882352941e+00,48845454
3.932771851412040e+03,3.891400450696470e+03,5.882352941176471e-01,48845456
3.933712869080405e+03,3.893107400585144e+03,5.882352941176471e-01,48845457
3.933868676587175e+03,3.893192225894495e+03,5.882352941176471e-01,48845458
3.934536557294393e+03,3.893686275604606e+03,5.882352941176471e-01,48845459
3.938065969059099e+03,3.895506334873107e+03,1.176470588235294e+00,48845462
3.939006986727464e+03,3.894959972078031e+03,1.764705882352941e+00,48845460
3.939162794234234e+03,3.895238482847159e+03,1.764705882352941e+00,48845461
3.940771692609817e+03,3.898631122444263e+03,5.882352941176471e-01,48845464
3.940927500116587e+03,3.901804406213548e+03,5.882352941176471e-01,48845465
3.942536398492170e+03,3.903551260548217e+03,5.882352941176471e-01,48845466
3.943360086706158e+03,3.896490283333764e+03,1.764705882352941e+00,48845463
3.944456911881293e+03,3.903696613920811e+03,1.176470588235294e+00,48845467
3.946065810256876e+03,3.903955807180070e+03,1.176470588235294e+00,48845468
3.947830516139229e+03,3.907876481439418e+03,5.882352941176471e-01,48845471
3.948654204353217e+03,3.904645829162840e+03,1.764705882352941e+00,48845469
3.949751029528352e+03,3.906781899281191e+03,1.764705882352941e+00,48845470
3.950418910235570e+03,3.909818841051835e+03,5.882352941176471e-01,48845473
3.951515735410705e+03,3.911175156736831e+03,5.882352941176471e-01,48845474
3.952183616117923e+03,3.911433104190854e+03,5.882352941176471e-01,48845475
3.953124633786288e+03,3.908538629254543e+03,1.764705882352941e+00,48845472
3.953948322000276e+03,3.917256380675788e+03,5.882352941176471e-01,48845477
3.954889339668641e+03,3.917924399736707e+03,5.882352941176471e-01,48845478
3.955713027882629e+03,3.918440713401107e+03,5.882352941176471e-01,48845479
3.956654045550994e+03,3.920436440196297e+03,5.882352941176471e-01,48845480
3.956809853057764e+03,3.913542046506690e+03,1.764705882352941e+00,48845476
3.957477733764981e+03,3.922108008039686e+03,5.882352941176471e-01,48845481
3.959242439647334e+03,3.925326607881634e+03,5.882352941176471e-01,48845484
3.961007145529687e+03,3.926282386037698e+03,5.882352941176471e-01,48845485
3.961948163198053e+03,3.922140695119278e+03,1.764705882352941e+00,48845482
3.962103970704822e+03,3.923760504989775e+03,1.764705882352941e+00,48845483
3.963712869080405e+03,3.927751745164194e+03,5.882352941176471e-01,48845487
3.964536557294393e+03,3.926620842399051e+03,1.176470588235294e+00,48845486
3.965477574962758e+03,3.932857116041677e+03,5.882352941176471e-01,48845489
3.967242280845111e+03,3.933158951357597e+03,5.882352941176471e-01,48845491
3.967398088351881e+03,3.929292825553642e+03,1.764705882352941e+00,48845488
3.969162794234234e+03,3.935036803428451e+03,5.882352941176471e-01,48845493
3.969830674941452e+03,3.932871434028375e+03,1.764705882352941e+00,48845490
3.970771692609817e+03,3.933414595535495e+03,1.176470588235294e+00,48845492
3.970927500116587e+03,3.935117111445033e+03,5.882352941176471e-01,48845494
3.971595380823805e+03,3.935850690672027e+03,5.882352941176471e-01,48845495
3.972692205998940e+03,3.937076755504754e+03,5.882352941176471e-01,48845497
3.973360086706158e+03,3.937713769858447e+03,5.882352941176471e-01,48845498
3.974456911881293e+03,3.938206690961554e+03,5.882352941176471e-01,48845499
3.975124792588511e+03,3.940180537527688e+03,5.882352941176471e-01,48845500
3.976065810256876e+03,3.936459835296162e+03,1.764705882352941e+00,48845496
3.976221617763646e+03,3.940930025790122e+03,5.882352941176471e-01,48845501
3.977986323645999e+03,3.943715318003636e+03,5.882352941176471e-01,48845504
3.979751029528352e+03,3.944403637451598e+03,5.882352941176471e-01,48845505
3.980418910235570e+03,3.942282645792401e+03,1.764705882352941e+00,48845502
3.981359927903935e+03,3.943378216101870e+03,1.764705882352941e+00,48845503
3.982183616117923e+03,3.945623453714638e+03,5.882352941176471e-01,48845507
3.983124633786288e+03,3.946357760861210e+03,5.882352941176471e-01,48845508
3.983280441293058e+03,3.945251903488692e+03,1.176470588235294e+00,48845506
3.983948322000276e+03,3.946730139687327e+03,5.882352941176471e-01,48845509
3.985045147175411e+03,3.948004758783615e+03,5.882352941176471e-01,48845511
3.985713027882629e+03,3.948603182974105e+03,5.882352941176471e-01,48845512
3.987477733764981e+03,3.950250624610849e+03,5.882352941176471e-01,48845514
3.988418751433347e+03,3.947672808419145e+03,1.764705882352941e+00,48845510
3.990183457315700e+03,3.951344581828068e+03,5.882352941176471e-01,48845516
3.990339264822469e+03,3.949281757749027e+03,1.764705882352941e+00,48845513
3.992771851412040e+03,3.950553564435919e+03,1.764705882352941e+00,48845515
3.993712869080405e+03,3.952553387607056e+03,1.176470588235294e+00,48845517
3.994536557294393e+03,3.954699270890772e+03,5.882352941176471e-01,48845519
3.995477574962758e+03,3.956862783070964e+03,5.882352941176471e-01,48845520
3.995633382469528e+03,3.953895401540120e+03,1.764705882352941e+00,48845518
3.996301263176746e+03,3.960447275264207e+03,5.882352941176471e-01,48845521
3.997242280845111e+03,3.962192523912098e+03,5.882352941176471e-01,48845522
3.998065969059099e+03,3.963580816955433e+03,5.882352941176471e-01,48845524
3.999162794234234e+03,3.963557648576840e+03,1.176470588235294e+00,48845523
4.000927500116587e+03,3.965996718613481e+03,5.882352941176471e-01,48845527
4.001595380823805e+03,3.965985841282636e+03,1.176470588235294e+00,48845526
4.002536398492170e+03,3.965545413383958e+03,1.764705882352941e+00,48845525
4.003360086706158e+03,3.966327722859774e+03,5.882352941176471e-01,48845529
4.006221617763646e+03,3.966290767102638e+03,1.764705882352941e+00,48845528
4.007830516139229e+03,3.967206728470423e+03,1.764705882352941e+00,48845530
4.008654204353217e+03,3.969843711898415e+03,1.764705882352941e+00,48845531
4.009595222021582e+03,3.972009595614538e+03,5.882352941176471e-01,48845533
4.009751029528352e+03,3.970405491879191e+03,1.176470588235294e+00,48845532
4.010418910235570e+03,3.972085209874986e+03,5.882352941176471e-01,48845534
4.011359927903935e+03,3.972119486708787e+03,5.882352941176471e-01,48845535
4.012183616117923e+03,3.974364335862715e+03,5.882352941176471e-01,48845537
4.013124633786288e+03,3.975210041794143e+03,5.882352941176471e-01,48845538
4.013948322000276e+03,3.975700385517830e+03,5.882352941176471e-01,48845539
4.014889339668641e+03,3.977266194463615e+03,5.882352941176471e-01,48845540
4.015045147175411e+03,3.974328021843386e+03,1.764705882352941e+00,48845536
4.016809853057764e+03,3.983534107146995e+03,5.882352941176471e-01,48845543
4.018574558940116e+03,3.983717607908724e+03,5.882352941176471e-01,48845544
4.019242439647334e+03,3.980951331838434e+03,1.764705882352941e+00,48845541
4.020183457315700e+03,3.981728988714423e+03,1.764705882352941e+00,48845542
4.020339264822469e+03,3.985452675581573e+03,5.882352941176471e-01,48845545
4.021948163198053e+03,3.987264297916075e+03,5.882352941176471e-01,48845547
4.022103970704822e+03,3.987335710698316e+03,5.882352941176471e-01,48845548
4.022771851412040e+03,3.986579120285489e+03,1.176470588235294e+00,48845546
4.023868676587175e+03,3.990208188993762e+03,5.882352941176471e-01,48845550
4.024536557294393e+03,3.991114757060419e+03,5.882352941176471e-01,48845551
4.025633382469528e+03,3.994348903260291e+03,5.882352941176471e-01,48845552
4.027242280845111e+03,3.987449569833029e+03,1.764705882352941e+00,48845549
4.027398088351881e+03,3.994861961460623e+03,5.882352941176471e-01,48845554
4.029162794234234e+03,3.998131010576255e+03,5.882352941176471e-01,48845556
4.029830674941452e+03,3.994819117468621e+03,1.764705882352941e+00,48845553
4.030771692609817e+03,3.994958273936364e+03,1.176470588235294e+00,48845555
4.030927500116587e+03,3.999340022216527e+03,5.882352941176471e-01,48845557
4.033360086706158e+03,3.999672921517623e+03,1.176470588235294e+00,48845558
4.034301104374523e+03,4.001285516016380e+03,1.176470588235294e+00,48845559
4.036221617763646e+03,4.004808073419923e+03,1.764705882352941e+00,48845560
4.037986323645999e+03,4.007058789298085e+03,5.882352941176471e-01,48845563
4.038654204353217e+03,4.005046396790111e+03,1.764705882352941e+00,48845561
4.039595222021582e+03,4.005337201322495e+03,1.764705882352941e+00,48845562
4.039751029528352e+03,4.007733847520536e+03,5.882352941176471e-01,48845564
4.040418910235570e+03,4.007741877485744e+03,5.882352941176471e-01,48845565
4.041359927903935e+03,4.008720849627952e+03,5.882352941176471e-01,48845566
4.041515735410705e+03,4.008889998727716e+03,5.882352941176471e-01,48845567
4.042183616117923e+03,4.010964104622207e+03,5.882352941176471e-01,48845568
4.043948322000276e+03,4.012578085666795e+03,5.882352941176471e-01,48845571
4.046654045550994e+03,4.011700242175853e+03,1.764705882352941e+00,48845569
4.046809853057764e+03,4.012428838318080e+03,1.764705882352941e+00,48845570
4.048418751433347e+03,4.015878706248842e+03,5.882352941176471e-01,48845573
4.048574558940116e+03,4.016492013463562e+03,5.882352941176471e-01,48845574
4.049242439647334e+03,4.013338071572334e+03,1.764705882352941e+00,48845572
4.050339264822469e+03,4.019066237889640e+03,5.882352941176471e-01,48845576
4.051007145529687e+03,4.019508404524612e+03,5.882352941176471e-01,48845577
4.051948163198053e+03,4.018740897797297e+03,1.176470588235294e+00,48845575
4.052771851412040e+03,4.023206602788401e+03,5.882352941176471e-01,48845579
4.053712869080405e+03,4.023293228956666e+03,5.882352941176471e-01,48845580
4.053868676587175e+03,4.022135947242662e+03,1.176470588235294e+00,48845578
4.055633382469528e+03,4.024017573263980e+03,5.882352941176471e-01,48845583
4.057242280845111e+03,4.024016201281270e+03,1.176470588235294e+00,48845582
4.057398088351881e+03,4.025718902216082e+03,5.882352941176471e-01,48845584
4.058065969059099e+03,4.023641447445659e+03,1.764705882352941e+00,48845581
4.059006986727464e+03,4.025745901837049e+03,5.882352941176471e-01,48845585
4.060927500116587e+03,4.026058857280501e+03,1.176470588235294e+00,48845586
4.061595380823805e+03,4.027059299107735e+03,1.176470588235294e+00,48845587
4.062692205998940e+03,4.027616659462939e+03,5.882352941176471e-01,48845589
4.064301104374523e+03,4.027137726604808e+03,1.764705882352941e+00,48845588
4.064456911881293e+03,4.029715410119871e+03,5.882352941176471e-01,48845591
4.066065810256876e+03,4.030156339663432e+03,5.882352941176471e-01,48845592
4.066889498470864e+03,4.028406812196268e+03,1.764705882352941e+00,48845590
4.067830516139229e+03,4.032058186318525e+03,5.882352941176471e-01,48845594
4.068654204353217e+03,4.032566017764617e+03,5.882352941176471e-01,48845595
4.069751029528352e+03,4.030246870593072e+03,1.764705882352941e+00,48845593
4.071515735410705e+03,4.034891328015284e+03,5.882352941176471e-01,48845598
4.073124633786288e+03,4.033574080922978e+03,1.764705882352941e+00,48845596
4.073948322000276e+03,4.034694398329945e+03,1.764705882352941e+00,48845597
4.074889339668641e+03,4.036390018855980e+03,5.882352941176471e-01,48845600
4.076809853057764e+03,4.035218782467731e+03,1.764705882352941e+00,48845599
4.078574558940116e+03,4.038844823201109e+03,5.882352941176471e-01,48845603
4.079242439647334e+03,4.037122257709369e+03,1.764705882352941e+00,48845601
4.080183457315700e+03,4.038522191441755e+03,1.764705882352941e+00,48845602
4.081007145529687e+03,4.043158601021846e+03,5.882352941176471e-01,48845605
4.081948163198053e+03,4.043796034519773e+03,5.882352941176471e-01,48845606
4.082771851412040e+03,4.043864786634744e+03,5.882352941176471e-01,48845607
4.083868676587175e+03,4.039370727720161e+03,1.764705882352941e+00,48845604
4.084536557294393e+03,4.047378014172955e+03,5.882352941176471e-01,48845609
4.086301263176746e+03,4.048311058451371e+03,5.882352941176471e-01,48845611
4.087242280845111e+03,4.046343514189657e+03,1.764705882352941e+00,48845608
4.088065969059099e+03,4.048686903348883e+03,5.882352941176471e-01,48845612
4.089006986727464e+03,4.048948720195847e+03,5.882352941176471e-01,48845613
4.089162794234234e+03,4.047573329608329e+03,1.764705882352941e+00,48845610
4.090771692609817e+03,4.050076006616798e+03,5.882352941176471e-01,48845615
4.090927500116587e+03,4.050178534800604e+03,5.882352941176471e-01,48845616
4.092692205998940e+03,4.050763898924540e+03,5.882352941176471e-01,48845618
4.093360086706158e+03,4.049332062617937e+03,1.764705882352941e+00,48845614
4.095124792588511e+03,4.051910578321635e+03,5.882352941176471e-01,48845620
4.096065810256876e+03,4.050231246923917e+03,1.764705882352941e+00,48845617
4.096221617763646e+03,4.051005793063016e+03,1.176470588235294e+00,48845619
4.097830516139229e+03,4.052656867002012e+03,5.882352941176471e-01,48845622
4.097986323645999e+03,4.053731661196294e+03,5.882352941176471e-01,48845623
4.099595222021582e+03,4.054931893108205e+03,5.882352941176471e-01,48845624
4.100418910235570e+03,4.052351022882952e+03,1.764705882352941e+00,48845621
4.103280441293058e+03,4.055501147854798e+03,1.764705882352941e+00,48845625
4.104889339668641e+03,4.055800421533291e+03,1.764705882352941e+00,48845626
4.105045147175411e+03,4.058079802785634e+03,5.882352941176471e-01,48845628
4.105713027882629e+03,4.056972147411964e+03,1.764705882352941e+00,48845627
4.107477733764981e+03,4.060547239860345e+03,5.882352941176471e-01,48845631
4.109242439647334e+03,4.061526708445212e+03,5.882352941176471e-01,48845632
4.110183457315700e+03,4.059840154078373e+03,1.764705882352941e+00,48845629
4.110339264822469e+03,4.060395756450894e+03,1.764705882352941e+00,48845630
4.111007145529687e+03,4.064364486045788e+03,5.882352941176471e-01,48845633
4.111948163198053e+03,4.064551380961450e+03,5.882352941176471e-01,48845634
4.112103970704822e+03,4.067204400830336e+03,5.882352941176471e-01,48845635
4.112771851412040e+03,4.067677730037813e+03,5.882352941176471e-01,48845636
4.113712869080405e+03,4.069016720943981e+03,5.882352941176471e-01,48845637
4.113868676587175e+03,4.069150936502644e+03,5.882352941176471e-01,48845638
4.114536557294393e+03,4.070726377583989e+03,5.882352941176471e-01,48845639
4.115633382469528e+03,4.071819065447950e+03,5.882352941176471e-01,48845641
4.117398088351881e+03,4.072805761388549e+03,5.882352941176471e-01,48845643
4.119006986727464e+03,4.071294786544250e+03,1.764705882352941e+00,48845640
4.119830674941452e+03,4.072720983588201e+03,1.764705882352941e+00,48845642
4.120771692609817e+03,4.075313543809143e+03,5.882352941176471e-01,48845645
4.121595380823805e+03,4.075615533927257e+03,5.882352941176471e-01,48845646
4.122536398492170e+03,4.076868467307650e+03,5.882352941176471e-01,48845647
4.122692205998940e+03,4.074472550884129e+03,1.764705882352941e+00,48845644
4.123360086706158e+03,4.077796830260689e+03,5.882352941176471e-01,48845648
4.124301104374523e+03,4.078387205873091e+03,5.882352941176471e-01,48845649
4.124456911881293e+03,4.079599729565142e+03,5.882352941176471e-01,48845650
4.125124792588511e+03,4.080262768908732e+03,5.882352941176471e-01,48845651
4.126889498470864e+03,4.082842948335099e+03,5.882352941176471e-01,48845654
4.128654204353217e+03,4.083304344754367e+03,5.882352941176471e-01,48845655
4.129595222021582e+03,4.081007993080712e+03,1.764705882352941e+00,48845652
4.129751029528352e+03,4.082467819998360e+03,1.764705882352941e+00,48845653
4.131359927903935e+03,4.083761575086580e+03,5.882352941176471e-01,48845657
4.131515735410705e+03,4.084721625382650e+03,5.882352941176471e-01,48845658
4.132183616117923e+03,4.083389971390056e+03,1.176470588235294e+00,48845656
4.133280441293058e+03,4.086749590534292e+03,5.882352941176471e-01,48845660
4.133948322000276e+03,4.087152301465166e+03,5.882352941176471e-01,48845661
4.135713027882629e+03,4.091017389598187e+03,5.882352941176471e-01,48845663
4.136654045550994e+03,4.086144052351000e+03,1.764705882352941e+00,48845659
4.137477733764981e+03,4.091158094484382e+03,5.882352941176471e-01,48845664
4.138418751433347e+03,4.093065261638489e+03,5.882352941176471e-01,48845665
4.138574558940116e+03,4.088885599648449e+03,1.764705882352941e+00,48845662
4.140183457315700e+03,4.094545315045457e+03,5.882352941176471e-01,48845667
4.140339264822469e+03,4.094984545556403e+03,5.882352941176471e-01,48845668
4.141948163198053e+03,4.095138246230363e+03,5.882352941176471e-01,48845669
4.142103970704822e+03,4.096337419991829e+03,5.882352941176471e-01,48845670
4.142771851412040e+03,4.093526035866725e+03,1.764705882352941e+00,48845666
4.143712869080405e+03,4.097305157694282e+03,5.882352941176471e-01,48845671
4.143868676587175e+03,4.098294042111011e+03,5.882352941176471e-01,48845672
4.144536557294393e+03,4.099522257665633e+03,5.882352941176471e-01,48845673
4.145477574962758e+03,4.099959336072976e+03,5.882352941176471e-01,48845674
4.145633382469528e+03,4.101320049149431e+03,5.882352941176471e-01,48845675
4.146301263176746e+03,4.101449970457355e+03,5.882352941176471e-01,48845676
4.150771692609817e+03,4.101887256725950e+03,1.764705882352941e+00,48845677
4.150927500116587e+03,4.102611292717094e+03,1.764705882352941e+00,48845678
4.151595380823805e+03,4.103122753467480e+03,1.764705882352941e+00,48845679
4.152536398492170e+03,4.103189718489458e+03,5.882352941176471e-01,48845680
4.152692205998940e+03,4.103342467984355e+03,5.882352941176471e-01,48845681
4.153360086706158e+03,4.104051430852836e+03,5.882352941176471e-01,48845682
4.154301104374523e+03,4.108782040745247e+03,5.882352941176471e-01,48845683
4.154456911881293e+03,4.109048357653531e+03,5.882352941176471e-01,48845684
4.155124792588511e+03,4.109101596467848e+03,5.882352941176471e-01,48845685
4.156065810256876e+03,4.109430803139241e+03,5.882352941176471e-01,48845686
4.156889498470864e+03,4.109709990775444e+03,5.882352941176471e-01,48845688
4.157830516139229e+03,4.111078471359039e+03,5.882352941176471e-01,48845689
4.158654204353217e+03,4.111491543055939e+03,5.882352941176471e-01,48845690
4.159595222021582e+03,4.112073895373235e+03,5.882352941176471e-01,48845691
4.159751029528352e+03,4.109444420853463e+03,1.764705882352941e+00,48845687
4.161359927903935e+03,4.114185209800439e+03,5.882352941176471e-01,48845693
4.163124633786288e+03,4.116637556783432e+03,5.882352941176471e-01,48845695
4.163948322000276e+03,4.114147648993945e+03,1.764705882352941e+00,48845692
4.165045147175411e+03,4.115055861757239e+03,1.764705882352941e+00,48845694
4.165713027882629e+03,4.119261167212826e+03,5.882352941176471e-01,48845697
4.166809853057764e+03,4.120465242684527e+03,5.882352941176471e-01,48845698
4.167477733764981e+03,4.120551742303819e+03,5.882352941176471e-01,48845699
4.168418751433347e+03,4.116785679767985e+03,1.764705882352941e+00,48845696
4.168574558940116e+03,4.124377092824967e+03,5.882352941176471e-01,48845700
4.169242439647334e+03,4.124594265671847e+03,5.882352941176471e-01,48845701
4.170183457315700e+03,4.125395657141352e+03,5.882352941176471e-01,48845702
4.171948163198053e+03,4.126620717708364e+03,5.882352941176471e-01,48845705
4.173712869080405e+03,4.127005148074243e+03,5.882352941176471e-01,48845706
4.173868676587175e+03,4.125663392265449e+03,1.764705882352941e+00,48845703
4.174536557294393e+03,4.126034436198399e+03,1.764705882352941e+00,48845704
4.176301263176746e+03,4.128731088156891e+03,5.882352941176471e-01,48845709
4.179006986727464e+03,4.128306676677396e+03,1.764705882352941e+00,48845707
4.179162794234234e+03,4.128696560864246e+03,1.764705882352941e+00,48845708
4.180927500116587e+03,4.131508641268800e+03,5.882352941176471e-01,48845712
4.181595380823805e+03,4.129162719587654e+03,1.764705882352941e+00,48845710
4.182536398492170e+03,4.130413285882100e+03,1.176470588235294e+00,48845711
4.186221617763646e+03,4.132132862388088e+03,1.764705882352941e+00,48845713
4.186889498470864e+03,4.133857243024435e+03,1.764705882352941e+00,48845714
4.187830516139229e+03,4.135861817346680e+03,1.764705882352941e+00,48845715
4.189751029528352e+03,4.136267816598936e+03,1.176470588235294e+00,48845716
4.192183616117923e+03,4.137119922082471e+03,1.764705882352941e+00,48845717
4.193124633786288e+03,4.137266583754248e+03,1.764705882352941e+00,48845718
4.193280441293058e+03,4.137405794183119e+03,1.176470588235294e+00,48845719
4.195045147175411e+03,4.143505303670755e+03,5.882352941176471e-01,48845722
4.196809853057764e+03,4.144017292514647e+03,5.882352941176471e-01,48845723
4.197477733764981e+03,4.138541900333108e+03,1.764705882352941e+00,48845720
4.198418751433347e+03,4.138921642320193e+03,1.764705882352941e+00,48845721
4.198574558940116e+03,4.148670919835637e+03,5.882352941176471e-01,48845724
4.199242439647334e+03,4.149749275557512e+03,5.882352941176471e-01,48845725
4.200183457315700e+03,4.150001295039230e+03,5.882352941176471e-01,48845726
4.201948163198053e+03,4.154435696263680e+03,5.882352941176471e-01,48845729
4.203712869080405e+03,4.155548359809317e+03,5.882352941176471e-01,48845730
4.203868676587175e+03,4.152955138831613e+03,1.764705882352941e+00,48845727
4.204536557294393e+03,4.153242198141880e+03,1.764705882352941e+00,48845728
4.205477574962758e+03,4.155848965040986e+03,5.882352941176471e-01,48845731
4.207242280845111e+03,4.159959285805444e+03,5.882352941176471e-01,48845734
4.209162794234234e+03,4.156417800026887e+03,1.764705882352941e+00,48845732
4.209830674941452e+03,4.158217256185985e+03,1.764705882352941e+00,48845733
4.211595380823805e+03,4.162501012609009e+03,5.882352941176471e-01,48845737
4.212536398492170e+03,4.160532014864578e+03,1.764705882352941e+00,48845735
4.212692205998940e+03,4.161907731713558e+03,1.176470588235294e+00,48845736
4.214301104374523e+03,4.164807335972774e+03,5.882352941176471e-01,48845739
4.215124792588511e+03,4.164321432449358e+03,1.176470588235294e+00,48845738
4.216065810256876e+03,4.165754603306774e+03,5.882352941176471e-01,48845741
4.217830516139229e+03,4.166864033430929e+03,5.882352941176471e-01,48845743
4.217986323645999e+03,4.165457040461723e+03,1.764705882352941e+00,48845740
4.218654204353217e+03,4.165916062451575e+03,1.176470588235294e+00,48845742
4.219751029528352e+03,4.170730286886364e+03,5.882352941176471e-01,48845745
4.220418910235570e+03,4.171468968780534e+03,5.882352941176471e-01,48845746
4.221515735410705e+03,4.171835333765965e+03,5.882352941176471e-01,48845747
4.223124633786288e+03,4.168550780331232e+03,1.764705882352941e+00,48845744
4.224889339668641e+03,4.176025145555792e+03,5.882352941176471e-01,48845750
4.225713027882629e+03,4.173572636815900e+03,1.764705882352941e+00,48845748
4.226654045550994e+03,4.178323155697523e+03,5.882352941176471e-01,48845751
4.226809853057764e+03,4.175082455171831e+03,1.764705882352941e+00,48845749
4.227477733764981e+03,4.179243019743435e+03,5.882352941176471e-01,48845752
4.228418751433347e+03,4.179455690298088e+03,5.882352941176471e-01,48845753
4.229242439647334e+03,4.183745593652012e+03,5.882352941176471e-01,48845755
4.230183457315700e+03,4.184602013285438e+03,5.882352941176471e-01,48845756
4.230339264822469e+03,4.182523256290182e+03,1.176470588235294e+00,48845754
4.231007145529687e+03,4.187099691337572e+03,5.882352941176471e-01,48845757
4.233868676587175e+03,4.187907276311726e+03,1.176470588235294e+00,48845759
4.235477574962758e+03,4.187376102439180e+03,1.764705882352941e+00,48845758
4.235633382469528e+03,4.189003364802802e+03,5.882352941176471e-01,48845761
4.236301263176746e+03,4.188937271007017e+03,1.764705882352941e+00,48845760
4.237242280845111e+03,4.189856034403796e+03,5.882352941176471e-01,48845762
4.237398088351881e+03,4.190199658707541e+03,5.882352941176471e-01,48845763
4.238065969059099e+03,4.190582741998387e+03,5.882352941176471e-01,48845764
4.239006986727464e+03,4.192174683361857e+03,5.882352941176471e-01,48845765
4.239162794234234e+03,4.192509757848798e+03,5.882352941176471e-01,48845766
4.239830674941452e+03,4.194346928601621e+03,5.882352941176471e-01,48845767
4.241595380823805e+03,4.196190193397773e+03,5.882352941176471e-01,48845770
4.244301104374523e+03,4.194370187932191e+03,1.764705882352941e+00,48845768
4.244456911881293e+03,4.195994734103741e+03,1.764705882352941e+00,48845769
4.245124792588511e+03,4.196448012249076e+03,1.176470588235294e+00,48845771
4.246065810256876e+03,4.196589273923513e+03,5.882352941176471e-01,48845772
4.247830516139229e+03,4.199572241426856e+03,5.882352941176471e-01,48845775
4.248654204353217e+03,4.199352328460365e+03,1.176470588235294e+00,48845774
4.249595222021582e+03,4.200716031495076e+03,5.882352941176471e-01,48845776
4.249751029528352e+03,4.196589818872578e+03,1.764705882352941e+00,48845773
4.250418910235570e+03,4.204363723135473e+03,5.882352941176471e-01,48845777
4.251359927903935e+03,4.204386038900617e+03,5.882352941176471e-01,48845778
4.251515735410705e+03,4.205369847121424e+03,5.882352941176471e-01,48845779
4.252183616117923e+03,4.206128984187165e+03,5.882352941176471e-01,48845780
4.256654045550994e+03,4.206663850546800e+03,1.764705882352941e+00,48845781
4.256809853057764e+03,4.206861681176435e+03,1.764705882352941e+00,48845782
4.257477733764981e+03,4.207289955448530e+03,1.764705882352941e+00,48845783
4.258574558940116e+03,4.208758497696593e+03,5.882352941176471e-01,48845785
4.260183457315700e+03,4.208755122529630e+03,1.176470588235294e+00,48845784
4.260339264822469e+03,4.209715448548961e+03,5.882352941176471e-01,48845787
4.261948163198053e+03,4.210546774390758e+03,5.882352941176471e-01,48845788
4.262771851412040e+03,4.209229452165712e+03,1.764705882352941e+00,48845786
4.263712869080405e+03,4.211737355829429e+03,5.882352941176471e-01,48845790
4.265477574962758e+03,4.212131309733347e+03,5.882352941176471e-01,48845792
4.265633382469528e+03,4.210824375055650e+03,1.764705882352941e+00,48845789
4.267242280845111e+03,4.212861913521223e+03,5.882352941176471e-01,48845793
4.267398088351881e+03,4.213834774063753e+03,5.882352941176471e-01,48845794
4.268065969059099e+03,4.211757551810722e+03,1.764705882352941e+00,48845791
4.269006986727464e+03,4.214101702560480e+03,5.882352941176471e-01,48845795
4.269162794234234e+03,4.216714580695114e+03,5.882352941176471e-01,48845796
4.271595380823805e+03,4.217920592725978e+03,1.176470588235294e+00,48845797
4.272536398492170e+03,4.218922573154416e+03,1.176470588235294e+00,48845798
4.273360086706158e+03,4.219867515563384e+03,5.882352941176471e-01,48845800
4.274456911881293e+03,4.219462834298678e+03,1.764705882352941e+00,48845799
4.275124792588511e+03,4.221354626419131e+03,5.882352941176471e-01,48845802
4.276065810256876e+03,4.220104583916179e+03,1.176470588235294e+00,48845801
4.276889498470864e+03,4.222461400317101e+03,5.882352941176471e-01,48845804
4.277986323645999e+03,4.221519503561054e+03,1.176470588235294e+00,48845803
4.279595222021582e+03,4.223427459156925e+03,1.176470588235294e+00,48845805
4.279751029528352e+03,4.224362016405659e+03,5.882352941176471e-01,48845807
4.280418910235570e+03,4.223734620907918e+03,1.176470588235294e+00,48845806
4.282183616117923e+03,4.226964974107208e+03,5.882352941176471e-01,48845810
4.284889339668641e+03,4.225072721466971e+03,1.764705882352941e+00,48845808
4.285045147175411e+03,4.226137288174500e+03,1.764705882352941e+00,48845809
4.286654045550994e+03,4.227585075504322e+03,5.882352941176471e-01,48845812
4.286809853057764e+03,4.228685320952463e+03,5.882352941176471e-01,48845813
4.287477733764981e+03,4.226991950094552e+03,1.764705882352941e+00,48845811
4.289242439647334e+03,4.232078426411766e+03,5.882352941176471e-01,48845816
4.291007145529687e+03,4.235161619204869e+03,5.882352941176471e-01,48845817
4.291948163198053e+03,4.228764041720264e+03,1.764705882352941e+00,48845814
4.292103970704822e+03,4.231231334753667e+03,1.764705882352941e+00,48845815
4.293712869080405e+03,4.235755851733406e+03,5.882352941176471e-01,48845819
4.295477574962758e+03,4.237187621363550e+03,5.882352941176471e-01,48845821
4.295633382469528e+03,4.235802756437846e+03,1.176470588235294e+00,48845820
4.296301263176746e+03,4.235256207490840e+03,1.764705882352941e+00,48845818
4.297242280845111e+03,4.237615373328617e+03,5.882352941176471e-01,48845822
4.297398088351881e+03,4.237730448644269e+03,5.882352941176471e-01,48845823
4.299006986727464e+03,4.240900455671525e+03,5.882352941176471e-01,48845825
4.300927500116587e+03,4.241349447844440e+03,1.176470588235294e+00,48845826
4.301595380823805e+03,4.239176698386280e+03,1.764705882352941e+00,48845824
4.304301104374523e+03,4.241726135083190e+03,1.764705882352941e+00,48845827
4.306065810256876e+03,4.242986626936916e+03,5.882352941176471e-01,48845830
4.306221617763646e+03,4.242659177450973e+03,1.764705882352941e+00,48845828
4.306889498470864e+03,4.242904542703010e+03,1.764705882352941e+00,48845829
4.307830516139229e+03,4.244003362757521e+03,5.882352941176471e-01,48845831
4.307986323645999e+03,4.245378627130002e+03,5.882352941176471e-01,48845832
4.308654204353217e+03,4.245618728927323e+03,5.882352941176471e-01,48845833
4.309595222021582e+03,4.247582399630080e+03,5.882352941176471e-01,48845834
4.309751029528352e+03,4.248240999063827e+03,5.882352941176471e-01,48845835
4.310418910235570e+03,4.248935971711848e+03,5.882352941176471e-01,48845836
4.311359927903935e+03,4.249297224284646e+03,5.882352941176471e-01,48845837
4.311515735410705e+03,4.251667751111870e+03,5.882352941176471e-01,48845838
4.312183616117923e+03,4.255162833223116e+03,5.882352941176471e-01,48845839
4.313124633786288e+03,4.255567090063598e+03,5.882352941176471e-01,48845840
4.313280441293058e+03,4.256881917095072e+03,5.882352941176471e-01,48845841
4.314889339668641e+03,4.260735190557838e+03,5.882352941176471e-01,48845843
4.316654045550994e+03,4.262698985301611e+03,5.882352941176471e-01,48845845
4.317477733764981e+03,4.257771319675055e+03,1.764705882352941e+00,48845842
4.318418751433347e+03,4.263396928996449e+03,5.882352941176471e-01,48845846
4.318574558940116e+03,4.261329963084650e+03,1.764705882352941e+00,48845844
4.320183457315700e+03,4.265349956296485e+03,5.882352941176471e-01,48845848
4.320339264822469e+03,4.265906630617064e+03,5.882352941176471e-01,48845849
4.321007145529687e+03,4.264858966725595e+03,1.176470588235294e+00,48845847
4.322103970704822e+03,4.266643844181074e+03,5.882352941176471e-01,48845851
4.323712869080405e+03,4.266057019005718e+03,1.176470588235294e+00,48845850
4.325477574962758e+03,4.270619058060341e+03,5.882352941176471e-01,48845854
4.326301263176746e+03,4.266922269194145e+03,1.764705882352941e+00,48845852
4.327242280845111e+03,4.270774747815091e+03,5.882352941176471e-01,48845855
4.327398088351881e+03,4.268827894774579e+03,1.764705882352941e+00,48845853
4.328065969059099e+03,4.272772949743633e+03,5.882352941176471e-01,48845856
4.329162794234234e+03,4.275206615635697e+03,5.882352941176471e-01,48845858
4.329830674941452e+03,4.279818857188292e+03,5.882352941176471e-01,48845859
4.330771692609817e+03,4.275039222865360e+03,1.176470588235294e+00,48845857
4.334456911881293e+03,4.281344214790570e+03,1.764705882352941e+00,48845860
4.335124792588511e+03,4.282331625094875e+03,1.764705882352941e+00,48845861
4.336065810256876e+03,4.283156282629453e+03,1.764705882352941e+00,48845862
4.338654204353217e+03,4.285013453431168e+03,1.176470588235294e+00,48845864
4.339751029528352e+03,4.283621240785363e+03,1.764705882352941e+00,48845863
4.340418910235570e+03,4.285800843806635e+03,5.882352941176471e-01,48845866
4.341359927903935e+03,4.285255260308256e+03,1.764705882352941e+00,48845865
4.341515735410705e+03,4.286890760056971e+03,5.882352941176471e-01,48845867
4.342183616117923e+03,4.287322750489624e+03,5.882352941176471e-01,48845868
4.343948322000276e+03,4.288667099881408e+03,5.882352941176471e-01,48845871
4.344889339668641e+03,4.288528660731087e+03,1.176470588235294e+00,48845869
4.346654045550994e+03,4.290545830765385e+03,5.882352941176471e-01,48845873
4.346809853057764e+03,4.288656080635273e+03,1.764705882352941e+00,48845870
4.347477733764981e+03,4.288977110727374e+03,1.176470588235294e+00,48845872
4.348418751433347e+03,4.292277050188936e+03,5.882352941176471e-01,48845874
4.350183457315700e+03,4.293382421548268e+03,5.882352941176471e-01,48845877
4.351948163198053e+03,4.294343771013077e+03,5.882352941176471e-01,48845878
4.352103970704822e+03,4.292413506553825e+03,1.764705882352941e+00,48845875
4.352771851412040e+03,4.293183894385563e+03,1.764705882352941e+00,48845876
4.354536557294393e+03,4.295753150513352e+03,5.882352941176471e-01,48845881
4.357242280845111e+03,4.294905605373403e+03,1.764705882352941e+00,48845879
4.357398088351881e+03,4.295663482335770e+03,1.764705882352941e+00,48845880
4.359006986727464e+03,4.297648132976511e+03,5.882352941176471e-01,48845883
4.359162794234234e+03,4.298026287378390e+03,5.882352941176471e-01,48845884
4.359830674941452e+03,4.296359723431437e+03,1.764705882352941e+00,48845882
4.360771692609817e+03,4.298134591620116e+03,5.882352941176471e-01,48845885
4.360927500116587e+03,4.299793766550654e+03,5.882352941176471e-01,48845886
4.362692205998940e+03,4.301505711924681e+03,5.882352941176471e-01,48845889
4.364301104374523e+03,4.301132748744323e+03,1.176470588235294e+00,48845888
4.365124792588511e+03,4.300634877194533e+03,1.764705882352941e+00,48845887
4.366065810256876e+03,4.306067820760115e+03,5.882352941176471e-01,48845891
4.367830516139229e+03,4.306992629138547e+03,5.882352941176471e-01,48845893
4.367986323645999e+03,4.303112496684168e+03,1.764705882352941e+00,48845890
4.369751029528352e+03,4.308139141534080e+03,5.882352941176471e-01,48845895
4.370418910235570e+03,4.306860354697904e+03,1.764705882352941e+00,48845892
4.371515735410705e+03,4.308516772364640e+03,5.882352941176471e-01,48845896
4.373124633786288e+03,4.307705682210231e+03,1.764705882352941e+00,48845894
4.373948322000276e+03,4.311620692050022e+03,1.176470588235294e+00,48845897
4.375713027882629e+03,4.312319535162822e+03,5.882352941176471e-01,48845900
4.376654045550994e+03,4.312276451344368e+03,1.176470588235294e+00,48845899
4.376809853057764e+03,4.311854008334981e+03,1.764705882352941e+00,48845898
4.377477733764981e+03,4.313021196359114e+03,5.882352941176471e-01,48845901
4.378574558940116e+03,4.314330431436882e+03,5.882352941176471e-01,48845903
4.379242439647334e+03,4.314940225246660e+03,5.882352941176471e-01,48845904
4.380183457315700e+03,4.314172647086374e+03,1.176470588235294e+00,48845902
4.381007145529687e+03,4.316261665326559e+03,5.882352941176471e-01,48845906
4.381948163198053e+03,4.316374422307650e+03,5.882352941176471e-01,48845907
4.383868676587175e+03,4.315942957766915e+03,1.764705882352941e+00,48845905
4.384536557294393e+03,4.317496099199277e+03,1.176470588235294e+00,48845908
4.385633382469528e+03,4.318178191996496e+03,5.882352941176471e-01,48845910
4.386301263176746e+03,4.321587982393304e+03,5.882352941176471e-01,48845911
4.387242280845111e+03,4.318158378488547e+03,1.764705882352941e+00,48845909
4.387398088351881e+03,4.323422690551888e+03,5.882352941176471e-01,48845912
4.389006986727464e+03,4.326406460490835e+03,5.882352941176471e-01,48845914
4.390771692609817e+03,4.327310754469780e+03,5.882352941176471e-01,48845916
4.391595380823805e+03,4.323913972242094e+03,1.764705882352941e+00,48845913
4.392536398492170e+03,4.327882241554815e+03,5.882352941176471e-01,48845917
4.392692205998940e+03,4.326887969746429e+03,1.764705882352941e+00,48845915
4.394301104374523e+03,4.329300261476250e+03,5.882352941176471e-01,48845919
4.394456911881293e+03,4.330083333233624e+03,5.882352941176471e-01,48845920
4.395124792588511e+03,4.328385680863825e+03,1.176470588235294e+00,48845918
4.396889498470864e+03,4.333871445548387e+03,5.882352941176471e-01,48845923
4.397830516139229e+03,4.330862006559649e+03,1.176470588235294e+00,48845921
4.397986323645999e+03,4.331670895986248e+03,1.176470588235294e+00,48845922
4.398654204353217e+03,4.335340811541597e+03,5.882352941176471e-01,48845924
4.399595222021582e+03,4.336198017153026e+03,5.882352941176471e-01,48845925
4.400418910235570e+03,4.343076899587453e+03,5.882352941176471e-01,48845927
4.401359927903935e+03,4.344424194386190e+03,5.882352941176471e-01,48845928
4.402183616117923e+03,4.344570725700741e+03,5.882352941176471e-01,48845929
4.403124633786288e+03,4.344717676551084e+03,5.882352941176471e-01,48845930
4.403280441293058e+03,4.342313607749414e+03,1.764705882352941e+00,48845926
4.404889339668641e+03,4.344984634797801e+03,5.882352941176471e-01,48845932
4.405045147175411e+03,4.345925964577022e+03,5.882352941176471e-01,48845933
4.406809853057764e+03,4.347845537608637e+03,5.882352941176471e-01,48845935
4.407477733764981e+03,4.344744285178817e+03,1.764705882352941e+00,48845931
4.409242439647334e+03,4.352121670016122e+03,5.882352941176471e-01,48845937
4.410183457315700e+03,4.346761510577923e+03,1.764705882352941e+00,48845934
4.411007145529687e+03,4.352827487124247e+03,5.882352941176471e-01,48845938
4.411948163198053e+03,4.353826738790347e+03,5.882352941176471e-01,48845939
4.412103970704822e+03,4.350527211004531e+03,1.764705882352941e+00,48845936
4.412771851412040e+03,4.354099973513476e+03,5.882352941176471e-01,48845940
4.413712869080405e+03,4.356390677134031e+03,5.882352941176471e-01,48845941
4.415477574962758e+03,4.358791319572416e+03,5.882352941176471e-01,48845944
4.417242280845111e+03,4.359009030707791e+03,5.882352941176471e-01,48845945
4.417398088351881e+03,4.356696033832840e+03,1.764705882352941e+00,48845942
4.418065969059099e+03,4.357388569290951e+03,1.764705882352941e+00,48845943
4.419006986727464e+03,4.359164200064396e+03,5.882352941176471e-01,48845946
4.419162794234234e+03,4.359823928408947e+03,5.882352941176471e-01,48845947
4.419830674941452e+03,4.360116829586649e+03,5.882352941176471e-01,48845948
4.420927500116587e+03,4.362626556345701e+03,5.882352941176471e-01,48845950
4.421595380823805e+03,4.362747795380042e+03,5.882352941176471e-01,48845951
4.422536398492170e+03,4.360348485197103e+03,1.176470588235294e+00,48845949
4.422692205998940e+03,4.363690096905761e+03,5.882352941176471e-01,48845952
4.423360086706158e+03,4.363886094360670e+03,5.882352941176471e-01,48845953
4.424301104374523e+03,4.365309343756545e+03,5.882352941176471e-01,48845954
4.424456911881293e+03,4.365601175417602e+03,5.882352941176471e-01,48845955
4.425124792588511e+03,4.365766212573559e+03,5.882352941176471e-01,48845956
4.426065810256876e+03,4.367018470338394e+03,5.882352941176471e-01,48845957
4.426889498470864e+03,4.368930634750051e+03,5.882352941176471e-01,48845959
4.427830516139229e+03,4.370244332979120e+03,5.882352941176471e-01,48845960
4.428654204353217e+03,4.371045916991134e+03,5.882352941176471e-01,48845961
4.429595222021582e+03,4.372725813066840e+03,5.882352941176471e-01,48845962
4.429751029528352e+03,4.368604898960792e+03,1.764705882352941e+00,48845958
4.430418910235570e+03,4.375008318579459e+03,5.882352941176471e-01,48845963
4.431359927903935e+03,4.379120394236540e+03,5.882352941176471e-01,48845964
4.433948322000276e+03,4.380939638380483e+03,1.176470588235294e+00,48845966
4.435045147175411e+03,4.380787925279166e+03,1.764705882352941e+00,48845965
4.435713027882629e+03,4.383953478299249e+03,5.882352941176471e-01,48845968
4.436654045550994e+03,4.383613605731814e+03,1.764705882352941e+00,48845967
4.436809853057764e+03,4.384563045428258e+03,5.882352941176471e-01,48845969
4.438418751433347e+03,4.384820114672328e+03,5.882352941176471e-01,48845971
4.438574558940116e+03,4.385051038151956e+03,5.882352941176471e-01,48845972
4.439242439647334e+03,4.384585086507942e+03,1.176470588235294e+00,48845970
4.441007145529687e+03,4.389818865278013e+03,5.882352941176471e-01,48845975
4.442103970704822e+03,4.389593726338977e+03,1.176470588235294e+00,48845974
4.442771851412040e+03,4.390643154040105e+03,5.882352941176471e-01,48845976
4.443712869080405e+03,4.387852710858006e+03,1.764705882352941e+00,48845973
4.443868676587175e+03,4.390650076992311e+03,5.882352941176471e-01,48845977
4.445477574962758e+03,4.394186814517022e+03,5.882352941176471e-01,48845979
4.447242280845111e+03,4.395512375070494e+03,5.882352941176471e-01,48845981
4.447398088351881e+03,4.394893328011248e+03,1.176470588235294e+00,48845980
4.448065969059099e+03,4.391689277411148e+03,1.764705882352941e+00,48845978
4.449162794234234e+03,4.397521216982398e+03,5.882352941176471e-01,48845983
4.450771692609817e+03,4.396719664512850e+03,1.176470588235294e+00,48845982
4.450927500116587e+03,4.398611488977146e+03,5.882352941176471e-01,48845985
4.451595380823805e+03,4.397676576161586e+03,1.176470588235294e+00,48845984
4.452536398492170e+03,4.399645953004754e+03,5.882352941176471e-01,48845986
4.453360086706158e+03,4.403709317902906e+03,5.882352941176471e-01,48845988
4.454301104374523e+03,4.405344467782288e+03,5.882352941176471e-01,48845989
4.454456911881293e+03,4.401651813214943e+03,1.176470588235294e+00,48845987
4.456221617763646e+03,4.407284070672788e+03,5.882352941176471e-01,48845992
4.458654204353217e+03,4.405748886576926e+03,1.764705882352941e+00,48845990
4.459595222021582e+03,4.405941083289994e+03,1.764705882352941e+00,48845991
4.461359927903935e+03,4.409897550319224e+03,5.882352941176471e-01,48845995
4.461515735410705e+03,4.408808521914506e+03,1.764705882352941e+00,48845993
4.463280441293058e+03,4.413856598009587e+03,5.882352941176471e-01,48845997
4.463948322000276e+03,4.409773232081763e+03,1.764705882352941e+00,48845994
4.465713027882629e+03,4.414908987691455e+03,5.882352941176471e-01,48845999
4.466654045550994e+03,4.412793437545927e+03,1.764705882352941e+00,48845996
4.468418751433347e+03,4.416978082427068e+03,5.882352941176471e-01,48846001
4.468574558940116e+03,4.414233215102250e+03,1.764705882352941e+00,48845998
4.469242439647334e+03,4.415227718581372e+03,1.176470588235294e+00,48846000
4.472771851412040e+03,4.419710958816010e+03,1.176470588235294e+00,48846004
4.473712869080405e+03,4.417072070434244e+03,1.764705882352941e+00,48846002
4.473868676587175e+03,4.419578394512561e+03,1.764705882352941e+00,48846003
4.475633382469528e+03,4.421510615166181e+03,5.882352941176471e-01,48846007
4.477398088351881e+03,4.421954277055182e+03,5.882352941176471e-01,48846008
4.478065969059099e+03,4.419948584154660e+03,1.764705882352941e+00,48846005
4.479006986727464e+03,4.421491273754394e+03,1.764705882352941e+00,48846006
4.479162794234234e+03,4.422668832915426e+03,5.882352941176471e-01,48846009
4.480771692609817e+03,4.423457075405220e+03,5.882352941176471e-01,48846011
4.482692205998940e+03,4.424339963125558e+03,1.176470588235294e+00,48846012
4.483360086706158e+03,4.422693265888129e+03,1.764705882352941e+00,48846010
4.484456911881293e+03,4.429246528487916e+03,5.882352941176471e-01,48846014
4.485124792588511e+03,4.429639292324402e+03,5.882352941176471e-01,48846015
4.486065810256876e+03,4.427869589926054e+03,1.764705882352941e+00,48846013
4.486221617763646e+03,4.430099533105891e+03,5.882352941176471e-01,48846016
4.486889498470864e+03,4.430137268458424e+03,5.882352941176471e-01,48846017
4.487986323645999e+03,4.432619496379082e+03,5.882352941176471e-01,48846019
4.489751029528352e+03,4.433833991301453e+03,5.882352941176471e-01,48846021
4.491359927903935e+03,4.431035650876870e+03,1.764705882352941e+00,48846018
4.491515735410705e+03,4.435090200065923e+03,5.882352941176471e-01,48846022
4.492183616117923e+03,4.433156340666867e+03,1.764705882352941e+00,48846020
4.493124633786288e+03,4.438639949704320e+03,5.882352941176471e-01,48846023
4.493948322000276e+03,4.439293415856131e+03,5.882352941176471e-01,48846025
4.495713027882629e+03,4.442439778685331e+03,5.882352941176471e-01,48846027
4.496809853057764e+03,4.438783958626584e+03,1.764705882352941e+00,48846024
4.498418751433347e+03,4.442051919246871e+03,1.764705882352941e+00,48846026
4.499242439647334e+03,4.442728472689253e+03,1.176470588235294e+00,48846028
4.501007145529687e+03,4.444038001103355e+03,5.882352941176471e-01,48846031
4.502103970704822e+03,4.442770817924989e+03,1.764705882352941e+00,48846029
4.502771851412040e+03,4.445159377448241e+03,5.882352941176471e-01,48846032
4.503712869080405e+03,4.442968307764831e+03,1.764705882352941e+00,48846030
4.503868676587175e+03,4.446425759516355e+03,5.882352941176471e-01,48846033
4.505477574962758e+03,4.447039160226730e+03,5.882352941176471e-01,48846035
4.505633382469528e+03,4.448073043655255e+03,5.882352941176471e-01,48846036
4.507242280845111e+03,4.449125120725080e+03,5.882352941176471e-01,48846037
4.507398088351881e+03,4.449304047231717e+03,5.882352941176471e-01,48846038
4.508065969059099e+03,4.446544462392007e+03,1.764705882352941e+00,48846034
4.509162794234234e+03,4.453606925618267e+03,5.882352941176471e-01,48846040
4.510771692609817e+03,4.450509371364877e+03,1.176470588235294e+00,48846039
4.510927500116587e+03,4.455757394105002e+03,5.882352941176471e-01,48846042
4.512536398492170e+03,4.456973873609985e+03,5.882352941176471e-01,48846043
4.512692205998940e+03,4.460746559317975e+03,5.882352941176471e-01,48846044
4.513360086706158e+03,4.455622840536986e+03,1.764705882352941e+00,48846041
4.514301104374523e+03,4.461211535550578e+03,5.882352941176471e-01,48846045
4.514456911881293e+03,4.462027917037066e+03,5.882352941176471e-01,48846046
4.515124792588511e+03,4.462233796725113e+03,5.882352941176471e-01,48846047
4.516065810256876e+03,4.463081329989120e+03,5.882352941176471e-01,48846048
4.516889498470864e+03,4.463389932513426e+03,5.882352941176471e-01,48846050
4.517830516139229e+03,4.463902521320821e+03,5.882352941176471e-01,48846051
4.518654204353217e+03,4.464452775426958e+03,5.882352941176471e-01,48846052
4.519595222021582e+03,4.464645472833721e+03,5.882352941176471e-01,48846053
4.519751029528352e+03,4.463102195313699e+03,1.764705882352941e+00,48846049
4.520418910235570e+03,4.464742181586609e+03,5.882352941176471e-01,48846054
4.521359927903935e+03,4.466169927765076e+03,5.882352941176471e-01,48846055
4.521515735410705e+03,4.467436605244583e+03,5.882352941176471e-01,48846056
4.523124633786288e+03,4.467627093840337e+03,5.882352941176471e-01,48846058
4.523280441293058e+03,4.469419517638681e+03,5.882352941176471e-01,48846059
4.524889339668641e+03,4.472396552249097e+03,5.882352941176471e-01,48846060
4.525045147175411e+03,4.472967831549479e+03,5.882352941176471e-01,48846061
4.525713027882629e+03,4.467498997008468e+03,1.764705882352941e+00,48846057
4.527477733764981e+03,4.477319397609045e+03,5.882352941176471e-01,48846064
4.529242439647334e+03,4.477446159583704e+03,5.882352941176471e-01,48846065
4.530183457315700e+03,4.474696679748528e+03,1.764705882352941e+00,48846062
4.530339264822469e+03,4.477227312243256e+03,1.764705882352941e+00,48846063
4.531007145529687e+03,4.477747443719337e+03,5.882352941176471e-01,48846066
4.531948163198053e+03,4.480127854260856e+03,5.882352941176471e-01,48846067
4.535633382469528e+03,4.482189077147976e+03,1.764705882352941e+00,48846068
4.536301263176746e+03,4.482380124015477e+03,1.764705882352941e+00,48846069
4.537242280845111e+03,4.482834105380644e+03,1.764705882352941e+00,48846070
4.538065969059099e+03,4.484147064419303e+03,5.882352941176471e-01,48846072
4.539006986727464e+03,4.484184587015807e+03,5.882352941176471e-01,48846073
4.540927500116587e+03,4.482960780620252e+03,1.764705882352941e+00,48846071
4.542692205998940e+03,4.487732331778583e+03,5.882352941176471e-01,48846076
4.543360086706158e+03,4.485964391304264e+03,1.764705882352941e+00,48846074
4.544301104374523e+03,4.486226460789344e+03,1.764705882352941e+00,48846075
4.544456911881293e+03,4.488615753602475e+03,5.882352941176471e-01,48846077
4.546065810256876e+03,4.489451122502633e+03,5.882352941176471e-01,48846079
4.547830516139229e+03,4.493474055670376e+03,5.882352941176471e-01,48846081
4.548654204353217e+03,4.488973343370707e+03,1.764705882352941e+00,48846078
4.549751029528352e+03,4.492512508491864e+03,1.764705882352941e+00,48846080
4.552183616117923e+03,4.495695165523991e+03,1.176470588235294e+00,48846083
4.553124633786288e+03,4.494937938016614e+03,1.764705882352941e+00,48846082
4.554889339668641e+03,4.497107821341961e+03,5.882352941176471e-01,48846086
4.555045147175411e+03,4.496142531037447e+03,1.764705882352941e+00,48846084
4.556654045550994e+03,4.499787114314382e+03,5.882352941176471e-01,48846087
4.556809853057764e+03,4.499982435931001e+03,5.882352941176471e-01,48846088
4.557477733764981e+03,4.496579659644194e+03,1.764705882352941e+00,48846085
4.560339264822469e+03,4.502009109913146e+03,1.176470588235294e+00,48846090
4.561948163198053e+03,4.501685719204999e+03,1.764705882352941e+00,48846089
4.562103970704822e+03,4.504970143921636e+03,5.882352941176471e-01,48846092
4.562771851412040e+03,4.503196553161288e+03,1.764705882352941e+00,48846091
4.563712869080405e+03,4.506179590608031e+03,5.882352941176471e-01,48846093
4.563868676587175e+03,4.507249097491254e+03,5.882352941176471e-01,48846094
4.565633382469528e+03,4.513057588205599e+03,5.882352941176471e-01,48846097
4.567398088351881e+03,4.513126603790204e+03,5.882352941176471e-01,48846098
4.568065969059099e+03,4.510727757261713e+03,1.764705882352941e+00,48846095
4.569006986727464e+03,4.511188817593582e+03,1.764705882352941e+00,48846096
4.569830674941452e+03,4.514313934140805e+03,5.882352941176471e-01,48846100
4.570771692609817e+03,4.515421021569598e+03,5.882352941176471e-01,48846101
4.570927500116587e+03,4.514283414823949e+03,1.176470588235294e+00,48846099
4.571595380823805e+03,4.516091813893975e+03,5.882352941176471e-01,48846102
4.572536398492170e+03,4.516132946838721e+03,5.882352941176471e-01,48846103
4.572692205998940e+03,4.517455826017376e+03,5.882352941176471e-01,48846104
4.573360086706158e+03,4.518132117153003e+03,5.882352941176471e-01,48846105
4.574301104374523e+03,4.519081949719061e+03,5.882352941176471e-01,48846106
4.574456911881293e+03,4.519250579326867e+03,5.882352941176471e-01,48846107
4.575124792588511e+03,4.519310282878038e+03,5.882352941176471e-01,48846108
4.576221617763646e+03,4.519576209538518e+03,5.882352941176471e-01,48846110
4.576889498470864e+03,4.520110123599598e+03,5.882352941176471e-01,48846111
4.577986323645999e+03,4.520780689283093e+03,5.882352941176471e-01,48846112
4.578654204353217e+03,4.522792755579641e+03,5.882352941176471e-01,48846113
4.579595222021582e+03,4.519560354907218e+03,1.764705882352941e+00,48846109
4.583124633786288e+03,4.525290746334755e+03,1.176470588235294e+00,48846116
4.583280441293058e+03,4.523670152628027e+03,1.764705882352941e+00,48846114
4.583948322000276e+03,4.525242441243256e+03,1.764705882352941e+00,48846115
4.584889339668641e+03,4.526341587173433e+03,5.882352941176471e-01,48846117
4.585045147175411e+03,4.527633735072587e+03,5.882352941176471e-01,48846118
4.586809853057764e+03,4.530365147858441e+03,5.882352941176471e-01,48846121
4.587477733764981e+03,4.527680491845604e+03,1.176470588235294e+00,48846119
4.588574558940116e+03,4.530709002679323e+03,5.882352941176471e-01,48846122
4.589242439647334e+03,4.531393857425198e+03,5.882352941176471e-01,48846123
4.590183457315700e+03,4.529850752615045e+03,1.764705882352941e+00,48846120
4.590339264822469e+03,4.531652914881696e+03,5.882352941176471e-01,48846124
4.591007145529687e+03,4.532953546056712e+03,5.882352941176471e-01,48846125
4.591948163198053e+03,4.533138959433416e+03,5.882352941176471e-01,48846126
4.592103970704822e+03,4.534014551640727e+03,5.882352941176471e-01,48846127
4.592771851412040e+03,4.535425145684251e+03,5.882352941176471e-01,48846128
4.593712869080405e+03,4.535681032002300e+03,5.882352941176471e-01,48846129
4.597398088351881e+03,4.537322627753853e+03,1.764705882352941e+00,48846130
4.598065969059099e+03,4.537996931646296e+03,1.764705882352941e+00,48846131
4.599006986727464e+03,4.539697759213899e+03,1.764705882352941e+00,48846132
4.599830674941452e+03,4.540531570446318e+03,5.882352941176471e-01,48846134
4.600771692609817e+03,4.541635016757505e+03,5.882352941176471e-01,48846135
4.602536398492170e+03,4.543262578534437e+03,5.882352941176471e-01,48846137
4.602692205998940e+03,4.539854011173660e+03,1.764705882352941e+00,48846133
4.604456911881293e+03,4.544740809501408e+03,5.882352941176471e-01,48846139
4.605124792588511e+03,4.542188233731787e+03,1.764705882352941e+00,48846136
4.607830516139229e+03,4.544043377562056e+03,1.764705882352941e+00,48846138
4.609595222021582e+03,4.546776579251481e+03,5.882352941176471e-01,48846142
4.609751029528352e+03,4.546275442135510e+03,1.764705882352941e+00,48846140
4.610418910235570e+03,4.546374209717266e+03,1.764705882352941e+00,48846141
4.611515735410705e+03,4.553872002187813e+03,5.882352941176471e-01,48846144
4.612183616117923e+03,4.554238239515988e+03,5.882352941176471e-01,48846145
4.613948322000276e+03,4.556332353076561e+03,5.882352941176471e-01,48846147
4.614889339668641e+03,4.549315217509518e+03,1.764705882352941e+00,48846143
4.615713027882629e+03,4.559024050398610e+03,5.882352941176471e-01,48846148
4.616809853057764e+03,4.555320686470565e+03,1.764705882352941e+00,48846146
4.618418751433347e+03,4.559247234469395e+03,1.176470588235294e+00,48846149
4.618574558940116e+03,4.560610204584531e+03,5.882352941176471e-01,48846151
4.620183457315700e+03,4.561226458513714e+03,5.882352941176471e-01,48846152
4.620339264822469e+03,4.561367251953124e+03,5.882352941176471e-01,48846153
4.621007145529687e+03,4.559507626318644e+03,1.764705882352941e+00,48846150
4.621948163198053e+03,4.562038228585509e+03,5.882352941176471e-01,48846154
4.622103970704822e+03,4.565900861320351e+03,5.882352941176471e-01,48846155
4.622771851412040e+03,4.566094512097098e+03,5.882352941176471e-01,48846156
4.623712869080405e+03,4.566960970093083e+03,5.882352941176471e-01,48846157
4.623868676587175e+03,4.567028702422889e+03,5.882352941176471e-01,48846158
4.624536557294393e+03,4.567217057522603e+03,5.882352941176471e-01,48846159
4.625477574962758e+03,4.567487946817508e+03,5.882352941176471e-01,48846160
4.625633382469528e+03,4.568462304166726e+03,5.882352941176471e-01,48846161
4.626301263176746e+03,4.569949607171385e+03,5.882352941176471e-01,48846162
4.627242280845111e+03,4.569989545779903e+03,5.882352941176471e-01,48846163
4.627398088351881e+03,4.570402659630162e+03,5.882352941176471e-01,48846164
4.629006986727464e+03,4.570617932550430e+03,5.882352941176471e-01,48846166
4.629162794234234e+03,4.570653426099875e+03,5.882352941176471e-01,48846167
4.630771692609817e+03,4.573432136344747e+03,5.882352941176471e-01,48846168
4.631595380823805e+03,4.570591207417061e+03,1.764705882352941e+00,48846165
4.633360086706158e+03,4.578197435655117e+03,5.882352941176471e-01,48846171
4.634456911881293e+03,4.578026427953605e+03,1.764705882352941e+00,48846169
4.635124792588511e+03,4.578537944364821e+03,5.882352941176471e-01,48846172
4.636065810256876e+03,4.578191438162566e+03,1.764705882352941e+00,48846170
4.636889498470864e+03,4.578885631385642e+03,5.882352941176471e-01,48846174
4.637830516139229e+03,4.579036988617701e+03,5.882352941176471e-01,48846175
4.637986323645999e+03,4.578639964118300e+03,1.176470588235294e+00,48846173
4.638654204353217e+03,4.579435817114322e+03,5.882352941176471e-01,48846176
4.639751029528352e+03,4.580781885352086e+03,5.882352941176471e-01,48846178
4.640418910235570e+03,4.582443530709327e+03,5.882352941176471e-01,48846179
4.641359927903935e+03,4.580473232389795e+03,1.176470588235294e+00,48846177
4.642183616117923e+03,4.583741855651807e+03,5.882352941176471e-01,48846181
4.643124633786288e+03,4.584556422836580e+03,5.882352941176471e-01,48846182
4.643948322000276e+03,4.585581142195515e+03,5.882352941176471e-01,48846183
4.644889339668641e+03,4.585625660312217e+03,5.882352941176471e-01,48846184
4.645045147175411e+03,4.583648176408957e+03,1.764705882352941e+00,48846180
4.645713027882629e+03,4.586685643289760e+03,5.882352941176471e-01,48846185
4.646654045550994e+03,4.588697838961073e+03,5.882352941176471e-01,48846186
4.646809853057764e+03,4.588886806601410e+03,5.882352941176471e-01,48846187
4.648574558940116e+03,4.593242675079470e+03,5.882352941176471e-01,48846190
4.651007145529687e+03,4.590806499246061e+03,1.764705882352941e+00,48846188
4.651948163198053e+03,4.591205113478619e+03,1.764705882352941e+00,48846189
4.652103970704822e+03,4.593568160449415e+03,1.176470588235294e+00,48846191
4.652771851412040e+03,4.598630905905419e+03,5.882352941176471e-01,48846192
4.653868676587175e+03,4.600928617120028e+03,5.882352941176471e-01,48846194
4.655633382469528e+03,4.602963623448655e+03,5.882352941176471e-01,48846196
4.657242280845111e+03,4.598989547500907e+03,1.764705882352941e+00,48846193
4.657398088351881e+03,4.603123790646160e+03,5.882352941176471e-01,48846197
4.658065969059099e+03,4.601930702151724e+03,1.764705882352941e+00,48846195
4.659162794234234e+03,4.603697511519227e+03,5.882352941176471e-01,48846199
4.660927500116587e+03,4.605387289051312e+03,5.882352941176471e-01,48846201
4.662536398492170e+03,4.603445751406825e+03,1.764705882352941e+00,48846198
4.662692205998940e+03,4.605668806385856e+03,5.882352941176471e-01,48846202
4.663360086706158e+03,4.604427164682236e+03,1.764705882352941e+00,48846200
4.664301104374523e+03,4.606563712662344e+03,5.882352941176471e-01,48846203
4.667986323645999e+03,4.607600249384354e+03,1.764705882352941e+00,48846204
4.668654204353217e+03,4.607715154624206e+03,1.764705882352941e+00,48846205
4.669595222021582e+03,4.608926460619810e+03,1.764705882352941e+00,48846206
4.670418910235570e+03,4.609066838278581e+03,5.882352941176471e-01,48846208
4.672183616117923e+03,4.610088978350596e+03,5.882352941176471e-01,48846210
4.673280441293058e+03,4.608941464569284e+03,1.764705882352941e+00,48846207
4.674889339668641e+03,4.609202341386446e+03,1.764705882352941e+00,48846209
4.675045147175411e+03,4.611276575566397e+03,5.882352941176471e-01,48846212
4.676654045550994e+03,4.613522698711352e+03,5.882352941176471e-01,48846213
4.676809853057764e+03,4.613851272520483e+03,5.882352941176471e-01,48846214
4.677477733764981e+03,4.610854119999523e+03,1.764705882352941e+00,48846211
4.678418751433347e+03,4.613942666334195e+03,5.882352941176471e-01,48846215
4.678574558940116e+03,4.614646768537695e+03,5.882352941176471e-01,48846216
4.679242439647334e+03,4.614653887698024e+03,5.882352941176471e-01,48846217
4.680183457315700e+03,4.614911617034626e+03,5.882352941176471e-01,48846218
4.680339264822469e+03,4.615682406992568e+03,5.882352941176471e-01,48846219
4.681948163198053e+03,4.617380569572274e+03,5.882352941176471e-01,48846221
4.684536557294393e+03,4.617328824442978e+03,1.764705882352941e+00,48846220
4.685633382469528e+03,4.618732968708890e+03,1.764705882352941e+00,48846222
4.686301263176746e+03,4.621219582464395e+03,5.882352941176471e-01,48846224
4.687242280845111e+03,4.619268436222514e+03,1.764705882352941e+00,48846223
4.687398088351881e+03,4.622939885749332e+03,5.882352941176471e-01,48846225
4.688065969059099e+03,4.623865767910817e+03,5.882352941176471e-01,48846226
4.692536398492170e+03,4.624811232776875e+03,1.764705882352941e+00,48846227
4.692692205998940e+03,4.627252943029372e+03,1.764705882352941e+00,48846228
4.693360086706158e+03,4.629651629479756e+03,1.764705882352941e+00,48846229
4.694456911881293e+03,4.631215818224273e+03,5.882352941176471e-01,48846231
4.696065810256876e+03,4.630174274524169e+03,1.176470588235294e+00,48846230
4.696221617763646e+03,4.644318897735352e+03,5.882352941176471e-01,48846233
4.697986323645999e+03,4.648315114889301e+03,5.882352941176471e-01,48846235
4.698654204353217e+03,4.636621551046367e+03,1.764705882352941e+00,48846232
4.699751029528352e+03,4.649744526506491e+03,5.882352941176471e-01,48846236
4.700418910235570e+03,4.651529149932206e+03,5.882352941176471e-01,48846237
4.701359927903935e+03,4.646218137381143e+03,1.764705882352941e+00,48846234
4.704889339668641e+03,4.652567553775440e+03,1.176470588235294e+00,48846240
4.705045147175411e+03,4.652047674986508e+03,1.764705882352941e+00,48846238
4.705713027882629e+03,4.652382612414404e+03,1.764705882352941e+00,48846239
4.706654045550994e+03,4.656163589743511e+03,5.882352941176471e-01,48846241
4.706809853057764e+03,4.658854795221150e+03,5.882352941176471e-01,48846242
4.707477733764981e+03,4.659952133895218e+03,5.882352941176471e-01,48846243
4.708418751433347e+03,4.661845168529484e+03,5.882352941176471e-01,48846244
4.708574558940116e+03,4.662801015852886e+03,5.882352941176471e-01,48846245
4.709242439647334e+03,4.663299039051643e+03,5.882352941176471e-01,48846246
4.710183457315700e+03,4.664671954141930e+03,5.882352941176471e-01,48846247
4.711007145529687e+03,4.664869463758595e+03,5.882352941176471e-01,48846249
4.713868676587175e+03,4.664804928056340e+03,1.764705882352941e+00,48846248
4.714536557294393e+03,4.668401063938861e+03,1.176470588235294e+00,48846251
4.715477574962758e+03,4.665572318281011e+03,1.764705882352941e+00,48846250
4.715633382469528e+03,4.668511176897825e+03,5.882352941176471e-01,48846252
4.716301263176746e+03,4.668891958890473e+03,5.882352941176471e-01,48846253
4.717242280845111e+03,4.673140384709006e+03,5.882352941176471e-01,48846254
4.717398088351881e+03,4.673822388628445e+03,5.882352941176471e-01,48846255
4.719006986727464e+03,4.675103319105966e+03,5.882352941176471e-01,48846257
4.719162794234234e+03,4.675634429708720e+03,5.882352941176471e-01,48846258
4.720927500116587e+03,4.677824484381337e+03,5.882352941176471e-01,48846260
4.721595380823805e+03,4.674039799468991e+03,1.764705882352941e+00,48846256
4.722692205998940e+03,4.679336152021905e+03,5.882352941176471e-01,48846261
4.724301104374523e+03,4.676802977297675e+03,1.764705882352941e+00,48846259
4.725124792588511e+03,4.679518983062884e+03,1.176470588235294e+00,48846262
4.726065810256876e+03,4.682742113735232e+03,5.882352941176471e-01,48846264
4.727830516139229e+03,4.683652582445109e+03,5.882352941176471e-01,48846266
4.727986323645999e+03,4.682170289562265e+03,1.764705882352941e+00,48846263
4.730418910235570e+03,4.683048226340275e+03,1.764705882352941e+00,48846265
4.731359927903935e+03,4.684846144475976e+03,1.176470588235294e+00,48846267
4.731515735410705e+03,4.686499673808715e+03,1.176470588235294e+00,48846268
4.732183616117923e+03,4.686909427274104e+03,5.882352941176471e-01,48846269
4.733280441293058e+03,4.689613297206926e+03,5.882352941176471e-01,48846271
4.733948322000276e+03,4.689912901035149e+03,5.882352941176471e-01,48846272
4.735045147175411e+03,4.690891441722522e+03,5.882352941176471e-01,48846273
4.735713027882629e+03,4.692346103832549e+03,5.882352941176471e-01,48846274
4.736654045550994e+03,4.687399029492607e+03,1.764705882352941e+00,48846270
4.737477733764981e+03,4.693245323364597e+03,5.882352941176471e-01,48846276
4.738418751433347e+03,4.693880858130418e+03,5.882352941176471e-01,48846277
4.740183457315700e+03,4.694789323636648e+03,5.882352941176471e-01,48846279
4.740339264822469e+03,4.693010777581965e+03,1.764705882352941e+00,48846275
4.741948163198053e+03,4.696812920854760e+03,5.882352941176471e-01,48846280
4.742771851412040e+03,4.694109764795851e+03,1.764705882352941e+00,48846278
4.743712869080405e+03,4.697561086058110e+03,5.882352941176471e-01,48846282
4.744536557294393e+03,4.698339061888360e+03,5.882352941176471e-01,48846283
4.745477574962758e+03,4.699255310611534e+03,5.882352941176471e-01,48846284
4.745633382469528e+03,4.697002293375851e+03,1.764705882352941e+00,48846281
4.749162794234234e+03,4.700411355472411e+03,1.176470588235294e+00,48846287
4.749830674941452e+03,4.699327455528098e+03,1.764705882352941e+00,48846285
4.750771692609817e+03,4.700207912704922e+03,1.764705882352941e+00,48846286
4.750927500116587e+03,4.700802731380463e+03,5.882352941176471e-01,48846288
4.752536398492170e+03,4.701241301028923e+03,5.882352941176471e-01,48846290
4.754301104374523e+03,4.703941568109893e+03,5.882352941176471e-01,48846292
4.755124792588511e+03,4.701038035133467e+03,1.764705882352941e+00,48846289
4.756065810256876e+03,4.705089583455358e+03,5.882352941176471e-01,48846293
4.756221617763646e+03,4.701838521326772e+03,1.764705882352941e+00,48846291
4.756889498470864e+03,4.705654088824732e+03,5.882352941176471e-01,48846294
4.757830516139229e+03,4.708201098526394e+03,5.882352941176471e-01,48846295
4.757986323645999e+03,4.708236056981635e+03,5.882352941176471e-01,48846296
4.758654204353217e+03,4.709423956041669e+03,5.882352941176471e-01,48846297
4.760418910235570e+03,4.714741603534878e+03,5.882352941176471e-01,48846300
4.763124633786288e+03,4.712855931278748e+03,1.764705882352941e+00,48846298
4.763280441293058e+03,4.712947218151310e+03,1.764705882352941e+00,48846299
4.765045147175411e+03,4.719672315564207e+03,5.882352941176471e-01,48846303
4.765713027882629e+03,4.718227883247128e+03,1.764705882352941e+00,48846301
4.766809853057764e+03,4.721174301566848e+03,5.882352941176471e-01,48846304
4.768418751433347e+03,4.718629173067892e+03,1.764705882352941e+00,48846302
4.769242439647334e+03,4.723120321801751e+03,1.176470588235294e+00,48846305
4.770183457315700e+03,4.723275543685029e+03,5.882352941176471e-01,48846307
4.771948163198053e+03,4.724545407015672e+03,5.882352941176471e-01,48846309
4.772103970704822e+03,4.723232908068522e+03,1.764705882352941e+00,48846306
4.773712869080405e+03,4.727563440855241e+03,5.882352941176471e-01,48846310
4.773868676587175e+03,4.727876741487822e+03,5.882352941176471e-01,48846311
4.774536557294393e+03,4.724295648659109e+03,1.764705882352941e+00,48846308
4.775477574962758e+03,4.728105140765977e+03,5.882352941176471e-01,48846312
4.777242280845111e+03,4.731687753529333e+03,5.882352941176471e-01,48846315
4.777398088351881e+03,4.728232917826031e+03,1.176470588235294e+00,48846313
4.779006986727464e+03,4.733962441588127e+03,5.882352941176471e-01,48846316
4.779830674941452e+03,4.730023185422555e+03,1.764705882352941e+00,48846314
4.780771692609817e+03,4.735566665145029e+03,5.882352941176471e-01,48846318
4.781595380823805e+03,4.735707839954574e+03,5.882352941176471e-01,48846319
4.782692205998940e+03,4.734116671847445e+03,1.764705882352941e+00,48846317
4.784456911881293e+03,4.740216181120598e+03,5.882352941176471e-01,48846322
4.786065810256876e+03,4.739416449874038e+03,1.764705882352941e+00,48846320
4.786889498470864e+03,4.739417438501328e+03,1.764705882352941e+00,48846321
4.789751029528352e+03,4.741253724748431e+03,1.764705882352941e+00,48846323
4.791359927903935e+03,4.742324869513829e+03,1.764705882352941e+00,48846324
4.792183616117923e+03,4.745712902974771e+03,1.764705882352941e+00,48846325
4.793124633786288e+03,4.746434224655368e+03,5.882352941176471e-01,48846327
4.793948322000276e+03,4.748142671563129e+03,5.882352941176471e-01,48846328
4.795045147175411e+03,4.745804569493182e+03,1.764705882352941e+00,48846326
4.798418751433347e+03,4.748367589737735e+03,1.764705882352941e+00,48846329
4.799242439647334e+03,4.750295911496692e+03,1.764705882352941e+00,48846330
4.800183457315700e+03,4.753683938360354e+03,5.882352941176471e-01,48846332
4.800339264822469e+03,4.750403074073873e+03,1.764705882352941e+00,48846331
4.802103970704822e+03,4.755951960221646e+03,5.882352941176471e-01,48846335
4.802771851412040e+03,4.753698843429513e+03,1.176470588235294e+00,48846333
4.803868676587175e+03,4.756615108673097e+03,5.882352941176471e-01,48846336
4.805477574962758e+03,4.754637555599737e+03,1.764705882352941e+00,48846334
4.805633382469528e+03,4.761682795894861e+03,5.882352941176471e-01,48846338
4.807398088351881e+03,4.763208241626760e+03,5.882352941176471e-01,48846340
4.808065969059099e+03,4.757368449581477e+03,1.764705882352941e+00,48846337
4.809162794234234e+03,4.763293926291116e+03,5.882352941176471e-01,48846341
4.810771692609817e+03,4.762063308523726e+03,1.764705882352941e+00,48846339
4.810927500116587e+03,4.765046001888281e+03,5.882352941176471e-01,48846343
4.811595380823805e+03,4.764819322885994e+03,1.176470588235294e+00,48846342
4.812536398492170e+03,4.765354580884481e+03,5.882352941176471e-01,48846344
4.812692205998940e+03,4.766119347414666e+03,5.882352941176471e-01,48846345
4.813360086706158e+03,4.766562569001458e+03,5.882352941176471e-01,48846346
4.814301104374523e+03,4.766838639916609e+03,5.882352941176471e-01,48846347
4.814456911881293e+03,4.770159748741460e+03,5.882352941176471e-01,48846348
4.816065810256876e+03,4.771774483434100e+03,5.882352941176471e-01,48846350
4.816221617763646e+03,4.771983749872818e+03,5.882352941176471e-01,48846351
4.817830516139229e+03,4.772104261766218e+03,5.882352941176471e-01,48846352
4.817986323645999e+03,4.773116746285406e+03,5.882352941176471e-01,48846353
4.818654204353217e+03,4.770173340158233e+03,1.764705882352941e+00,48846349
4.820418910235570e+03,4.779819686931945e+03,5.882352941176471e-01,48846356
4.823124633786288e+03,4.774782438353913e+03,1.764705882352941e+00,48846354
4.823280441293058e+03,4.779390484447092e+03,1.764705882352941e+00,48846355
4.824889339668641e+03,4.782611903578740e+03,5.882352941176471e-01,48846358
4.825045147175411e+03,4.783689061303186e+03,5.882352941176471e-01,48846359
4.825713027882629e+03,4.782481665468209e+03,1.764705882352941e+00,48846357
4.826809853057764e+03,4.784204836850140e+03,5.882352941176471e-01,48846361
4.827477733764981e+03,4.785673731015109e+03,5.882352941176471e-01,48846362
4.829242439647334e+03,4.790002722780395e+03,5.882352941176471e-01,48846364
4.830183457315700e+03,4.784138480546736e+03,1.764705882352941e+00,48846360
4.830339264822469e+03,4.788603625571967e+03,1.176470588235294e+00,48846363
4.831007145529687e+03,4.790151889508979e+03,5.882352941176471e-01,48846365
4.831948163198053e+03,4.790195437955416e+03,5.882352941176471e-01,48846366
4.832103970704822e+03,4.792591078886005e+03,5.882352941176471e-01,48846367
4.833868676587175e+03,4.798978676600112e+03,5.882352941176471e-01,48846370
4.835633382469528e+03,4.799005369715034e+03,5.882352941176471e-01,48846371
4.836301263176746e+03,4.795881045796657e+03,1.764705882352941e+00,48846368
4.837242280845111e+03,4.796687076069267e+03,1.764705882352941e+00,48846369
4.837398088351881e+03,4.799637935143155e+03,5.882352941176471e-01,48846372
4.839162794234234e+03,4.802556559566735e+03,5.882352941176471e-01,48846375
4.840927500116587e+03,4.804579293279838e+03,5.882352941176471e-01,48846376
4.841595380823805e+03,4.800555951051720e+03,1.764705882352941e+00,48846373
4.842536398492170e+03,4.802181961886801e+03,1.764705882352941e+00,48846374
4.842692205998940e+03,4.804604865447617e+03,5.882352941176471e-01,48846377
4.844301104374523e+03,4.805594281883497e+03,5.882352941176471e-01,48846379
4.844456911881293e+03,4.806596632477046e+03,5.882352941176471e-01,48846380
4.846065810256876e+03,4.807822260072091e+03,5.882352941176471e-01,48846381
4.846221617763646e+03,4.807933937250293e+03,5.882352941176471e-01,48846382
4.846889498470864e+03,4.804719839366678e+03,1.764705882352941e+00,48846378
4.847830516139229e+03,4.808009403836618e+03,5.882352941176471e-01,48846383
4.848654204353217e+03,4.809501025409093e+03,5.882352941176471e-01,48846385
4.849595222021582e+03,4.810154365975814e+03,5.882352941176471e-01,48846386
4.851359927903935e+03,4.810850913058483e+03,5.882352941176471e-01,48846388
4.851515735410705e+03,4.809378179153564e+03,1.764705882352941e+00,48846384
4.853124633786288e+03,4.810959275245750e+03,5.882352941176471e-01,48846389
4.853948322000276e+03,4.810720490330663e+03,1.764705882352941e+00,48846387
4.854889339668641e+03,4.812050780674809e+03,5.882352941176471e-01,48846391
4.855713027882629e+03,4.812441921760722e+03,5.882352941176471e-01,48846392
4.856809853057764e+03,4.811517713438297e+03,1.764705882352941e+00,48846390
4.857477733764981e+03,4.815586517355292e+03,5.882352941176471e-01,48846394
4.858418751433347e+03,4.812664986762040e+03,1.176470588235294e+00,48846393
4.858574558940116e+03,4.818107564150405e+03,5.882352941176471e-01,48846395
4.859242439647334e+03,4.819493541798378e+03,5.882352941176471e-01,48846396
4.861007145529687e+03,4.822077692206876e+03,5.882352941176471e-01,48846399
4.863712869080405e+03,4.820149611384497e+03,1.764705882352941e+00,48846397
4.863868676587175e+03,4.821261991075256e+03,1.764705882352941e+00,48846398
4.864536557294393e+03,4.822441671895060e+03,1.176470588235294e+00,48846400
4.865633382469528e+03,4.825416066499311e+03,5.882352941176471e-01,48846402
4.866301263176746e+03,4.826267463799817e+03,5.882352941176471e-01,48846403
4.869006986727464e+03,4.824302716109169e+03,1.764705882352941e+00,48846401
4.870771692609817e+03,4.829463121415089e+03,5.882352941176471e-01,48846406
4.870927500116587e+03,4.826909597134143e+03,1.764705882352941e+00,48846404
4.871595380823805e+03,4.828823202328749e+03,1.764705882352941e+00,48846405
4.872692205998940e+03,4.836879772458727e+03,5.882352941176471e-01,48846408
4.873360086706158e+03,4.837764183893273e+03,5.882352941176471e-01,48846409
4.875124792588511e+03,4.840817733072090e+03,5.882352941176471e-01,48846411
4.876065810256876e+03,4.830054304801795e+03,1.764705882352941e+00,48846407
4.877986323645999e+03,4.839459687604367e+03,1.764705882352941e+00,48846410
4.880418910235570e+03,4.841230063240669e+03,1.764705882352941e+00,48846412
4.881359927903935e+03,4.841250073923631e+03,1.764705882352941e+00,48846413
4.883124633786288e+03,4.843620272190686e+03,5.882352941176471e-01,48846416
4.883280441293058e+03,4.841489490893876e+03,1.764705882352941e+00,48846414
4.884889339668641e+03,4.845178870526094e+03,5.882352941176471e-01,48846417
4.885713027882629e+03,4.842688544581957e+03,1.764705882352941e+00,48846415
4.887477733764981e+03,4.848698212948000e+03,5.882352941176471e-01,48846420
4.888574558940116e+03,4.845892415752708e+03,1.764705882352941e+00,48846418
4.889242439647334e+03,4.851543845944241e+03,5.882352941176471e-01,48846421
4.890183457315700e+03,4.847689728637626e+03,1.764705882352941e+00,48846419
4.890339264822469e+03,4.851755087871068e+03,5.882352941176471e-01,48846422
4.891007145529687e+03,4.851967074195702e+03,5.882352941176471e-01,48846423
4.891948163198053e+03,4.852805182433237e+03,5.882352941176471e-01,48846424
4.892103970704822e+03,4.854960410892144e+03,5.882352941176471e-01,48846425
4.892771851412040e+03,4.856346311885155e+03,5.882352941176471e-01,48846426
4.893712869080405e+03,4.856887222470927e+03,5.882352941176471e-01,48846427
4.893868676587175e+03,4.859523477789037e+03,5.882352941176471e-01,48846428
4.894536557294393e+03,4.861629431153347e+03,5.882352941176471e-01,48846429
4.895477574962758e+03,4.862049817529205e+03,5.882352941176471e-01,48846430
4.895633382469528e+03,4.862167113347808e+03,5.882352941176471e-01,48846431
4.896301263176746e+03,4.862394904791563e+03,5.882352941176471e-01,48846432
4.897242280845111e+03,4.863167600793701e+03,5.882352941176471e-01,48846433
4.899006986727464e+03,4.865476303972575e+03,5.882352941176471e-01,48846436
4.900927500116587e+03,4.864705832326970e+03,1.764705882352941e+00,48846434
4.901595380823805e+03,4.865109345679917e+03,1.764705882352941e+00,48846435
4.903360086706158e+03,4.867566300547087e+03,5.882352941176471e-01,48846439
4.904301104374523e+03,4.866838481821709e+03,1.764705882352941e+00,48846437
4.905124792588511e+03,4.870684795537438e+03,5.882352941176471e-01,48846440
4.906065810256876e+03,4.870890610803297e+03,5.882352941176471e-01,48846441
4.906221617763646e+03,4.867366331993626e+03,1.764705882352941e+00,48846438
4.906889498470864e+03,4.872269704119785e+03,5.882352941176471e-01,48846442
4.907830516139229e+03,4.876692713471025e+03,5.882352941176471e-01,48846443
4.908654204353217e+03,4.877022788494327e+03,5.882352941176471e-01,48846445
4.911515735410705e+03,4.876748543730151e+03,1.764705882352941e+00,48846444
4.913124633786288e+03,4.877454921315658e+03,1.764705882352941e+00,48846446
4.913280441293058e+03,4.878869298937726e+03,5.882352941176471e-01,48846448
4.913948322000276e+03,4.877810151117171e+03,1.764705882352941e+00,48846447
4.914889339668641e+03,4.879824641351943e+03,5.882352941176471e-01,48846449
4.915045147175411e+03,4.880367706508571e+03,5.882352941176471e-01,48846450
4.915713027882629e+03,4.880447746349730e+03,5.882352941176471e-01,48846451
4.916654045550994e+03,4.880921213040731e+03,5.882352941176471e-01,48846452
4.917477733764981e+03,4.882419652024274e+03,5.882352941176471e-01,48846454
4.918418751433347e+03,4.882646353014016e+03,5.882352941176471e-01,48846455
4.919242439647334e+03,4.882741329453815e+03,5.882352941176471e-01,48846456
4.920183457315700e+03,4.884016805938290e+03,5.882352941176471e-01,48846457
4.920339264822469e+03,4.881982304601142e+03,1.764705882352941e+00,48846453
4.921948163198053e+03,4.886742110167937e+03,5.882352941176471e-01,48846459
4.922103970704822e+03,4.886815268091925e+03,5.882352941176471e-01,48846460
4.924536557294393e+03,4.886216871796119e+03,1.764705882352941e+00,48846458
4.926301263176746e+03,4.887194295575064e+03,5.882352941176471e-01,48846463
4.927242280845111e+03,4.886966359511721e+03,1.764705882352941e+00,48846461
4.927398088351881e+03,4.887130057731979e+03,1.764705882352941e+00,48846462
4.929830674941452e+03,4.888309739140490e+03,1.176470588235294e+00,48846464
4.931595380823805e+03,4.890062407068489e+03,5.882352941176471e-01,48846467
4.932536398492170e+03,4.888458892767351e+03,1.764705882352941e+00,48846465
4.932692205998940e+03,4.888573482806683e+03,1.764705882352941e+00,48846466
4.934301104374523e+03,4.890666786906231e+03,5.882352941176471e-01,48846469
4.935124792588511e+03,4.890224204331753e+03,1.176470588235294e+00,48846468
4.936065810256876e+03,4.891967952146153e+03,5.882352941176471e-01,48846471
4.936889498470864e+03,4.892109484647960e+03,5.882352941176471e-01,48846472
4.937986323645999e+03,4.891818214428683e+03,1.764705882352941e+00,48846470
4.939595222021582e+03,4.893387604424608e+03,1.176470588235294e+00,48846473
4.939751029528352e+03,4.894529964984124e+03,5.882352941176471e-01,48846475
4.941359927903935e+03,4.894759743569045e+03,5.882352941176471e-01,48846476
4.942183616117923e+03,4.894388753580403e+03,1.764705882352941e+00,48846474
4.943124633786288e+03,4.895392659805604e+03,5.882352941176471e-01,48846478
4.944889339668641e+03,4.899727847060738e+03,5.882352941176471e-01,48846480
4.945045147175411e+03,4.895286155747449e+03,1.764705882352941e+00,48846477
4.945713027882629e+03,4.897720508717987e+03,1.176470588235294e+00,48846479
4.946654045550994e+03,4.901013183105208e+03,5.882352941176471e-01,48846481
4.946809853057764e+03,4.902450413870338e+03,5.882352941176471e-01,48846482
4.947477733764981e+03,4.902600343095207e+03,5.882352941176471e-01,48846483
4.948418751433347e+03,4.903342714062077e+03,5.882352941176471e-01,48846484
4.948574558940116e+03,4.903970546650848e+03,5.882352941176471e-01,48846485
4.949242439647334e+03,4.904350562728069e+03,5.882352941176471e-01,48846486
4.950183457315700e+03,4.904567737862463e+03,5.882352941176471e-01,48846487
4.950339264822469e+03,4.905964362478462e+03,5.882352941176471e-01,48846488
4.951007145529687e+03,4.906487723634138e+03,5.882352941176471e-01,48846489
4.951948163198053e+03,4.909152943859250e+03,5.882352941176471e-01,48846490
4.952103970704822e+03,4.910138122488204e+03,5.882352941176471e-01,48846491
4.952771851412040e+03,4.910310514680085e+03,5.882352941176471e-01,48846492
4.953868676587175e+03,4.912074818318679e+03,5.882352941176471e-01,48846494
4.954536557294393e+03,4.912422028581774e+03,5.882352941176471e-01,48846495
4.955633382469528e+03,4.913895774840179e+03,5.882352941176471e-01,48846496
4.956301263176746e+03,4.914005692573715e+03,5.882352941176471e-01,48846497
4.957242280845111e+03,4.911595841335258e+03,1.764705882352941e+00,48846493
4.957398088351881e+03,4.914081665794179e+03,5.882352941176471e-01,48846498
4.958065969059099e+03,4.914765380648376e+03,5.882352941176471e-01,48846499
4.960927500116587e+03,4.915607560846443e+03,1.176470588235294e+00,48846501
4.961595380823805e+03,4.915623777701619e+03,1.176470588235294e+00,48846502
4.962536398492170e+03,4.915431717254853e+03,1.764705882352941e+00,48846500
4.962692205998940e+03,4.917222174790979e+03,5.882352941176471e-01,48846503
4.964456911881293e+03,4.919154332846216e+03,5.882352941176471e-01,48846506
4.965124792588511e+03,4.917580085808397e+03,1.176470588235294e+00,48846504
4.966221617763646e+03,4.919795543753680e+03,5.882352941176471e-01,48846507
4.966889498470864e+03,4.919951316175354e+03,5.882352941176471e-01,48846508
4.967830516139229e+03,4.918383302512218e+03,1.764705882352941e+00,48846505
4.967986323645999e+03,4.920037287625168e+03,5.882352941176471e-01,48846509
4.968654204353217e+03,4.921164936192752e+03,5.882352941176471e-01,48846510
4.969595222021582e+03,4.921186445233443e+03,5.882352941176471e-01,48846511
4.969751029528352e+03,4.924173834912446e+03,5.882352941176471e-01,48846512
4.970418910235570e+03,4.925539559557919e+03,5.882352941176471e-01,48846513
4.971359927903935e+03,4.925617547701468e+03,5.882352941176471e-01,48846514
4.972183616117923e+03,4.927263785507071e+03,5.882352941176471e-01,48846516
4.973124633786288e+03,4.929235969504838e+03,5.882352941176471e-01,48846517
4.973948322000276e+03,4.929584492168014e+03,5.882352941176471e-01,48846518
4.975045147175411e+03,4.926559725917195e+03,1.764705882352941e+00,48846515
4.975713027882629e+03,4.931410769825295e+03,5.882352941176471e-01,48846520
4.976654045550994e+03,4.930089426037442e+03,1.176470588235294e+00,48846519
4.976809853057764e+03,4.931850269911048e+03,5.882352941176471e-01,48846521
4.978418751433347e+03,4.934569881247741e+03,5.882352941176471e-01,48846523
4.978574558940116e+03,4.935026566862025e+03,5.882352941176471e-01,48846524
4.980339264822469e+03,4.938601917883770e+03,5.882352941176471e-01,48846526
4.981007145529687e+03,4.934260034387205e+03,1.764705882352941e+00,48846522
4.982771851412040e+03,4.940940668257648e+03,5.882352941176471e-01,48846528
4.983712869080405e+03,4.937257504602530e+03,1.764705882352941e+00,48846525
4.984536557294393e+03,4.942281970792960e+03,5.882352941176471e-01,48846529
4.985477574962758e+03,4.942363147942894e+03,5.882352941176471e-01,48846530
4.985633382469528e+03,4.939378859715433e+03,1.764705882352941e+00,48846527
4.986301263176746e+03,4.942943751060763e+03,5.882352941176471e-01,48846531
4.987398088351881e+03,4.943439280456083e+03,5.882352941176471e-01,48846533
4.988065969059099e+03,4.943441519892610e+03,5.882352941176471e-01,48846534
4.989162794234234e+03,4.944700169678862e+03,5.882352941176471e-01,48846535
4.990771692609817e+03,4.943326736856014e+03,1.764705882352941e+00,48846532
4.990927500116587e+03,4.946173927386401e+03,5.882352941176471e-01,48846537
4.992692205998940e+03,4.948967727280325e+03,5.882352941176471e-01,48846539
4.993360086706158e+03,4.945917353819628e+03,1.764705882352941e+00,48846536
4.994456911881293e+03,4.951152116172146e+03,5.882352941176471e-01,48846540
4.996065810256876e+03,4.947191013510281e+03,1.764705882352941e+00,48846538
4.996221617763646e+03,4.953727302356062e+03,5.882352941176471e-01,48846542
4.997986323645999e+03,4.955787148845748e+03,5.882352941176471e-01,48846544
4.998654204353217e+03,4.951900988690210e+03,1.764705882352941e+00,48846541
5.000418910235570e+03,4.957210539854408e+03,5.882352941176471e-01,48846546
5.001359927903935e+03,4.953843465103210e+03,1.764705882352941e+00,48846543
5.002183616117923e+03,4.958442482831014e+03,5.882352941176471e-01,48846547
5.003124633786288e+03,4.958965319818820e+03,5.882352941176471e-01,48846548
5.003280441293058e+03,4.956338787085649e+03,1.764705882352941e+00,48846545
5.007477733764981e+03,4.960977006624204e+03,1.764705882352941e+00,48846549
5.008418751433347e+03,4.961526069369316e+03,1.764705882352941e+00,48846550
5.008574558940116e+03,4.961535243245000e+03,1.764705882352941e+00,48846551
5.009242439647334e+03,4.962284977927167e+03,5.882352941176471e-01,48846552
5.011007145529687e+03,4.963640258119874e+03,5.882352941176471e-01,48846555
5.012103970704822e+03,4.963121074129592e+03,1.176470588235294e+00,48846554
5.013712869080405e+03,4.962295020872536e+03,1.764705882352941e+00,48846553
5.013868676587175e+03,4.965694547603328e+03,5.882352941176471e-01,48846557
5.014536557294393e+03,4.965033001854256e+03,1.176470588235294e+00,48846556
5.015477574962758e+03,4.966025122009441e+03,5.882352941176471e-01,48846558
5.015633382469528e+03,4.967792125076121e+03,5.882352941176471e-01,48846559
5.016301263176746e+03,4.970726765561759e+03,5.882352941176471e-01,48846560
5.017242280845111e+03,4.970736408930028e+03,5.882352941176471e-01,48846561
5.017398088351881e+03,4.972461813866251e+03,5.882352941176471e-01,48846562
5.019006986727464e+03,4.974740398273233e+03,5.882352941176471e-01,48846564
5.019162794234234e+03,4.974847725440909e+03,5.882352941176471e-01,48846565
5.021595380823805e+03,4.974169591700224e+03,1.764705882352941e+00,48846563
5.022536398492170e+03,4.975468866326313e+03,1.176470588235294e+00,48846566
5.023360086706158e+03,4.977499817299572e+03,5.882352941176471e-01,48846568
5.024456911881293e+03,4.977135738684221e+03,1.764705882352941e+00,48846567
5.025124792588511e+03,4.977775764236610e+03,5.882352941176471e-01,48846570
5.026221617763646e+03,4.979128489058550e+03,5.882352941176471e-01,48846571
5.027830516139229e+03,4.977592438253242e+03,1.764705882352941e+00,48846569
5.030418910235570e+03,4.980293709911619e+03,1.764705882352941e+00,48846572
5.031359927903935e+03,4.980563196449706e+03,1.176470588235294e+00,48846574
5.031515735410705e+03,4.980499026403903e+03,1.764705882352941e+00,48846573
5.032183616117923e+03,4.980622988066275e+03,5.882352941176471e-01,48846575
5.033124633786288e+03,4.980832055054414e+03,5.882352941176471e-01,48846576
5.033280441293058e+03,4.982585978529856e+03,5.882352941176471e-01,48846577
5.033948322000276e+03,4.985872574225720e+03,5.882352941176471e-01,48846578
5.034889339668641e+03,4.986792506633052e+03,5.882352941176471e-01,48846579
5.035045147175411e+03,4.988521544813128e+03,5.882352941176471e-01,48846580
5.035713027882629e+03,4.988910273065217e+03,5.882352941176471e-01,48846581
5.036809853057764e+03,4.991847037653913e+03,5.882352941176471e-01,48846583
5.037477733764981e+03,4.992562907090186e+03,5.882352941176471e-01,48846584
5.039242439647334e+03,4.995920205269674e+03,5.882352941176471e-01,48846586
5.040183457315700e+03,4.990787415647547e+03,1.764705882352941e+00,48846582
5.040339264822469e+03,4.993343434286713e+03,1.176470588235294e+00,48846585
5.041007145529687e+03,4.998307780768333e+03,5.882352941176471e-01,48846587
5.042771851412040e+03,5.000763167524542e+03,5.882352941176471e-01,48846590
5.043712869080405e+03,4.999735530804260e+03,1.176470588235294e+00,48846588
5.043868676587175e+03,4.999917882798597e+03,1.176470588235294e+00,48846589
5.044536557294393e+03,5.001519828494029e+03,5.882352941176471e-01,48846591
5.045477574962758e+03,5.002933465562318e+03,5.882352941176471e-01,48846592
5.045633382469528e+03,5.004011063991674e+03,5.882352941176471e-01,48846593
5.046301263176746e+03,5.005842927923062e+03,5.882352941176471e-01,48846594
5.047242280845111e+03,5.006730493933988e+03,5.882352941176471e-01,48846595
5.047398088351881e+03,5.007305722585746e+03,5.882352941176471e-01,48846596
5.048065969059099e+03,5.007735116571356e+03,5.882352941176471e-01,48846597
5.050771692609817e+03,5.007871948809015e+03,1.176470588235294e+00,48846598
5.050927500116587e+03,5.009235241803954e+03,1.176470588235294e+00,48846599
5.052536398492170e+03,5.010438816129073e+03,5.882352941176471e-01,48846601
5.052692205998940e+03,5.011943344366978e+03,5.882352941176471e-01,48846602
5.053360086706158e+03,5.010354808132652e+03,1.764705882352941e+00,48846600
5.054301104374523e+03,5.012313217032211e+03,5.882352941176471e-01,48846603
5.056221617763646e+03,5.012523959789214e+03,1.176470588235294e+00,48846604
5.056889498470864e+03,5.013254212954696e+03,1.176470588235294e+00,48846605
5.057986323645999e+03,5.014357037762726e+03,5.882352941176471e-01,48846607
5.058654204353217e+03,5.014382594294689e+03,5.882352941176471e-01,48846608
5.059595222021582e+03,5.013804365906175e+03,1.764705882352941e+00,48846606
5.059751029528352e+03,5.022721249761359e+03,5.882352941176471e-01,48846609
5.061359927903935e+03,5.023220615811761e+03,5.882352941176471e-01,48846611
5.061515735410705e+03,5.024466357848610e+03,5.882352941176471e-01,48846612
5.062183616117923e+03,5.022773440830618e+03,1.176470588235294e+00,48846610
5.063124633786288e+03,5.025288958227240e+03,5.882352941176471e-01,48846613
5.063948322000276e+03,5.026863132334665e+03,5.882352941176471e-01,48846615
5.065713027882629e+03,5.027612283996446e+03,5.882352941176471e-01,48846617
5.066809853057764e+03,5.025542785791994e+03,1.764705882352941e+00,48846614
5.067477733764981e+03,5.028152476873865e+03,5.882352941176471e-01,48846618
5.068418751433347e+03,5.026865210285834e+03,1.764705882352941e+00,48846616
5.068574558940116e+03,5.028309920421063e+03,5.882352941176471e-01,48846619
5.070183457315700e+03,5.032460369039246e+03,5.882352941176471e-01,48846621
5.070339264822469e+03,5.038278868619882e+03,5.882352941176471e-01,48846622
5.071007145529687e+03,5.030625194038511e+03,1.176470588235294e+00,48846620
5.071948163198053e+03,5.039147928561082e+03,5.882352941176471e-01,48846623
5.073712869080405e+03,5.041238448970357e+03,5.882352941176471e-01,48846626
5.073868676587175e+03,5.039873518987596e+03,1.176470588235294e+00,48846624
5.075633382469528e+03,5.042748096758802e+03,5.882352941176471e-01,48846628
5.076301263176746e+03,5.040065015241434e+03,1.764705882352941e+00,48846625
5.077398088351881e+03,5.044420891938962e+03,5.882352941176471e-01,48846629
5.079006986727464e+03,5.042065502509037e+03,1.764705882352941e+00,48846627
5.079162794234234e+03,5.046761725549977e+03,5.882352941176471e-01,48846631
5.080927500116587e+03,5.049316420850712e+03,5.882352941176471e-01,48846633
5.081595380823805e+03,5.045622589290384e+03,1.764705882352941e+00,48846630
5.082536398492170e+03,5.046792985487359e+03,1.176470588235294e+00,48846632
5.082692205998940e+03,5.049662620715860e+03,5.882352941176471e-01,48846634
5.084301104374523e+03,5.052710842855678e+03,5.882352941176471e-01,48846636
5.084456911881293e+03,5.053234083258983e+03,5.882352941176471e-01,48846637
5.086065810256876e+03,5.053624763638821e+03,5.882352941176471e-01,48846638
5.086889498470864e+03,5.051361515833692e+03,1.764705882352941e+00,48846635
5.087830516139229e+03,5.054664170392969e+03,5.882352941176471e-01,48846640
5.088654204353217e+03,5.054819657272972e+03,5.882352941176471e-01,48846641
5.089595222021582e+03,5.055270766433350e+03,5.882352941176471e-01,48846642
5.089751029528352e+03,5.054380459249127e+03,1.764705882352941e+00,48846639
5.090418910235570e+03,5.055353630907143e+03,5.882352941176471e-01,48846643
5.091359927903935e+03,5.056524622618900e+03,5.882352941176471e-01,48846644
5.091515735410705e+03,5.057061568475106e+03,5.882352941176471e-01,48846645
5.093124633786288e+03,5.059284158732153e+03,5.882352941176471e-01,48846647
5.093280441293058e+03,5.059923859868478e+03,5.882352941176471e-01,48846648
5.094889339668641e+03,5.060017287903419e+03,5.882352941176471e-01,48846649
5.095713027882629e+03,5.058753190578974e+03,1.764705882352941e+00,48846646
5.096654045550994e+03,5.060827567122069e+03,5.882352941176471e-01,48846651
5.098574558940116e+03,5.060673915759941e+03,1.764705882352941e+00,48846650
5.101007145529687e+03,5.061759475357383e+03,1.764705882352941e+00,48846652
5.101948163198053e+03,5.062493923122092e+03,1.764705882352941e+00,48846653
5.103712869080405e+03,5.063177848671850e+03,5.882352941176471e-01,48846656
5.103868676587175e+03,5.062740926812937e+03,1.764705882352941e+00,48846654
5.105477574962758e+03,5.064093708854462e+03,5.882352941176471e-01,48846657
5.105633382469528e+03,5.065348308007938e+03,5.882352941176471e-01,48846658
5.106301263176746e+03,5.063053845646822e+03,1.764705882352941e+00,48846655
5.107242280845111e+03,5.066461685354264e+03,5.882352941176471e-01,48846659
5.107398088351881e+03,5.066736226366090e+03,5.882352941176471e-01,48846660
5.108065969059099e+03,5.067457362788249e+03,5.882352941176471e-01,48846661
5.109006986727464e+03,5.068244262166950e+03,5.882352941176471e-01,48846662
5.109830674941452e+03,5.070509779029984e+03,5.882352941176471e-01,48846664
5.110771692609817e+03,5.070962211908669e+03,5.882352941176471e-01,48846665
5.112536398492170e+03,5.071342653593242e+03,5.882352941176471e-01,48846667
5.112692205998940e+03,5.068554787625401e+03,1.764705882352941e+00,48846663
5.113360086706158e+03,5.070970622953833e+03,1.176470588235294e+00,48846666
5.114301104374523e+03,5.073303481902555e+03,5.882352941176471e-01,48846668
5.115124792588511e+03,5.076335265350468e+03,5.882352941176471e-01,48846670
5.116065810256876e+03,5.076685413527836e+03,5.882352941176471e-01,48846671
5.116889498470864e+03,5.076774576797036e+03,5.882352941176471e-01,48846672
5.117830516139229e+03,5.077485638667450e+03,5.882352941176471e-01,48846673
5.117986323645999e+03,5.075226165339820e+03,1.764705882352941e+00,48846669
5.119595222021582e+03,5.080250272522050e+03,5.882352941176471e-01,48846675
5.121359927903935e+03,5.085934006089135e+03,5.882352941176471e-01,48846677
5.122183616117923e+03,5.080103822936968e+03,1.764705882352941e+00,48846674
5.123280441293058e+03,5.083776373570345e+03,1.764705882352941e+00,48846676
5.123948322000276e+03,5.086142510491199e+03,5.882352941176471e-01,48846679
5.125045147175411e+03,5.087546750343853e+03,5.882352941176471e-01,48846680
5.125713027882629e+03,5.088141581545860e+03,5.882352941176471e-01,48846681
5.126654045550994e+03,5.086140932411117e+03,1.764705882352941e+00,48846678
5.127477733764981e+03,5.090238772563079e+03,5.882352941176471e-01,48846683
5.128574558940116e+03,5.089253487367360e+03,1.176470588235294e+00,48846682
5.129242439647334e+03,5.093276752523748e+03,5.882352941176471e-01,48846685
5.131007145529687e+03,5.093702261091335e+03,5.882352941176471e-01,48846687
5.131948163198053e+03,5.092902411663633e+03,1.764705882352941e+00,48846684
5.132771851412040e+03,5.096190361844309e+03,5.882352941176471e-01,48846688
5.133868676587175e+03,5.093372534820502e+03,1.764705882352941e+00,48846686
5.134536557294393e+03,5.097739433125482e+03,5.882352941176471e-01,48846690
5.135477574962758e+03,5.096558321235583e+03,1.176470588235294e+00,48846689
5.135633382469528e+03,5.100320294914208e+03,5.882352941176471e-01,48846691
5.137242280845111e+03,5.103567371891451e+03,5.882352941176471e-01,48846693
5.137398088351881e+03,5.103705033424287e+03,5.882352941176471e-01,48846694
5.139006986727464e+03,5.106360719438641e+03,5.882352941176471e-01,48846695
5.139830674941452e+03,5.103137064186213e+03,1.764705882352941e+00,48846692
5.140771692609817e+03,5.109631373741955e+03,5.882352941176471e-01,48846697
5.141595380823805e+03,5.111675277925269e+03,5.882352941176471e-01,48846698
5.142536398492170e+03,5.112125331761356e+03,5.882352941176471e-01,48846699
5.142692205998940e+03,5.106633707298818e+03,1.764705882352941e+00,48846696
5.144301104374523e+03,5.113946726153843e+03,5.882352941176471e-01,48846701
5.144456911881293e+03,5.118024083849860e+03,5.882352941176471e-01,48846702
5.146889498470864e+03,5.112527195169195e+03,1.764705882352941e+00,48846700
5.148654204353217e+03,5.121249674373740e+03,5.882352941176471e-01,48846705
5.149595222021582e+03,5.118992821998667e+03,1.764705882352941e+00,48846703
5.149751029528352e+03,5.119370760771904e+03,1.764705882352941e+00,48846704
5.151359927903935e+03,5.121509341818778e+03,5.882352941176471e-01,48846707
5.153124633786288e+03,5.123744837686116e+03,5.882352941176471e-01,48846709
5.153948322000276e+03,5.121412008134933e+03,1.764705882352941e+00,48846706
5.155045147175411e+03,5.122051034051558e+03,1.764705882352941e+00,48846708
5.156654045550994e+03,5.123888246270575e+03,1.176470588235294e+00,48846710
5.156809853057764e+03,5.125711046875916e+03,5.882352941176471e-01,48846712
5.157477733764981e+03,5.124835011038088e+03,1.176470588235294e+00,48846711
5.158418751433347e+03,5.126211734802884e+03,5.882352941176471e-01,48846713
5.158574558940116e+03,5.126819614626844e+03,5.882352941176471e-01,48846714
5.160183457315700e+03,5.127272568883502e+03,5.882352941176471e-01,48846716
5.160339264822469e+03,5.127973067679338e+03,5.882352941176471e-01,48846717
5.161948163198053e+03,5.130524598911495e+03,5.882352941176471e-01,48846718
5.162771851412040e+03,5.126981006873310e+03,1.764705882352941e+00,48846715
5.164536557294393e+03,5.132257179496166e+03,5.882352941176471e-01,48846721
5.165633382469528e+03,5.132098562195197e+03,1.764705882352941e+00,48846719
5.166301263176746e+03,5.133180536488342e+03,5.882352941176471e-01,48846722
5.167242280845111e+03,5.132103836497603e+03,1.764705882352941e+00,48846720
5.167398088351881e+03,5.134362187459644e+03,5.882352941176471e-01,48846723
5.169006986727464e+03,5.135166733735549e+03,5.882352941176471e-01,48846725
5.169162794234234e+03,5.135976656475457e+03,5.882352941176471e-01,48846726
5.170771692609817e+03,5.136084397185771e+03,5.882352941176471e-01,48846727
5.171595380823805e+03,5.134655418410430e+03,1.764705882352941e+00,48846724
5.172536398492170e+03,5.137905874686663e+03,5.882352941176471e-01,48846729
5.172692205998940e+03,5.136619317696550e+03,1.176470588235294e+00,48846728
5.173360086706158e+03,5.139109484602373e+03,5.882352941176471e-01,48846730
5.174456911881293e+03,5.140395271607861e+03,5.882352941176471e-01,48846732
5.176221617763646e+03,5.143446065093665e+03,5.882352941176471e-01,48846734
5.177830516139229e+03,5.139601597070506e+03,1.764705882352941e+00,48846731
5.178654204353217e+03,5.142136031909618e+03,1.764705882352941e+00,48846733
5.179595222021582e+03,5.143585584285056e+03,5.882352941176471e-01,48846736
5.180418910235570e+03,5.143775659368410e+03,5.882352941176471e-01,48846737
5.181359927903935e+03,5.146004882068784e+03,5.882352941176471e-01,48846738
5.181515735410705e+03,5.143468455026308e+03,1.764705882352941e+00,48846735
5.182183616117923e+03,5.146363635124877e+03,5.882352941176471e-01,48846739
5.186654045550994e+03,5.150247249984500e+03,1.764705882352941e+00,48846740
5.186809853057764e+03,5.151304188711521e+03,1.764705882352941e+00,48846741
5.187477733764981e+03,5.152454541401376e+03,1.764705882352941e+00,48846742
5.188418751433347e+03,5.154185987449095e+03,5.882352941176471e-01,48846743
5.188574558940116e+03,5.156106002767595e+03,5.882352941176471e-01,48846744
5.189242439647334e+03,5.156281511770366e+03,5.882352941176471e-01,48846745
5.190183457315700e+03,5.158403352753539e+03,5.882352941176471e-01,48846746
5.191948163198053e+03,5.160398639249608e+03,5.882352941176471e-01,48846749
5.193712869080405e+03,5.163575588528064e+03,5.882352941176471e-01,48846750
5.193868676587175e+03,5.159344166880740e+03,1.764705882352941e+00,48846747
5.194536557294393e+03,5.159838543639069e+03,1.764705882352941e+00,48846748
5.195477574962758e+03,5.166820987509511e+03,5.882352941176471e-01,48846751
5.195633382469528e+03,5.167223138177955e+03,5.882352941176471e-01,48846752
5.196301263176746e+03,5.167232811572486e+03,5.882352941176471e-01,48846753
5.197242280845111e+03,5.167405927894655e+03,5.882352941176471e-01,48846754
5.197398088351881e+03,5.168363772616352e+03,5.882352941176471e-01,48846755
5.199006986727464e+03,5.168443744502656e+03,5.882352941176471e-01,48846757
5.199162794234234e+03,5.168492734818147e+03,5.882352941176471e-01,48846758
5.201595380823805e+03,5.168419420757431e+03,1.764705882352941e+00,48846756
5.202536398492170e+03,5.171104064468658e+03,1.176470588235294e+00,48846759
5.203360086706158e+03,5.171611538534662e+03,5.882352941176471e-01,48846761
5.204301104374523e+03,5.171806193852256e+03,5.882352941176471e-01,48846762
5.204456911881293e+03,5.171586043459839e+03,1.764705882352941e+00,48846760
5.206065810256876e+03,5.172553840267622e+03,5.882352941176471e-01,48846764
5.207830516139229e+03,5.174875469992490e+03,5.882352941176471e-01,48846766
5.207986323645999e+03,5.172952690380890e+03,1.176470588235294e+00,48846765
5.208654204353217e+03,5.172362501031862e+03,1.764705882352941e+00,48846763
5.209595222021582e+03,5.175232711940696e+03,5.882352941176471e-01,48846767
5.209751029528352e+03,5.175374327133891e+03,5.882352941176471e-01,48846768
5.213948322000276e+03,5.175402256551953e+03,1.764705882352941e+00,48846769
5.214889339668641e+03,5.177661259419973e+03,1.764705882352941e+00,48846770
5.215045147175411e+03,5.178296145555735e+03,1.764705882352941e+00,48846771
5.215713027882629e+03,5.181551889450661e+03,5.882352941176471e-01,48846772
5.216654045550994e+03,5.182432276268374e+03,5.882352941176471e-01,48846773
5.216809853057764e+03,5.182537881649094e+03,5.882352941176471e-01,48846774
5.217477733764981e+03,5.183248457792752e+03,5.882352941176471e-01,48846775
5.219242439647334e+03,5.185156256101341e+03,5.882352941176471e-01,48846778
5.221948163198053e+03,5.184441193770219e+03,1.764705882352941e+00,48846776
5.222103970704822e+03,5.185100641637893e+03,1.764705882352941e+00,48846777
5.222771851412040e+03,5.186188988227778e+03,1.176470588235294e+00,48846779
5.223712869080405e+03,5.186325459384505e+03,5.882352941176471e-01,48846780
5.223868676587175e+03,5.186382531745719e+03,5.882352941176471e-01,48846781
5.224536557294393e+03,5.187361266019651e+03,5.882352941176471e-01,48846782
5.225633382469528e+03,5.189434806977553e+03,5.882352941176471e-01,48846784
5.227242280845111e+03,5.188288570436135e+03,1.176470588235294e+00,48846783
5.227398088351881e+03,5.191313811848558e+03,5.882352941176471e-01,48846786
5.228065969059099e+03,5.190023467202852e+03,1.176470588235294e+00,48846785
5.229006986727464e+03,5.193368930747376e+03,5.882352941176471e-01,48846787
5.229162794234234e+03,5.193500511560011e+03,5.882352941176471e-01,48846788
5.230771692609817e+03,5.197837811574694e+03,5.882352941176471e-01,48846790
5.231595380823805e+03,5.194908244931432e+03,1.176470588235294e+00,48846789
5.234456911881293e+03,5.198508442270963e+03,1.764705882352941e+00,48846791
5.236065810256876e+03,5.198539875505067e+03,1.764705882352941e+00,48846792
5.236889498470864e+03,5.198997694796160e+03,1.764705882352941e+00,48846793
5.237986323645999e+03,5.199818344756334e+03,1.176470588235294e+00,48846794
5.238654204353217e+03,5.202613517872053e+03,5.882352941176471e-01,48846796
5.240418910235570e+03,5.202928999702351e+03,5.882352941176471e-01,48846798
5.241359927903935e+03,5.200643176279103e+03,1.764705882352941e+00,48846795
5.242183616117923e+03,5.202961558483784e+03,5.882352941176471e-01,48846799
5.243124633786288e+03,5.203886818217662e+03,5.882352941176471e-01,48846800
5.243280441293058e+03,5.202858226338285e+03,1.764705882352941e+00,48846797
5.244889339668641e+03,5.205604084993610e+03,5.882352941176471e-01,48846802
5.245045147175411e+03,5.206671556444858e+03,5.882352941176471e-01,48846803
5.246809853057764e+03,5.208860012247304e+03,5.882352941176471e-01,48846805
5.247477733764981e+03,5.204773190271810e+03,1.764705882352941e+00,48846801
5.249242439647334e+03,5.210349384645463e+03,5.882352941176471e-01,48846807
5.250183457315700e+03,5.208086017712241e+03,1.764705882352941e+00,48846804
5.252103970704822e+03,5.209051322858525e+03,1.764705882352941e+00,48846806
5.253712869080405e+03,5.210587000175936e+03,1.176470588235294e+00,48846809
5.254536557294393e+03,5.210530179187078e+03,1.764705882352941e+00,48846808
5.255477574962758e+03,5.212984700622829e+03,5.882352941176471e-01,48846811
5.257398088351881e+03,5.212825653790692e+03,1.764705882352941e+00,48846810
5.259830674941452e+03,5.213969022250376e+03,1.764705882352941e+00,48846812
5.260771692609817e+03,5.214471922471604e+03,1.764705882352941e+00,48846813
5.262536398492170e+03,5.218827750087190e+03,5.882352941176471e-01,48846816
5.262692205998940e+03,5.215282537922500e+03,1.764705882352941e+00,48846814
5.265124792588511e+03,5.216311788405647e+03,1.764705882352941e+00,48846815
5.267830516139229e+03,5.218853674517988e+03,1.764705882352941e+00,48846817
5.267986323645999e+03,5.219658865744086e+03,1.764705882352941e+00,48846818
5.269595222021582e+03,5.221236963180360e+03,5.882352941176471e-01,48846820
5.269751029528352e+03,5.221701689453652e+03,5.882352941176471e-01,48846821
5.270418910235570e+03,5.219798969090268e+03,1.764705882352941e+00,48846819
5.271359927903935e+03,5.222194483180968e+03,5.882352941176471e-01,48846822
5.271515735410705e+03,5.222794886892118e+03,5.882352941176471e-01,48846823
5.273280441293058e+03,5.229586287006995e+03,5.882352941176471e-01,48846826
5.275713027882629e+03,5.224066356140610e+03,1.764705882352941e+00,48846824
5.276654045550994e+03,5.228518055823984e+03,1.764705882352941e+00,48846825
5.277477733764981e+03,5.235136012929941e+03,5.882352941176471e-01,48846828
5.278574558940116e+03,5.232656761161420e+03,1.764705882352941e+00,48846827
5.280339264822469e+03,5.239356344040070e+03,5.882352941176471e-01,48846831
5.281948163198053e+03,5.238710776679025e+03,1.764705882352941e+00,48846829
5.282103970704822e+03,5.240713339689259e+03,5.882352941176471e-01,48846832
5.282771851412040e+03,5.238939085968153e+03,1.764705882352941e+00,48846830
5.283712869080405e+03,5.241387515417499e+03,5.882352941176471e-01,48846833
5.284536557294393e+03,5.242863435899617e+03,5.882352941176471e-01,48846835
5.286301263176746e+03,5.244988996201195e+03,5.882352941176471e-01,48846837
5.287242280845111e+03,5.243262543600339e+03,1.176470588235294e+00,48846836
5.287398088351881e+03,5.242324207769563e+03,1.764705882352941e+00,48846834
5.289162794234234e+03,5.250074518257890e+03,5.882352941176471e-01,48846840
5.291595380823805e+03,5.248620547562381e+03,1.764705882352941e+00,48846838
5.292536398492170e+03,5.249996148501497e+03,1.764705882352941e+00,48846839
5.294456911881293e+03,5.250339581059102e+03,1.764705882352941e+00,48846841
5.296889498470864e+03,5.250871213586209e+03,1.764705882352941e+00,48846842
5.297830516139229e+03,5.251074389994849e+03,1.764705882352941e+00,48846843
5.297986323645999e+03,5.251789604310331e+03,1.176470588235294e+00,48846844
5.298654204353217e+03,5.252344868606993e+03,5.882352941176471e-01,48846845
5.303124633786288e+03,5.253344559837838e+03,1.764705882352941e+00,48846846
5.303280441293058e+03,5.253708353267061e+03,1.764705882352941e+00,48846847
5.303948322000276e+03,5.254301796141469e+03,1.764705882352941e+00,48846848
5.304889339668641e+03,5.255499220268609e+03,5.882352941176471e-01,48846849
5.305045147175411e+03,5.255699333386616e+03,5.882352941176471e-01,48846850
5.305713027882629e+03,5.255957700075042e+03,5.882352941176471e-01,48846851
5.306654045550994e+03,5.256337460528988e+03,5.882352941176471e-01,48846852
5.306809853057764e+03,5.257025034888560e+03,5.882352941176471e-01,48846853
5.307477733764981e+03,5.257980254843636e+03,5.882352941176471e-01,48846854
5.308574558940116e+03,5.260690459023435e+03,5.882352941176471e-01,48846856
5.309242439647334e+03,5.261445765701402e+03,5.882352941176471e-01,48846857
5.311007145529687e+03,5.264565681169809e+03,5.882352941176471e-01,48846859
5.311948163198053e+03,5.259288283073525e+03,1.764705882352941e+00,48846855
5.312771851412040e+03,5.265439255243181e+03,5.882352941176471e-01,48846860
5.313712869080405e+03,5.266074322685118e+03,5.882352941176471e-01,48846861
5.313868676587175e+03,5.262163296135689e+03,1.764705882352941e+00,48846858
5.314536557294393e+03,5.266123286451069e+03,5.882352941176471e-01,48846862
5.315477574962758e+03,5.267687888791014e+03,5.882352941176471e-01,48846863
5.316301263176746e+03,5.268700216853057e+03,5.882352941176471e-01,48846865
5.317242280845111e+03,5.269263456502766e+03,5.882352941176471e-01,48846866
5.317398088351881e+03,5.268283290126598e+03,1.176470588235294e+00,48846864
5.318065969059099e+03,5.270214052493543e+03,5.882352941176471e-01,48846867
5.319006986727464e+03,5.270318069888491e+03,5.882352941176471e-01,48846868
5.319830674941452e+03,5.271934062632001e+03,5.882352941176471e-01,48846870
5.320771692609817e+03,5.272459679070127e+03,5.882352941176471e-01,48846871
5.322692205998940e+03,5.271654653854757e+03,1.764705882352941e+00,48846869
5.324456911881293e+03,5.276693137576399e+03,5.882352941176471e-01,48846874
5.325124792588511e+03,5.273312778509488e+03,1.764705882352941e+00,48846872
5.326065810256876e+03,5.275887942759951e+03,1.764705882352941e+00,48846873
5.329751029528352e+03,5.277638597306886e+03,1.764705882352941e+00,48846875
5.330418910235570e+03,5.277906194564099e+03,1.764705882352941e+00,48846876
5.331359927903935e+03,5.279655315433127e+03,1.764705882352941e+00,48846877
5.331515735410705e+03,5.281127416962250e+03,5.882352941176471e-01,48846878
5.332183616117923e+03,5.281597436821385e+03,5.882352941176471e-01,48846879
5.333124633786288e+03,5.281806458853598e+03,5.882352941176471e-01,48846880
5.333280441293058e+03,5.282740956608110e+03,5.882352941176471e-01,48846881
5.333948322000276e+03,5.283410925661528e+03,5.882352941176471e-01,48846882
5.334889339668641e+03,5.283915265973491e+03,5.882352941176471e-01,48846883
5.335045147175411e+03,5.288408693900660e+03,5.882352941176471e-01,48846884
5.336654045550994e+03,5.289599870872070e+03,5.882352941176471e-01,48846886
5.338418751433347e+03,5.290383281069629e+03,5.882352941176471e-01,48846888
5.339242439647334e+03,5.288490879761219e+03,1.764705882352941e+00,48846885
5.340339264822469e+03,5.289955909777178e+03,1.764705882352941e+00,48846887
5.341007145529687e+03,5.292342005910920e+03,5.882352941176471e-01,48846890
5.341948163198053e+03,5.291460305332729e+03,1.176470588235294e+00,48846889
5.342103970704822e+03,5.292551840194662e+03,5.882352941176471e-01,48846891
5.342771851412040e+03,5.293140772907470e+03,5.882352941176471e-01,48846892
5.343712869080405e+03,5.293423240284258e+03,5.882352941176471e-01,48846893
5.343868676587175e+03,5.295382168187627e+03,5.882352941176471e-01,48846894
5.344536557294393e+03,5.295805254416297e+03,5.882352941176471e-01,48846895
5.345633382469528e+03,5.298287999082113e+03,5.882352941176471e-01,48846897
5.347398088351881e+03,5.298758223514609e+03,5.882352941176471e-01,48846899
5.348065969059099e+03,5.298487288256658e+03,1.176470588235294e+00,48846898
5.349006986727464e+03,5.297490712539214e+03,1.764705882352941e+00,48846896
5.349162794234234e+03,5.300180895966890e+03,5.882352941176471e-01,48846900
5.349830674941452e+03,5.300740975095084e+03,5.882352941176471e-01,48846901
5.350771692609817e+03,5.304158627022529e+03,5.882352941176471e-01,48846902
5.350927500116587e+03,5.305202803379873e+03,5.882352941176471e-01,48846903
5.351595380823805e+03,5.306043390348811e+03,5.882352941176471e-01,48846904
5.352536398492170e+03,5.308257441761847e+03,5.882352941176471e-01,48846905
5.352692205998940e+03,5.308521291274761e+03,5.882352941176471e-01,48846906
5.353360086706158e+03,5.310851583836035e+03,5.882352941176471e-01,48846907
5.354456911881293e+03,5.315976542334289e+03,5.882352941176471e-01,48846909
5.356065810256876e+03,5.315950052110912e+03,1.176470588235294e+00,48846908
5.357830516139229e+03,5.318396764020114e+03,5.882352941176471e-01,48846912
5.358654204353217e+03,5.317133689347302e+03,1.764705882352941e+00,48846910
5.359751029528352e+03,5.317996968971771e+03,1.764705882352941e+00,48846911
5.362183616117923e+03,5.322298316645214e+03,1.176470588235294e+00,48846914
5.363124633786288e+03,5.319394793040177e+03,1.764705882352941e+00,48846913
5.363948322000276e+03,5.323048392026923e+03,5.882352941176471e-01,48846916
5.364889339668641e+03,5.324313489364479e+03,5.882352941176471e-01,48846917
5.365045147175411e+03,5.322412603387835e+03,1.764705882352941e+00,48846915
5.366654045550994e+03,5.327000903277918e+03,5.882352941176471e-01,48846919
5.366809853057764e+03,5.328960621783455e+03,5.882352941176471e-01,48846920
5.368418751433347e+03,5.332527084267897e+03,5.882352941176471e-01,48846921
5.368574558940116e+03,5.332628145176032e+03,5.882352941176471e-01,48846922
5.369242439647334e+03,5.325809356301815e+03,1.764705882352941e+00,48846918
5.370339264822469e+03,5.333208432660167e+03,5.882352941176471e-01,48846924
5.371948163198053e+03,5.333040080311964e+03,1.176470588235294e+00,48846923
5.374536557294393e+03,5.333715320334756e+03,1.764705882352941e+00,48846925
5.375633382469528e+03,5.338228265397841e+03,1.764705882352941e+00,48846926
5.376301263176746e+03,5.339834148117747e+03,5.882352941176471e-01,48846928
5.377242280845111e+03,5.338846079186863e+03,1.764705882352941e+00,48846927
5.377398088351881e+03,5.347317032411613e+03,5.882352941176471e-01,48846929
5.379006986727464e+03,5.351463444838434e+03,5.882352941176471e-01,48846931
5.379162794234234e+03,5.352200913249230e+03,5.882352941176471e-01,48846932
5.380771692609817e+03,5.352455532301598e+03,5.882352941176471e-01,48846933
5.381595380823805e+03,5.349923917137726e+03,1.764705882352941e+00,48846930
5.382536398492170e+03,5.355661656768018e+03,5.882352941176471e-01,48846935
5.383360086706158e+03,5.356849988525548e+03,5.882352941176471e-01,48846936
5.384301104374523e+03,5.357136492945541e+03,5.882352941176471e-01,48846937
5.384456911881293e+03,5.353233332846124e+03,1.764705882352941e+00,48846934
5.385124792588511e+03,5.357158903645029e+03,5.882352941176471e-01,48846938
5.386221617763646e+03,5.358625237666828e+03,5.882352941176471e-01,48846940
5.387986323645999e+03,5.363365675616124e+03,5.882352941176471e-01,48846942
5.389595222021582e+03,5.357768922683849e+03,1.764705882352941e+00,48846939
5.389751029528352e+03,5.364110017707051e+03,5.882352941176471e-01,48846943
5.390418910235570e+03,5.363067025253572e+03,1.764705882352941e+00,48846941
5.391359927903935e+03,5.364886642471824e+03,5.882352941176471e-01,48846944
5.393124633786288e+03,5.366350894222811e+03,5.882352941176471e-01,48846947
5.393948322000276e+03,5.365546968512674e+03,1.176470588235294e+00,48846946
5.394889339668641e+03,5.367418147698807e+03,5.882352941176471e-01,48846948
5.395045147175411e+03,5.365418425153487e+03,1.764705882352941e+00,48846945
5.395713027882629e+03,5.367497414342919e+03,5.882352941176471e-01,48846949
5.396654045550994e+03,5.367942988742399e+03,5.882352941176471e-01,48846950
5.397477733764981e+03,5.368981508419943e+03,5.882352941176471e-01,48846952
5.398418751433347e+03,5.369346130277557e+03,5.882352941176471e-01,48846953
5.399242439647334e+03,5.369404394299216e+03,5.882352941176471e-01,48846954
5.400183457315700e+03,5.370915025366956e+03,5.882352941176471e-01,48846955
5.400339264822469e+03,5.368146725062312e+03,1.764705882352941e+00,48846951
5.401948163198053e+03,5.372027318751726e+03,5.882352941176471e-01,48846957
5.402103970704822e+03,5.373020833952279e+03,5.882352941176471e-01,48846958
5.403868676587175e+03,5.374084791686554e+03,5.882352941176471e-01,48846960
5.404536557294393e+03,5.371801132142397e+03,1.764705882352941e+00,48846956
5.407242280845111e+03,5.373607932834283e+03,1.764705882352941e+00,48846959
5.408065969059099e+03,5.374707438089372e+03,1.176470588235294e+00,48846962
5.409162794234234e+03,5.374352522324267e+03,1.764705882352941e+00,48846961
5.411595380823805e+03,5.376472202746185e+03,1.176470588235294e+00,48846964
5.412536398492170e+03,5.376257986815623e+03,1.764705882352941e+00,48846963
5.413360086706158e+03,5.378116612189399e+03,5.882352941176471e-01,48846966
5.414456911881293e+03,5.377304544938363e+03,1.764705882352941e+00,48846965
5.415124792588511e+03,5.381725321693752e+03,5.882352941176471e-01,48846968
5.416065810256876e+03,5.380627802512500e+03,1.176470588235294e+00,48846967
5.416221617763646e+03,5.382312040425124e+03,5.882352941176471e-01,48846969
5.417830516139229e+03,5.383665786718028e+03,5.882352941176471e-01,48846971
5.417986323645999e+03,5.383926881710057e+03,5.882352941176471e-01,48846972
5.419595222021582e+03,5.384250128063557e+03,5.882352941176471e-01,48846973
5.419751029528352e+03,5.385180378059639e+03,5.882352941176471e-01,48846974
5.420418910235570e+03,5.383329038203612e+03,1.764705882352941e+00,48846970
5.422183616117923e+03,5.392472615052851e+03,5.882352941176471e-01,48846977
5.424889339668641e+03,5.385370698652568e+03,1.764705882352941e+00,48846975
5.425045147175411e+03,5.389303511280682e+03,1.764705882352941e+00,48846976
5.425713027882629e+03,5.392679906643812e+03,1.176470588235294e+00,48846978
5.426654045550994e+03,5.392804007785656e+03,5.882352941176471e-01,48846979
5.427477733764981e+03,5.395007161163474e+03,5.882352941176471e-01,48846981
5.428418751433347e+03,5.395258536069977e+03,5.882352941176471e-01,48846982
5.430183457315700e+03,5.401077537192721e+03,5.882352941176471e-01,48846984
5.430339264822469e+03,5.394467631979284e+03,1.764705882352941e+00,48846980
5.432103970704822e+03,5.404286706198109e+03,5.882352941176471e-01,48846986
5.432771851412040e+03,5.397655794828644e+03,1.764705882352941e+00,48846983
5.435477574962758e+03,5.402738674951565e+03,1.764705882352941e+00,48846985
5.437242280845111e+03,5.407333012642945e+03,5.882352941176471e-01,48846989
5.437398088351881e+03,5.405376690390212e+03,1.764705882352941e+00,48846987
5.438065969059099e+03,5.406450120904156e+03,1.764705882352941e+00,48846988
5.439006986727464e+03,5.407911490158199e+03,5.882352941176471e-01,48846990
5.439162794234234e+03,5.409317755937944e+03,5.882352941176471e-01,48846991
5.443360086706158e+03,5.409355197054901e+03,1.764705882352941e+00,48846992
5.444301104374523e+03,5.410512777184153e+03,1.764705882352941e+00,48846993
5.444456911881293e+03,5.411096579789709e+03,1.764705882352941e+00,48846994
5.446065810256876e+03,5.414093604419976e+03,5.882352941176471e-01,48846996
5.446221617763646e+03,5.414684335189097e+03,5.882352941176471e-01,48846997
5.447830516139229e+03,5.415741700301007e+03,5.882352941176471e-01,48846998
5.447986323645999e+03,5.416875511372223e+03,5.882352941176471e-01,48846999
5.448654204353217e+03,5.412751984628280e+03,1.764705882352941e+00,48846995
5.449595222021582e+03,5.419290613159632e+03,5.882352941176471e-01,48847000
5.449751029528352e+03,5.419850489357879e+03,5.882352941176471e-01,48847001
5.451359927903935e+03,5.422925487579179e+03,5.882352941176471e-01,48847003
5.453280441293058e+03,5.423561664842103e+03,1.176470588235294e+00,48847004
5.453948322000276e+03,5.422716949865472e+03,1.764705882352941e+00,48847002
5.455045147175411e+03,5.425172750279639e+03,5.882352941176471e-01,48847006
5.456654045550994e+03,5.424353745657552e+03,1.764705882352941e+00,48847005
5.456809853057764e+03,5.425406603234047e+03,5.882352941176471e-01,48847008
5.457477733764981e+03,5.425317858543186e+03,1.176470588235294e+00,48847007
5.458418751433347e+03,5.425776606157924e+03,5.882352941176471e-01,48847009
5.458574558940116e+03,5.426024344871706e+03,5.882352941176471e-01,48847010
5.459242439647334e+03,5.426143609947701e+03,5.882352941176471e-01,48847011
5.460183457315700e+03,5.428380924381160e+03,5.882352941176471e-01,48847012
5.461948163198053e+03,5.436117938330788e+03,5.882352941176471e-01,48847015
5.462771851412040e+03,5.434163642023085e+03,1.176470588235294e+00,48847014
5.463712869080405e+03,5.436591712918638e+03,5.882352941176471e-01,48847016
5.463868676587175e+03,5.433315426830970e+03,1.764705882352941e+00,48847013
5.464536557294393e+03,5.439307333003593e+03,5.882352941176471e-01,48847017
5.466301263176746e+03,5.441359914740944e+03,5.882352941176471e-01,48847020
5.467398088351881e+03,5.440608341453534e+03,1.176470588235294e+00,48847019
5.468065969059099e+03,5.442804767033300e+03,5.882352941176471e-01,48847021
5.469006986727464e+03,5.439796021625253e+03,1.764705882352941e+00,48847018
5.469162794234234e+03,5.443933377398473e+03,5.882352941176471e-01,48847022
5.469830674941452e+03,5.444670378868751e+03,5.882352941176471e-01,48847023
5.470771692609817e+03,5.444833790997328e+03,5.882352941176471e-01,48847024
5.472536398492170e+03,5.449410261769988e+03,5.882352941176471e-01,48847027
5.474301104374523e+03,5.452065670639045e+03,5.882352941176471e-01,48847028
5.474456911881293e+03,5.446179095821830e+03,1.764705882352941e+00,48847025
5.475124792588511e+03,5.449393561476596e+03,1.764705882352941e+00,48847026
5.476065810256876e+03,5.452594216220817e+03,5.882352941176471e-01,48847029
5.476221617763646e+03,5.456310907046587e+03,5.882352941176471e-01,48847030
5.476889498470864e+03,5.456453728273228e+03,5.882352941176471e-01,48847031
5.477830516139229e+03,5.459714132724885e+03,5.882352941176471e-01,48847032
5.477986323645999e+03,5.461967468200164e+03,5.882352941176471e-01,48847033
5.479595222021582e+03,5.462641786378314e+03,5.882352941176471e-01,48847035
5.480418910235570e+03,5.462181781903584e+03,1.176470588235294e+00,48847034
5.483280441293058e+03,5.464196852593233e+03,1.764705882352941e+00,48847036
5.483948322000276e+03,5.464922412822615e+03,1.176470588235294e+00,48847038
5.484889339668641e+03,5.464230758440654e+03,1.764705882352941e+00,48847037
5.485713027882629e+03,5.465698390614829e+03,5.882352941176471e-01,48847040
5.487477733764981e+03,5.467004951463190e+03,5.882352941176471e-01,48847042
5.488574558940116e+03,5.465248553452579e+03,1.764705882352941e+00,48847039
5.490183457315700e+03,5.465912504079747e+03,1.764705882352941e+00,48847041
5.490339264822469e+03,5.471426120442524e+03,5.882352941176471e-01,48847044
5.491948163198053e+03,5.471774167739108e+03,5.882352941176471e-01,48847045
5.492103970704822e+03,5.472138487739027e+03,5.882352941176471e-01,48847046
5.492771851412040e+03,5.469593220350850e+03,1.764705882352941e+00,48847043
5.493712869080405e+03,5.472591049536081e+03,5.882352941176471e-01,48847047
5.493868676587175e+03,5.474601374499779e+03,5.882352941176471e-01,48847048
5.494536557294393e+03,5.474811456471216e+03,5.882352941176471e-01,48847049
5.495477574962758e+03,5.478712371724341e+03,5.882352941176471e-01,48847050
5.495633382469528e+03,5.479902283570331e+03,5.882352941176471e-01,48847051
5.497398088351881e+03,5.482850876552406e+03,5.882352941176471e-01,48847054
5.499830674941452e+03,5.479923171927079e+03,1.764705882352941e+00,48847052
5.500771692609817e+03,5.480446739879477e+03,1.764705882352941e+00,48847053
5.501595380823805e+03,5.485215983625928e+03,5.882352941176471e-01,48847056
5.502536398492170e+03,5.485423227617646e+03,5.882352941176471e-01,48847057
5.502692205998940e+03,5.483495632366924e+03,1.764705882352941e+00,48847055
5.504456911881293e+03,5.495152380150064e+03,5.882352941176471e-01,48847060
5.506889498470864e+03,5.490003251765693e+03,1.764705882352941e+00,48847058
5.507830516139229e+03,5.492312992285196e+03,1.764705882352941e+00,48847059
5.508654204353217e+03,5.496310848639233e+03,5.882352941176471e-01,48847062
5.509595222021582e+03,5.498746995253673e+03,5.882352941176471e-01,48847063
5.509751029528352e+03,5.496197411025515e+03,1.764705882352941e+00,48847061
5.511359927903935e+03,5.502579118767892e+03,5.882352941176471e-01,48847065
5.511515735410705e+03,5.502964369676941e+03,5.882352941176471e-01,48847066
5.512183616117923e+03,5.501238726050742e+03,1.176470588235294e+00,48847064
5.513124633786288e+03,5.503009824102281e+03,5.882352941176471e-01,48847067
5.513280441293058e+03,5.503339126637253e+03,5.882352941176471e-01,48847068
5.514889339668641e+03,5.504066095835404e+03,5.882352941176471e-01,48847070
5.515045147175411e+03,5.504176569229006e+03,5.882352941176471e-01,48847071
5.516654045550994e+03,5.504338600155864e+03,5.882352941176471e-01,48847072
5.517477733764981e+03,5.504056413807205e+03,1.764705882352941e+00,48847069
5.518418751433347e+03,5.504589241043666e+03,5.882352941176471e-01,48847074
5.520183457315700e+03,5.505317277916368e+03,5.882352941176471e-01,48847076
5.520339264822469e+03,5.504497734261412e+03,1.764705882352941e+00,48847073
5.522103970704822e+03,5.507350247919699e+03,5.882352941176471e-01,48847078
5.522771851412040e+03,5.504830947695750e+03,1.764705882352941e+00,48847075
5.523868676587175e+03,5.507740250353949e+03,5.882352941176471e-01,48847079
5.524536557294393e+03,5.508162313201933e+03,5.882352941176471e-01,48847080
5.525477574962758e+03,5.507343091806391e+03,1.764705882352941e+00,48847077
5.525633382469528e+03,5.508831148241180e+03,5.882352941176471e-01,48847081
5.526301263176746e+03,5.509552058570995e+03,5.882352941176471e-01,48847082
5.527242280845111e+03,5.510778841556455e+03,5.882352941176471e-01,48847083
5.528065969059099e+03,5.512773016836421e+03,5.882352941176471e-01,48847085
5.529006986727464e+03,5.513221175141499e+03,5.882352941176471e-01,48847086
5.529162794234234e+03,5.511964884507120e+03,1.176470588235294e+00,48847084
5.529830674941452e+03,5.513639972688109e+03,5.882352941176471e-01,48847087
5.530771692609817e+03,5.513823085255580e+03,5.882352941176471e-01,48847088
5.530927500116587e+03,5.514964028800834e+03,5.882352941176471e-01,48847089
5.531595380823805e+03,5.515856057988875e+03,5.882352941176471e-01,48847090
5.532536398492170e+03,5.515910630886542e+03,5.882352941176471e-01,48847091
5.532692205998940e+03,5.516326557425359e+03,5.882352941176471e-01,48847092
5.533360086706158e+03,5.517127714935805e+03,5.882352941176471e-01,48847093
5.534301104374523e+03,5.518047884397836e+03,5.882352941176471e-01,48847094
5.535124792588511e+03,5.520649277429500e+03,5.882352941176471e-01,48847096
5.536221617763646e+03,5.518895736166733e+03,1.176470588235294e+00,48847095
5.536889498470864e+03,5.523774200335899e+03,5.882352941176471e-01,48847098
5.537986323645999e+03,5.524453086178074e+03,5.882352941176471e-01,48847099
5.538654204353217e+03,5.524521763724241e+03,5.882352941176471e-01,48847100
5.539595222021582e+03,5.522440521750901e+03,1.764705882352941e+00,48847097
5.539751029528352e+03,5.524554585481105e+03,5.882352941176471e-01,48847101
5.541359927903935e+03,5.527954910121152e+03,5.882352941176471e-01,48847103
5.541515735410705e+03,5.528826828271028e+03,5.882352941176471e-01,48847104
5.542183616117923e+03,5.527511971907164e+03,1.176470588235294e+00,48847102
5.543280441293058e+03,5.531686009155816e+03,5.882352941176471e-01,48847106
5.544889339668641e+03,5.529308075399475e+03,1.176470588235294e+00,48847105
5.545045147175411e+03,5.532346371184057e+03,5.882352941176471e-01,48847108
5.546654045550994e+03,5.533291518531854e+03,5.882352941176471e-01,48847109
5.547477733764981e+03,5.531840844155533e+03,1.764705882352941e+00,48847107
5.548418751433347e+03,5.534994769613833e+03,5.882352941176471e-01,48847111
5.549242439647334e+03,5.537191774372290e+03,5.882352941176471e-01,48847112
5.550183457315700e+03,5.538048307132161e+03,5.882352941176471e-01,48847113
5.550339264822469e+03,5.534945583684037e+03,1.764705882352941e+00,48847110
5.551948163198053e+03,5.540572209411762e+03,5.882352941176471e-01,48847115
5.552103970704822e+03,5.540635770860424e+03,5.882352941176471e-01,48847116
5.553712869080405e+03,5.541534971149598e+03,5.882352941176471e-01,48847117
5.554536557294393e+03,5.538920588891942e+03,1.764705882352941e+00,48847114
5.556301263176746e+03,5.545185009287626e+03,5.882352941176471e-01,48847120
5.557398088351881e+03,5.542150783033398e+03,1.764705882352941e+00,48847118
5.559006986727464e+03,5.543887687582473e+03,1.764705882352941e+00,48847119
5.561595380823805e+03,5.546441305296771e+03,1.764705882352941e+00,48847121
5.562692205998940e+03,5.551123039645690e+03,1.764705882352941e+00,48847122
5.564301104374523e+03,5.551225080649772e+03,1.764705882352941e+00,48847123
5.564456911881293e+03,5.555342214937711e+03,5.882352941176471e-01,48847125
5.566065810256876e+03,5.557243394513212e+03,5.882352941176471e-01,48847126
5.566221617763646e+03,5.557284256370534e+03,5.882352941176471e-01,48847127
5.566889498470864e+03,5.551617476195492e+03,1.764705882352941e+00,48847124
5.567830516139229e+03,5.559940911743675e+03,5.882352941176471e-01,48847128
5.567986323645999e+03,5.559964009925360e+03,5.882352941176471e-01,48847129
5.568654204353217e+03,5.561897401787582e+03,5.882352941176471e-01,48847130
5.569595222021582e+03,5.563435681056530e+03,5.882352941176471e-01,48847131
5.571359927903935e+03,5.566815460215201e+03,5.882352941176471e-01,48847134
5.573280441293058e+03,5.564330985595673e+03,1.764705882352941e+00,48847132
5.573948322000276e+03,5.564484949550989e+03,1.764705882352941e+00,48847133
5.576654045550994e+03,5.568244549047618e+03,1.764705882352941e+00,48847135
5.578418751433347e+03,5.570364463350840e+03,5.882352941176471e-01,48847138
5.578574558940116e+03,5.568689836557953e+03,1.764705882352941e+00,48847136
5.579242439647334e+03,5.569411912570625e+03,1.764705882352941e+00,48847137
5.580183457315700e+03,5.572980166793153e+03,5.882352941176471e-01,48847139
5.580339264822469e+03,5.574634371351409e+03,5.882352941176471e-01,48847140
5.581948163198053e+03,5.576129682175817e+03,5.882352941176471e-01,48847142
5.583712869080405e+03,5.576716870379175e+03,5.882352941176471e-01,48847144
5.584536557294393e+03,5.574687968991311e+03,1.764705882352941e+00,48847141
5.585477574962758e+03,5.577242309404331e+03,5.882352941176471e-01,48847145
5.585633382469528e+03,5.576703486873499e+03,1.764705882352941e+00,48847143
5.586301263176746e+03,5.577369372195246e+03,5.882352941176471e-01,48847146
5.587242280845111e+03,5.578939854930134e+03,5.882352941176471e-01,48847147
5.587398088351881e+03,5.579441363928215e+03,5.882352941176471e-01,48847148
5.588065969059099e+03,5.580035230072501e+03,5.882352941176471e-01,48847149
5.589830674941452e+03,5.581989769575849e+03,5.882352941176471e-01,48847152
5.591595380823805e+03,5.582097068213785e+03,5.882352941176471e-01,48847153
5.592536398492170e+03,5.580149982578540e+03,1.764705882352941e+00,48847150
5.592692205998940e+03,5.580158698779302e+03,1.764705882352941e+00,48847151
5.593360086706158e+03,5.583428427349381e+03,5.882352941176471e-01,48847154
5.595124792588511e+03,5.584289221686807e+03,5.882352941176471e-01,48847157
5.596065810256876e+03,5.584014385514938e+03,1.176470588235294e+00,48847155
5.597986323645999e+03,5.584081732924363e+03,1.764705882352941e+00,48847156
5.599595222021582e+03,5.585046473724161e+03,1.176470588235294e+00,48847159
5.599751029528352e+03,5.586020017439123e+03,5.882352941176471e-01,48847160
5.600418910235570e+03,5.584530561256159e+03,1.764705882352941e+00,48847158
5.602183616117923e+03,5.589265302298342e+03,5.882352941176471e-01,48847163
5.604889339668641e+03,5.587318020998829e+03,1.764705882352941e+00,48847161
5.605045147175411e+03,5.587497822835674e+03,1.764705882352941e+00,48847162
5.605713027882629e+03,5.590558208464161e+03,1.176470588235294e+00,48847164
5.606654045550994e+03,5.590653339407285e+03,5.882352941176471e-01,48847165
5.606809853057764e+03,5.590976094355063e+03,5.882352941176471e-01,48847166
5.608574558940116e+03,5.593137423529788e+03,5.882352941176471e-01,48847169
5.611007145529687e+03,5.591855794232579e+03,1.764705882352941e+00,48847167
5.611948163198053e+03,5.592289867310040e+03,1.764705882352941e+00,48847168
5.613712869080405e+03,5.594912012198508e+03,5.882352941176471e-01,48847172
5.613868676587175e+03,5.593539493117362e+03,1.764705882352941e+00,48847170
5.615633382469528e+03,5.595539996051383e+03,5.882352941176471e-01,48847174
5.616301263176746e+03,5.594538183564350e+03,1.764705882352941e+00,48847171
5.617398088351881e+03,5.596800609473975e+03,5.882352941176471e-01,48847175
5.618065969059099e+03,5.597963244680267e+03,5.882352941176471e-01,48847176
5.619006986727464e+03,5.595511040590781e+03,1.764705882352941e+00,48847173
5.619830674941452e+03,5.600242860948724e+03,5.882352941176471e-01,48847178
5.622536398492170e+03,5.600913755156690e+03,1.176470588235294e+00,48847179
5.622692205998940e+03,5.598937331677096e+03,1.764705882352941e+00,48847177
5.624301104374523e+03,5.602123969780374e+03,5.882352941176471e-01,48847181
5.625124792588511e+03,5.600954149824859e+03,1.764705882352941e+00,48847180
5.626065810256876e+03,5.604297384449407e+03,5.882352941176471e-01,48847183
5.627986323645999e+03,5.602844272878953e+03,1.764705882352941e+00,48847182
5.629595222021582e+03,5.607260430694749e+03,1.176470588235294e+00,48847185
5.630418910235570e+03,5.605813614666457e+03,1.764705882352941e+00,48847184
5.631515735410705e+03,5.608199733703322e+03,1.176470588235294e+00,48847186
5.633124633786288e+03,5.608258172479349e+03,1.176470588235294e+00,48847187
5.633280441293058e+03,5.610615092924163e+03,5.882352941176471e-01,48847189
5.633948322000276e+03,5.610451719940177e+03,1.176470588235294e+00,48847188
5.634889339668641e+03,5.613017723722407e+03,5.882352941176471e-01,48847190
5.635045147175411e+03,5.613468205583543e+03,5.882352941176471e-01,48847191
5.635713027882629e+03,5.615856254248454e+03,5.882352941176471e-01,48847192
5.636654045550994e+03,5.616206806669681e+03,5.882352941176471e-01,48847193
5.636809853057764e+03,5.616675110095259e+03,5.882352941176471e-01,48847194
5.638418751433347e+03,5.619375681888499e+03,5.882352941176471e-01,48847196
5.640183457315700e+03,5.622122674804036e+03,5.882352941176471e-01,48847198
5.641007145529687e+03,5.617773003418581e+03,1.764705882352941e+00,48847195
5.641948163198053e+03,5.623070190716351e+03,5.882352941176471e-01,48847199
5.642103970704822e+03,5.620852747196002e+03,1.764705882352941e+00,48847197
5.642771851412040e+03,5.623422914112724e+03,5.882352941176471e-01,48847200
5.643712869080405e+03,5.624874761801790e+03,5.882352941176471e-01,48847201
5.644536557294393e+03,5.626039006145800e+03,5.882352941176471e-01,48847203
5.647398088351881e+03,5.625767441051152e+03,1.764705882352941e+00,48847202
5.649006986727464e+03,5.627470025038967e+03,1.764705882352941e+00,48847204
5.649830674941452e+03,5.627496255577588e+03,1.764705882352941e+00,48847205
5.650771692609817e+03,5.629769917594982e+03,5.882352941176471e-01,48847207
5.652536398492170e+03,5.632261678203930e+03,5.882352941176471e-01,48847209
5.652692205998940e+03,5.629574759531951e+03,1.764705882352941e+00,48847206
5.654456911881293e+03,5.635623227207885e+03,5.882352941176471e-01,48847211
5.655124792588511e+03,5.630928635540878e+03,1.764705882352941e+00,48847208
5.656221617763646e+03,5.636003072351567e+03,5.882352941176471e-01,48847212
5.656889498470864e+03,5.637521221330048e+03,5.882352941176471e-01,48847213
5.657830516139229e+03,5.632403839240620e+03,1.764705882352941e+00,48847210
5.658654204353217e+03,5.638490218281887e+03,5.882352941176471e-01,48847215
5.659595222021582e+03,5.639999224447329e+03,5.882352941176471e-01,48847216
5.661359927903935e+03,5.641275014246293e+03,5.882352941176471e-01,48847218
5.661515735410705e+03,5.637982091944841e+03,1.764705882352941e+00,48847214
5.663124633786288e+03,5.641331840699147e+03,5.882352941176471e-01,48847219
5.663280441293058e+03,5.642735660733804e+03,5.882352941176471e-01,48847220
5.663948322000276e+03,5.640384819375298e+03,1.764705882352941e+00,48847217
5.664889339668641e+03,5.643415585664446e+03,5.882352941176471e-01,48847221
5.668574558940116e+03,5.644493250369230e+03,1.764705882352941e+00,48847222
5.669242439647334e+03,5.646449299421764e+03,1.764705882352941e+00,48847223
5.670183457315700e+03,5.646832811761847e+03,1.764705882352941e+00,48847224
5.672103970704822e+03,5.647585490175927e+03,1.176470588235294e+00,48847225
5.674536557294393e+03,5.648793032554302e+03,1.764705882352941e+00,48847226
5.675477574962758e+03,5.649548116527932e+03,1.764705882352941e+00,48847227
5.677398088351881e+03,5.650874654727612e+03,1.764705882352941e+00,48847228
5.678065969059099e+03,5.653325496966125e+03,1.176470588235294e+00,48847229
5.679006986727464e+03,5.654099560217110e+03,1.176470588235294e+00,48847230
5.679162794234234e+03,5.654258445792858e+03,5.882352941176471e-01,48847231
5.680927500116587e+03,5.657964635609058e+03,5.882352941176471e-01,48847234
5.681595380823805e+03,5.656199826735760e+03,1.176470588235294e+00,48847232
5.682692205998940e+03,5.658574843613428e+03,5.882352941176471e-01,48847235
5.683360086706158e+03,5.660206214650949e+03,5.882352941176471e-01,48847236
5.684301104374523e+03,5.657310174062481e+03,1.764705882352941e+00,48847233
5.684456911881293e+03,5.662483010459575e+03,5.882352941176471e-01,48847237
5.685124792588511e+03,5.662593373401310e+03,5.882352941176471e-01,48847238
5.686889498470864e+03,5.665857877799994e+03,5.882352941176471e-01,48847241
5.689595222021582e+03,5.663288348616278e+03,1.764705882352941e+00,48847239
5.689751029528352e+03,5.663558439928726e+03,1.764705882352941e+00,48847240
5.691359927903935e+03,5.672066018683138e+03,5.882352941176471e-01,48847243
5.692183616117923e+03,5.666058038523828e+03,1.764705882352941e+00,48847242
5.693948322000276e+03,5.675868169036483e+03,5.882352941176471e-01,48847246
5.695045147175411e+03,5.673129183042636e+03,1.764705882352941e+00,48847244
5.695713027882629e+03,5.675994722859491e+03,5.882352941176471e-01,48847247
5.696654045550994e+03,5.675851870572705e+03,1.764705882352941e+00,48847245
5.697477733764981e+03,5.680222131945808e+03,5.882352941176471e-01,48847249
5.698574558940116e+03,5.679679160003742e+03,1.176470588235294e+00,48847248
5.699242439647334e+03,5.681999729043156e+03,5.882352941176471e-01,48847251
5.700339264822469e+03,5.682421923970068e+03,5.882352941176471e-01,48847252
5.701948163198053e+03,5.680238483534899e+03,1.764705882352941e+00,48847250
5.702103970704822e+03,5.684650508730140e+03,5.882352941176471e-01,48847254
5.702771851412040e+03,5.683962020607389e+03,1.176470588235294e+00,48847253
5.703712869080405e+03,5.687023434661090e+03,5.882352941176471e-01,48847255
5.703868676587175e+03,5.687401666500723e+03,5.882352941176471e-01,48847256
5.704536557294393e+03,5.687632886728581e+03,5.882352941176471e-01,48847257
5.705477574962758e+03,5.687869199790486e+03,5.882352941176471e-01,48847258
5.705633382469528e+03,5.689693583162749e+03,5.882352941176471e-01,48847259
5.707242280845111e+03,5.690762218740330e+03,5.882352941176471e-01,48847261
5.709006986727464e+03,5.691524042786491e+03,5.882352941176471e-01,48847263
5.709830674941452e+03,5.690288709586004e+03,1.764705882352941e+00,48847260
5.710771692609817e+03,5.691561927360866e+03,5.882352941176471e-01,48847264
5.710927500116587e+03,5.691047701527401e+03,1.764705882352941e+00,48847262
5.711595380823805e+03,5.693113761973190e+03,5.882352941176471e-01,48847265
5.712692205998940e+03,5.695345356331247e+03,5.882352941176471e-01,48847267
5.713360086706158e+03,5.696126996655122e+03,5.882352941176471e-01,48847268
5.714456911881293e+03,5.696832391555191e+03,5.882352941176471e-01,48847269
5.715124792588511e+03,5.697837067234889e+03,5.882352941176471e-01,48847270
5.716065810256876e+03,5.693634314110342e+03,1.764705882352941e+00,48847266
5.716221617763646e+03,5.698325278566811e+03,5.882352941176471e-01,48847271
5.716889498470864e+03,5.698579769371605e+03,5.882352941176471e-01,48847272
5.717830516139229e+03,5.698634810438709e+03,5.882352941176471e-01,48847273
5.718654204353217e+03,5.699101513785318e+03,5.882352941176471e-01,48847275
5.721515735410705e+03,5.698863117567599e+03,1.764705882352941e+00,48847274
5.723124633786288e+03,5.699996842274129e+03,1.764705882352941e+00,48847276
5.723280441293058e+03,5.700661197166831e+03,5.882352941176471e-01,48847278
5.723948322000276e+03,5.700336149769736e+03,1.764705882352941e+00,48847277
5.725713027882629e+03,5.701678385992565e+03,5.882352941176471e-01,48847281
5.726654045550994e+03,5.700836443628743e+03,1.176470588235294e+00,48847279
5.727477733764981e+03,5.701768110009251e+03,5.882352941176471e-01,48847282
5.728418751433347e+03,5.701964484579048e+03,5.882352941176471e-01,48847283
5.728574558940116e+03,5.700876058461061e+03,1.764705882352941e+00,48847280
5.729242439647334e+03,5.702310106240370e+03,5.882352941176471e-01,48847284
5.730339264822469e+03,5.703837658948927e+03,5.882352941176471e-01,48847286
5.731948163198053e+03,5.703051061217699e+03,1.176470588235294e+00,48847285
5.732103970704822e+03,5.706860640992862e+03,5.882352941176471e-01,48847288
5.732771851412040e+03,5.706353278839222e+03,1.176470588235294e+00,48847287
5.734536557294393e+03,5.708990598520330e+03,5.882352941176471e-01,48847291
5.735477574962758e+03,5.707350811813328e+03,1.176470588235294e+00,48847289
5.737242280845111e+03,5.713282221238140e+03,5.882352941176471e-01,48847293
5.737398088351881e+03,5.707985803711067e+03,1.764705882352941e+00,48847290
5.739006986727464e+03,5.713749979814998e+03,5.882352941176471e-01,48847294
5.739162794234234e+03,5.714244543708844e+03,5.882352941176471e-01,48847295
5.739830674941452e+03,5.711198670265710e+03,1.764705882352941e+00,48847292
5.740771692609817e+03,5.715364873735430e+03,5.882352941176471e-01,48847296
5.740927500116587e+03,5.715644433506857e+03,5.882352941176471e-01,48847297
5.741595380823805e+03,5.715773404881536e+03,5.882352941176471e-01,48847298
5.742692205998940e+03,5.717304496811402e+03,5.882352941176471e-01,48847300
5.743360086706158e+03,5.718660315735658e+03,5.882352941176471e-01,48847301
5.744456911881293e+03,5.720056781986836e+03,5.882352941176471e-01,48847302
5.746065810256876e+03,5.715953446007397e+03,1.764705882352941e+00,48847299
5.746889498470864e+03,5.720851526807417e+03,1.176470588235294e+00,48847303
5.747830516139229e+03,5.721921019155109e+03,5.882352941176471e-01,48847305
5.749595222021582e+03,5.722254059031688e+03,5.882352941176471e-01,48847307
5.749751029528352e+03,5.721492503453069e+03,1.764705882352941e+00,48847304
5.750418910235570e+03,5.722250668823357e+03,1.176470588235294e+00,48847306
5.751359927903935e+03,5.722805834186912e+03,5.882352941176471e-01,48847308
5.752183616117923e+03,5.723332614551933e+03,5.882352941176471e-01,48847310
5.753948322000276e+03,5.726497239953180e+03,5.882352941176471e-01,48847312
5.755045147175411e+03,5.723012249828291e+03,1.764705882352941e+00,48847309
5.755713027882629e+03,5.726929943319268e+03,5.882352941176471e-01,48847313
5.756654045550994e+03,5.724496843296242e+03,1.764705882352941e+00,48847311
5.757477733764981e+03,5.727640145876019e+03,5.882352941176471e-01,48847315
5.758418751433347e+03,5.728244821430857e+03,5.882352941176471e-01,48847316
5.759242439647334e+03,5.728568618366813e+03,5.882352941176471e-01,48847317
5.760183457315700e+03,5.728688492188839e+03,5.882352941176471e-01,48847318
5.760339264822469e+03,5.727035807889481e+03,1.764705882352941e+00,48847314
5.761948163198053e+03,5.729707360623517e+03,5.882352941176471e-01,48847320
5.762103970704822e+03,5.730414208851435e+03,5.882352941176471e-01,48847321
5.763868676587175e+03,5.733324597248341e+03,5.882352941176471e-01,48847323
5.764536557294393e+03,5.729217391663191e+03,1.764705882352941e+00,48847319
5.765633382469528e+03,5.735761776533070e+03,5.882352941176471e-01,48847324
5.766301263176746e+03,5.738065838617306e+03,5.882352941176471e-01,48847325
5.767242280845111e+03,5.732334970244226e+03,1.764705882352941e+00,48847322
5.767398088351881e+03,5.741605585628963e+03,5.882352941176471e-01,48847326
5.768065969059099e+03,5.742000596214682e+03,5.882352941176471e-01,48847327
5.769830674941452e+03,5.742883345522315e+03,5.882352941176471e-01,48847330
5.771595380823805e+03,5.743850907457765e+03,5.882352941176471e-01,48847331
5.772536398492170e+03,5.742077664205374e+03,1.764705882352941e+00,48847328
5.772692205998940e+03,5.742634163124663e+03,1.764705882352941e+00,48847329
5.776889498470864e+03,5.743967727612778e+03,1.764705882352941e+00,48847332
5.777830516139229e+03,5.744021141219575e+03,1.764705882352941e+00,48847333
5.777986323645999e+03,5.746020638020366e+03,1.764705882352941e+00,48847334
5.778654204353217e+03,5.746615833826450e+03,5.882352941176471e-01,48847335
5.779595222021582e+03,5.748448398262303e+03,5.882352941176471e-01,48847336
5.779751029528352e+03,5.748794485215369e+03,5.882352941176471e-01,48847337
5.780418910235570e+03,5.748991466563339e+03,5.882352941176471e-01,48847338
5.781515735410705e+03,5.752223608213525e+03,5.882352941176471e-01,48847340
5.782183616117923e+03,5.753231246857523e+03,5.882352941176471e-01,48847341
5.783124633786288e+03,5.750268439566615e+03,1.176470588235294e+00,48847339
5.784889339668641e+03,5.755457309119029e+03,5.882352941176471e-01,48847344
5.785045147175411e+03,5.753915867881816e+03,1.176470588235294e+00,48847342
5.786654045550994e+03,5.755620205934559e+03,5.882352941176471e-01,48847345
5.786809853057764e+03,5.756601496820213e+03,5.882352941176471e-01,48847346
5.787477733764981e+03,5.754818775363839e+03,1.764705882352941e+00,48847343
5.788574558940116e+03,5.757496381955205e+03,5.882352941176471e-01,48847348
5.789242439647334e+03,5.759298337901408e+03,5.882352941176471e-01,48847349
5.790339264822469e+03,5.765088182647782e+03,5.882352941176471e-01,48847350
5.791007145529687e+03,5.766457328893753e+03,5.882352941176471e-01,48847351
5.791948163198053e+03,5.757057921594576e+03,1.764705882352941e+00,48847347
5.792103970704822e+03,5.767707258707491e+03,5.882352941176471e-01,48847352
5.792771851412040e+03,5.769271016621927e+03,5.882352941176471e-01,48847353
5.797242280845111e+03,5.770639449072520e+03,1.764705882352941e+00,48847354
5.797398088351881e+03,5.772920099123861e+03,1.764705882352941e+00,48847355
5.798065969059099e+03,5.773912806857980e+03,1.764705882352941e+00,48847356
5.799006986727464e+03,5.775412833497465e+03,5.882352941176471e-01,48847357
5.799830674941452e+03,5.777029483418488e+03,5.882352941176471e-01,48847359
5.802692205998940e+03,5.776358642088904e+03,1.764705882352941e+00,48847358
5.803360086706158e+03,5.781584259374458e+03,1.176470588235294e+00,48847361
5.804301104374523e+03,5.779422009895971e+03,1.764705882352941e+00,48847360
5.804456911881293e+03,5.781680154152256e+03,5.882352941176471e-01,48847362
5.805124792588511e+03,5.782926118046056e+03,5.882352941176471e-01,48847363
5.806065810256876e+03,5.784094594307037e+03,5.882352941176471e-01,48847364
5.806221617763646e+03,5.786680275051775e+03,5.882352941176471e-01,48847365
5.806889498470864e+03,5.787424235608028e+03,5.882352941176471e-01,48847366
5.807986323645999e+03,5.789568767239158e+03,5.882352941176471e-01,48847368
5.809751029528352e+03,5.791727076505529e+03,5.882352941176471e-01,48847370
5.810418910235570e+03,5.791104734692373e+03,1.176470588235294e+00,48847369
5.811359927903935e+03,5.788010559534543e+03,1.764705882352941e+00,48847367
5.811515735410705e+03,5.793572336155842e+03,5.882352941176471e-01,48847371
5.812183616117923e+03,5.794202826589518e+03,5.882352941176471e-01,48847372
5.813948322000276e+03,5.795627386908040e+03,5.882352941176471e-01,48847375
5.814889339668641e+03,5.795427350287850e+03,1.176470588235294e+00,48847373
5.816654045550994e+03,5.795880224094968e+03,5.882352941176471e-01,48847377
5.816809853057764e+03,5.795575042094732e+03,1.764705882352941e+00,48847374
5.817477733764981e+03,5.795853949050564e+03,1.176470588235294e+00,48847376
5.818574558940116e+03,5.800817213169199e+03,5.882352941176471e-01,48847379
5.821948163198053e+03,5.796498718427036e+03,1.764705882352941e+00,48847378
5.822771851412040e+03,5.801856405365497e+03,1.764705882352941e+00,48847380
5.823868676587175e+03,5.803339243241756e+03,1.764705882352941e+00,48847381
5.824536557294393e+03,5.803518726550837e+03,5.882352941176471e-01,48847383
5.825633382469528e+03,5.804764184877137e+03,5.882352941176471e-01,48847384
5.827242280845111e+03,5.803430574854357e+03,1.764705882352941e+00,48847382
5.827398088351881e+03,5.808379514464770e+03,5.882352941176471e-01,48847386
5.829006986727464e+03,5.810461060677576e+03,5.882352941176471e-01,48847387
5.829162794234234e+03,5.811556243858985e+03,5.882352941176471e-01,48847388
5.829830674941452e+03,5.808370421616716e+03,1.764705882352941e+00,48847385
5.830771692609817e+03,5.815995175095809e+03,5.882352941176471e-01,48847389
5.833360086706158e+03,5.817026288939477e+03,1.176470588235294e+00,48847391
5.834456911881293e+03,5.816661417651120e+03,1.764705882352941e+00,48847390
5.835124792588511e+03,5.824823728649063e+03,5.882352941176471e-01,48847393
5.836065810256876e+03,5.824635914183521e+03,1.764705882352941e+00,48847392
5.836221617763646e+03,5.825013938714164e+03,5.882352941176471e-01,48847394
5.837830516139229e+03,5.826128202142046e+03,5.882352941176471e-01,48847396
5.839595222021582e+03,5.828070094069038e+03,5.882352941176471e-01,48847398
5.840418910235570e+03,5.825477399997324e+03,1.764705882352941e+00,48847395
5.841515735410705e+03,5.827926156723117e+03,1.764705882352941e+00,48847397
5.843124633786288e+03,5.828151319068650e+03,1.176470588235294e+00,48847399
5.843280441293058e+03,5.828940040388062e+03,5.882352941176471e-01,48847401
5.843948322000276e+03,5.828235816517878e+03,1.176470588235294e+00,48847400
5.845045147175411e+03,5.833666662381847e+03,5.882352941176471e-01,48847403
5.845713027882629e+03,5.838626681491563e+03,5.882352941176471e-01,48847404
5.846809853057764e+03,5.839305743999879e+03,5.882352941176471e-01,48847405
5.847477733764981e+03,5.841611514120289e+03,5.882352941176471e-01,48847406
5.848418751433347e+03,5.832840358326045e+03,1.764705882352941e+00,48847402
5.848574558940116e+03,5.842188901867308e+03,5.882352941176471e-01,48847407
5.849242439647334e+03,5.842246161280660e+03,5.882352941176471e-01,48847408
5.850339264822469e+03,5.844256995457083e+03,5.882352941176471e-01,48847410
5.851007145529687e+03,5.844473674098327e+03,5.882352941176471e-01,48847411
5.851948163198053e+03,5.843143338226274e+03,1.176470588235294e+00,48847409
5.852771851412040e+03,5.848373012296899e+03,5.882352941176471e-01,48847413
5.853712869080405e+03,5.848711598900299e+03,5.882352941176471e-01,48847414
5.855477574962758e+03,5.850131389104594e+03,5.882352941176471e-01,48847416
5.855633382469528e+03,5.844526402139612e+03,1.764705882352941e+00,48847412
5.856301263176746e+03,5.848965291569239e+03,1.176470588235294e+00,48847415
5.857398088351881e+03,5.851258187960334e+03,5.882352941176471e-01,48847418
5.859162794234234e+03,5.852857401308098e+03,5.882352941176471e-01,48847420
5.860771692609817e+03,5.851170125413143e+03,1.764705882352941e+00,48847417
5.861595380823805e+03,5.852218213806255e+03,1.764705882352941e+00,48847419
5.862536398492170e+03,5.854226035179643e+03,5.882352941176471e-01,48847422
5.864301104374523e+03,5.860990815443661e+03,5.882352941176471e-01,48847424
5.864456911881293e+03,5.853637636695785e+03,1.764705882352941e+00,48847421
5.865124792588511e+03,5.857268312411577e+03,1.176470588235294e+00,48847423
5.866065810256876e+03,5.861598098148478e+03,5.882352941176471e-01,48847425
5.867986323645999e+03,5.863342592932698e+03,1.176470588235294e+00,48847426
5.870418910235570e+03,5.864102931179345e+03,1.764705882352941e+00,48847427
5.871359927903935e+03,5.864917254939052e+03,1.764705882352941e+00,48847428
5.872183616117923e+03,5.866362548112499e+03,5.882352941176471e-01,48847430
5.873124633786288e+03,5.866548920360720e+03,5.882352941176471e-01,48847431
5.873280441293058e+03,5.865651267669623e+03,1.764705882352941e+00,48847429
5.873948322000276e+03,5.866822516851927e+03,5.882352941176471e-01,48847432
5.875713027882629e+03,5.872092302543451e+03,5.882352941176471e-01,48847435
5.876654045550994e+03,5.868840544883984e+03,1.176470588235294e+00,48847433
5.876809853057764e+03,5.870687495633434e+03,1.176470588235294e+00,48847434
5.878418751433347e+03,5.872777145717156e+03,5.882352941176471e-01,48847437
5.879242439647334e+03,5.872262040424923e+03,1.176470588235294e+00,48847436
5.882103970704822e+03,5.872897382287403e+03,1.764705882352941e+00,48847438
5.883712869080405e+03,5.873263731671909e+03,1.764705882352941e+00,48847439
5.884536557294393e+03,5.873657466690458e+03,1.764705882352941e+00,48847440
5.886301263176746e+03,5.875948720937881e+03,5.882352941176471e-01,48847443
5.887398088351881e+03,5.875222678201307e+03,1.764705882352941e+00,48847441
5.889006986727464e+03,5.875630654919776e+03,1.764705882352941e+00,48847442
5.890771692609817e+03,5.883430761916009e+03,5.882352941176471e-01,48847446
5.890927500116587e+03,5.882018344794568e+03,1.176470588235294e+00,48847445
5.891595380823805e+03,5.876087490190592e+03,1.764705882352941e+00,48847444
5.892536398492170e+03,5.887162724677900e+03,5.882352941176471e-01,48847447
5.892692205998940e+03,5.887298650795837e+03,5.882352941176471e-01,48847448
5.893360086706158e+03,5.889098904389179e+03,5.882352941176471e-01,48847449
5.895879730182458e+03,5.894115024300105e+03,5.882352941176471e-01,48847451
5.897830516139229e+03,5.891965201597117e+03,1.764705882352941e+00,48847450
5.899992946710873e+03,5.894698829063814e+03,1.764705882352941e+00,48847452
5.901173847829517e+03,5.895681722189155e+03,1.764705882352941e+00,48847453
5.901757652593226e+03,5.896367040373955e+03,5.882352941176471e-01,48847455
5.902938553711870e+03,5.897342413362399e+03,5.882352941176471e-01,48847456
5.903124633786288e+03,5.895885164834388e+03,1.764705882352941e+00,48847454
5.903522358475579e+03,5.898180438688167e+03,5.882352941176471e-01,48847457
5.904703259594223e+03,5.898533673550846e+03,5.882352941176471e-01,48847458
5.904889339668641e+03,5.900784808274058e+03,5.882352941176471e-01,48847459
5.905287064357932e+03,5.901025723208331e+03,5.882352941176471e-01,48847460
5.907051770240285e+03,5.903918272454931e+03,5.882352941176471e-01,48847463
5.908816476122638e+03,5.904569861320764e+03,5.882352941176471e-01,48847464
5.909997377241281e+03,5.902483808771024e+03,1.764705882352941e+00,48847461
5.910183457315700e+03,5.903000239639976e+03,1.764705882352941e+00,48847462
5.912712272632756e+03,5.910947566750403e+03,5.882352941176471e-01,48847467
5.914110593769696e+03,5.907432380301049e+03,1.764705882352941e+00,48847465
5.915875299652049e+03,5.913810090777590e+03,5.882352941176471e-01,48847469
5.916212512884818e+03,5.910918395237759e+03,1.764705882352941e+00,48847466
5.916241684397462e+03,5.912142817602648e+03,1.176470588235294e+00,48847468
5.921169417299108e+03,5.913886333810773e+03,1.764705882352941e+00,48847470
5.922027246531918e+03,5.916733128884859e+03,1.764705882352941e+00,48847471
5.922185485243587e+03,5.916891367596528e+03,1.764705882352941e+00,48847472
5.922934123181461e+03,5.917894521412541e+03,5.882352941176471e-01,48847473
5.923791952414271e+03,5.918499952080569e+03,5.882352941176471e-01,48847474
5.925556658296624e+03,5.921143639304904e+03,5.882352941176471e-01,48847477
5.927479602890646e+03,5.918852273191494e+03,1.764705882352941e+00,48847475
5.927502940591568e+03,5.925738234709215e+03,5.882352941176471e-01,48847478
5.928228240828520e+03,5.919621386486150e+03,1.764705882352941e+00,48847476
5.929267646473921e+03,5.926029109347765e+03,5.882352941176471e-01,48847480
5.929992946710873e+03,5.926676482524856e+03,5.882352941176471e-01,48847481
5.931032352356274e+03,5.926761146289073e+03,5.882352941176471e-01,48847482
5.931757652593226e+03,5.927412705986834e+03,5.882352941176471e-01,48847483
5.932773720537705e+03,5.925994975089277e+03,1.764705882352941e+00,48847479
5.932797058238627e+03,5.927450585573393e+03,5.882352941176471e-01,48847484
5.934561764120980e+03,5.930620463306693e+03,5.882352941176471e-01,48847487
5.936326470003333e+03,5.932107446651730e+03,5.882352941176471e-01,48847488
5.937051770240285e+03,5.928941502901629e+03,1.764705882352941e+00,48847485
5.938067838184764e+03,5.929939175167376e+03,1.764705882352941e+00,48847486
5.938091175885685e+03,5.932393432754165e+03,5.882352941176471e-01,48847489
5.938816476122638e+03,5.934136395485849e+03,5.882352941176471e-01,48847490
5.939855881768038e+03,5.935785384572015e+03,5.882352941176471e-01,48847492
5.940581182004991e+03,5.936267053667782e+03,5.882352941176471e-01,48847493
5.941620587650391e+03,5.936779836409585e+03,5.882352941176471e-01,48847494
5.943361955831822e+03,5.934685256032488e+03,1.764705882352941e+00,48847491
5.943385293532744e+03,5.938377969403379e+03,5.882352941176471e-01,48847496
5.945149999415097e+03,5.942044284777899e+03,5.882352941176471e-01,48847498
5.945875299652049e+03,5.938306681842728e+03,1.764705882352941e+00,48847495
5.947640005534402e+03,5.944172537058938e+03,5.882352941176471e-01,48847500
5.948656073478881e+03,5.938415674160578e+03,1.764705882352941e+00,48847497
5.949404711416755e+03,5.947224108982681e+03,5.882352941176471e-01,48847501
5.950420779361234e+03,5.947238787052009e+03,5.882352941176471e-01,48847502
5.950444117062156e+03,5.942534602210017e+03,1.764705882352941e+00,48847499
5.952208822944509e+03,5.949367114131530e+03,5.882352941176471e-01,48847505
5.952934123181461e+03,5.947740537472271e+03,1.176470588235294e+00,48847503
5.954698829063814e+03,5.950233308827850e+03,5.882352941176471e-01,48847507
5.955714897008293e+03,5.948433441125817e+03,1.764705882352941e+00,48847504
5.956463534946167e+03,5.950616921858214e+03,5.882352941176471e-01,48847508
5.957479602890646e+03,5.951323935544779e+03,5.882352941176471e-01,48847509
5.957502940591568e+03,5.949800518257667e+03,1.764705882352941e+00,48847506
5.959244308772999e+03,5.953767721259669e+03,5.882352941176471e-01,48847511
5.959267646473921e+03,5.954166516345796e+03,5.882352941176471e-01,48847512
5.961032352356274e+03,5.956419863019622e+03,5.882352941176471e-01,48847514
5.961757652593226e+03,5.953587444817854e+03,1.764705882352941e+00,48847510
5.963522358475579e+03,5.957542927060963e+03,5.882352941176471e-01,48847516
5.964538426420058e+03,5.954673699884989e+03,1.764705882352941e+00,48847513
5.964561764120980e+03,5.957210765841758e+03,1.176470588235294e+00,48847515
5.966303132302411e+03,5.958867971822566e+03,5.882352941176471e-01,48847518
5.966326470003333e+03,5.964318233256048e+03,5.882352941176471e-01,48847519
5.968067838184764e+03,5.964555520245838e+03,5.882352941176471e-01,48847520
5.968816476122638e+03,5.958058962541842e+03,1.764705882352941e+00,48847517
5.969832544067117e+03,5.965307911079769e+03,5.882352941176471e-01,48847522
5.970581182004991e+03,5.965541818034801e+03,5.882352941176471e-01,48847523
5.971620587650391e+03,5.964689873711075e+03,1.764705882352941e+00,48847521
5.972345887887344e+03,5.969137164104771e+03,5.882352941176471e-01,48847525
5.973385293532744e+03,5.969762537503759e+03,5.882352941176471e-01,48847526
5.975126661714175e+03,5.966108455598487e+03,1.764705882352941e+00,48847524
5.976051112048285e+03,5.974286406165932e+03,5.882352941176471e-01,48847527
5.978409700788416e+03,5.974880289023711e+03,1.176470588235294e+00,48847528
5.979657743317758e+03,5.976128331553052e+03,1.176470588235294e+00,48847529
5.981422449200111e+03,5.977105181124042e+03,5.882352941176471e-01,48847532
5.981626353108739e+03,5.976332235461680e+03,1.764705882352941e+00,48847530
5.981939112553122e+03,5.976607875011383e+03,1.176470588235294e+00,48847531
5.983703818435475e+03,5.981836679213185e+03,5.882352941176471e-01,48847535
5.984951860964817e+03,5.978797027334187e+03,1.176470588235294e+00,48847533
5.986716566847170e+03,5.984243318022568e+03,5.882352941176471e-01,48847537
5.986920470755797e+03,5.979838391724049e+03,1.764705882352941e+00,48847534
5.988481272729523e+03,5.984444882154128e+03,5.882352941176471e-01,48847538
5.988997936082534e+03,5.983328721867676e+03,1.764705882352941e+00,48847536
5.991156381141679e+03,5.989391675259326e+03,5.882352941176471e-01,48847541
5.992214588402856e+03,5.984758454178828e+03,1.764705882352941e+00,48847539
5.992921087024032e+03,5.989756666492249e+03,5.882352941176471e-01,48847542
5.994039646377863e+03,5.988745528730804e+03,1.764705882352941e+00,48847540
6.001029950881604e+03,5.999265244999251e+03,5.882352941176471e-01,48847544
6.004539417823104e+03,5.999245300176045e+03,1.764705882352941e+00,48847543
6.005581627804330e+03,6.002052216039624e+03,1.176470588235294e+00,48847545
6.006581457951494e+03,6.004816752069142e+03,5.882352941176471e-01,48847546
6.007454087558698e+03,6.005689381676345e+03,5.882352941176471e-01,48847547
6.008267588465348e+03,6.006502882582995e+03,5.882352941176471e-01,48847548
6.009218793441051e+03,6.006760936551650e+03,5.882352941176471e-01,48847550
6.011179634273387e+03,6.009414928391034e+03,5.882352941176471e-01,48847551
6.011345972898622e+03,6.009581267016269e+03,5.882352941176471e-01,48847552
6.011875575598553e+03,6.006509144824408e+03,1.764705882352941e+00,48847549
6.013309136697709e+03,6.011544430815356e+03,5.882352941176471e-01,48847554
6.013640281480906e+03,6.011773191074236e+03,5.882352941176471e-01,48847555
6.016240320421768e+03,6.014475614539415e+03,5.882352941176471e-01,48847557
6.016473751920446e+03,6.010117879596156e+03,1.764705882352941e+00,48847553
6.017547193303335e+03,6.014017781538629e+03,1.176470588235294e+00,48847556
6.018005026304121e+03,6.015049278078155e+03,5.882352941176471e-01,48847558
6.018238457802799e+03,6.015136801017491e+03,5.882352941176471e-01,48847559
6.019769732186474e+03,6.016825612842596e+03,5.882352941176471e-01,48847561
6.020003163685152e+03,6.017809765355162e+03,5.882352941176471e-01,48847562
6.022841310950393e+03,6.015313661328799e+03,1.764705882352941e+00,48847560
6.024606016832746e+03,6.019441853922118e+03,5.882352941176471e-01,48847565
6.025063849833532e+03,6.019200930623400e+03,1.764705882352941e+00,48847563
6.025297281332211e+03,6.019293826638164e+03,1.764705882352941e+00,48847564
6.026370722715099e+03,6.020188152624907e+03,5.882352941176471e-01,48847566
6.026828555715885e+03,6.020196909398694e+03,5.882352941176471e-01,48847567
6.029900134479805e+03,6.022117671518435e+03,1.176470588235294e+00,48847569
6.030591398979269e+03,6.021172664539026e+03,1.764705882352941e+00,48847568
6.031664840362158e+03,6.022727573761656e+03,5.882352941176471e-01,48847571
6.032122673362944e+03,6.022386658492101e+03,1.764705882352941e+00,48847570
6.032356104861622e+03,6.023447385220908e+03,5.882352941176471e-01,48847572
6.033887379245297e+03,6.026054690207040e+03,5.882352941176471e-01,48847574
6.034120810743975e+03,6.026400532767102e+03,5.882352941176471e-01,48847575
6.035194252126864e+03,6.023813289595823e+03,1.176470588235294e+00,48847573
6.035652085127650e+03,6.026870811034355e+03,5.882352941176471e-01,48847576
6.035885516626328e+03,6.029577310508529e+03,5.882352941176471e-01,48847577
6.036958958009217e+03,6.030143519449502e+03,5.882352941176471e-01,48847578
6.037416791010003e+03,6.030529110962139e+03,5.882352941176471e-01,48847579
6.041179634273387e+03,6.030803619424996e+03,1.764705882352941e+00,48847580
6.042253075656276e+03,6.032385374333979e+03,1.764705882352941e+00,48847581
6.042710908657062e+03,6.032425050203395e+03,1.764705882352941e+00,48847582
6.044017781538629e+03,6.033160159715738e+03,5.882352941176471e-01,48847584
6.046473751920446e+03,6.032885033686670e+03,1.764705882352941e+00,48847583
6.048005026304121e+03,6.033374518944320e+03,1.764705882352941e+00,48847585
6.048238457802799e+03,6.034281414801777e+03,5.882352941176471e-01,48847587
6.049311899185687e+03,6.034059687233101e+03,1.764705882352941e+00,48847586
6.049769732186474e+03,6.036935466790942e+03,5.882352941176471e-01,48847588
6.050003163685152e+03,6.039369884166855e+03,5.882352941176471e-01,48847589
6.051076605068040e+03,6.039585323254238e+03,5.882352941176471e-01,48847590
6.051534438068826e+03,6.040061584562587e+03,5.882352941176471e-01,48847591
6.051767869567505e+03,6.040996651529064e+03,5.882352941176471e-01,48847592
6.053299143951179e+03,6.041831830729421e+03,5.882352941176471e-01,48847594
6.053532575449858e+03,6.043421771994031e+03,5.882352941176471e-01,48847595
6.054606016832746e+03,6.041620543042797e+03,1.176470588235294e+00,48847593
6.055063849833532e+03,6.044206227322328e+03,5.882352941176471e-01,48847596
6.055297281332211e+03,6.045859681634346e+03,5.882352941176471e-01,48847597
6.058135428597452e+03,6.046733491332804e+03,1.176470588235294e+00,48847598
6.059900134479805e+03,6.048620404775827e+03,5.882352941176471e-01,48847601
6.060357967480591e+03,6.048443245347514e+03,1.764705882352941e+00,48847599
6.060591398979269e+03,6.048495907910376e+03,1.764705882352941e+00,48847600
6.063887379245297e+03,6.050442923884339e+03,1.176470588235294e+00,48847603
6.065194252126864e+03,6.049702372025526e+03,1.764705882352941e+00,48847602
6.065885516626328e+03,6.050499425687719e+03,1.764705882352941e+00,48847604
6.067650222508681e+03,6.055708621248536e+03,5.882352941176471e-01,48847607
6.069181496892356e+03,6.050934929828792e+03,1.764705882352941e+00,48847605
6.069414928391034e+03,6.056801104588546e+03,5.882352941176471e-01,48847608
6.070488369773923e+03,6.051068124465359e+03,1.764705882352941e+00,48847606
6.070946202774709e+03,6.056826168617943e+03,5.882352941176471e-01,48847609
6.074709046038093e+03,6.058916958653056e+03,1.764705882352941e+00,48847610
6.075782487420982e+03,6.059939391161466e+03,1.764705882352941e+00,48847611
6.076240320421768e+03,6.060397354654159e+03,1.764705882352941e+00,48847612
6.076473751920446e+03,6.060487125690463e+03,5.882352941176471e-01,48847613
6.077547193303335e+03,6.061900366851054e+03,5.882352941176471e-01,48847614
6.078005026304121e+03,6.062100799819066e+03,5.882352941176471e-01,48847615
6.079311899185687e+03,6.065559124698006e+03,5.882352941176471e-01,48847617
6.081534438068826e+03,6.067774329569518e+03,1.176470588235294e+00,48847618
6.081767869567505e+03,6.063988464080590e+03,1.764705882352941e+00,48847616
6.082841310950393e+03,6.068281422457074e+03,1.176470588235294e+00,48847619
6.083299143951179e+03,6.068461227262850e+03,5.882352941176471e-01,48847620
6.083532575449858e+03,6.069475726905166e+03,5.882352941176471e-01,48847621
6.085063849833532e+03,6.070491210602560e+03,5.882352941176471e-01,48847623
6.085297281332211e+03,6.070632408660374e+03,5.882352941176471e-01,48847624
6.086828555715885e+03,6.072040729515430e+03,5.882352941176471e-01,48847625
6.088135428597452e+03,6.070260359007686e+03,1.764705882352941e+00,48847622
6.088593261598238e+03,6.074360137882110e+03,5.882352941176471e-01,48847627
6.088826693096916e+03,6.073220566731970e+03,1.176470588235294e+00,48847626
6.090357967480591e+03,6.075205578323468e+03,5.882352941176471e-01,48847629
6.092122673362944e+03,6.078352967952107e+03,5.882352941176471e-01,48847631
6.093429546244511e+03,6.074982221088790e+03,1.764705882352941e+00,48847628
6.094120810743975e+03,6.077615039264189e+03,1.764705882352941e+00,48847630
6.095194252126864e+03,6.080326703700346e+03,5.882352941176471e-01,48847633
6.095652085127650e+03,6.079616211540129e+03,1.176470588235294e+00,48847632
6.095885516626328e+03,6.083083370803202e+03,5.882352941176471e-01,48847634
6.097416791010003e+03,6.086069523776531e+03,5.882352941176471e-01,48847636
6.097650222508681e+03,6.086653245366015e+03,5.882352941176471e-01,48847637
6.099181496892356e+03,6.087746333410859e+03,5.882352941176471e-01,48847638
6.100488369773923e+03,6.084644376739652e+03,1.764705882352941e+00,48847635
6.100946202774709e+03,6.088124318082779e+03,5.882352941176471e-01,48847640
6.101179634273387e+03,6.087846909080397e+03,1.176470588235294e+00,48847639
6.102253075656276e+03,6.088825155834511e+03,5.882352941176471e-01,48847641
6.104017781538629e+03,6.091929825457472e+03,5.882352941176471e-01,48847644
6.104475614539415e+03,6.089878419750545e+03,1.176470588235294e+00,48847642
6.105782487420982e+03,6.092745241095647e+03,5.882352941176471e-01,48847645
6.106240320421768e+03,6.093275487881332e+03,5.882352941176471e-01,48847646
6.106473751920446e+03,6.091764804123787e+03,1.764705882352941e+00,48847643
6.108005026304121e+03,6.097961673687961e+03,5.882352941176471e-01,48847648
6.109311899185687e+03,6.095119547280586e+03,1.176470588235294e+00,48847647
6.109769732186474e+03,6.098657527595163e+03,5.882352941176471e-01,48847650
6.111076605068040e+03,6.099960592188248e+03,5.882352941176471e-01,48847651
6.111767869567505e+03,6.098152943590865e+03,1.764705882352941e+00,48847649
6.112841310950393e+03,6.103452614306753e+03,5.882352941176471e-01,48847653
6.113299143951179e+03,6.101039998816268e+03,1.176470588235294e+00,48847652
6.113532575449858e+03,6.104125250662820e+03,5.882352941176471e-01,48847654
6.114606016832746e+03,6.105211125886870e+03,5.882352941176471e-01,48847655
6.116370722715099e+03,6.108932872880654e+03,5.882352941176471e-01,48847658
6.117061987214563e+03,6.106296696892752e+03,1.176470588235294e+00,48847657
6.118593261598238e+03,6.105956126230597e+03,1.764705882352941e+00,48847656
6.118826693096916e+03,6.110622023341176e+03,5.882352941176471e-01,48847660
6.119900134479805e+03,6.109426790495197e+03,1.176470588235294e+00,48847659
6.120357967480591e+03,6.113068683224570e+03,5.882352941176471e-01,48847661
6.120591398979269e+03,6.113117318297524e+03,5.882352941176471e-01,48847662
6.121664840362158e+03,6.114154769896183e+03,5.882352941176471e-01,48847663
6.122356104861622e+03,6.117903833631616e+03,5.882352941176471e-01,48847665
6.124120810743975e+03,6.118052503886991e+03,5.882352941176471e-01,48847667
6.125194252126864e+03,6.118020403326083e+03,1.176470588235294e+00,48847666
6.125652085127650e+03,6.117834237502501e+03,1.764705882352941e+00,48847664
6.125885516626328e+03,6.118535785911630e+03,5.882352941176471e-01,48847668
6.126958958009217e+03,6.119213249312045e+03,5.882352941176471e-01,48847669
6.127416791010003e+03,6.119407083518324e+03,5.882352941176471e-01,48847670
6.128723663891570e+03,6.119945156358075e+03,5.882352941176471e-01,48847672
6.129181496892356e+03,6.120593111127605e+03,5.882352941176471e-01,48847673
6.130488369773923e+03,6.122535424858177e+03,5.882352941176471e-01,48847674
6.131179634273387e+03,6.119655060536397e+03,1.764705882352941e+00,48847671
6.134475614539415e+03,6.122674366867585e+03,1.764705882352941e+00,48847675
6.135782487420982e+03,6.123839284974501e+03,1.764705882352941e+00,48847676
6.136240320421768e+03,6.125048935405366e+03,5.882352941176471e-01,48847678
6.136473751920446e+03,6.123950288561078e+03,1.764705882352941e+00,48847677
6.137547193303335e+03,6.125309900091742e+03,5.882352941176471e-01,48847679
6.138005026304121e+03,6.126654303210957e+03,5.882352941176471e-01,48847680
6.139769732186474e+03,6.129369225875243e+03,5.882352941176471e-01,48847683
6.141767869567505e+03,6.127047788633625e+03,1.764705882352941e+00,48847681
6.142841310950393e+03,6.127164575882783e+03,1.764705882352941e+00,48847682
6.143532575449858e+03,6.133402539099691e+03,5.882352941176471e-01,48847685
6.145063849833532e+03,6.132500396471174e+03,1.764705882352941e+00,48847684
6.145297281332211e+03,6.133560739530574e+03,5.882352941176471e-01,48847687
6.147061987214563e+03,6.137154394853472e+03,5.882352941176471e-01,48847689
6.148135428597452e+03,6.133403290736254e+03,1.764705882352941e+00,48847686
6.148826693096916e+03,6.138805701906643e+03,5.882352941176471e-01,48847690
6.149900134479805e+03,6.138824349919536e+03,5.882352941176471e-01,48847691
6.150357967480591e+03,6.134825985529646e+03,1.764705882352941e+00,48847688
6.151664840362158e+03,6.141388897173129e+03,5.882352941176471e-01,48847693
6.153429546244511e+03,6.144228484211938e+03,5.882352941176471e-01,48847695
6.154120810743975e+03,6.139811610979678e+03,1.764705882352941e+00,48847692
6.155652085127650e+03,6.143235571811217e+03,1.764705882352941e+00,48847694
6.157416791010003e+03,6.144964116697239e+03,5.882352941176471e-01,48847698
6.158723663891570e+03,6.144402375067682e+03,1.764705882352941e+00,48847696
6.159181496892356e+03,6.145022630255410e+03,5.882352941176471e-01,48847699
6.159414928391034e+03,6.144883337794222e+03,1.764705882352941e+00,48847697
6.160488369773923e+03,6.146109390281157e+03,5.882352941176471e-01,48847700
6.160946202774709e+03,6.148808535554174e+03,5.882352941176471e-01,48847701
6.161179634273387e+03,6.149293887701629e+03,5.882352941176471e-01,48847702
6.162253075656276e+03,6.150204980237089e+03,5.882352941176471e-01,48847703
6.162710908657062e+03,6.150887286814605e+03,5.882352941176471e-01,48847704
6.162944340155740e+03,6.154819385254705e+03,5.882352941176471e-01,48847705
6.164017781538629e+03,6.155513633879774e+03,5.882352941176471e-01,48847706
6.164709046038093e+03,6.160232450271726e+03,5.882352941176471e-01,48847708
6.165782487420982e+03,6.161234961930744e+03,5.882352941176471e-01,48847709
6.166473751920446e+03,6.161453109545324e+03,5.882352941176471e-01,48847710
6.167547193303335e+03,6.161773438529305e+03,5.882352941176471e-01,48847711
6.168005026304121e+03,6.159311319593195e+03,1.764705882352941e+00,48847707
6.168238457802799e+03,6.162231968403884e+03,5.882352941176471e-01,48847712
6.169311899185687e+03,6.165139920251648e+03,5.882352941176471e-01,48847713
6.170003163685152e+03,6.166956570225515e+03,5.882352941176471e-01,48847715
6.171534438068826e+03,6.166284330936717e+03,1.176470588235294e+00,48847714
6.173299143951179e+03,6.167939761078328e+03,5.882352941176471e-01,48847718
6.173532575449858e+03,6.167758797298777e+03,1.176470588235294e+00,48847717
6.174606016832746e+03,6.167359610020035e+03,1.764705882352941e+00,48847716
6.175063849833532e+03,6.168126544915536e+03,5.882352941176471e-01,48847719
6.175297281332211e+03,6.169022249805875e+03,5.882352941176471e-01,48847720
6.176828555715885e+03,6.172548418945124e+03,5.882352941176471e-01,48847722
6.179900134479805e+03,6.170482496077227e+03,1.764705882352941e+00,48847721
6.180591398979269e+03,6.173398136173757e+03,1.764705882352941e+00,48847723
6.181664840362158e+03,6.175130061755524e+03,5.882352941176471e-01,48847725
6.182122673362944e+03,6.174377242337634e+03,1.764705882352941e+00,48847724
6.182356104861622e+03,6.175883611503496e+03,5.882352941176471e-01,48847726
6.183887379245297e+03,6.178081938878814e+03,5.882352941176471e-01,48847728
6.184120810743975e+03,6.178279369599205e+03,5.882352941176471e-01,48847729
6.185652085127650e+03,6.179073359480775e+03,5.882352941176471e-01,48847730
6.186958958009217e+03,6.176869576862451e+03,1.764705882352941e+00,48847727
6.187416791010003e+03,6.179883690155679e+03,5.882352941176471e-01,48847732
6.188723663891570e+03,6.180955960347378e+03,5.882352941176471e-01,48847733
6.189181496892356e+03,6.182297300887221e+03,5.882352941176471e-01,48847734
6.189414928391034e+03,6.179605867698348e+03,1.764705882352941e+00,48847731
6.190488369773923e+03,6.183617625099057e+03,5.882352941176471e-01,48847735
6.190946202774709e+03,6.185146747227965e+03,5.882352941176471e-01,48847736
6.191179634273387e+03,6.186483184030479e+03,5.882352941176471e-01,48847737
6.192944340155740e+03,6.190735777490896e+03,5.882352941176471e-01,48847740
6.194709046038093e+03,6.190841872156915e+03,5.882352941176471e-01,48847741
6.195782487420982e+03,6.187528842167021e+03,1.764705882352941e+00,48847738
6.196240320421768e+03,6.189880827071421e+03,1.764705882352941e+00,48847739
6.197547193303335e+03,6.191902755589654e+03,5.882352941176471e-01,48847743
6.198005026304121e+03,6.192282574215565e+03,5.882352941176471e-01,48847744
6.199311899185687e+03,6.194116738046154e+03,5.882352941176471e-01,48847745
6.200003163685152e+03,6.190997046781937e+03,1.764705882352941e+00,48847742
6.201315359755797e+03,6.199550653873444e+03,5.882352941176471e-01,48847747
6.201534438068826e+03,6.195905543308941e+03,1.176470588235294e+00,48847746
6.203991966806541e+03,6.202227260924188e+03,5.882352941176471e-01,48847749
6.207501577121377e+03,6.202207459474318e+03,1.764705882352941e+00,48847748
6.207972934278879e+03,6.204443522514173e+03,1.176470588235294e+00,48847750
6.209266283003730e+03,6.205476646141141e+03,5.882352941176471e-01,48847752
6.209737640161232e+03,6.206174968708564e+03,5.882352941176471e-01,48847753
6.209751578412202e+03,6.204457460765143e+03,1.764705882352941e+00,48847751
6.211030988886083e+03,6.208370442211056e+03,5.882352941176471e-01,48847754
6.211502346043585e+03,6.208556427849827e+03,5.882352941176471e-01,48847755
6.211516284294555e+03,6.208882600619931e+03,5.882352941176471e-01,48847756
6.213280990176908e+03,6.210996755742412e+03,5.882352941176471e-01,48847759
6.214560400650789e+03,6.209683198256648e+03,1.176470588235294e+00,48847757
6.215045696059261e+03,6.211198597732229e+03,5.882352941176471e-01,48847760
6.216796463690644e+03,6.210864816707322e+03,1.764705882352941e+00,48847758
6.217049667020607e+03,6.215284961138254e+03,5.882352941176471e-01,48847762
6.218561169572997e+03,6.216390432208261e+03,5.882352941176471e-01,48847763
6.219854518297847e+03,6.214473835627232e+03,1.764705882352941e+00,48847761
6.223850694051850e+03,6.222085988169497e+03,5.882352941176471e-01,48847764
6.228640270707475e+03,6.226875564825122e+03,5.882352941176471e-01,48847767
6.229739615652274e+03,6.224445498005216e+03,1.764705882352941e+00,48847765
6.230169811556203e+03,6.224875693909144e+03,1.764705882352941e+00,48847766
6.230404976589828e+03,6.228156336738708e+03,5.882352941176471e-01,48847768
6.231504321534627e+03,6.228350272189699e+03,5.882352941176471e-01,48847769
6.231934517438556e+03,6.228635927989590e+03,5.882352941176471e-01,48847770
6.233875412921496e+03,6.232110707039143e+03,5.882352941176471e-01,48847771
6.233902682936191e+03,6.232137977053838e+03,5.882352941176471e-01,48847772
6.238425726516057e+03,6.233131608868999e+03,1.764705882352941e+00,48847773
6.239169530568555e+03,6.233589301832553e+03,1.764705882352941e+00,48847774
6.239486361765450e+03,6.234192244118391e+03,1.764705882352941e+00,48847775
6.244549665088176e+03,6.242784959205823e+03,5.882352941176471e-01,48847778
6.247371303561217e+03,6.242077185914158e+03,1.764705882352941e+00,48847776
6.247992133331663e+03,6.242698015684604e+03,1.764705882352941e+00,48847777
6.249136009443570e+03,6.243982998115157e+03,5.882352941176471e-01,48847780
6.249843782735235e+03,6.243394463680289e+03,1.764705882352941e+00,48847779
6.251608488617588e+03,6.249628646711001e+03,5.882352941176471e-01,48847783
6.252665421208275e+03,6.247880950987383e+03,1.176470588235294e+00,48847782
6.253286250978722e+03,6.245792111001082e+03,1.764705882352941e+00,48847781
6.253642532630008e+03,6.251877826747655e+03,5.882352941176471e-01,48847784
6.257959538855334e+03,6.252283469082784e+03,1.764705882352941e+00,48847785
6.258537733124860e+03,6.255008321360154e+03,1.176470588235294e+00,48847787
6.259724244737687e+03,6.255404289307998e+03,5.882352941176471e-01,48847788
6.260130065425460e+03,6.254835947778401e+03,1.764705882352941e+00,48847786
6.260302439007213e+03,6.258134270739662e+03,5.882352941176471e-01,48847789
6.265176107948680e+03,6.263411402066327e+03,5.882352941176471e-01,48847791
6.265425439331879e+03,6.261896027567173e+03,1.176470588235294e+00,48847790
6.266613700301499e+03,6.264848994419146e+03,5.882352941176471e-01,48847792
6.267056024334638e+03,6.265291318452285e+03,5.882352941176471e-01,48847793
6.270891666848336e+03,6.269126960965984e+03,5.882352941176471e-01,48847794
6.270916778402022e+03,6.269152072519669e+03,5.882352941176471e-01,48847795
6.271875023594330e+03,6.270110317711977e+03,5.882352941176471e-01,48847796
6.272827787896405e+03,6.271063082014052e+03,5.882352941176471e-01,48847797
6.276018087268938e+03,6.274253381386585e+03,5.882352941176471e-01,48847800
6.276824186007075e+03,6.273294774242370e+03,1.176470588235294e+00,48847798
6.279097397970555e+03,6.277332692088202e+03,5.882352941176471e-01,48847801
6.279207595989609e+03,6.273913478342550e+03,1.764705882352941e+00,48847799
6.281013761683481e+03,6.277484349918775e+03,1.176470588235294e+00,48847802
6.282896868509032e+03,6.281132162626679e+03,5.882352941176471e-01,48847803
6.286853579148575e+03,6.281559461501516e+03,1.764705882352941e+00,48847804
6.287584611327898e+03,6.285819905445545e+03,5.882352941176471e-01,48847805
6.287963810857633e+03,6.286199104975280e+03,5.882352941176471e-01,48847806
6.289181826347936e+03,6.287417120465583e+03,5.882352941176471e-01,48847807
6.291625747823101e+03,6.289861041940748e+03,5.882352941176471e-01,48847808
6.291948242703141e+03,6.290183536820788e+03,5.882352941176471e-01,48847809
6.293225325006853e+03,6.291460619124500e+03,5.882352941176471e-01,48847810
6.294814105633442e+03,6.293049399751089e+03,5.882352941176471e-01,48847811
6.295067406221111e+03,6.293302700338758e+03,5.882352941176471e-01,48847812
6.299962226148694e+03,6.294668108501635e+03,1.764705882352941e+00,48847813
6.300108223280501e+03,6.294778815780359e+03,1.764705882352941e+00,48847814
6.300396783056835e+03,6.295102665409776e+03,1.764705882352941e+00,48847815
6.301726932031047e+03,6.295750858583341e+03,5.882352941176471e-01,48847816
6.302161488939188e+03,6.299107392296839e+03,5.882352941176471e-01,48847818
6.304416654538561e+03,6.302651948656208e+03,5.882352941176471e-01,48847820
6.305402340927560e+03,6.298449787418092e+03,1.764705882352941e+00,48847817
6.306181360420914e+03,6.302727408735271e+03,5.882352941176471e-01,48847821
6.307021049678106e+03,6.301301508108081e+03,1.764705882352941e+00,48847819
6.307167046809913e+03,6.303820828343588e+03,5.882352941176471e-01,48847822
6.309710772185620e+03,6.304717713131967e+03,1.176470588235294e+00,48847823
6.312315167325164e+03,6.305064508356238e+03,1.764705882352941e+00,48847824
6.312461164456971e+03,6.306095907343049e+03,1.764705882352941e+00,48847825
6.314079873207517e+03,6.307112955515758e+03,5.882352941176471e-01,48847827
6.315004889832679e+03,6.306575894811002e+03,1.764705882352941e+00,48847826
6.315844579089870e+03,6.309580489251900e+03,5.882352941176471e-01,48847829
6.316769595715032e+03,6.310048982293426e+03,5.882352941176471e-01,48847830
6.317755282104030e+03,6.307469481516287e+03,1.764705882352941e+00,48847828
6.320299007479738e+03,6.312135942535497e+03,1.176470588235294e+00,48847832
6.321138696736929e+03,6.310145580414030e+03,1.764705882352941e+00,48847831
6.322903402619282e+03,6.314743111722700e+03,5.882352941176471e-01,48847835
6.323049399751089e+03,6.312883333329987e+03,1.764705882352941e+00,48847833
6.324668108501635e+03,6.315714904083955e+03,5.882352941176471e-01,48847836
6.324814105633442e+03,6.315916757164034e+03,5.882352941176471e-01,48847837
6.325593125126797e+03,6.313783718298969e+03,1.764705882352941e+00,48847834
6.326432814383988e+03,6.317251865450193e+03,5.882352941176471e-01,48847838
6.327357831009149e+03,6.320766355286553e+03,5.882352941176471e-01,48847840
6.328197520266341e+03,6.321366728798957e+03,5.882352941176471e-01,48847841
6.328343517398148e+03,6.318025178080625e+03,1.176470588235294e+00,48847839
6.329122536891502e+03,6.322103346003542e+03,5.882352941176471e-01,48847842
6.329962226148694e+03,6.322451349419337e+03,5.882352941176471e-01,48847843
6.330887242773855e+03,6.324728284633623e+03,5.882352941176471e-01,48847845
6.333637635045207e+03,6.323051415540070e+03,1.764705882352941e+00,48847844
6.335256343795753e+03,6.325232831525964e+03,1.764705882352941e+00,48847846
6.335402340927560e+03,6.329416841102391e+03,5.882352941176471e-01,48847848
6.336181360420914e+03,6.326401714710202e+03,1.764705882352941e+00,48847847
6.337167046809913e+03,6.331734423236394e+03,5.882352941176471e-01,48847850
6.337946066303267e+03,6.334590880919548e+03,5.882352941176471e-01,48847851
6.340292766013336e+03,6.338528060130983e+03,5.882352941176471e-01,48847853
6.340550461442811e+03,6.331549024260733e+03,1.764705882352941e+00,48847849
6.342057471895689e+03,6.338609383970558e+03,5.882352941176471e-01,48847854
6.342461164456971e+03,6.335918558477660e+03,1.764705882352941e+00,48847852
6.344225870339324e+03,6.341940400713829e+03,5.882352941176471e-01,48847857
6.345844579089870e+03,6.339450055734396e+03,1.764705882352941e+00,48847855
6.347351589542748e+03,6.340786405206567e+03,1.764705882352941e+00,48847856
6.347609284972223e+03,6.343210261970974e+03,5.882352941176471e-01,48847859
6.349116295425101e+03,6.343772065147168e+03,5.882352941176471e-01,48847860
6.349373990854576e+03,6.344949857734614e+03,5.882352941176471e-01,48847861
6.349519987986383e+03,6.342938254323327e+03,1.764705882352941e+00,48847858
6.351138696736929e+03,6.346112391757895e+03,5.882352941176471e-01,48847863
6.352903402619282e+03,6.348963409919960e+03,5.882352941176471e-01,48847865
6.354410413072159e+03,6.345631374208516e+03,1.764705882352941e+00,48847862
6.354668108501635e+03,6.349206086107745e+03,5.882352941176471e-01,48847866
6.354814105633442e+03,6.348004796820391e+03,1.764705882352941e+00,48847864
6.356578811515795e+03,6.351493415990004e+03,5.882352941176471e-01,48847869
6.358197520266341e+03,6.349771791373714e+03,1.176470588235294e+00,48847868
6.359704530719218e+03,6.349627011350940e+03,1.764705882352941e+00,48847867
6.360108223280501e+03,6.353799506882568e+03,1.176470588235294e+00,48847870
6.361469236601571e+03,6.355406879020826e+03,5.882352941176471e-01,48847872
6.361726932031047e+03,6.353831297639218e+03,1.176470588235294e+00,48847871
6.361872929162854e+03,6.355596918290668e+03,5.882352941176471e-01,48847873
6.363233942483924e+03,6.355826709746325e+03,5.882352941176471e-01,48847874
6.363491637913400e+03,6.356324217392989e+03,5.882352941176471e-01,48847875
6.367167046809913e+03,6.358276574752801e+03,1.764705882352941e+00,48847876
6.368528060130983e+03,6.358632605013316e+03,1.764705882352941e+00,48847877
6.368785755560458e+03,6.358794815686349e+03,1.764705882352941e+00,48847878
6.368931752692266e+03,6.358871790162766e+03,5.882352941176471e-01,48847879
6.370292766013336e+03,6.360913736275913e+03,5.882352941176471e-01,48847880
6.370696458574618e+03,6.362274901500222e+03,5.882352941176471e-01,48847882
6.372461164456971e+03,6.364947849209433e+03,5.882352941176471e-01,48847884
6.374079873207517e+03,6.361306275802025e+03,1.764705882352941e+00,48847881
6.375586883660395e+03,6.364460829661729e+03,1.764705882352941e+00,48847883
6.375844579089870e+03,6.365138066448218e+03,5.882352941176471e-01,48847886
6.377609284972223e+03,6.367170669129783e+03,5.882352941176471e-01,48847888
6.377755282104030e+03,6.365017324571502e+03,1.764705882352941e+00,48847885
6.379373990854576e+03,6.369426629289581e+03,5.882352941176471e-01,48847889
6.379519987986383e+03,6.370746649580060e+03,5.882352941176471e-01,48847890
6.380881001307453e+03,6.366694121912558e+03,1.764705882352941e+00,48847887
6.381138696736929e+03,6.373300597686486e+03,5.882352941176471e-01,48847891
6.381284693868736e+03,6.375415216086234e+03,5.882352941176471e-01,48847892
6.382645707189806e+03,6.375996848756484e+03,5.882352941176471e-01,48847893
6.382903402619282e+03,6.377649264297701e+03,5.882352941176471e-01,48847894
6.383049399751089e+03,6.378728582316132e+03,5.882352941176471e-01,48847895
6.384668108501635e+03,6.380450478163900e+03,5.882352941176471e-01,48847897
6.386432814383988e+03,6.381234166963738e+03,5.882352941176471e-01,48847899
6.387939824836865e+03,6.380120373900473e+03,1.764705882352941e+00,48847896
6.388197520266341e+03,6.382543662827333e+03,5.882352941176471e-01,48847900
6.388343517398148e+03,6.381162303066784e+03,1.764705882352941e+00,48847898
6.389962226148694e+03,6.386866290721731e+03,5.882352941176471e-01,48847902
6.390108223280501e+03,6.387786743156086e+03,5.882352941176471e-01,48847903
6.391726932031047e+03,6.388661781759963e+03,5.882352941176471e-01,48847904
6.393233942483924e+03,6.386337269550741e+03,1.764705882352941e+00,48847901
6.395402340927560e+03,6.389394345524623e+03,1.764705882352941e+00,48847905
6.397021049678106e+03,6.389911139532531e+03,1.764705882352941e+00,48847906
6.397167046809913e+03,6.390164434963491e+03,5.882352941176471e-01,48847908
6.398528060130983e+03,6.389957518600386e+03,1.764705882352941e+00,48847907
6.398931752692266e+03,6.391759915065579e+03,5.882352941176471e-01,48847910
6.402315167325164e+03,6.391237652133183e+03,1.764705882352941e+00,48847909
6.403822177778042e+03,6.392258774878568e+03,1.764705882352941e+00,48847911
6.404225870339324e+03,6.392419276951541e+03,1.764705882352941e+00,48847912
6.405586883660395e+03,6.396780060907355e+03,5.882352941176471e-01,48847914
6.407609284972223e+03,6.394584086102625e+03,1.764705882352941e+00,48847913
6.409116295425101e+03,6.399931409225285e+03,1.176470588235294e+00,48847916
6.409373990854576e+03,6.401425989999663e+03,5.882352941176471e-01,48847917
6.409519987986383e+03,6.397023858396804e+03,1.764705882352941e+00,48847915
6.410881001307453e+03,6.401743199743849e+03,5.882352941176471e-01,48847918
6.411284693868736e+03,6.402239690498391e+03,5.882352941176471e-01,48847920
6.414668108501635e+03,6.402221533356959e+03,1.764705882352941e+00,48847919
6.416175118954512e+03,6.402296558597722e+03,1.764705882352941e+00,48847921
6.416578811515795e+03,6.402372419387602e+03,1.764705882352941e+00,48847922
6.417939824836865e+03,6.403647370984281e+03,5.882352941176471e-01,48847924
6.418197520266341e+03,6.402627887636235e+03,1.176470588235294e+00,48847923
6.418343517398148e+03,6.405762317867049e+03,5.882352941176471e-01,48847925
6.419704530719218e+03,6.406004111267725e+03,5.882352941176471e-01,48847926
6.421469236601571e+03,6.411303575676672e+03,5.882352941176471e-01,48847929
6.423233942483924e+03,6.413235491877762e+03,5.882352941176471e-01,48847930
6.423491637913400e+03,6.406094136276825e+03,1.764705882352941e+00,48847927
6.423637635045207e+03,6.408706573337009e+03,1.764705882352941e+00,48847928
6.425256343795753e+03,6.415212117168741e+03,5.882352941176471e-01,48847932
6.425402340927560e+03,6.415469563265050e+03,5.882352941176471e-01,48847933
6.427021049678106e+03,6.417117084001912e+03,5.882352941176471e-01,48847934
6.427167046809913e+03,6.418009515235010e+03,5.882352941176471e-01,48847935
6.428528060130983e+03,6.413350179961796e+03,1.764705882352941e+00,48847931
6.428785755560458e+03,6.418718495595733e+03,5.882352941176471e-01,48847936
6.428931752692266e+03,6.419493493249761e+03,5.882352941176471e-01,48847937
6.430292766013336e+03,6.420552974403369e+03,5.882352941176471e-01,48847938
6.430696458574618e+03,6.422259654639692e+03,5.882352941176471e-01,48847940
6.432057471895689e+03,6.422870792062550e+03,5.882352941176471e-01,48847941
6.432461164456971e+03,6.423258081556136e+03,5.882352941176471e-01,48847942
6.433822177778042e+03,6.424606822285908e+03,5.882352941176471e-01,48847943
6.434079873207517e+03,6.421755306190142e+03,1.764705882352941e+00,48847939
6.434225870339324e+03,6.424962203086070e+03,5.882352941176471e-01,48847944
6.435586883660395e+03,6.426867146665781e+03,5.882352941176471e-01,48847945
6.435844579089870e+03,6.427351904598565e+03,5.882352941176471e-01,48847946
6.439373990854576e+03,6.431644806018911e+03,1.176470588235294e+00,48847949
6.439519987986383e+03,6.427521938199323e+03,1.764705882352941e+00,48847947
6.440881001307454e+03,6.431183084531551e+03,1.764705882352941e+00,48847948
6.443049399751089e+03,6.435861479880348e+03,1.176470588235294e+00,48847951
6.444410413072159e+03,6.436402545049275e+03,1.176470588235294e+00,48847952
6.444668108501635e+03,6.431777993120547e+03,1.764705882352941e+00,48847950
6.446175118954512e+03,6.439177955866475e+03,5.882352941176471e-01,48847954
6.448343517398148e+03,6.439172022893386e+03,1.764705882352941e+00,48847953
6.449704530719218e+03,6.441313055654397e+03,1.176470588235294e+00,48847956
6.449962226148694e+03,6.439541849116092e+03,1.764705882352941e+00,48847955
6.450108223280501e+03,6.442044593311291e+03,5.882352941176471e-01,48847957
6.451469236601571e+03,6.442159299547430e+03,5.882352941176471e-01,48847958
6.451872929162854e+03,6.442389094650835e+03,5.882352941176471e-01,48847960
6.453233942483924e+03,6.443425779609868e+03,5.882352941176471e-01,48847961
6.453637635045207e+03,6.443663062772782e+03,5.882352941176471e-01,48847962
6.454998648366277e+03,6.443863526543594e+03,5.882352941176471e-01,48847963
6.455256343795753e+03,6.442169317436343e+03,1.764705882352941e+00,48847959
6.455402340927560e+03,6.445418395542553e+03,5.882352941176471e-01,48847964
6.456763354248630e+03,6.446088280295601e+03,5.882352941176471e-01,48847965
6.457021049678106e+03,6.446867270237026e+03,5.882352941176471e-01,48847966
6.457167046809913e+03,6.448105527925706e+03,5.882352941176471e-01,48847967
6.458785755560458e+03,6.452215285369176e+03,5.882352941176471e-01,48847969
6.458931752692266e+03,6.452966180639637e+03,5.882352941176471e-01,48847970
6.460550461442811e+03,6.453818575944485e+03,5.882352941176471e-01,48847971
6.462057471895689e+03,6.450150714909761e+03,1.764705882352941e+00,48847968
6.462315167325164e+03,6.458449408733285e+03,5.882352941176471e-01,48847973
6.463822177778042e+03,6.460258583027875e+03,5.882352941176471e-01,48847974
6.464079873207517e+03,6.460694986104589e+03,5.882352941176471e-01,48847975
6.464225870339324e+03,6.457343472179148e+03,1.764705882352941e+00,48847972
6.465586883660395e+03,6.460790744692327e+03,5.882352941176471e-01,48847976
6.465844579089870e+03,6.460909207449224e+03,5.882352941176471e-01,48847977
6.467609284972223e+03,6.464313403322518e+03,5.882352941176471e-01,48847980
6.469373990854576e+03,6.464776573297030e+03,5.882352941176471e-01,48847981
6.469519987986383e+03,6.461049400895322e+03,1.764705882352941e+00,48847978
6.470881001307453e+03,6.461114382714319e+03,1.764705882352941e+00,48847979
6.471138696736929e+03,6.464915735023761e+03,5.882352941176471e-01,48847982
6.471284693868736e+03,6.465249823496625e+03,5.882352941176471e-01,48847983
6.472903402619282e+03,6.467974342486575e+03,5.882352941176471e-01,48847985
6.473049399751089e+03,6.468442545626332e+03,5.882352941176471e-01,48847986
6.476175118954512e+03,6.467276350167617e+03,1.764705882352941e+00,48847984
6.477939824836865e+03,6.472165401981377e+03,5.882352941176471e-01,48847989
6.478197520266341e+03,6.469595810445612e+03,1.764705882352941e+00,48847987
6.478343517398148e+03,6.471917905076404e+03,1.764705882352941e+00,48847988
6.479962226148694e+03,6.474456003366041e+03,5.882352941176471e-01,48847991
6.480108223280501e+03,6.474586711589381e+03,5.882352941176471e-01,48847992
6.481469236601571e+03,6.472773417073696e+03,1.176470588235294e+00,48847990
6.481726932031047e+03,6.475003411740143e+03,5.882352941176471e-01,48847993
6.482275036828008e+03,6.480510330945655e+03,5.882352941176471e-01,48847994
6.483340975145772e+03,6.481576269263420e+03,5.882352941176471e-01,48847995
6.485105681028125e+03,6.482139527348885e+03,5.882352941176471e-01,48847998
6.486870386910478e+03,6.482169914708233e+03,5.882352941176471e-01,48847999
6.487298948573963e+03,6.482004830926904e+03,1.764705882352941e+00,48847996
6.487569154475067e+03,6.482107595951698e+03,1.764705882352941e+00,48847997
6.488635092792831e+03,6.482386636073064e+03,5.882352941176471e-01,48848000
6.490399798675184e+03,6.484632941102656e+03,5.882352941176471e-01,48848003
6.492593066221022e+03,6.482565766944135e+03,1.764705882352941e+00,48848001
6.492863272122125e+03,6.484200013329285e+03,1.764705882352941e+00,48848002
6.494627978004478e+03,6.489911457233286e+03,5.882352941176471e-01,48848006
6.495693916322243e+03,6.487298798226289e+03,1.764705882352941e+00,48848004
6.497458622204596e+03,6.491934020565583e+03,5.882352941176471e-01,48848008
6.497887183868081e+03,6.487582353624691e+03,1.764705882352941e+00,48848005
6.499223328086949e+03,6.492703210521970e+03,5.882352941176471e-01,48848009
6.499651889750433e+03,6.495417961891561e+03,5.882352941176471e-01,48848010
6.499922095651537e+03,6.489917686852938e+03,1.764705882352941e+00,48848007
6.501686801533890e+03,6.499300669183816e+03,5.882352941176471e-01,48848013
6.502752739851655e+03,6.497426284046698e+03,1.176470588235294e+00,48848011
6.504517445734008e+03,6.500025514818957e+03,5.882352941176471e-01,48848015
6.504946007397492e+03,6.498576032558808e+03,1.764705882352941e+00,48848012
6.506710713279845e+03,6.502163230734424e+03,5.882352941176471e-01,48848017
6.506980919180949e+03,6.499864928833696e+03,1.764705882352941e+00,48848014
6.509811563381067e+03,6.501759772740791e+03,1.764705882352941e+00,48848016
6.511576269263420e+03,6.504660382712369e+03,5.882352941176471e-01,48848020
6.512004830926904e+03,6.502169484690939e+03,1.764705882352941e+00,48848018
6.512275036828008e+03,6.503479861638386e+03,1.764705882352941e+00,48848019
6.513340975145772e+03,6.506443766516586e+03,5.882352941176471e-01,48848021
6.513769536809257e+03,6.506578042568525e+03,5.882352941176471e-01,48848022
6.515534242691610e+03,6.508479426904423e+03,5.882352941176471e-01,48848025
6.517298948573963e+03,6.509435497103899e+03,5.882352941176471e-01,48848026
6.517569154475067e+03,6.508062658535242e+03,1.764705882352941e+00,48848023
6.518635092792831e+03,6.508200797859736e+03,1.764705882352941e+00,48848024
6.519063654456316e+03,6.509437803648286e+03,5.882352941176471e-01,48848027
6.520828360338669e+03,6.511521002785756e+03,5.882352941176471e-01,48848030
6.522593066221022e+03,6.512414934940076e+03,5.882352941176471e-01,48848031
6.522863272122125e+03,6.510600837914352e+03,1.764705882352941e+00,48848028
6.523929210439890e+03,6.510993346148810e+03,1.764705882352941e+00,48848029
6.524357772103375e+03,6.512464602287486e+03,5.882352941176471e-01,48848032
6.524627978004478e+03,6.512879792922444e+03,5.882352941176471e-01,48848033
6.525693916322243e+03,6.513659791683121e+03,5.882352941176471e-01,48848034
6.526122477985728e+03,6.514498067086005e+03,5.882352941176471e-01,48848035
6.526392683886831e+03,6.514820166005599e+03,5.882352941176471e-01,48848036
6.527458622204596e+03,6.516385282206836e+03,5.882352941176471e-01,48848037
6.527887183868081e+03,6.517072249466336e+03,5.882352941176471e-01,48848038
6.529651889750433e+03,6.518895510359677e+03,5.882352941176471e-01,48848041
6.531416595632786e+03,6.519355767827958e+03,5.882352941176471e-01,48848042
6.531686801533890e+03,6.517152746117442e+03,1.764705882352941e+00,48848039
6.532752739851655e+03,6.517273469412746e+03,1.764705882352941e+00,48848040
6.533181301515139e+03,6.519888236097129e+03,5.882352941176471e-01,48848043
6.534946007397492e+03,6.523217126776736e+03,5.882352941176471e-01,48848046
6.536710713279845e+03,6.523248689380832e+03,5.882352941176471e-01,48848047
6.536980919180949e+03,6.521376219148417e+03,1.764705882352941e+00,48848044
6.538046857498714e+03,6.523100969894077e+03,1.764705882352941e+00,48848045
6.538475419162198e+03,6.524255795007295e+03,5.882352941176471e-01,48848048
6.539811563381067e+03,6.525947559613951e+03,5.882352941176471e-01,48848050
6.541576269263420e+03,6.531901697019873e+03,5.882352941176471e-01,48848052
6.542275036828008e+03,6.524998548487657e+03,1.764705882352941e+00,48848049
6.543340975145772e+03,6.532979631114428e+03,5.882352941176471e-01,48848053
6.543769536809257e+03,6.527342853567888e+03,1.764705882352941e+00,48848051
6.544039742710361e+03,6.533151516646969e+03,5.882352941176471e-01,48848054
6.545105681028125e+03,6.533384801340878e+03,5.882352941176471e-01,48848055
6.545534242691610e+03,6.533700359752608e+03,5.882352941176471e-01,48848056
6.545804448592714e+03,6.534341253880367e+03,5.882352941176471e-01,48848057
6.546870386910478e+03,6.534558766045684e+03,5.882352941176471e-01,48848058
6.547298948573963e+03,6.534895734559138e+03,5.882352941176471e-01,48848059
6.549063654456316e+03,6.536900815400481e+03,5.882352941176471e-01,48848062
6.550828360338669e+03,6.537124249722499e+03,5.882352941176471e-01,48848063
6.551098566239772e+03,6.535513019439074e+03,1.764705882352941e+00,48848060
6.552164504557537e+03,6.536275451526660e+03,1.764705882352941e+00,48848061
6.552593066221022e+03,6.537620730039030e+03,5.882352941176471e-01,48848064
6.552863272122125e+03,6.538061488925348e+03,5.882352941176471e-01,48848065
6.553929210439890e+03,6.538629293721431e+03,5.882352941176471e-01,48848066
6.554357772103375e+03,6.539004620010453e+03,5.882352941176471e-01,48848067
6.554627978004478e+03,6.539020617603011e+03,5.882352941176471e-01,48848068
6.556392683886831e+03,6.541011399783741e+03,5.882352941176471e-01,48848071
6.558157389769184e+03,6.541241140045525e+03,5.882352941176471e-01,48848072
6.559223328086949e+03,6.539062590795387e+03,1.764705882352941e+00,48848069
6.559651889750433e+03,6.539364735882887e+03,1.764705882352941e+00,48848070
6.560988033969302e+03,6.542842426926141e+03,5.882352941176471e-01,48848074
6.562752739851655e+03,6.543298296176324e+03,5.882352941176471e-01,48848076
6.563451507416243e+03,6.542314492507131e+03,1.764705882352941e+00,48848073
6.564517445734008e+03,6.543437581412288e+03,5.882352941176471e-01,48848077
6.564946007397492e+03,6.543014225450341e+03,1.764705882352941e+00,48848075
6.565216213298596e+03,6.545885115402702e+03,5.882352941176471e-01,48848078
6.566282151616361e+03,6.546756692622170e+03,5.882352941176471e-01,48848079
6.566710713279845e+03,6.547011417479377e+03,5.882352941176471e-01,48848080
6.566980919180949e+03,6.547782986841229e+03,5.882352941176471e-01,48848081
6.568046857498714e+03,6.547829745257968e+03,5.882352941176471e-01,48848082
6.568475419162198e+03,6.549387652838807e+03,5.882352941176471e-01,48848083
6.568745625063302e+03,6.549800522400668e+03,5.882352941176471e-01,48848084
6.569811563381067e+03,6.550982170830582e+03,5.882352941176471e-01,48848085
6.570510330945655e+03,6.553984455350799e+03,5.882352941176471e-01,48848087
6.571576269263420e+03,6.554887536189583e+03,5.882352941176471e-01,48848088
6.572275036828008e+03,6.555897919839858e+03,5.882352941176471e-01,48848089
6.573340975145772e+03,6.558384578529964e+03,5.882352941176471e-01,48848090
6.573769536809257e+03,6.551783002863197e+03,1.764705882352941e+00,48848086
6.574039742710361e+03,6.558716386690997e+03,5.882352941176471e-01,48848091
6.575105681028125e+03,6.560241244465331e+03,5.882352941176471e-01,48848092
6.575534242691610e+03,6.562157146660296e+03,5.882352941176471e-01,48848093
6.576870386910478e+03,6.568429918008679e+03,5.882352941176471e-01,48848095
6.577298948573963e+03,6.571344197859484e+03,5.882352941176471e-01,48848096
6.579063654456316e+03,6.571596831507308e+03,5.882352941176471e-01,48848098
6.579333860357419e+03,6.567895574746209e+03,1.764705882352941e+00,48848094
6.580828360338669e+03,6.572302014422089e+03,5.882352941176471e-01,48848099
6.581098566239772e+03,6.572762145814059e+03,5.882352941176471e-01,48848100
6.582164504557537e+03,6.571443982469495e+03,1.764705882352941e+00,48848097
6.583929210439890e+03,6.576844358383100e+03,5.882352941176471e-01,48848103
6.584357772103375e+03,6.574642301377824e+03,1.176470588235294e+00,48848101
6.586122477985728e+03,6.577965364988479e+03,5.882352941176471e-01,48848105
6.586392683886831e+03,6.575354759704380e+03,1.764705882352941e+00,48848102
6.587887183868081e+03,6.579565617857957e+03,5.882352941176471e-01,48848106
6.588157389769184e+03,6.579649632001542e+03,5.882352941176471e-01,48848107
6.589223328086949e+03,6.577920225367732e+03,1.764705882352941e+00,48848104
6.593181301515139e+03,6.580141743230390e+03,1.764705882352941e+00,48848108
6.593451507416243e+03,6.581769654895150e+03,1.764705882352941e+00,48848109
6.594517445734008e+03,6.582157119582680e+03,1.764705882352941e+00,48848110
6.594946007397492e+03,6.582740809414978e+03,5.882352941176471e-01,48848111
6.596282151616361e+03,6.589216705846939e+03,5.882352941176471e-01,48848113
6.598745625063302e+03,6.583593101733962e+03,1.764705882352941e+00,48848112
6.600240125044551e+03,6.590885931422086e+03,1.764705882352941e+00,48848114
6.601576269263420e+03,6.591228218096123e+03,1.764705882352941e+00,48848115
6.602275036828008e+03,6.591436462535186e+03,1.176470588235294e+00,48848116
6.603340975145772e+03,6.593573773384372e+03,5.882352941176471e-01,48848118
6.604039742710361e+03,6.595353572455722e+03,5.882352941176471e-01,48848119
6.605105681028125e+03,6.595534060569337e+03,5.882352941176471e-01,48848120
6.605534242691610e+03,6.592231229707157e+03,1.764705882352941e+00,48848117
6.605804448592714e+03,6.597802506383472e+03,5.882352941176471e-01,48848121
6.607298948573963e+03,6.598793977146802e+03,5.882352941176471e-01,48848123
6.607569154475067e+03,6.600010796870325e+03,5.882352941176471e-01,48848124
6.609333860357419e+03,6.603332101059496e+03,5.882352941176471e-01,48848126
6.610399798675184e+03,6.598746208112540e+03,1.764705882352941e+00,48848122
6.612164504557537e+03,6.604846340068849e+03,5.882352941176471e-01,48848128
6.612593066221022e+03,6.601674522423123e+03,1.764705882352941e+00,48848125
6.612863272122125e+03,6.604404544992629e+03,1.176470588235294e+00,48848127
6.614357772103375e+03,6.606214988746041e+03,5.882352941176471e-01,48848130
6.614627978004478e+03,6.606562309680647e+03,5.882352941176471e-01,48848131
6.615693916322243e+03,6.605711496668631e+03,1.176470588235294e+00,48848129
6.618157389769184e+03,6.608125621857274e+03,1.176470588235294e+00,48848133
6.619223328086949e+03,6.608220876655859e+03,1.176470588235294e+00,48848134
6.619651889750433e+03,6.607649611260125e+03,1.764705882352941e+00,48848132
6.620988033969302e+03,6.609263658972144e+03,5.882352941176471e-01,48848136
6.621416595632786e+03,6.609402736744501e+03,5.882352941176471e-01,48848137
6.622752739851655e+03,6.609544570014193e+03,5.882352941176471e-01,48848138
6.623181301515139e+03,6.609776969174058e+03,5.882352941176471e-01,48848139
6.623451507416243e+03,6.608926753541565e+03,1.764705882352941e+00,48848135
6.624517445734008e+03,6.612596605497716e+03,5.882352941176471e-01,48848140
6.626282151616361e+03,6.615796445607312e+03,5.882352941176471e-01,48848143
6.628046857498714e+03,6.615830740465684e+03,5.882352941176471e-01,48848144
6.628475419162198e+03,6.614444972322899e+03,1.764705882352941e+00,48848141
6.628745625063302e+03,6.614502757042255e+03,1.764705882352941e+00,48848142
6.630240125044551e+03,6.616715830669392e+03,5.882352941176471e-01,48848146
6.630510330945655e+03,6.617568447151958e+03,5.882352941176471e-01,48848147
6.632004830926904e+03,6.617777220589660e+03,5.882352941176471e-01,48848148
6.632275036828008e+03,6.617915963782137e+03,5.882352941176471e-01,48848149
6.633340975145772e+03,6.615854196080282e+03,1.764705882352941e+00,48848145
6.637298948573963e+03,6.617987428175118e+03,1.764705882352941e+00,48848150
6.637569154475066e+03,6.618217476868406e+03,1.764705882352941e+00,48848151
6.638635092792831e+03,6.620246469804930e+03,1.764705882352941e+00,48848152
6.639063654456316e+03,6.622042204638442e+03,5.882352941176471e-01,48848153
6.639333860357419e+03,6.623400025988498e+03,5.882352941176471e-01,48848154
6.640399798675184e+03,6.631450213452318e+03,5.882352941176471e-01,48848155
6.641098566239772e+03,6.631781213934278e+03,5.882352941176471e-01,48848157
6.642164504557537e+03,6.631799588084941e+03,5.882352941176471e-01,48848158
6.642593066221022e+03,6.631743204310423e+03,1.176470588235294e+00,48848156
6.642863272122125e+03,6.632397341232749e+03,5.882352941176471e-01,48848159
6.643929210439890e+03,6.633461051756681e+03,5.882352941176471e-01,48848160
6.645693916322243e+03,6.635484432283580e+03,5.882352941176471e-01,48848163
6.647887183868081e+03,6.633743805813772e+03,1.764705882352941e+00,48848161
6.648157389769184e+03,6.635372871007580e+03,1.764705882352941e+00,48848162
6.649651889750433e+03,6.636960306267252e+03,5.882352941176471e-01,48848165
6.649922095651537e+03,6.637349051339808e+03,5.882352941176471e-01,48848166
6.650988033969302e+03,6.635772802420824e+03,1.764705882352941e+00,48848164
6.651416595632786e+03,6.638196373571543e+03,5.882352941176471e-01,48848167
6.652752739851655e+03,6.639654342856007e+03,5.882352941176471e-01,48848169
6.653181301515139e+03,6.639985574483698e+03,5.882352941176471e-01,48848170
6.653451507416243e+03,6.639107149997439e+03,1.176470588235294e+00,48848168
6.654517445734008e+03,6.640709906668698e+03,5.882352941176471e-01,48848171
6.656282151616361e+03,6.645179268253645e+03,5.882352941176471e-01,48848174
6.656710713279845e+03,6.643937241475808e+03,1.176470588235294e+00,48848172
6.658046857498714e+03,6.646259470931632e+03,5.882352941176471e-01,48848175
6.658745625063302e+03,6.645092369502126e+03,1.764705882352941e+00,48848173
6.659811563381067e+03,6.647524108841211e+03,5.882352941176471e-01,48848177
6.661576269263420e+03,6.650112397012818e+03,5.882352941176471e-01,48848179
6.662004830926904e+03,6.646745879715948e+03,1.764705882352941e+00,48848176
6.663340975145772e+03,6.650968876700413e+03,5.882352941176471e-01,48848180
6.663769536809257e+03,6.651610722477561e+03,5.882352941176471e-01,48848181
6.664039742710361e+03,6.649774398614757e+03,1.764705882352941e+00,48848178
6.665105681028125e+03,6.651981954009234e+03,5.882352941176471e-01,48848182
6.665534242691610e+03,6.655064017853794e+03,5.882352941176471e-01,48848183
6.665804448592714e+03,6.656469287475412e+03,5.882352941176471e-01,48848184
6.666870386910478e+03,6.656575294884022e+03,5.882352941176471e-01,48848185
6.667298948573963e+03,6.657467756661395e+03,5.882352941176471e-01,48848186
6.667569154475066e+03,6.658497830451290e+03,5.882352941176471e-01,48848187
6.668635092792831e+03,6.659531644258310e+03,5.882352941176471e-01,48848188
6.669063654456316e+03,6.660704227116667e+03,5.882352941176471e-01,48848189
6.670399798675184e+03,6.663223436565234e+03,5.882352941176471e-01,48848191
6.670828360338669e+03,6.665640953947950e+03,5.882352941176471e-01,48848192
6.672164504557537e+03,6.667810176982462e+03,5.882352941176471e-01,48848193
6.672593066221022e+03,6.668565520254646e+03,5.882352941176471e-01,48848194
6.672863272122125e+03,6.662680185217851e+03,1.764705882352941e+00,48848190
6.674357772103375e+03,6.671070225887684e+03,5.882352941176471e-01,48848196
6.674627978004478e+03,6.672337462860420e+03,5.882352941176471e-01,48848197
6.675693916322243e+03,6.670066640669171e+03,1.176470588235294e+00,48848195
6.679658309236521e+03,6.677893603354168e+03,5.882352941176471e-01,48848198
6.679678007719862e+03,6.677913301837509e+03,5.882352941176471e-01,48848199
6.679915617411147e+03,6.678150911528794e+03,5.882352941176471e-01,48848200
6.684523373871964e+03,6.682758667989611e+03,5.882352941176471e-01,48848201
6.687612682047960e+03,6.685847976165607e+03,5.882352941176471e-01,48848203
6.687938671017971e+03,6.686173965135618e+03,5.882352941176471e-01,48848204
6.688561950082029e+03,6.683267832434970e+03,1.764705882352941e+00,48848202
6.689377387930312e+03,6.686953344938945e+03,5.882352941176471e-01,48848205
6.691142093812665e+03,6.688600405930732e+03,5.882352941176471e-01,48848208
6.691468082782677e+03,6.687838868909507e+03,1.176470588235294e+00,48848206
6.693885299595201e+03,6.688591181948142e+03,1.764705882352941e+00,48848207
6.695650005477554e+03,6.690639484345916e+03,5.882352941176471e-01,48848211
6.696436211459724e+03,6.689463430557262e+03,1.764705882352941e+00,48848209
6.696762200429736e+03,6.690423695699969e+03,1.764705882352941e+00,48848210
6.698200917342077e+03,6.693617210917322e+03,5.882352941176471e-01,48848213
6.700944123124613e+03,6.692435557089981e+03,1.764705882352941e+00,48848212
6.702056318076795e+03,6.694499924876864e+03,1.764705882352941e+00,48848214
6.702708829006966e+03,6.698937065218751e+03,5.882352941176471e-01,48848216
6.703495034989136e+03,6.697163304418692e+03,1.764705882352941e+00,48848215
6.705112296548404e+03,6.703347590666051e+03,5.882352941176471e-01,48848218
6.705259740871489e+03,6.703460600232132e+03,5.882352941176471e-01,48848219
6.707024446753842e+03,6.704304487705221e+03,5.882352941176471e-01,48848221
6.707350435723853e+03,6.701669447925413e+03,1.764705882352941e+00,48848217
6.708789152636195e+03,6.705993464599475e+03,5.882352941176471e-01,48848222
6.710406414195462e+03,6.703591275589108e+03,1.764705882352941e+00,48848220
6.712171120077815e+03,6.709451004630355e+03,5.882352941176471e-01,48848225
6.713376309911057e+03,6.708082192263999e+03,1.764705882352941e+00,48848223
6.714172840880433e+03,6.712408134998080e+03,5.882352941176471e-01,48848226
6.714466839030420e+03,6.709172721383361e+03,1.764705882352941e+00,48848224
6.715141015793410e+03,6.713077703111875e+03,5.882352941176471e-01,48848227
6.715937546762786e+03,6.713131353529427e+03,5.882352941176471e-01,48848228
6.716952702418584e+03,6.715187996536231e+03,5.882352941176471e-01,48848230
6.718487566128861e+03,6.716722860246508e+03,5.882352941176471e-01,48848231
6.719760956677479e+03,6.714430226785434e+03,1.764705882352941e+00,48848229
6.721109169467878e+03,6.719344463585525e+03,5.882352941176471e-01,48848233
6.722800219119837e+03,6.719270807355131e+03,1.176470588235294e+00,48848232
6.722873875350231e+03,6.719395724903088e+03,5.882352941176471e-01,48848235
6.724638581232584e+03,6.721002707796666e+03,5.882352941176471e-01,48848237
6.725055074324537e+03,6.719373394840588e+03,1.764705882352941e+00,48848234
6.726819780206890e+03,6.721117758414117e+03,5.882352941176471e-01,48848239
6.728094336766895e+03,6.720447001851728e+03,1.764705882352941e+00,48848236
6.728584486089243e+03,6.721843163158351e+03,5.882352941176471e-01,48848240
6.729859042649248e+03,6.721895184392574e+03,5.882352941176471e-01,48848241
6.729932698879643e+03,6.721008324174936e+03,1.764705882352941e+00,48848238
6.731623748531601e+03,6.723911111779616e+03,5.882352941176471e-01,48848243
6.733388454413954e+03,6.724845922630614e+03,5.882352941176471e-01,48848245
6.733878603736302e+03,6.722323969735523e+03,1.764705882352941e+00,48848242
6.735153160296307e+03,6.725483210756164e+03,5.882352941176471e-01,48848246
6.735226816526702e+03,6.724404127260602e+03,1.764705882352941e+00,48848244
6.735643309618655e+03,6.728229770428299e+03,5.882352941176471e-01,48848247
6.737408015501008e+03,6.729110440424633e+03,5.882352941176471e-01,48848250
6.740447277943366e+03,6.728843217636798e+03,1.764705882352941e+00,48848248
6.740520934173760e+03,6.729007078852808e+03,1.764705882352941e+00,48848249
6.742211983825719e+03,6.729727846815545e+03,5.882352941176471e-01,48848252
6.742285640056113e+03,6.730168584038129e+03,5.882352941176471e-01,48848253
6.742702133148067e+03,6.729127084937917e+03,1.764705882352941e+00,48848251
6.744050345938466e+03,6.731087195226777e+03,5.882352941176471e-01,48848255
6.744466839030420e+03,6.731189900779172e+03,5.882352941176471e-01,48848256
6.746231544912773e+03,6.732831821438249e+03,5.882352941176471e-01,48848258
6.747506101472778e+03,6.730454369502038e+03,1.764705882352941e+00,48848254
6.747579757703172e+03,6.732120692004684e+03,1.176470588235294e+00,48848257
6.749270807355131e+03,6.734996160275673e+03,5.882352941176471e-01,48848260
6.749344463585525e+03,6.736084219647689e+03,5.882352941176471e-01,48848261
6.751035513237484e+03,6.737235643930562e+03,5.882352941176471e-01,48848262
6.751525662559832e+03,6.733321073001838e+03,1.764705882352941e+00,48848259
6.752800219119837e+03,6.740303265019892e+03,5.882352941176471e-01,48848264
6.752873875350231e+03,6.738963267349058e+03,1.176470588235294e+00,48848263
6.753290368442184e+03,6.740827481573234e+03,5.882352941176471e-01,48848265
6.754564925002189e+03,6.741878186175111e+03,5.882352941176471e-01,48848266
6.754638581232584e+03,6.742015537072680e+03,5.882352941176471e-01,48848267
6.755055074324537e+03,6.742225283982342e+03,5.882352941176471e-01,48848268
6.756329630884542e+03,6.742618190248890e+03,5.882352941176471e-01,48848269
6.759932698879643e+03,6.746421631502624e+03,1.764705882352941e+00,48848270
6.760349191971596e+03,6.746904885824016e+03,1.764705882352941e+00,48848271
6.761623748531601e+03,6.747101569342351e+03,1.764705882352941e+00,48848272
6.761697404761996e+03,6.748364459034917e+03,5.882352941176471e-01,48848273
6.763462110644349e+03,6.750540911757266e+03,5.882352941176471e-01,48848276
6.763878603736302e+03,6.748767886514547e+03,1.176470588235294e+00,48848274
6.765226816526702e+03,6.754165588183174e+03,5.882352941176471e-01,48848277
6.766917866178660e+03,6.750066588422383e+03,1.764705882352941e+00,48848275
6.766991522409054e+03,6.756367701273554e+03,5.882352941176471e-01,48848279
6.768756228291407e+03,6.757188242045844e+03,5.882352941176471e-01,48848281
6.769172721383361e+03,6.754465672682637e+03,1.764705882352941e+00,48848278
6.770520934173760e+03,6.758687095060981e+03,5.882352941176471e-01,48848282
6.770937427265714e+03,6.758739372472823e+03,5.882352941176471e-01,48848283
6.772211983825719e+03,6.756387296658000e+03,1.764705882352941e+00,48848280
6.772285640056113e+03,6.759215613859829e+03,5.882352941176471e-01,48848284
6.773976689708072e+03,6.761600379725895e+03,5.882352941176471e-01,48848286
6.775741395590425e+03,6.762772701623584e+03,5.882352941176471e-01,48848288
6.776231544912773e+03,6.759978881726796e+03,1.764705882352941e+00,48848285
6.777506101472778e+03,6.764455281073465e+03,5.882352941176471e-01,48848289
6.777579757703172e+03,6.762385385848870e+03,1.764705882352941e+00,48848287
6.779344463585525e+03,6.764959348179250e+03,5.882352941176471e-01,48848292
6.781035513237484e+03,6.764652269889504e+03,1.176470588235294e+00,48848291
6.781525662559832e+03,6.764541959924132e+03,1.764705882352941e+00,48848290
6.784564925002189e+03,6.767671024766084e+03,1.176470588235294e+00,48848294
6.784638581232584e+03,6.766501929334854e+03,1.764705882352941e+00,48848293
6.785055074324537e+03,6.767717761919799e+03,1.176470588235294e+00,48848295
6.786403287114937e+03,6.767891543703307e+03,5.882352941176471e-01,48848297
6.789859042649248e+03,6.767733825656508e+03,1.764705882352941e+00,48848296
6.789932698879643e+03,6.768445485591600e+03,1.176470588235294e+00,48848299
6.790349191971596e+03,6.768327182102953e+03,1.764705882352941e+00,48848298
6.791623748531601e+03,6.768846781831005e+03,5.882352941176471e-01,48848300
6.791697404761996e+03,6.769455686257280e+03,5.882352941176471e-01,48848301
6.793388454413954e+03,6.769588435515430e+03,5.882352941176471e-01,48848303
6.793462110644349e+03,6.770353561522763e+03,5.882352941176471e-01,48848304
6.795153160296307e+03,6.776055251535432e+03,5.882352941176471e-01,48848305
6.795643309618655e+03,6.769485859493813e+03,1.764705882352941e+00,48848302
6.797408015501008e+03,6.780164825023994e+03,5.882352941176471e-01,48848308
6.798756228291407e+03,6.777792749523956e+03,1.764705882352941e+00,48848306
6.799172721383361e+03,6.781507144498418e+03,5.882352941176471e-01,48848309
6.800447277943366e+03,6.779021367480576e+03,1.764705882352941e+00,48848307
6.802211983825719e+03,6.788132005631441e+03,5.882352941176471e-01,48848312
6.804050345938466e+03,6.784483395010733e+03,1.764705882352941e+00,48848310
6.804466839030420e+03,6.787609030011791e+03,1.764705882352941e+00,48848311
6.805815051820819e+03,6.791121874848156e+03,5.882352941176471e-01,48848314
6.806231544912773e+03,6.791141037269443e+03,5.882352941176471e-01,48848315
6.807506101472778e+03,6.789593786417084e+03,1.764705882352941e+00,48848313
6.807996250795126e+03,6.791218354861362e+03,5.882352941176471e-01,48848317
6.809270807355131e+03,6.791386148960833e+03,5.882352941176471e-01,48848318
6.811109169467878e+03,6.791146501101522e+03,1.764705882352941e+00,48848316
6.811525662559832e+03,6.791637546957095e+03,1.176470588235294e+00,48848319
6.812800219119837e+03,6.792196816885191e+03,1.176470588235294e+00,48848320
6.814564925002189e+03,6.796041080190503e+03,5.882352941176471e-01,48848323
6.816403287114937e+03,6.793513390734963e+03,1.764705882352941e+00,48848321
6.816819780206890e+03,6.793538174277700e+03,1.764705882352941e+00,48848322
6.819859042649248e+03,6.796087469151499e+03,1.764705882352941e+00,48848324
6.821697404761996e+03,6.798120540974803e+03,1.764705882352941e+00,48848325
6.822113897853949e+03,6.798750373963976e+03,1.764705882352941e+00,48848326
6.823388454413954e+03,6.799550575818337e+03,1.176470588235294e+00,48848327
6.823462110644349e+03,6.799991397426166e+03,5.882352941176471e-01,48848328
6.823878603736302e+03,6.803269286844901e+03,5.882352941176471e-01,48848329
6.825153160296307e+03,6.804716911435637e+03,5.882352941176471e-01,48848330
6.825643309618655e+03,6.807192508817693e+03,5.882352941176471e-01,48848332
6.826917866178660e+03,6.808322684205283e+03,5.882352941176471e-01,48848333
6.827408015501008e+03,6.808843253658121e+03,5.882352941176471e-01,48848334
6.828682572061013e+03,6.809526848430380e+03,5.882352941176471e-01,48848335
6.828756228291407e+03,6.805484618401320e+03,1.764705882352941e+00,48848331
6.829172721383361e+03,6.811437085841000e+03,5.882352941176471e-01,48848336
6.830447277943366e+03,6.811690493911038e+03,5.882352941176471e-01,48848337
6.832211983825719e+03,6.814952640966267e+03,5.882352941176471e-01,48848340
6.832285640056113e+03,6.813085532040855e+03,1.176470588235294e+00,48848338
6.833976689708072e+03,6.816277200879257e+03,5.882352941176471e-01,48848341
6.834466839030420e+03,6.814398926033260e+03,1.764705882352941e+00,48848339
6.836231544912773e+03,6.818521961922826e+03,5.882352941176471e-01,48848344
6.837579757703172e+03,6.816305653174549e+03,1.764705882352941e+00,48848342
6.837996250795126e+03,6.819330657347772e+03,5.882352941176471e-01,48848345
6.839270807355131e+03,6.816786736231691e+03,1.764705882352941e+00,48848343
6.841035513237484e+03,6.823035574190906e+03,5.882352941176471e-01,48848348
6.842873875350231e+03,6.819485452346427e+03,1.764705882352941e+00,48848346
6.843290368442185e+03,6.820068449226003e+03,1.764705882352941e+00,48848347
6.844638581232584e+03,6.825277148266246e+03,5.882352941176471e-01,48848350
6.845055074324537e+03,6.825404002927295e+03,5.882352941176471e-01,48848351
6.846329630884542e+03,6.823872554684988e+03,1.764705882352941e+00,48848349
6.846403287114937e+03,6.826136308560399e+03,5.882352941176471e-01,48848352
6.846819780206890e+03,6.826148613467013e+03,5.882352941176471e-01,48848353
6.848094336766895e+03,6.826443288329102e+03,5.882352941176471e-01,48848354
6.848167992997290e+03,6.826730358387217e+03,5.882352941176471e-01,48848355
6.848584486089243e+03,6.831221189772758e+03,5.882352941176471e-01,48848356
6.849932698879643e+03,6.834130887994725e+03,5.882352941176471e-01,48848358
6.851697404761996e+03,6.838073976480359e+03,5.882352941176471e-01,48848360
6.852113897853949e+03,6.834468223940482e+03,1.176470588235294e+00,48848359
6.853388454413954e+03,6.833852246977007e+03,1.764705882352941e+00,48848357
6.853878603736302e+03,6.840627582817751e+03,5.882352941176471e-01,48848362
6.855643309618655e+03,6.842447671103322e+03,5.882352941176471e-01,48848364
6.856991522409054e+03,6.838514418462510e+03,1.764705882352941e+00,48848361
6.857408015501008e+03,6.842561564670903e+03,5.882352941176471e-01,48848365
6.858682572061013e+03,6.841170481487960e+03,1.764705882352941e+00,48848363
6.862285640056113e+03,6.842871598904257e+03,1.764705882352941e+00,48848366
6.862702133148067e+03,6.845254015440254e+03,1.764705882352941e+00,48848367
6.863976689708072e+03,6.845658110301613e+03,1.764705882352941e+00,48848368
6.864050345938466e+03,6.846381962521579e+03,5.882352941176471e-01,48848369
6.864466839030420e+03,6.848098898013980e+03,5.882352941176471e-01,48848370
6.865741395590425e+03,6.848617759319732e+03,5.882352941176471e-01,48848371
6.865815051820819e+03,6.850809849897363e+03,5.882352941176471e-01,48848372
6.866231544912773e+03,6.851173596845700e+03,5.882352941176471e-01,48848373
6.867506101472778e+03,6.851758706248175e+03,5.882352941176471e-01,48848374
6.867579757703172e+03,6.852099833059563e+03,5.882352941176471e-01,48848375
6.869344463585525e+03,6.855815417580099e+03,5.882352941176471e-01,48848378
6.871525662559832e+03,6.852521607294097e+03,1.764705882352941e+00,48848376
6.872800219119837e+03,6.854838211964916e+03,1.764705882352941e+00,48848377
6.874638581232584e+03,6.855848958361957e+03,1.764705882352941e+00,48848379
6.876403287114937e+03,6.859632773359920e+03,5.882352941176471e-01,48848382
6.876819780206890e+03,6.857424333973273e+03,1.764705882352941e+00,48848380
6.878094336766895e+03,6.858049862583623e+03,1.764705882352941e+00,48848381
6.878167992997290e+03,6.859977804973561e+03,5.882352941176471e-01,48848383
6.878584486089243e+03,6.863421871716381e+03,5.882352941176471e-01,48848384
6.879932698879643e+03,6.865711457471533e+03,5.882352941176471e-01,48848386
6.881697404761996e+03,6.867837695352919e+03,5.882352941176471e-01,48848388
6.883388454413954e+03,6.864764567699256e+03,1.764705882352941e+00,48848385
6.883462110644349e+03,6.869153876171779e+03,5.882352941176471e-01,48848389
6.883878603736302e+03,6.867580057526727e+03,1.764705882352941e+00,48848387
6.885153160296307e+03,6.869474409305244e+03,5.882352941176471e-01,48848390
6.885226816526702e+03,6.870246634626282e+03,5.882352941176471e-01,48848391
6.885643309618655e+03,6.871577229680360e+03,5.882352941176471e-01,48848392
6.886991522409054e+03,6.875103513736719e+03,5.882352941176471e-01,48848394
6.890447277943366e+03,6.873876960485358e+03,1.764705882352941e+00,48848393
6.890937427265714e+03,6.875231634660928e+03,1.764705882352941e+00,48848395
6.892211983825719e+03,6.875717189937828e+03,5.882352941176471e-01,48848397
6.892285640056113e+03,6.875510048142349e+03,1.764705882352941e+00,48848396
6.893976689708072e+03,6.880355128433417e+03,5.882352941176471e-01,48848399
6.894050345938466e+03,6.882126304086404e+03,5.882352941176471e-01,48848400
6.895741395590425e+03,6.883639512554439e+03,5.882352941176471e-01,48848401
6.895815051820819e+03,6.884349002221044e+03,5.882352941176471e-01,48848402
6.896231544912773e+03,6.876567380485412e+03,1.764705882352941e+00,48848398
6.897506101472778e+03,6.884984674230990e+03,5.882352941176471e-01,48848403
6.897996250795126e+03,6.885796015677013e+03,5.882352941176471e-01,48848405
6.899270807355131e+03,6.886318482837244e+03,5.882352941176471e-01,48848406
6.901109169467878e+03,6.885080436771886e+03,1.764705882352941e+00,48848404
6.902800219119837e+03,6.888547247703846e+03,1.176470588235294e+00,48848408
6.903290368442185e+03,6.887069735632470e+03,1.764705882352941e+00,48848407
6.904564925002189e+03,6.890423469773283e+03,5.882352941176471e-01,48848410
6.905055074324537e+03,6.891033161893693e+03,5.882352941176471e-01,48848411
6.906329630884542e+03,6.893119866314760e+03,5.882352941176471e-01,48848412
6.906403287114937e+03,6.889581618536973e+03,1.764705882352941e+00,48848409
6.906819780206890e+03,6.895534130917271e+03,5.882352941176471e-01,48848413
6.908094336766895e+03,6.895771394882606e+03,5.882352941176471e-01,48848414
6.908167992997290e+03,6.897501838501907e+03,5.882352941176471e-01,48848415
6.912113897853949e+03,6.897628708526702e+03,1.764705882352941e+00,48848416
6.913388454413954e+03,6.897835829834546e+03,1.764705882352941e+00,48848417
6.913462110644349e+03,6.898298528128562e+03,1.764705882352941e+00,48848418
6.913878603736302e+03,6.898477317794811e+03,5.882352941176471e-01,48848419
6.915643309618655e+03,6.901491603052891e+03,5.882352941176471e-01,48848422
6.918682572061013e+03,6.898592668976496e+03,1.764705882352941e+00,48848420
6.918756228291407e+03,6.900220537300045e+03,1.764705882352941e+00,48848421
6.920520934173760e+03,6.902960719846077e+03,5.882352941176471e-01,48848425
6.920937427265714e+03,6.901691497713207e+03,1.764705882352941e+00,48848423
6.922285640056113e+03,6.903129708355736e+03,5.882352941176471e-01,48848426
6.923976689708072e+03,6.902244703247253e+03,1.764705882352941e+00,48848424
6.925741395590425e+03,6.905984007421913e+03,5.882352941176471e-01,48848429
6.925815051820819e+03,6.905436987850075e+03,1.176470588235294e+00,48848428
6.926231544912773e+03,6.904839141907776e+03,1.764705882352941e+00,48848427
6.927506101472778e+03,6.906103304242184e+03,5.882352941176471e-01,48848430
6.927579757703172e+03,6.906304647252927e+03,5.882352941176471e-01,48848431
6.927996250795126e+03,6.907159169366329e+03,5.882352941176471e-01,48848432
6.929344463585525e+03,6.908628662992130e+03,5.882352941176471e-01,48848434
6.929760956677479e+03,6.908892942664271e+03,5.882352941176471e-01,48848435
6.931109169467878e+03,6.909211564718083e+03,5.882352941176471e-01,48848436
6.931525662559832e+03,6.909566437380393e+03,5.882352941176471e-01,48848437
6.932800219119837e+03,6.908066177574739e+03,1.764705882352941e+00,48848433
6.932873875350231e+03,6.909612626018658e+03,5.882352941176471e-01,48848438
6.934564925002189e+03,6.910267243065235e+03,5.882352941176471e-01,48848440
6.934638581232584e+03,6.910867799059450e+03,5.882352941176471e-01,48848441
6.935055074324537e+03,6.910233866983064e+03,1.176470588235294e+00,48848439
6.936819780206890e+03,6.913864691378027e+03,5.882352941176471e-01,48848444
6.938094336766895e+03,6.913030411625165e+03,1.176470588235294e+00,48848442
6.938167992997290e+03,6.913713356864394e+03,1.176470588235294e+00,48848443
6.938584486089243e+03,6.913981485434725e+03,5.882352941176471e-01,48848445
6.940349191971596e+03,6.915594254763169e+03,5.882352941176471e-01,48848448
6.942113897853949e+03,6.916105153807004e+03,5.882352941176471e-01,48848449
6.943388454413954e+03,6.914388329522305e+03,1.764705882352941e+00,48848446
6.943462110644349e+03,6.914998091351962e+03,1.764705882352941e+00,48848447
6.943878603736302e+03,6.919308327748594e+03,5.882352941176471e-01,48848450
6.945153160296307e+03,6.920271825415133e+03,5.882352941176471e-01,48848451
6.946917866178660e+03,6.920713987674253e+03,5.882352941176471e-01,48848454
6.948682572061013e+03,6.921075304908523e+03,5.882352941176471e-01,48848455
6.948756228291407e+03,6.920443997820685e+03,1.764705882352941e+00,48848452
6.949172721383361e+03,6.920621295555856e+03,1.764705882352941e+00,48848453
6.950447277943366e+03,6.921632759920543e+03,5.882352941176471e-01,48848456
6.950937427265714e+03,6.924905413227250e+03,5.882352941176471e-01,48848458
6.952702133148067e+03,6.928909701757423e+03,5.882352941176471e-01,48848460
6.954050345938466e+03,6.921901852243190e+03,1.764705882352941e+00,48848457
6.954466839030420e+03,6.929627089642755e+03,5.882352941176471e-01,48848461
6.955741395590425e+03,6.925571920906033e+03,1.764705882352941e+00,48848459
6.956231544912773e+03,6.940653104362314e+03,5.882352941176471e-01,48848463
6.957579757703172e+03,6.936541127396277e+03,1.176470588235294e+00,48848462
6.957996250795126e+03,6.941892842481747e+03,5.882352941176471e-01,48848465
6.959344463585525e+03,6.942710745292294e+03,5.882352941176471e-01,48848466
6.959760956677479e+03,6.943375003653433e+03,5.882352941176471e-01,48848467
6.961035513237484e+03,6.941876395281550e+03,1.764705882352941e+00,48848464
6.961109169467878e+03,6.943665294607974e+03,5.882352941176471e-01,48848468
6.961525662559832e+03,6.944292804512669e+03,5.882352941176471e-01,48848469
6.963290368442184e+03,6.949040961312816e+03,5.882352941176471e-01,48848472
6.965055074324537e+03,6.949341263221147e+03,5.882352941176471e-01,48848473
6.966329630884542e+03,6.945133238821557e+03,1.764705882352941e+00,48848470
6.966403287114937e+03,6.947150717318808e+03,1.764705882352941e+00,48848471
6.966819780206890e+03,6.951887398814556e+03,5.882352941176471e-01,48848474
6.968094336766895e+03,6.952195748159478e+03,5.882352941176471e-01,48848475
6.968584486089243e+03,6.953118767795217e+03,5.882352941176471e-01,48848477
6.969859042649248e+03,6.954414624372464e+03,5.882352941176471e-01,48848478
6.970349191971596e+03,6.955319109168934e+03,5.882352941176471e-01,48848479
6.971623748531601e+03,6.955588743819080e+03,5.882352941176471e-01,48848480
6.971697404761996e+03,6.953115533316393e+03,1.764705882352941e+00,48848476
6.973388454413954e+03,6.958053328281919e+03,5.882352941176471e-01,48848482
6.973462110644349e+03,6.958452082164114e+03,5.882352941176471e-01,48848483
6.975153160296307e+03,6.959621783570687e+03,5.882352941176471e-01,48848484
6.975226816526702e+03,6.959897228746757e+03,5.882352941176471e-01,48848485
6.975643309618655e+03,6.955961832771742e+03,1.764705882352941e+00,48848481
6.977408015501008e+03,6.964345184912728e+03,5.882352941176471e-01,48848488
6.980447277943366e+03,6.962590433949619e+03,1.764705882352941e+00,48848486
6.980520934173760e+03,6.964200281111752e+03,1.764705882352941e+00,48848487
6.982211983825719e+03,6.967830268979859e+03,5.882352941176471e-01,48848490
6.982702133148067e+03,6.965636094168171e+03,1.764705882352941e+00,48848489
6.983976689708072e+03,6.970533176624699e+03,5.882352941176471e-01,48848492
6.984466839030420e+03,6.970593000722834e+03,5.882352941176471e-01,48848493
6.985741395590425e+03,6.971284612426825e+03,5.882352941176471e-01,48848494
6.985815051820819e+03,6.969040640226926e+03,1.764705882352941e+00,48848491
6.987506101472778e+03,6.974081021422537e+03,5.882352941176471e-01,48848496
6.989270807355131e+03,6.982711662683239e+03,5.882352941176471e-01,48848498
6.989344463585525e+03,6.977034486670648e+03,1.176470588235294e+00,48848497
6.989760956677479e+03,6.972762117553530e+03,1.764705882352941e+00,48848495
6.991035513237484e+03,6.983410149218265e+03,5.882352941176471e-01,48848499
6.991109169467878e+03,6.983777121521180e+03,5.882352941176471e-01,48848500
6.992873875350231e+03,6.988833259313192e+03,5.882352941176471e-01,48848503
6.994564925002189e+03,6.987080096436599e+03,1.176470588235294e+00,48848502
6.994638581232584e+03,6.989660582474028e+03,5.882352941176471e-01,48848504
6.995055074324537e+03,6.986363857498719e+03,1.764705882352941e+00,48848501
6.996403287114937e+03,6.990295332479843e+03,5.882352941176471e-01,48848506
6.996819780206890e+03,6.990977297987080e+03,5.882352941176471e-01,48848507
6.998094336766895e+03,6.990061513011781e+03,1.176470588235294e+00,48848505
6.998167992997290e+03,6.994740821981229e+03,5.882352941176471e-01,48848508
6.999154136771441e+03,6.997389430889088e+03,5.882352941176471e-01,48848509
7.002901041482189e+03,7.001136335599836e+03,5.882352941176471e-01,48848512
7.003388454413954e+03,6.997981394953310e+03,1.764705882352941e+00,48848510
7.003547795448469e+03,7.000018383683763e+03,1.176470588235294e+00,48848511
7.004665747364542e+03,7.001594319385555e+03,5.882352941176471e-01,48848513
7.005153160296307e+03,7.002147284983960e+03,5.882352941176471e-01,48848514
7.006430453246895e+03,7.003822981773135e+03,5.882352941176471e-01,48848516
7.007713401602645e+03,7.005948695720292e+03,5.882352941176471e-01,48848517
7.008841913095528e+03,7.002593194991884e+03,1.764705882352941e+00,48848515
7.011376044817479e+03,7.007846633052773e+03,1.176470588235294e+00,48848518
7.013026142994884e+03,7.011261437112531e+03,5.882352941176471e-01,48848519
7.014790848877237e+03,7.012938679977670e+03,5.882352941176471e-01,48848522
7.015960120703743e+03,7.012430708939037e+03,1.176470588235294e+00,48848520
7.017832116184685e+03,7.012537998537626e+03,1.764705882352941e+00,48848521
7.018320260641943e+03,7.013646118881046e+03,1.176470588235294e+00,48848523
7.019596822067038e+03,7.014982065369711e+03,5.882352941176471e-01,48848525
7.021254238350802e+03,7.014450405147818e+03,1.764705882352941e+00,48848524
7.021671109917682e+03,7.019906404035329e+03,5.882352941176471e-01,48848527
7.023018944233155e+03,7.020492123981734e+03,5.882352941176471e-01,48848528
7.023614378289002e+03,7.015633083651668e+03,1.764705882352941e+00,48848526
7.026965227564741e+03,7.020500210245720e+03,1.764705882352941e+00,48848529
7.028313061880213e+03,7.022978789392304e+03,1.764705882352941e+00,48848530
7.028908495936060e+03,7.023341851719642e+03,1.764705882352941e+00,48848531
7.032259345211799e+03,7.023848513069761e+03,1.764705882352941e+00,48848532
7.033607179527272e+03,7.024444413880404e+03,1.764705882352941e+00,48848533
7.034202613583119e+03,7.024652078903188e+03,1.764705882352941e+00,48848534
7.035371885409625e+03,7.026288879778812e+03,5.882352941176471e-01,48848536
7.035788756976505e+03,7.025272270935828e+03,1.176470588235294e+00,48848535
7.037553462858858e+03,7.030164753117688e+03,5.882352941176471e-01,48848539
7.038901297174331e+03,7.027961620480060e+03,1.176470588235294e+00,48848538
7.039496731230178e+03,7.027782425773498e+03,1.764705882352941e+00,48848537
7.041261437112531e+03,7.030451052672625e+03,5.882352941176471e-01,48848542
7.042847580505917e+03,7.030295961412867e+03,1.764705882352941e+00,48848540
7.044195414821390e+03,7.030439508869737e+03,1.764705882352941e+00,48848541
7.045960120703743e+03,7.032506154423351e+03,5.882352941176471e-01,48848545
7.046376992270623e+03,7.032496175638254e+03,1.176470588235294e+00,48848544
7.046555554759590e+03,7.030946283586916e+03,1.764705882352941e+00,48848543
7.048141698152976e+03,7.036375223636785e+03,5.882352941176471e-01,48848547
7.048320260641943e+03,7.037893321724237e+03,5.882352941176471e-01,48848548
7.050084966524296e+03,7.041262016308034e+03,5.882352941176471e-01,48848550
7.051254238350802e+03,7.033829349998206e+03,1.764705882352941e+00,48848546
7.051671109917682e+03,7.038431863941633e+03,1.176470588235294e+00,48848549
7.053435815800035e+03,7.044184203529869e+03,5.882352941176471e-01,48848553
7.055379084171355e+03,7.041810065772720e+03,1.764705882352941e+00,48848551
7.056548355997860e+03,7.043670701579698e+03,1.764705882352941e+00,48848552
7.057143790053708e+03,7.047494407996826e+03,5.882352941176471e-01,48848555
7.058313061880213e+03,7.047512239710172e+03,5.882352941176471e-01,48848556
7.058729933447093e+03,7.045456204999324e+03,1.764705882352941e+00,48848554
7.062437907700766e+03,7.047738575986418e+03,1.764705882352941e+00,48848557
7.063607179527272e+03,7.047898561552276e+03,1.764705882352941e+00,48848558
7.064024051094152e+03,7.048198046845407e+03,1.764705882352941e+00,48848559
7.064202613583119e+03,7.048450339772563e+03,5.882352941176471e-01,48848560
7.065371885409625e+03,7.049302585633352e+03,5.882352941176471e-01,48848561
7.065967319465472e+03,7.052954677390375e+03,5.882352941176471e-01,48848563
7.067136591291978e+03,7.053944356218822e+03,5.882352941176471e-01,48848564
7.067553462858858e+03,7.050287019365257e+03,1.176470588235294e+00,48848562
7.067732025347825e+03,7.054329692696600e+03,5.882352941176471e-01,48848565
7.069318168741211e+03,7.062381675562605e+03,5.882352941176471e-01,48848567
7.072430708939037e+03,7.058030288412533e+03,1.764705882352941e+00,48848566
7.073026142994884e+03,7.062967614695632e+03,1.764705882352941e+00,48848568
7.074612286388270e+03,7.063546026270804e+03,1.764705882352941e+00,48848569
7.074790848877237e+03,7.065939226402529e+03,5.882352941176471e-01,48848571
7.075960120703743e+03,7.065671061849155e+03,1.176470588235294e+00,48848570
7.076555554759590e+03,7.066303827981056e+03,5.882352941176471e-01,48848573
7.078141698152976e+03,7.066105179124762e+03,1.176470588235294e+00,48848572
7.078320260641943e+03,7.067283011037845e+03,5.882352941176471e-01,48848575
7.080084966524296e+03,7.067469855102041e+03,5.882352941176471e-01,48848577
7.081254238350802e+03,7.066841988649185e+03,1.764705882352941e+00,48848574
7.083435815800035e+03,7.067451297185370e+03,1.764705882352941e+00,48848576
7.084783650115507e+03,7.068590430971333e+03,1.176470588235294e+00,48848579
7.085379084171355e+03,7.068518523380014e+03,1.764705882352941e+00,48848578
7.086548355997860e+03,7.070710792401840e+03,5.882352941176471e-01,48848581
7.088313061880213e+03,7.071229329854033e+03,5.882352941176471e-01,48848583
7.088729933447093e+03,7.070196274237406e+03,1.764705882352941e+00,48848580
7.090494639329446e+03,7.072069446160669e+03,5.882352941176471e-01,48848585
7.090673201818413e+03,7.071092133451502e+03,1.764705882352941e+00,48848582
7.092259345211799e+03,7.073262557100559e+03,5.882352941176471e-01,48848586
7.093607179527272e+03,7.071618050752571e+03,1.764705882352941e+00,48848584
7.095371885409625e+03,7.074016714001738e+03,5.882352941176471e-01,48848589
7.095967319465472e+03,7.073263741915506e+03,1.764705882352941e+00,48848587
7.097553462858858e+03,7.073639089957978e+03,1.764705882352941e+00,48848588
7.100666003056684e+03,7.074318709654943e+03,1.764705882352941e+00,48848590
7.101261437112531e+03,7.074775559835374e+03,1.764705882352941e+00,48848591
7.102847580505917e+03,7.076066733881530e+03,1.764705882352941e+00,48848592
7.104195414821390e+03,7.076525454028608e+03,1.176470588235294e+00,48848593
7.104612286388270e+03,7.077186436932774e+03,5.882352941176471e-01,48848595
7.106555554759590e+03,7.077158916573602e+03,1.764705882352941e+00,48848594
7.108141698152976e+03,7.079355768709170e+03,1.176470588235294e+00,48848597
7.108320260641943e+03,7.079754383260720e+03,5.882352941176471e-01,48848598
7.109489532468449e+03,7.079118678180705e+03,1.764705882352941e+00,48848596
7.111254238350802e+03,7.080550081891894e+03,5.882352941176471e-01,48848601
7.113018944233155e+03,7.080695096416813e+03,5.882352941176471e-01,48848602
7.113435815800035e+03,7.079858066948291e+03,1.764705882352941e+00,48848599
7.113614378289002e+03,7.080443604565805e+03,1.764705882352941e+00,48848600
7.115379084171355e+03,7.082352507201837e+03,5.882352941176471e-01,48848605
7.116548355997860e+03,7.081286395710874e+03,1.176470588235294e+00,48848603
7.118729933447093e+03,7.082074225104540e+03,1.764705882352941e+00,48848604
7.120494639329446e+03,7.086002049815649e+03,5.882352941176471e-01,48848608
7.120673201818413e+03,7.082471991876541e+03,1.764705882352941e+00,48848606
7.121842473644919e+03,7.084335943750143e+03,1.764705882352941e+00,48848607
7.122259345211799e+03,7.086265849407970e+03,5.882352941176471e-01,48848609
7.122437907700766e+03,7.087904040522613e+03,5.882352941176471e-01,48848610
7.124202613583119e+03,7.091962858346318e+03,5.882352941176471e-01,48848613
7.125967319465472e+03,7.094688651020510e+03,5.882352941176471e-01,48848614
7.127136591291978e+03,7.089471277196586e+03,1.764705882352941e+00,48848611
7.127553462858858e+03,7.091694986144295e+03,1.764705882352941e+00,48848612
7.128901297174331e+03,7.096770548100385e+03,5.882352941176471e-01,48848616
7.130666003056684e+03,7.097681613505620e+03,5.882352941176471e-01,48848618
7.131261437112531e+03,7.096548472407482e+03,1.764705882352941e+00,48848615
7.132847580505917e+03,7.096822179329011e+03,1.764705882352941e+00,48848617
7.134195414821390e+03,7.097919155656856e+03,1.176470588235294e+00,48848619
7.134612286388270e+03,7.100668421504270e+03,5.882352941176471e-01,48848621
7.135960120703743e+03,7.102399823084638e+03,5.882352941176471e-01,48848622
7.136376992270623e+03,7.105846636087713e+03,5.882352941176471e-01,48848623
7.136555554759590e+03,7.097990721094335e+03,1.764705882352941e+00,48848620
7.138320260641943e+03,7.106947895261981e+03,5.882352941176471e-01,48848626
7.141254238350802e+03,7.106168239951258e+03,1.764705882352941e+00,48848624
7.141671109917682e+03,7.106665777129228e+03,1.764705882352941e+00,48848625
7.143614378289002e+03,7.108291399512007e+03,1.764705882352941e+00,48848627
7.145379084171355e+03,7.110072080280310e+03,5.882352941176471e-01,48848630
7.146548355997860e+03,7.108677396403519e+03,1.764705882352941e+00,48848628
7.146965227564741e+03,7.108864585714504e+03,1.764705882352941e+00,48848629
7.147143790053708e+03,7.110239085956595e+03,5.882352941176471e-01,48848631
7.148313061880213e+03,7.110769205280111e+03,5.882352941176471e-01,48848632
7.150077767762566e+03,7.112082475342067e+03,5.882352941176471e-01,48848635
7.150494639329446e+03,7.111144244823784e+03,1.176470588235294e+00,48848633
7.152259345211799e+03,7.112937844977240e+03,5.882352941176471e-01,48848637
7.152437907700766e+03,7.111385124294783e+03,1.764705882352941e+00,48848634
7.154024051094152e+03,7.114912820822390e+03,5.882352941176471e-01,48848638
7.154202613583119e+03,7.115611260934978e+03,5.882352941176471e-01,48848639
7.155371885409625e+03,7.112407759626079e+03,1.764705882352941e+00,48848636
7.155788756976505e+03,7.115714563850385e+03,5.882352941176471e-01,48848640
7.155967319465472e+03,7.116082938485709e+03,5.882352941176471e-01,48848641
7.157136591291978e+03,7.118555850975566e+03,5.882352941176471e-01,48848642
7.157553462858858e+03,7.118800311035214e+03,5.882352941176471e-01,48848643
7.158901297174331e+03,7.122187490932919e+03,5.882352941176471e-01,48848645
7.159496731230178e+03,7.119768905967678e+03,1.176470588235294e+00,48848644
7.160666003056684e+03,7.124268548216728e+03,5.882352941176471e-01,48848647
7.161261437112531e+03,7.125593247995211e+03,5.882352941176471e-01,48848648
7.162847580505917e+03,7.123285972670910e+03,1.764705882352941e+00,48848646
7.163026142994884e+03,7.127204964634613e+03,5.882352941176471e-01,48848650
7.164612286388270e+03,7.127406580594442e+03,5.882352941176471e-01,48848651
7.165960120703743e+03,7.126445981067821e+03,1.764705882352941e+00,48848649
7.166376992270623e+03,7.129070440486779e+03,5.882352941176471e-01,48848653
7.167724826586096e+03,7.129117380515209e+03,5.882352941176471e-01,48848654
7.168141698152976e+03,7.129941087237277e+03,5.882352941176471e-01,48848655
7.168320260641943e+03,7.128129334094162e+03,1.764705882352941e+00,48848652
7.169489532468449e+03,7.130619364164557e+03,5.882352941176471e-01,48848656
7.171254238350802e+03,7.132063755026950e+03,5.882352941176471e-01,48848659
7.173018944233155e+03,7.132583563721204e+03,5.882352941176471e-01,48848660
7.173435815800035e+03,7.130783151697894e+03,1.764705882352941e+00,48848657
7.173614378289002e+03,7.131218865804214e+03,1.764705882352941e+00,48848658
7.174783650115507e+03,7.133901999530568e+03,5.882352941176471e-01,48848661
7.175379084171355e+03,7.136336214788025e+03,5.882352941176471e-01,48848663
7.177143790053708e+03,7.140978896008931e+03,5.882352941176471e-01,48848665
7.178729933447093e+03,7.133941692996230e+03,1.764705882352941e+00,48848662
7.180077767762566e+03,7.137379167808371e+03,1.764705882352941e+00,48848664
7.180494639329446e+03,7.141811443799532e+03,5.882352941176471e-01,48848667
7.181842473644919e+03,7.142069680805809e+03,5.882352941176471e-01,48848668
7.182437907700766e+03,7.141267763285828e+03,1.764705882352941e+00,48848666
7.183607179527272e+03,7.144822514102372e+03,5.882352941176471e-01,48848670
7.184024051094152e+03,7.142202754306694e+03,1.176470588235294e+00,48848669
7.185371885409625e+03,7.148233623985558e+03,5.882352941176471e-01,48848672
7.187553462858858e+03,7.148684936320833e+03,1.176470588235294e+00,48848673
7.187732025347825e+03,7.145010883546004e+03,1.764705882352941e+00,48848671
7.189496731230178e+03,7.150462116408872e+03,5.882352941176471e-01,48848676
7.190666003056684e+03,7.149105498694784e+03,1.764705882352941e+00,48848674
7.191261437112531e+03,7.152488680227343e+03,5.882352941176471e-01,48848677
7.192430708939037e+03,7.153644265596877e+03,5.882352941176471e-01,48848678
7.192847580505917e+03,7.149667111410737e+03,1.764705882352941e+00,48848675
7.193026142994884e+03,7.154055296150853e+03,5.882352941176471e-01,48848679
7.197724826586096e+03,7.154542937142406e+03,1.764705882352941e+00,48848680
7.198141698152976e+03,7.157363253102391e+03,1.764705882352941e+00,48848681
7.198320260641943e+03,7.157683521101815e+03,1.764705882352941e+00,48848682
7.201671109917682e+03,7.160206772888546e+03,1.176470588235294e+00,48848684
7.203018944233155e+03,7.157949926179684e+03,1.764705882352941e+00,48848683
7.203435815800035e+03,7.160313664126225e+03,5.882352941176471e-01,48848686
7.203614378289002e+03,7.160307302004676e+03,1.764705882352941e+00,48848685
7.205200521682388e+03,7.161980183667118e+03,5.882352941176471e-01,48848688
7.205379084171355e+03,7.162090493143216e+03,5.882352941176471e-01,48848689
7.206548355997860e+03,7.160760951444563e+03,1.176470588235294e+00,48848687
7.206965227564741e+03,7.162245222909581e+03,5.882352941176471e-01,48848690
7.207143790053708e+03,7.162489007838656e+03,5.882352941176471e-01,48848691
7.208313061880213e+03,7.163698192664094e+03,5.882352941176471e-01,48848692
7.208729933447093e+03,7.165158723414357e+03,5.882352941176471e-01,48848693
7.208908495936060e+03,7.165521321953279e+03,5.882352941176471e-01,48848694
7.210077767762566e+03,7.170485210765700e+03,5.882352941176471e-01,48848695
7.210494639329446e+03,7.171049432797341e+03,5.882352941176471e-01,48848696
7.213607179527272e+03,7.172309477708505e+03,1.176470588235294e+00,48848698
7.214024051094152e+03,7.174399705711622e+03,1.176470588235294e+00,48848699
7.214202613583119e+03,7.172106390518769e+03,1.764705882352941e+00,48848697
7.215371885409625e+03,7.174637631387480e+03,5.882352941176471e-01,48848700
7.215788756976505e+03,7.175079183249332e+03,5.882352941176471e-01,48848701
7.217136591291978e+03,7.176763981484421e+03,5.882352941176471e-01,48848703
7.217553462858858e+03,7.178259288399753e+03,5.882352941176471e-01,48848704
7.218901297174331e+03,7.178303614534749e+03,5.882352941176471e-01,48848705
7.219496731230178e+03,7.175156252625345e+03,1.764705882352941e+00,48848702
7.222847580505917e+03,7.179489301566867e+03,1.764705882352941e+00,48848706
7.224195414821390e+03,7.179812405454129e+03,1.764705882352941e+00,48848707
7.224612286388270e+03,7.181685576621858e+03,5.882352941176471e-01,48848709
7.224790848877237e+03,7.180285172426996e+03,1.764705882352941e+00,48848708
7.226555554759590e+03,7.185482458602259e+03,5.882352941176471e-01,48848712
7.229489532468449e+03,7.182803219133813e+03,1.764705882352941e+00,48848710
7.229906404035329e+03,7.183202122479337e+03,1.764705882352941e+00,48848711
7.231671109917682e+03,7.188359738183983e+03,5.882352941176471e-01,48848715
7.231849672406649e+03,7.187426197097243e+03,1.764705882352941e+00,48848713
7.233435815800035e+03,7.188789290497440e+03,5.882352941176471e-01,48848716
7.233614378289002e+03,7.189960918901040e+03,5.882352941176471e-01,48848717
7.234783650115507e+03,7.187997109115050e+03,1.764705882352941e+00,48848714
7.235200521682388e+03,7.190150721135278e+03,5.882352941176471e-01,48848718
7.235379084171355e+03,7.191195156704859e+03,5.882352941176471e-01,48848719
7.236548355997860e+03,7.191767952576765e+03,5.882352941176471e-01,48848720
7.237143790053708e+03,7.193313512562440e+03,5.882352941176471e-01,48848722
7.238729933447093e+03,7.193122623892415e+03,1.176470588235294e+00,48848721
7.238908495936060e+03,7.193797358882045e+03,5.882352941176471e-01,48848724
7.240494639329446e+03,7.195271296171345e+03,5.882352941176471e-01,48848725
7.240673201818413e+03,7.195509139940502e+03,5.882352941176471e-01,48848726
7.241842473644919e+03,7.193793631336628e+03,1.764705882352941e+00,48848723
7.242259345211799e+03,7.196554892803247e+03,5.882352941176471e-01,48848727
7.242437907700766e+03,7.196810480216027e+03,5.882352941176471e-01,48848728
7.247136591291978e+03,7.197181291606320e+03,1.764705882352941e+00,48848729
7.247553462858858e+03,7.197629822082264e+03,1.764705882352941e+00,48848730
7.247732025347825e+03,7.198299067738655e+03,1.764705882352941e+00,48848731
7.248901297174331e+03,7.198514220532007e+03,5.882352941176471e-01,48848732
7.250666003056684e+03,7.202932049745921e+03,5.882352941176471e-01,48848735
7.252430708939037e+03,7.203307849657907e+03,5.882352941176471e-01,48848736
7.252847580505917e+03,7.201121404427433e+03,1.764705882352941e+00,48848733
7.253026142994884e+03,7.201778005631344e+03,1.764705882352941e+00,48848734
7.254195414821390e+03,7.206136569628351e+03,5.882352941176471e-01,48848737
7.255960120703743e+03,7.206851975768851e+03,5.882352941176471e-01,48848740
7.256376992270623e+03,7.206322404690119e+03,1.176470588235294e+00,48848738
7.256555554759590e+03,7.206793664811136e+03,1.176470588235294e+00,48848739
7.257724826586096e+03,7.206958771660268e+03,5.882352941176471e-01,48848741
7.258141698152976e+03,7.207423570370935e+03,5.882352941176471e-01,48848742
7.260084966524296e+03,7.209543230259840e+03,1.176470588235294e+00,48848743
7.261254238350802e+03,7.210191325724467e+03,1.176470588235294e+00,48848744
7.261849672406649e+03,7.213113622096684e+03,5.882352941176471e-01,48848746
7.263018944233155e+03,7.213364404686824e+03,5.882352941176471e-01,48848747
7.263435815800035e+03,7.212924818952436e+03,1.764705882352941e+00,48848745
7.263614378289002e+03,7.213649264300643e+03,5.882352941176471e-01,48848748
7.265200521682388e+03,7.215598180338245e+03,5.882352941176471e-01,48848750
7.265379084171355e+03,7.216713516106258e+03,5.882352941176471e-01,48848751
7.267143790053708e+03,7.218761318374719e+03,5.882352941176471e-01,48848753
7.268313061880213e+03,7.214149830774442e+03,1.764705882352941e+00,48848749
7.268908495936060e+03,7.219538133649538e+03,5.882352941176471e-01,48848754
7.270077767762566e+03,7.221110086819592e+03,5.882352941176471e-01,48848755
7.270494639329446e+03,7.217466265162764e+03,1.764705882352941e+00,48848752
7.270673201818413e+03,7.222048822783280e+03,5.882352941176471e-01,48848756
7.271842473644919e+03,7.222390809399823e+03,5.882352941176471e-01,48848757
7.272259345211799e+03,7.223934236310817e+03,5.882352941176471e-01,48848758
7.273607179527272e+03,7.225389566733928e+03,5.882352941176471e-01,48848760
7.274024051094152e+03,7.225472442764295e+03,5.882352941176471e-01,48848761
7.275371885409625e+03,7.225943301730417e+03,5.882352941176471e-01,48848762
7.275788756976505e+03,7.226708936445660e+03,5.882352941176471e-01,48848763
7.275967319465472e+03,7.224345829529466e+03,1.764705882352941e+00,48848759
7.277136591291978e+03,7.228530192201925e+03,5.882352941176471e-01,48848764
7.277553462858858e+03,7.228610191683458e+03,5.882352941176471e-01,48848765
7.281261437112531e+03,7.229107203368517e+03,1.764705882352941e+00,48848766
7.282430708939037e+03,7.229750628748564e+03,1.764705882352941e+00,48848767
7.282847580505917e+03,7.229860377869740e+03,1.764705882352941e+00,48848768
7.283026142994884e+03,7.233756731128027e+03,5.882352941176471e-01,48848769
7.284195414821390e+03,7.234277582762604e+03,5.882352941176471e-01,48848770
7.284790848877237e+03,7.238453214392270e+03,5.882352941176471e-01,48848772
7.285960120703743e+03,7.238660558732990e+03,5.882352941176471e-01,48848773
7.288141698152976e+03,7.238370627863602e+03,1.764705882352941e+00,48848771
7.289906404035329e+03,7.239976967174351e+03,5.882352941176471e-01,48848776
7.290084966524296e+03,7.239353958221609e+03,1.764705882352941e+00,48848774
7.291254238350802e+03,7.239787280816273e+03,1.764705882352941e+00,48848775
7.291671109917682e+03,7.240280032087349e+03,5.882352941176471e-01,48848777
7.291849672406649e+03,7.240576663681740e+03,5.882352941176471e-01,48848778
7.293018944233155e+03,7.240590336913348e+03,5.882352941176471e-01,48848779
7.294783650115507e+03,7.245653673391378e+03,5.882352941176471e-01,48848782
7.295200521682388e+03,7.243067776245129e+03,1.176470588235294e+00,48848780
7.296548355997860e+03,7.246700714998497e+03,5.882352941176471e-01,48848783
7.297143790053708e+03,7.243376929858453e+03,1.764705882352941e+00,48848781
7.298729933447093e+03,7.251360886127364e+03,1.176470588235294e+00,48848784
7.300077767762566e+03,7.251651994874425e+03,1.176470588235294e+00,48848785
7.301842473644919e+03,7.254208136215687e+03,5.882352941176471e-01,48848788
7.302437907700766e+03,7.252148940326636e+03,1.764705882352941e+00,48848786
7.303607179527272e+03,7.254235243669287e+03,5.882352941176471e-01,48848789
7.304024051094152e+03,7.252373784166498e+03,1.764705882352941e+00,48848787
7.304202613583119e+03,7.255703765568304e+03,5.882352941176471e-01,48848790
7.305967319465472e+03,7.258410620423535e+03,5.882352941176471e-01,48848793
7.307553462858858e+03,7.257340332767076e+03,1.176470588235294e+00,48848792
7.308901297174331e+03,7.257027802081690e+03,1.764705882352941e+00,48848791
7.309318168741211e+03,7.259152571460269e+03,5.882352941176471e-01,48848795
7.309496731230178e+03,7.258585807699658e+03,1.176470588235294e+00,48848794
7.311082874623564e+03,7.260031865802183e+03,5.882352941176471e-01,48848797
7.311261437112531e+03,7.260742800694309e+03,5.882352941176471e-01,48848798
7.312847580505917e+03,7.261709727412121e+03,5.882352941176471e-01,48848799
7.314195414821390e+03,7.259215727491971e+03,1.764705882352941e+00,48848796
7.315960120703743e+03,7.263906253361478e+03,5.882352941176471e-01,48848802
7.316555554759590e+03,7.263390238179418e+03,1.764705882352941e+00,48848800
7.317724826586096e+03,7.265359943815000e+03,5.882352941176471e-01,48848803
7.318141698152976e+03,7.263506711103767e+03,1.764705882352941e+00,48848801
7.320084966524296e+03,7.265892853876783e+03,1.176470588235294e+00,48848804
7.321849672406649e+03,7.266214831888036e+03,5.882352941176471e-01,48848807
7.323018944233155e+03,7.265986126170327e+03,1.764705882352941e+00,48848805
7.323435815800035e+03,7.266049830190093e+03,1.764705882352941e+00,48848806
7.323614378289002e+03,7.267657711997093e+03,5.882352941176471e-01,48848808
7.324783650115507e+03,7.268999086349319e+03,5.882352941176471e-01,48848809
7.327143790053708e+03,7.271568439164959e+03,1.176470588235294e+00,48848811
7.328313061880213e+03,7.271644383293585e+03,1.176470588235294e+00,48848812
7.328729933447093e+03,7.269107685641024e+03,1.764705882352941e+00,48848810
7.330077767762566e+03,7.274016870707311e+03,5.882352941176471e-01,48848814
7.330494639329446e+03,7.274265069679945e+03,5.882352941176471e-01,48848815
7.331842473644919e+03,7.274555610521056e+03,5.882352941176471e-01,48848816
7.332259345211799e+03,7.275364959698362e+03,5.882352941176471e-01,48848817
7.332437907700766e+03,7.273067854770822e+03,1.764705882352941e+00,48848813
7.334024051094152e+03,7.277969416773573e+03,5.882352941176471e-01,48848819
7.334202613583119e+03,7.278641724236285e+03,5.882352941176471e-01,48848820
7.335788756976505e+03,7.278740448076858e+03,5.882352941176471e-01,48848821
7.337136591291978e+03,7.277661933122353e+03,1.764705882352941e+00,48848818
7.337553462858858e+03,7.279710723815282e+03,5.882352941176471e-01,48848823
7.338901297174331e+03,7.280016081297026e+03,5.882352941176471e-01,48848824
7.339318168741211e+03,7.280333911814244e+03,5.882352941176471e-01,48848825
7.339496731230178e+03,7.279188428152482e+03,1.764705882352941e+00,48848822
7.340666003056684e+03,7.280373555743688e+03,5.882352941176471e-01,48848826
7.341082874623564e+03,7.281807427196904e+03,5.882352941176471e-01,48848827
7.342430708939037e+03,7.282829047200499e+03,5.882352941176471e-01,48848829
7.344195414821390e+03,7.283596084037558e+03,5.882352941176471e-01,48848831
7.344790848877237e+03,7.282786581732729e+03,1.764705882352941e+00,48848828
7.346376992270623e+03,7.283283384994841e+03,1.764705882352941e+00,48848830
7.348141698152976e+03,7.284508545829253e+03,5.882352941176471e-01,48848834
7.349489532468449e+03,7.283958903563516e+03,1.764705882352941e+00,48848832
7.350084966524296e+03,7.284494999465253e+03,1.764705882352941e+00,48848833
7.351671109917682e+03,7.284905220026727e+03,1.176470588235294e+00,48848835
7.351849672406649e+03,7.285999170530874e+03,5.882352941176471e-01,48848837
7.353614378289002e+03,7.287434805990942e+03,5.882352941176471e-01,48848839
7.354783650115507e+03,7.285650403402371e+03,1.764705882352941e+00,48848836
7.355379084171355e+03,7.288629197127745e+03,5.882352941176471e-01,48848840
7.356548355997860e+03,7.290023878831339e+03,5.882352941176471e-01,48848841
7.356965227564741e+03,7.286642644539618e+03,1.764705882352941e+00,48848838
7.358729933447093e+03,7.292055721493834e+03,5.882352941176471e-01,48848844
7.360673201818413e+03,7.290966833323267e+03,1.764705882352941e+00,48848842
7.361842473644919e+03,7.291183245353907e+03,1.764705882352941e+00,48848843
7.362437907700766e+03,7.292838116048142e+03,5.882352941176471e-01,48848846
7.363607179527272e+03,7.292982980713247e+03,5.882352941176471e-01,48848847
7.364024051094152e+03,7.292079892551348e+03,1.764705882352941e+00,48848845
7.364202613583119e+03,7.293027330063716e+03,5.882352941176471e-01,48848848
7.365371885409625e+03,7.293331670929537e+03,5.882352941176471e-01,48848849
7.367136591291978e+03,7.301683566650265e+03,5.882352941176471e-01,48848852
7.367732025347825e+03,7.299967252864505e+03,1.176470588235294e+00,48848851
7.368901297174331e+03,7.302948590939860e+03,5.882352941176471e-01,48848853
7.369318168741211e+03,7.299403114124535e+03,1.764705882352941e+00,48848850
7.370666003056684e+03,7.304799364542169e+03,5.882352941176471e-01,48848855
7.371082874623564e+03,7.305811700709623e+03,5.882352941176471e-01,48848856
7.372430708939037e+03,7.305820865769862e+03,5.882352941176471e-01,48848857
7.373026142994884e+03,7.304062250847428e+03,1.764705882352941e+00,48848854
7.374195414821390e+03,7.306590661145653e+03,5.882352941176471e-01,48848859
7.374612286388270e+03,7.306073439533329e+03,1.176470588235294e+00,48848858
7.376376992270623e+03,7.308891112093206e+03,5.882352941176471e-01,48848862
7.378320260641943e+03,7.307537590485940e+03,1.764705882352941e+00,48848860
7.379489532468449e+03,7.307782731509149e+03,1.764705882352941e+00,48848861
7.380084966524296e+03,7.310011838401841e+03,5.882352941176471e-01,48848864
7.381671109917682e+03,7.309738478461782e+03,1.764705882352941e+00,48848863
7.381849672406649e+03,7.312905360710366e+03,5.882352941176471e-01,48848866
7.383018944233155e+03,7.311352259091877e+03,1.176470588235294e+00,48848865
7.383435815800035e+03,7.315027915151904e+03,5.882352941176471e-01,48848867
7.383614378289002e+03,7.315414285822022e+03,5.882352941176471e-01,48848868
7.385379084171355e+03,7.318753273892249e+03,5.882352941176471e-01,48848871
7.386965227564741e+03,7.317325367095933e+03,1.176470588235294e+00,48848870
7.387143790053708e+03,7.321212997539497e+03,5.882352941176471e-01,48848872
7.388313061880213e+03,7.317128331081312e+03,1.764705882352941e+00,48848869
7.388908495936060e+03,7.323824727882037e+03,5.882352941176471e-01,48848874
7.390077767762566e+03,7.324277198922815e+03,5.882352941176471e-01,48848875
7.392259345211799e+03,7.322016906433072e+03,1.764705882352941e+00,48848873
7.392437907700766e+03,7.325110281517203e+03,1.176470588235294e+00,48848876
7.394024051094152e+03,7.325857526235900e+03,5.882352941176471e-01,48848878
7.394202613583119e+03,7.326164935257333e+03,5.882352941176471e-01,48848879
7.395371885409625e+03,7.325118682785589e+03,1.764705882352941e+00,48848877
7.395788756976505e+03,7.326674046550599e+03,5.882352941176471e-01,48848880
7.397136591291978e+03,7.328362895249460e+03,5.882352941176471e-01,48848882
7.398901297174331e+03,7.329083222277764e+03,5.882352941176471e-01,48848884
7.399496731230178e+03,7.328266168655853e+03,1.764705882352941e+00,48848881
7.400666003056684e+03,7.329473059997027e+03,5.882352941176471e-01,48848885
7.401082874623564e+03,7.328810001768902e+03,1.764705882352941e+00,48848883
7.401261437112531e+03,7.330090529283382e+03,5.882352941176471e-01,48848886
7.402430708939037e+03,7.330593631401209e+03,5.882352941176471e-01,48848887
7.403026142994884e+03,7.332256395522431e+03,5.882352941176471e-01,48848889
7.405960120703743e+03,7.332924260409035e+03,1.176470588235294e+00,48848890
7.406376992270623e+03,7.330752998355250e+03,1.764705882352941e+00,48848888
7.407724826586096e+03,7.334095794356056e+03,5.882352941176471e-01,48848892
7.408320260641943e+03,7.333965784082447e+03,1.764705882352941e+00,48848891
7.409489532468449e+03,7.334700959084700e+03,5.882352941176471e-01,48848894
7.409906404035329e+03,7.334110557201410e+03,1.176470588235294e+00,48848893
7.410084966524296e+03,7.336750387719214e+03,5.882352941176471e-01,48848895
7.411849672406649e+03,7.339250249198463e+03,5.882352941176471e-01,48848898
7.413614378289002e+03,7.340952470581921e+03,5.882352941176471e-01,48848899
7.414783650115507e+03,7.338222857217177e+03,1.764705882352941e+00,48848896
7.415200521682388e+03,7.338943307103176e+03,1.764705882352941e+00,48848897
7.416548355997860e+03,7.341382754922447e+03,5.882352941176471e-01,48848901
7.418908495936060e+03,7.341230510449619e+03,1.764705882352941e+00,48848900
7.420494639329446e+03,7.342280062031790e+03,1.764705882352941e+00,48848902
7.421842473644919e+03,7.342661539351450e+03,1.764705882352941e+00,48848903
7.422259345211799e+03,7.345771868536469e+03,5.882352941176471e-01,48848905
7.424024051094152e+03,7.347526205776733e+03,5.882352941176471e-01,48848907
7.424202613583119e+03,7.344714614263734e+03,1.764705882352941e+00,48848904
7.425788756976505e+03,7.348392492327995e+03,5.882352941176471e-01,48848908
7.425967319465472e+03,7.348454365267488e+03,5.882352941176471e-01,48848909
7.427136591291978e+03,7.346785124271865e+03,1.764705882352941e+00,48848906
7.427553462858858e+03,7.348921032497492e+03,5.882352941176471e-01,48848910
7.428901297174331e+03,7.350768680815284e+03,5.882352941176471e-01,48848912
7.429318168741211e+03,7.353811104995241e+03,5.882352941176471e-01,48848913
7.430666003056684e+03,7.354083393072134e+03,5.882352941176471e-01,48848914
7.431261437112531e+03,7.349746840056029e+03,1.764705882352941e+00,48848911
7.434195414821390e+03,7.355484663999615e+03,1.176470588235294e+00,48848916
7.434612286388270e+03,7.354810831004698e+03,1.764705882352941e+00,48848915
7.435960120703743e+03,7.355775300956340e+03,5.882352941176471e-01,48848918
7.436376992270623e+03,7.356023995374073e+03,5.882352941176471e-01,48848919
7.436555554759590e+03,7.355647875692187e+03,1.764705882352941e+00,48848917
7.438141698152976e+03,7.356705581182945e+03,5.882352941176471e-01,48848921
7.439906404035329e+03,7.359127067523824e+03,5.882352941176471e-01,48848923
7.441254238350802e+03,7.356192041068298e+03,1.764705882352941e+00,48848920
7.441671109917682e+03,7.360184595090139e+03,5.882352941176471e-01,48848924
7.441849672406649e+03,7.357230193277766e+03,1.764705882352941e+00,48848922
7.443614378289002e+03,7.363731222888081e+03,5.882352941176471e-01,48848927
7.446548355997860e+03,7.362694604869755e+03,1.764705882352941e+00,48848925
7.446965227564741e+03,7.363342318555486e+03,1.764705882352941e+00,48848926
7.448313061880213e+03,7.367016406225365e+03,5.882352941176471e-01,48848929
7.448908495936060e+03,7.366912461683748e+03,1.764705882352941e+00,48848928
7.450077767762566e+03,7.368614701100530e+03,5.882352941176471e-01,48848931
7.450673201818413e+03,7.369003580001481e+03,5.882352941176471e-01,48848932
7.452259345211799e+03,7.368409514595358e+03,1.764705882352941e+00,48848930
7.453607179527272e+03,7.369047676371268e+03,1.176470588235294e+00,48848933
7.454024051094152e+03,7.370211842258512e+03,5.882352941176471e-01,48848935
7.455371885409625e+03,7.373181156448761e+03,5.882352941176471e-01,48848936
7.455788756976505e+03,7.373371261148917e+03,5.882352941176471e-01,48848937
7.455967319465472e+03,7.369967537950441e+03,1.764705882352941e+00,48848934
7.457136591291978e+03,7.376550132988675e+03,5.882352941176471e-01,48848938
7.457732025347825e+03,7.378741222188275e+03,5.882352941176471e-01,48848940
7.458901297174331e+03,7.379195275334329e+03,5.882352941176471e-01,48848941
7.461082874623564e+03,7.377127025903545e+03,1.764705882352941e+00,48848939
7.463026142994884e+03,7.379313584519106e+03,1.764705882352941e+00,48848942
7.464195414821390e+03,7.379333421258934e+03,1.764705882352941e+00,48848943
7.464790848877237e+03,7.382380211179233e+03,5.882352941176471e-01,48848945
7.465960120703743e+03,7.382977271423955e+03,5.882352941176471e-01,48848946
7.466376992270623e+03,7.381127148720280e+03,1.764705882352941e+00,48848944
7.467724826586096e+03,7.385175227618207e+03,5.882352941176471e-01,48848948
7.468141698152976e+03,7.386222482477237e+03,5.882352941176471e-01,48848949
7.469489532468449e+03,7.389709295478473e+03,5.882352941176471e-01,48848950
7.470084966524296e+03,7.384033632811530e+03,1.764705882352941e+00,48848947
7.471254238350802e+03,7.394555675614105e+03,5.882352941176471e-01,48848952
7.471849672406649e+03,7.395528801853617e+03,5.882352941176471e-01,48848953
7.473018944233155e+03,7.395899510337172e+03,5.882352941176471e-01,48848954
7.473435815800035e+03,7.393700459925937e+03,1.764705882352941e+00,48848951
7.473614378289002e+03,7.396227513933991e+03,5.882352941176471e-01,48848955
7.474783650115507e+03,7.397844927500841e+03,5.882352941176471e-01,48848956
7.475200521682388e+03,7.398322976993889e+03,5.882352941176471e-01,48848957
7.478908495936060e+03,7.399500753667703e+03,1.764705882352941e+00,48848958
7.480077767762566e+03,7.399511553422900e+03,1.764705882352941e+00,48848959
7.480494639329446e+03,7.403267298991586e+03,1.764705882352941e+00,48848960
7.480673201818413e+03,7.403464650693930e+03,5.882352941176471e-01,48848961
7.482259345211799e+03,7.404353747580386e+03,5.882352941176471e-01,48848963
7.483607179527272e+03,7.403489642548870e+03,1.176470588235294e+00,48848962
7.485371885409625e+03,7.406098039058148e+03,5.882352941176471e-01,48848966
7.485967319465472e+03,7.405267284690065e+03,1.764705882352941e+00,48848964
7.487553462858858e+03,7.405807765249756e+03,1.764705882352941e+00,48848965
7.489496731230178e+03,7.407417220965791e+03,1.176470588235294e+00,48848968
7.490666003056684e+03,7.406376046522580e+03,1.764705882352941e+00,48848967
7.492847580505917e+03,7.407530744558146e+03,1.764705882352941e+00,48848969
7.494612286388270e+03,7.411850452445803e+03,5.882352941176471e-01,48848972
7.494790848877237e+03,7.408311878131817e+03,1.764705882352941e+00,48848970
7.495960120703743e+03,7.410405666702709e+03,1.764705882352941e+00,48848971
7.496376992270623e+03,7.412391933445630e+03,5.882352941176471e-01,48848973
7.497724826586096e+03,7.413558492803263e+03,5.882352941176471e-01,48848975
7.498141698152976e+03,7.414574361468809e+03,5.882352941176471e-01,48848976
7.499489532468449e+03,7.414999782383351e+03,5.882352941176471e-01,48848977
7.499906404035329e+03,7.416277724939044e+03,5.882352941176471e-01,48848978
7.500084966524296e+03,7.412730384813338e+03,1.764705882352941e+00,48848974
7.501254238350802e+03,7.417389161589614e+03,5.882352941176471e-01,48848979
7.501671109917682e+03,7.417502263576996e+03,5.882352941176471e-01,48848980
7.503018944233155e+03,7.420888730382715e+03,5.882352941176471e-01,48848982
7.505379084171355e+03,7.418789243536841e+03,1.764705882352941e+00,48848981
7.506965227564741e+03,7.424273546299654e+03,1.764705882352941e+00,48848983
7.507143790053708e+03,7.425262351598358e+03,5.882352941176471e-01,48848985
7.508313061880213e+03,7.425025321975552e+03,1.764705882352941e+00,48848984
7.508908495936060e+03,7.426145122010090e+03,5.882352941176471e-01,48848987
7.510077767762566e+03,7.428363178313854e+03,5.882352941176471e-01,48848988
7.510494639329446e+03,7.425675199722715e+03,1.176470588235294e+00,48848986
7.511842473644919e+03,7.430030258505713e+03,5.882352941176471e-01,48848990
7.513607179527272e+03,7.430765466600055e+03,5.882352941176471e-01,48848992
7.514202613583119e+03,7.429775291686756e+03,1.764705882352941e+00,48848989
7.515371885409625e+03,7.430945997606777e+03,5.882352941176471e-01,48848993
7.515788756976505e+03,7.430465380318286e+03,1.764705882352941e+00,48848991
7.515967319465472e+03,7.432160629928669e+03,5.882352941176471e-01,48848994
7.517136591291978e+03,7.432191039518188e+03,5.882352941176471e-01,48848995
7.517553462858858e+03,7.432807744955488e+03,5.882352941176471e-01,48848996
7.517732025347825e+03,7.433255990624548e+03,5.882352941176471e-01,48848997
7.519496731230178e+03,7.435264351581740e+03,5.882352941176471e-01,48849000
7.520666003056684e+03,7.433304559381145e+03,1.176470588235294e+00,48848998
7.521261437112531e+03,7.435407525999391e+03,5.882352941176471e-01,48849001
7.522430708939037e+03,7.435759630874304e+03,5.882352941176471e-01,48849002
7.522847580505917e+03,7.435102800994531e+03,1.764705882352941e+00,48848999
7.524195414821390e+03,7.437103684200717e+03,5.882352941176471e-01,48849004
7.524612286388270e+03,7.437878301560676e+03,5.882352941176471e-01,48849005
7.525960120703743e+03,7.438769757248483e+03,5.882352941176471e-01,48849006
7.526555554759590e+03,7.436293475985295e+03,1.764705882352941e+00,48849003
7.527724826586096e+03,7.441329493594655e+03,5.882352941176471e-01,48849008
7.528320260641943e+03,7.442776209916035e+03,5.882352941176471e-01,48849009
7.529489532468449e+03,7.443545519782566e+03,5.882352941176471e-01,48849010
7.529906404035329e+03,7.440851803722936e+03,1.764705882352941e+00,48849007
7.530084966524296e+03,7.443954783198287e+03,5.882352941176471e-01,48849011
7.531254238350802e+03,7.444429598212824e+03,5.882352941176471e-01,48849012
7.531671109917682e+03,7.445829888667306e+03,5.882352941176471e-01,48849013
7.531849672406649e+03,7.446315494381495e+03,5.882352941176471e-01,48849014
7.533435815800035e+03,7.446606825493897e+03,5.882352941176471e-01,48849016
7.535379084171355e+03,7.448133154950151e+03,1.176470588235294e+00,48849017
7.536548355997860e+03,7.446359128765145e+03,1.764705882352941e+00,48849015
7.537143790053708e+03,7.449699487110675e+03,5.882352941176471e-01,48849019
7.538313061880213e+03,7.452441227694201e+03,5.882352941176471e-01,48849020
7.538729933447093e+03,7.448984076791066e+03,1.764705882352941e+00,48849018
7.542437907700766e+03,7.452566321807267e+03,1.764705882352941e+00,48849021
7.543607179527272e+03,7.453945061175558e+03,1.764705882352941e+00,48849022
7.544024051094152e+03,7.453985911732464e+03,1.764705882352941e+00,48849023
7.544202613583119e+03,7.454523283098314e+03,5.882352941176471e-01,48849024
7.545788756976505e+03,7.454557566096781e+03,5.882352941176471e-01,48849026
7.547553462858858e+03,7.456326626465235e+03,5.882352941176471e-01,48849028
7.548901297174331e+03,7.454524648828844e+03,1.764705882352941e+00,48849025
7.549318168741211e+03,7.459762626377404e+03,5.882352941176471e-01,48849029
7.549496731230178e+03,7.456185346357302e+03,1.764705882352941e+00,48849027
7.550666003056684e+03,7.460174671952541e+03,5.882352941176471e-01,48849030
7.551261437112531e+03,7.460706711390117e+03,5.882352941176471e-01,48849032
7.554612286388270e+03,7.460349885430703e+03,1.764705882352941e+00,48849031
7.555960120703743e+03,7.463346681303691e+03,1.764705882352941e+00,48849033
7.556376992270623e+03,7.468669756272684e+03,5.882352941176471e-01,48849035
7.556555554759590e+03,7.468418928011084e+03,1.764705882352941e+00,48849034
7.558320260641943e+03,7.472491007556418e+03,5.882352941176471e-01,48849038
7.560084966524296e+03,7.475472005173920e+03,5.882352941176471e-01,48849039
7.561254238350802e+03,7.469451594237182e+03,1.764705882352941e+00,48849036
7.561671109917682e+03,7.471641778393037e+03,1.764705882352941e+00,48849037
7.561849672406649e+03,7.476269391360147e+03,5.882352941176471e-01,48849040
7.563018944233155e+03,7.476553456460825e+03,5.882352941176471e-01,48849041
7.564783650115507e+03,7.479047703193982e+03,5.882352941176471e-01,48849044
7.566548355997860e+03,7.479155692100545e+03,5.882352941176471e-01,48849045
7.566965227564741e+03,7.476959685854324e+03,1.764705882352941e+00,48849042
7.567143790053708e+03,7.477444801849137e+03,1.764705882352941e+00,48849043
7.568313061880213e+03,7.480416712115546e+03,5.882352941176471e-01,48849046
7.568908495936060e+03,7.481875316594391e+03,5.882352941176471e-01,48849048
7.570077767762566e+03,7.482219927954978e+03,5.882352941176471e-01,48849049
7.570494639329446e+03,7.481541998879739e+03,1.176470588235294e+00,48849047
7.572259345211799e+03,7.483727656255537e+03,5.882352941176471e-01,48849052
7.572437907700766e+03,7.483187214023255e+03,1.176470588235294e+00,48849050
7.574024051094152e+03,7.485491047421228e+03,5.882352941176471e-01,48849053
7.574202613583119e+03,7.488538465677565e+03,5.882352941176471e-01,48849054
7.575371885409625e+03,7.483387535198423e+03,1.764705882352941e+00,48849051
7.575967319465472e+03,7.491611267063947e+03,5.882352941176471e-01,48849056
7.577136591291978e+03,7.491708084646624e+03,5.882352941176471e-01,48849057
7.577732025347825e+03,7.492952227955767e+03,5.882352941176471e-01,48849058
7.579318168741211e+03,7.490647551696258e+03,1.764705882352941e+00,48849055
7.579496731230178e+03,7.494856886205531e+03,5.882352941176471e-01,48849060
7.580666003056684e+03,7.493600010186920e+03,1.176470588235294e+00,48849059
7.582847580505917e+03,7.495198427898677e+03,1.176470588235294e+00,48849061
7.584612286388270e+03,7.496251131101552e+03,5.882352941176471e-01,48849064
7.584790848877237e+03,7.495584936759257e+03,1.764705882352941e+00,48849062
7.585960120703743e+03,7.496196672299245e+03,1.764705882352941e+00,48849063
7.587724826586096e+03,7.497352673239867e+03,5.882352941176471e-01,48849067
7.589489532468449e+03,7.498416530637295e+03,5.882352941176471e-01,48849068
7.589906404035329e+03,7.496653851091776e+03,1.764705882352941e+00,48849065
7.590084966524296e+03,7.496709232707210e+03,1.764705882352941e+00,48849066
7.591254238350802e+03,7.498756309779133e+03,5.882352941176471e-01,48849069
7.591849672406649e+03,7.501404518505863e+03,5.882352941176471e-01,48849071
7.593018944233155e+03,7.504272174759551e+03,5.882352941176471e-01,48849072
7.595200521682388e+03,7.501026313743128e+03,1.764705882352941e+00,48849070
7.596965227564741e+03,7.506739732609167e+03,5.882352941176471e-01,48849075
7.597143790053708e+03,7.505671277790523e+03,1.764705882352941e+00,48849073
7.598313061880213e+03,7.505787543087631e+03,1.764705882352941e+00,48849074
7.598908495936060e+03,7.507629780948382e+03,5.882352941176471e-01,48849077
7.600673201818413e+03,7.509667550111794e+03,5.882352941176471e-01,48849079
7.602259345211799e+03,7.506852298074251e+03,1.764705882352941e+00,48849076
7.602437907700766e+03,7.513486330849398e+03,5.882352941176471e-01,48849080
7.603607179527272e+03,7.507726621625779e+03,1.764705882352941e+00,48849078
7.604024051094152e+03,7.514706313688810e+03,5.882352941176471e-01,48849081
7.604202613583119e+03,7.515455935778330e+03,5.882352941176471e-01,48849082
7.605371885409625e+03,7.515830559707359e+03,5.882352941176471e-01,48849083
7.608901297174331e+03,7.521164077221376e+03,1.176470588235294e+00,48849086
7.609318168741211e+03,7.518260866474672e+03,1.764705882352941e+00,48849084
7.609496731230178e+03,7.519288986592176e+03,1.764705882352941e+00,48849085
7.610666003056684e+03,7.522150662724649e+03,5.882352941176471e-01,48849087
7.611082874623564e+03,7.522813943530428e+03,5.882352941176471e-01,48849088
7.611261437112531e+03,7.523423623861549e+03,5.882352941176471e-01,48849089
7.612430708939037e+03,7.524049339054768e+03,5.882352941176471e-01,48849090
7.616376992270623e+03,7.526001862402004e+03,1.764705882352941e+00,48849091
7.616555554759590e+03,7.526804145912544e+03,1.764705882352941e+00,48849092
7.617724826586096e+03,7.526835533191143e+03,1.764705882352941e+00,48849093
7.621671109917682e+03,7.528342733294113e+03,1.764705882352941e+00,48849094
7.621849672406649e+03,7.528631118040020e+03,1.764705882352941e+00,48849095
7.623018944233155e+03,7.528851454685595e+03,1.764705882352941e+00,48849096
7.623435815800035e+03,7.530196535331214e+03,5.882352941176471e-01,48849097
7.623614378289002e+03,7.531665173567318e+03,5.882352941176471e-01,48849098
7.625200521682388e+03,7.532980933366432e+03,5.882352941176471e-01,48849100
7.625379084171355e+03,7.535357662846879e+03,5.882352941176471e-01,48849101
7.628313061880213e+03,7.532518442802306e+03,1.764705882352941e+00,48849099
7.630077767762566e+03,7.538932892428031e+03,5.882352941176471e-01,48849104
7.630494639329446e+03,7.536522033048888e+03,1.764705882352941e+00,48849102
7.630673201818413e+03,7.538364933889678e+03,1.764705882352941e+00,48849103
7.631842473644919e+03,7.539312250973652e+03,5.882352941176471e-01,48849105
7.635788756976505e+03,7.540116958059692e+03,1.764705882352941e+00,48849106
7.635967319465472e+03,7.540430565304036e+03,1.764705882352941e+00,48849107
7.637136591291978e+03,7.540545142338064e+03,1.764705882352941e+00,48849108
7.637553462858858e+03,7.541063419330161e+03,5.882352941176471e-01,48849109
7.637732025347825e+03,7.541127246251890e+03,5.882352941176471e-01,48849110
7.639318168741211e+03,7.543286521577946e+03,5.882352941176471e-01,48849112
7.641082874623564e+03,7.545206977680628e+03,5.882352941176471e-01,48849114
7.642430708939037e+03,7.541881005891021e+03,1.764705882352941e+00,48849111
7.642847580505917e+03,7.545338446094519e+03,5.882352941176471e-01,48849115
7.643026142994884e+03,7.545187297529518e+03,1.764705882352941e+00,48849113
7.644195414821390e+03,7.545414763112626e+03,5.882352941176471e-01,48849116
7.647724826586096e+03,7.551469750751076e+03,1.176470588235294e+00,48849119
7.648141698152976e+03,7.549141620873386e+03,1.764705882352941e+00,48849117
7.648320260641943e+03,7.549913830940958e+03,1.764705882352941e+00,48849118
7.649489532468449e+03,7.552017874595128e+03,5.882352941176471e-01,48849120
7.649906404035329e+03,7.552106691560163e+03,5.882352941176471e-01,48849121
7.650084966524296e+03,7.553721168667119e+03,5.882352941176471e-01,48849122
7.651254238350802e+03,7.555055695969246e+03,5.882352941176471e-01,48849123
7.651849672406649e+03,7.556391204246681e+03,5.882352941176471e-01,48849125
7.653614378289002e+03,7.558007408489512e+03,5.882352941176471e-01,48849127
7.655200521682388e+03,7.555273313593443e+03,1.764705882352941e+00,48849124
7.655379084171355e+03,7.558547535664831e+03,5.882352941176471e-01,48849128
7.656548355997860e+03,7.557554586807399e+03,1.764705882352941e+00,48849126
7.658313061880213e+03,7.561039293830786e+03,5.882352941176471e-01,48849131
7.658729933447093e+03,7.559121801673353e+03,1.176470588235294e+00,48849129
7.658908495936060e+03,7.560339697274253e+03,1.176470588235294e+00,48849130
7.660077767762566e+03,7.561673273759880e+03,5.882352941176471e-01,48849132
7.660494639329446e+03,7.562476032137098e+03,5.882352941176471e-01,48849133
7.660673201818413e+03,7.563561384432807e+03,5.882352941176471e-01,48849134
7.662259345211799e+03,7.565730508045885e+03,5.882352941176471e-01,48849136
7.665371885409625e+03,7.564084592278628e+03,1.764705882352941e+00,48849135
7.665967319465472e+03,7.566627128345847e+03,1.764705882352941e+00,48849137
7.667553462858858e+03,7.569538347683393e+03,1.764705882352941e+00,48849138
7.667732025347825e+03,7.573195042901824e+03,5.882352941176471e-01,48849140
7.668901297174331e+03,7.572223537920222e+03,1.176470588235294e+00,48849139
7.670666003056684e+03,7.575749108227637e+03,5.882352941176471e-01,48849143
7.671082874623564e+03,7.573608078669493e+03,1.176470588235294e+00,48849141
7.672847580505917e+03,7.578486273669285e+03,5.882352941176471e-01,48849145
7.673026142994884e+03,7.574465266590309e+03,1.764705882352941e+00,48849142
7.674612286388270e+03,7.578733345162511e+03,5.882352941176471e-01,48849146
7.675960120703743e+03,7.576754385732400e+03,1.764705882352941e+00,48849144
7.676376992270623e+03,7.580548443209849e+03,5.882352941176471e-01,48849148
7.677724826586096e+03,7.581792160787321e+03,5.882352941176471e-01,48849149
7.678141698152976e+03,7.583919324842699e+03,5.882352941176471e-01,48849150
7.678320260641943e+03,7.580517897550108e+03,1.764705882352941e+00,48849147
7.679489532468449e+03,7.583972357011282e+03,5.882352941176471e-01,48849151
7.679906404035329e+03,7.585307741721110e+03,5.882352941176471e-01,48849152
7.680084966524296e+03,7.587056937448508e+03,5.882352941176471e-01,48849153
7.681254238350802e+03,7.587546081679279e+03,5.882352941176471e-01,48849154
7.681849672406649e+03,7.588692524341629e+03,5.882352941176471e-01,48849156
7.683018944233155e+03,7.588926194384132e+03,5.882352941176471e-01,48849157
7.685200521682388e+03,7.588294882910326e+03,1.764705882352941e+00,48849155
7.686965227564741e+03,7.590288463327297e+03,5.882352941176471e-01,48849160
7.687143790053708e+03,7.589578508885196e+03,1.764705882352941e+00,48849158
7.688313061880213e+03,7.590198442282295e+03,1.764705882352941e+00,48849159
7.688729933447093e+03,7.591036047638279e+03,5.882352941176471e-01,48849161
7.688908495936060e+03,7.591161688951810e+03,5.882352941176471e-01,48849162
7.690077767762566e+03,7.592781967721042e+03,5.882352941176471e-01,48849163
7.690673201818413e+03,7.593178771120574e+03,5.882352941176471e-01,48849165
7.694024051094152e+03,7.592789343074096e+03,1.764705882352941e+00,48849164
7.695371885409625e+03,7.593881250032501e+03,1.764705882352941e+00,48849166
7.695967319465472e+03,7.596556441028937e+03,1.764705882352941e+00,48849167
7.697136591291978e+03,7.597542748170874e+03,5.882352941176471e-01,48849169
7.697732025347825e+03,7.598072535550049e+03,5.882352941176471e-01,48849170
7.698901297174331e+03,7.598990529022513e+03,5.882352941176471e-01,48849171
7.699318168741211e+03,7.596690261730226e+03,1.764705882352941e+00,48849168
7.701261437112531e+03,7.600644525057286e+03,1.176470588235294e+00,48849172
7.702430708939037e+03,7.600793401624549e+03,1.176470588235294e+00,48849173
7.704612286388270e+03,7.604120589121327e+03,1.764705882352941e+00,48849174
7.706555554759590e+03,7.606895898206033e+03,1.764705882352941e+00,48849175
7.707724826586096e+03,7.608034017534451e+03,1.764705882352941e+00,48849176
7.708320260641943e+03,7.608288676332077e+03,5.882352941176471e-01,48849178
7.709489532468449e+03,7.610023633161823e+03,5.882352941176471e-01,48849179
7.709906404035329e+03,7.608173138516975e+03,1.764705882352941e+00,48849177
7.710084966524296e+03,7.611244725081503e+03,5.882352941176471e-01,48849180
7.711254238350802e+03,7.612013120295038e+03,5.882352941176471e-01,48849181
7.711671109917682e+03,7.612618093634474e+03,5.882352941176471e-01,48849182
7.711849672406649e+03,7.612794810104970e+03,5.882352941176471e-01,48849183
7.713018944233155e+03,7.613960724388795e+03,5.882352941176471e-01,48849184
7.713435815800035e+03,7.615708263888411e+03,5.882352941176471e-01,48849185
7.714783650115507e+03,7.616082450954099e+03,5.882352941176471e-01,48849187
7.715200521682388e+03,7.616512146155366e+03,5.882352941176471e-01,48849188
7.715379084171355e+03,7.615864751205752e+03,1.176470588235294e+00,48849186
7.716965227564741e+03,7.616691950641221e+03,5.882352941176471e-01,48849190
7.717143790053708e+03,7.616716441882924e+03,5.882352941176471e-01,48849191
7.718729933447093e+03,7.617407657878334e+03,5.882352941176471e-01,48849192
7.718908495936060e+03,7.619172160132884e+03,5.882352941176471e-01,48849193
7.720077767762566e+03,7.616533793196746e+03,1.764705882352941e+00,48849189
7.720494639329446e+03,7.620181414552867e+03,5.882352941176471e-01,48849194
7.722259345211799e+03,7.620361372493072e+03,5.882352941176471e-01,48849197
7.724024051094152e+03,7.620467263384025e+03,5.882352941176471e-01,48849198
7.724202613583119e+03,7.620236929409740e+03,1.764705882352941e+00,48849195
7.725371885409625e+03,7.620336599355633e+03,1.764705882352941e+00,48849196
7.725788756976505e+03,7.621759988743808e+03,5.882352941176471e-01,48849199
7.725967319465472e+03,7.626301152712763e+03,5.882352941176471e-01,48849200
7.727136591291978e+03,7.627477530590981e+03,5.882352941176471e-01,48849201
7.727553462858858e+03,7.628845127604370e+03,5.882352941176471e-01,48849202
7.727732025347825e+03,7.629579277852904e+03,5.882352941176471e-01,48849203
7.729318168741211e+03,7.631546343463375e+03,5.882352941176471e-01,48849205
7.729496731230178e+03,7.632019416898775e+03,5.882352941176471e-01,48849206
7.732430708939037e+03,7.629778010271456e+03,1.764705882352941e+00,48849204
7.734195414821390e+03,7.634858827073972e+03,5.882352941176471e-01,48849209
7.734612286388270e+03,7.632499847375789e+03,1.764705882352941e+00,48849207
7.734790848877237e+03,7.634304697624034e+03,1.764705882352941e+00,48849208
7.735960120703743e+03,7.635343675353886e+03,5.882352941176471e-01,48849210
7.737724826586096e+03,7.639258153094649e+03,5.882352941176471e-01,48849213
7.739906404035329e+03,7.637271949722960e+03,1.764705882352941e+00,48849211
7.740084966524296e+03,7.637460882928441e+03,1.764705882352941e+00,48849212
7.743018944233155e+03,7.639657392791794e+03,1.764705882352941e+00,48849214
7.744783650115507e+03,7.640762724331341e+03,5.882352941176471e-01,48849217
7.745200521682388e+03,7.640167736031294e+03,1.764705882352941e+00,48849215
7.745379084171355e+03,7.640746157281848e+03,1.764705882352941e+00,48849216
7.746548355997860e+03,7.640878586326579e+03,5.882352941176471e-01,48849218
7.746965227564741e+03,7.642095929633797e+03,5.882352941176471e-01,48849219
7.748313061880213e+03,7.648382594940113e+03,5.882352941176471e-01,48849221
7.750077767762566e+03,7.649571842589712e+03,5.882352941176471e-01,48849223
7.750673201818413e+03,7.644641059174440e+03,1.764705882352941e+00,48849220
7.751842473644919e+03,7.649896925925053e+03,5.882352941176471e-01,48849224
7.752259345211799e+03,7.649214504773242e+03,1.764705882352941e+00,48849222
7.752437907700766e+03,7.651489798081918e+03,5.882352941176471e-01,48849225
7.753607179527272e+03,7.651642271443873e+03,5.882352941176471e-01,48849226
7.754024051094152e+03,7.653071434379114e+03,5.882352941176471e-01,48849227
7.755371885409625e+03,7.656786025524931e+03,5.882352941176471e-01,48849229
7.757136591291978e+03,7.658043554357856e+03,5.882352941176471e-01,48849231
7.757732025347825e+03,7.656161219292692e+03,1.764705882352941e+00,48849228
7.758901297174331e+03,7.658735386998501e+03,5.882352941176471e-01,48849232
7.759318168741211e+03,7.657682200092994e+03,1.764705882352941e+00,48849230
7.759496731230178e+03,7.659476294771741e+03,5.882352941176471e-01,48849233
7.761082874623564e+03,7.660512013042593e+03,5.882352941176471e-01,48849235
7.761261437112531e+03,7.662066760007171e+03,5.882352941176471e-01,48849236
7.764195414821390e+03,7.660326199343458e+03,1.764705882352941e+00,48849234
7.765960120703743e+03,7.663788077121742e+03,5.882352941176471e-01,48849239
7.766376992270623e+03,7.662161367867378e+03,1.764705882352941e+00,48849237
7.766555554759590e+03,7.662189797417834e+03,1.764705882352941e+00,48849238
7.767724826586096e+03,7.664424731369683e+03,5.882352941176471e-01,48849240
7.768141698152976e+03,7.665533804529361e+03,5.882352941176471e-01,48849241
7.768320260641943e+03,7.665821633351211e+03,5.882352941176471e-01,48849242
7.769906404035329e+03,7.667943212308157e+03,5.882352941176471e-01,48849244
7.773018944233155e+03,7.667767660046153e+03,1.764705882352941e+00,48849243
7.773614378289002e+03,7.668714912232816e+03,1.764705882352941e+00,48849245
7.774783650115507e+03,7.670889990366016e+03,5.882352941176471e-01,48849247
7.775200521682388e+03,7.669759274850494e+03,1.764705882352941e+00,48849246
7.775379084171355e+03,7.672284465882247e+03,5.882352941176471e-01,48849248
7.776965227564741e+03,7.673484873849346e+03,5.882352941176471e-01,48849250
7.780077767762566e+03,7.672520649469501e+03,1.764705882352941e+00,48849249
7.780673201818413e+03,7.674583882568141e+03,1.764705882352941e+00,48849251
7.781842473644919e+03,7.675115957646220e+03,5.882352941176471e-01,48849253
7.782259345211799e+03,7.674898287825743e+03,1.764705882352941e+00,48849252
7.782437907700766e+03,7.675645375045570e+03,5.882352941176471e-01,48849254
7.783607179527272e+03,7.677455333634535e+03,5.882352941176471e-01,48849255
7.784202613583119e+03,7.681747223823106e+03,5.882352941176471e-01,48849257
7.785788756976505e+03,7.680522575784786e+03,1.176470588235294e+00,48849256
7.785967319465472e+03,7.682696894689822e+03,5.882352941176471e-01,48849259
7.787553462858858e+03,7.683605459578319e+03,5.882352941176471e-01,48849260
7.787732025347825e+03,7.684057953570001e+03,5.882352941176471e-01,48849261
7.788901297174331e+03,7.682218366395530e+03,1.764705882352941e+00,48849258
7.789318168741211e+03,7.684243615623989e+03,5.882352941176471e-01,48849262
7.789496731230178e+03,7.685379187416269e+03,5.882352941176471e-01,48849263
7.791082874623564e+03,7.685986171322480e+03,5.882352941176471e-01,48849265
7.792847580505917e+03,7.687943309344775e+03,5.882352941176471e-01,48849267
7.793026142994884e+03,7.686702377332306e+03,1.176470588235294e+00,48849266
7.794195414821390e+03,7.685424510197913e+03,1.764705882352941e+00,48849264
7.794612286388270e+03,7.689333617443548e+03,5.882352941176471e-01,48849268
7.795960120703743e+03,7.690328096908196e+03,5.882352941176471e-01,48849270
7.796376992270623e+03,7.692899973347531e+03,5.882352941176471e-01,48849271
7.797724826586096e+03,7.693465038411206e+03,5.882352941176471e-01,48849272
7.798141698152976e+03,7.694370877362192e+03,5.882352941176471e-01,48849273
7.798320260641943e+03,7.690231647614145e+03,1.764705882352941e+00,48849269
7.799906404035329e+03,7.696031991157107e+03,5.882352941176471e-01,48849275
7.800084966524296e+03,7.697097212569202e+03,5.882352941176471e-01,48849276
7.801671109917682e+03,7.698778821288944e+03,5.882352941176471e-01,48849277
7.803018944233155e+03,7.694701870724671e+03,1.764705882352941e+00,48849274
7.803435815800035e+03,7.700603611398788e+03,5.882352941176471e-01,48849279
7.803614378289002e+03,7.700001301548001e+03,1.176470588235294e+00,48849278
7.804783650115507e+03,7.701193348490758e+03,5.882352941176471e-01,48849280
7.805200521682388e+03,7.701817712533273e+03,5.882352941176471e-01,48849281
7.806965227564741e+03,7.706010145497772e+03,5.882352941176471e-01,48849284
7.807143790053708e+03,7.702667995664921e+03,1.176470588235294e+00,48849282
7.808908495936060e+03,7.706603161886337e+03,5.882352941176471e-01,48849286
7.810077767762566e+03,7.705602780622088e+03,1.764705882352941e+00,48849283
7.810673201818413e+03,7.708441807485001e+03,5.882352941176471e-01,48849287
7.812259345211799e+03,7.706150160289506e+03,1.764705882352941e+00,48849285
7.812437907700766e+03,7.714922486208700e+03,5.882352941176471e-01,48849289
7.814024051094152e+03,7.715447297853093e+03,5.882352941176471e-01,48849290
7.815371885409625e+03,7.714227464670954e+03,1.764705882352941e+00,48849288
7.815967319465472e+03,7.715858534354505e+03,1.176470588235294e+00,48849291
7.817136591291978e+03,7.717053809762614e+03,5.882352941176471e-01,48849293
7.817732025347825e+03,7.719825812498768e+03,5.882352941176471e-01,48849294
7.818901297174331e+03,7.720021643798708e+03,5.882352941176471e-01,48849295
7.819318168741211e+03,7.716714859048316e+03,1.764705882352941e+00,48849292
7.819496731230178e+03,7.720167285248481e+03,5.882352941176471e-01,48849296
7.820666003056684e+03,7.720746638762287e+03,5.882352941176471e-01,48849297
7.822430708939037e+03,7.722829956573943e+03,5.882352941176471e-01,48849300
7.824612286388270e+03,7.721178158680063e+03,1.764705882352941e+00,48849298
7.824790848877237e+03,7.722272126965832e+03,1.764705882352941e+00,48849299
7.826555554759590e+03,7.723535048839816e+03,5.882352941176471e-01,48849303
7.827724826586096e+03,7.723148806447364e+03,1.764705882352941e+00,48849301
7.828141698152976e+03,7.723158627084078e+03,1.176470588235294e+00,48849302
7.828320260641943e+03,7.726715834915847e+03,5.882352941176471e-01,48849304
7.829489532468449e+03,7.727196282826715e+03,5.882352941176471e-01,48849305
7.830084966524296e+03,7.727938803579582e+03,5.882352941176471e-01,48849307
7.831254238350802e+03,7.728690381452632e+03,5.882352941176471e-01,48849308
7.831849672406649e+03,7.730076415812042e+03,5.882352941176471e-01,48849309
7.833018944233155e+03,7.730131236312370e+03,5.882352941176471e-01,48849310
7.833435815800035e+03,7.727327865611241e+03,1.764705882352941e+00,48849306
7.834783650115507e+03,7.730366989537500e+03,5.882352941176471e-01,48849312
7.835200521682388e+03,7.730572425015786e+03,5.882352941176471e-01,48849313
7.835379084171355e+03,7.730299109483128e+03,1.176470588235294e+00,48849311
7.836965227564741e+03,7.731619986465510e+03,5.882352941176471e-01,48849315
7.837143790053708e+03,7.731799934342937e+03,5.882352941176471e-01,48849316
7.838729933447093e+03,7.732396304215679e+03,5.882352941176471e-01,48849317
7.838908495936060e+03,7.732710172376593e+03,5.882352941176471e-01,48849318
7.840077767762566e+03,7.730815395424915e+03,1.764705882352941e+00,48849314
7.840673201818413e+03,7.736650304032101e+03,5.882352941176471e-01,48849320
7.841842473644919e+03,7.737983640812525e+03,5.882352941176471e-01,48849321
7.843607179527272e+03,7.739055019118559e+03,5.882352941176471e-01,48849323
7.844024051094152e+03,7.736204108061528e+03,1.764705882352941e+00,48849319
7.845788756976505e+03,7.740281462804646e+03,5.882352941176471e-01,48849325
7.845967319465472e+03,7.738582415501994e+03,1.764705882352941e+00,48849322
7.847136591291978e+03,7.739359109008613e+03,1.176470588235294e+00,48849324
7.847553462858858e+03,7.741172190357354e+03,5.882352941176471e-01,48849326
7.848901297174331e+03,7.743255947751710e+03,5.882352941176471e-01,48849328
7.851261437112531e+03,7.742079793172513e+03,1.764705882352941e+00,48849327
7.852847580505917e+03,7.743756836323925e+03,1.764705882352941e+00,48849329
7.853026142994884e+03,7.745524944854960e+03,5.882352941176471e-01,48849331
7.854195414821390e+03,7.744474637772484e+03,1.764705882352941e+00,48849330
7.854790848877237e+03,7.747223127061844e+03,5.882352941176471e-01,48849333
7.855960120703743e+03,7.750042006335663e+03,5.882352941176471e-01,48849334
7.856555554759590e+03,7.750516094959484e+03,5.882352941176471e-01,48849335
7.857724826586096e+03,7.751546110925547e+03,5.882352941176471e-01,48849336
7.858141698152976e+03,7.745877770930231e+03,1.764705882352941e+00,48849332
7.858320260641943e+03,7.752595887512788e+03,5.882352941176471e-01,48849337
7.859489532468449e+03,7.754672967300958e+03,5.882352941176471e-01,48849338
7.860084966524296e+03,7.756763780564269e+03,5.882352941176471e-01,48849340
7.861254238350802e+03,7.758090806323215e+03,5.882352941176471e-01,48849341
7.861849672406649e+03,7.760282174429702e+03,5.882352941176471e-01,48849342
7.863435815800035e+03,7.756050161766177e+03,1.764705882352941e+00,48849339
7.863614378289002e+03,7.763119910882405e+03,5.882352941176471e-01,48849344
7.865200521682388e+03,7.763261364501280e+03,5.882352941176471e-01,48849345
7.865379084171355e+03,7.763588811459436e+03,5.882352941176471e-01,48849346
7.866548355997860e+03,7.761938179549840e+03,1.764705882352941e+00,48849343
7.867143790053708e+03,7.764013695562774e+03,5.882352941176471e-01,48849348
7.870494639329446e+03,7.763678986151909e+03,1.764705882352941e+00,48849347
7.870673201818413e+03,7.766830087014587e+03,1.176470588235294e+00,48849350
7.871842473644919e+03,7.765114535156408e+03,1.764705882352941e+00,48849349
7.872259345211799e+03,7.767399573590074e+03,5.882352941176471e-01,48849351
7.872437907700766e+03,7.767572095002970e+03,5.882352941176471e-01,48849352
7.873607179527272e+03,7.770278725565983e+03,5.882352941176471e-01,48849353
7.875371885409625e+03,7.771170571941189e+03,5.882352941176471e-01,48849356
7.877553462858858e+03,7.770481698973437e+03,1.764705882352941e+00,48849354
7.877732025347825e+03,7.771032934245555e+03,1.764705882352941e+00,48849355
7.880666003056684e+03,7.772781377855946e+03,1.764705882352941e+00,48849357
7.882430708939037e+03,7.777219898510123e+03,5.882352941176471e-01,48849360
7.882847580505917e+03,7.776780923399345e+03,1.764705882352941e+00,48849358
7.883026142994884e+03,7.776818235920063e+03,1.764705882352941e+00,48849359
7.884790848877237e+03,7.784942470354784e+03,5.882352941176471e-01,48849363
7.886376992270623e+03,7.781588994032714e+03,1.176470588235294e+00,48849362
7.886555554759590e+03,7.785551700663365e+03,5.882352941176471e-01,48849364
7.887724826586096e+03,7.780054249466072e+03,1.764705882352941e+00,48849361
7.888141698152976e+03,7.785836305839971e+03,5.882352941176471e-01,48849365
7.889489532468449e+03,7.789317077563746e+03,5.882352941176471e-01,48849367
7.889906404035329e+03,7.791289152066318e+03,5.882352941176471e-01,48849368
7.891254238350802e+03,7.791790634598001e+03,5.882352941176471e-01,48849369
7.891849672406649e+03,7.787322958959961e+03,1.764705882352941e+00,48849366
7.893018944233155e+03,7.792935311805138e+03,5.882352941176471e-01,48849371
7.895200521682388e+03,7.791937963975241e+03,1.764705882352941e+00,48849370
7.895379084171355e+03,7.793699702813968e+03,1.176470588235294e+00,48849372
7.898313061880213e+03,7.794562457635506e+03,1.764705882352941e+00,48849373
7.900494639329446e+03,7.794626632997722e+03,1.764705882352941e+00,48849374
7.900673201818413e+03,7.794961278701207e+03,1.764705882352941e+00,48849375
7.901842473644919e+03,7.795253496411920e+03,1.176470588235294e+00,48849376
7.902259345211799e+03,7.795484695000710e+03,5.882352941176471e-01,48849377
7.902437907700766e+03,7.795828083496112e+03,5.882352941176471e-01,48849378
7.903607179527272e+03,7.795924024364134e+03,5.882352941176471e-01,48849379
7.904024051094152e+03,7.796096021055043e+03,5.882352941176471e-01,48849380
7.904202613583119e+03,7.796117001034816e+03,5.882352941176471e-01,48849381
7.905967319465472e+03,7.796764581002617e+03,5.882352941176471e-01,48849384
7.907136591291978e+03,7.796146055814613e+03,1.176470588235294e+00,48849382
7.909318168741211e+03,7.796547139914018e+03,1.764705882352941e+00,48849383
7.909496731230178e+03,7.797326504821997e+03,1.176470588235294e+00,48849385
7.911082874623564e+03,7.800464104223751e+03,5.882352941176471e-01,48849387
7.911261437112531e+03,7.800478983776983e+03,5.882352941176471e-01,48849388
7.912430708939037e+03,7.798869797220504e+03,1.764705882352941e+00,48849386
7.913026142994884e+03,7.802617263612861e+03,5.882352941176471e-01,48849390
7.914195414821390e+03,7.805265833668322e+03,5.882352941176471e-01,48849391
7.914790848877237e+03,7.806075687372722e+03,5.882352941176471e-01,48849392
7.915960120703743e+03,7.806927699530719e+03,5.882352941176471e-01,48849393
7.916376992270623e+03,7.802278059475995e+03,1.764705882352941e+00,48849389
7.917724826586096e+03,7.807988271598236e+03,5.882352941176471e-01,48849395
7.919906404035329e+03,7.808418091945461e+03,1.176470588235294e+00,48849396
7.920084966524296e+03,7.807634239542031e+03,1.764705882352941e+00,48849394
7.921671109917682e+03,7.811491248911539e+03,5.882352941176471e-01,48849398
7.923018944233155e+03,7.809099893636080e+03,1.764705882352941e+00,48849397
7.923614378289002e+03,7.812221859039521e+03,1.176470588235294e+00,48849399
7.926965227564741e+03,7.815567365649619e+03,1.764705882352941e+00,48849400
7.928313061880213e+03,7.815605283424137e+03,1.764705882352941e+00,48849401
7.928729933447093e+03,7.816743973436088e+03,5.882352941176471e-01,48849403
7.928908495936060e+03,7.816533048217769e+03,1.764705882352941e+00,48849402
7.930077767762566e+03,7.818513456355746e+03,5.882352941176471e-01,48849404
7.930673201818413e+03,7.820293236373763e+03,5.882352941176471e-01,48849406
7.932259345211799e+03,7.820193897767841e+03,1.176470588235294e+00,48849405
7.932437907700766e+03,7.821918589473697e+03,5.882352941176471e-01,48849408
7.934202613583119e+03,7.823688608886063e+03,5.882352941176471e-01,48849410
7.935371885409625e+03,7.821761880383597e+03,1.764705882352941e+00,48849407
7.935967319465472e+03,7.825236174177024e+03,5.882352941176471e-01,48849411
7.937136591291978e+03,7.825858467320956e+03,5.882352941176471e-01,48849412
7.937553462858858e+03,7.822525094301548e+03,1.764705882352941e+00,48849409
7.940666003056684e+03,7.827285491532414e+03,1.176470588235294e+00,48849414
7.941261437112531e+03,7.826833167939469e+03,1.764705882352941e+00,48849413
7.942847580505917e+03,7.827407171314096e+03,1.764705882352941e+00,48849415
7.943026142994884e+03,7.835637859127214e+03,5.882352941176471e-01,48849417
7.944612286388270e+03,7.836936754187752e+03,5.882352941176471e-01,48849418
7.945960120703743e+03,7.830227547219769e+03,1.764705882352941e+00,48849416
7.947724826586096e+03,7.839035584298883e+03,5.882352941176471e-01,48849421
7.948320260641943e+03,7.837122816252599e+03,1.764705882352941e+00,48849419
7.949489532468449e+03,7.842311159645915e+03,5.882352941176471e-01,48849422
7.949906404035329e+03,7.837671586101023e+03,1.764705882352941e+00,48849420
7.950084966524296e+03,7.843921983751435e+03,5.882352941176471e-01,48849423
7.951254238350802e+03,7.845070282476035e+03,5.882352941176471e-01,48849424
7.951849672406649e+03,7.845506834719708e+03,5.882352941176471e-01,48849426
7.955200521682388e+03,7.845272646716104e+03,1.764705882352941e+00,48849425
7.956548355997860e+03,7.846034866129871e+03,1.764705882352941e+00,48849427
7.956965227564741e+03,7.847055558833512e+03,5.882352941176471e-01,48849429
7.957143790053708e+03,7.846756850333475e+03,1.764705882352941e+00,48849428
7.958729933447093e+03,7.847697407127443e+03,5.882352941176471e-01,48849431
7.960494639329446e+03,7.851624455449364e+03,5.882352941176471e-01,48849433
7.961842473644919e+03,7.847407079647613e+03,1.764705882352941e+00,48849430
7.962437907700766e+03,7.850353482263555e+03,1.764705882352941e+00,48849432
7.963607179527272e+03,7.852737324800911e+03,5.882352941176471e-01,48849435
7.964202613583119e+03,7.853126061071699e+03,5.882352941176471e-01,48849436
7.965371885409625e+03,7.853426739751771e+03,5.882352941176471e-01,48849437
7.965788756976505e+03,7.851709422350014e+03,1.764705882352941e+00,48849434
7.967136591291978e+03,7.854394908003903e+03,5.882352941176471e-01,48849439
7.967732025347825e+03,7.854069516330334e+03,1.176470588235294e+00,48849438
7.968901297174331e+03,7.855891648124441e+03,5.882352941176471e-01,48849441
7.970666003056684e+03,7.857531288568129e+03,5.882352941176471e-01,48849443
7.971082874623564e+03,7.855451420045402e+03,1.764705882352941e+00,48849440
7.972847580505917e+03,7.858615237579865e+03,5.882352941176471e-01,48849445
7.973026142994884e+03,7.856917615610062e+03,1.764705882352941e+00,48849442
7.974612286388270e+03,7.861782403313476e+03,5.882352941176471e-01,48849446
7.975960120703743e+03,7.858456411860823e+03,1.764705882352941e+00,48849444
7.976376992270623e+03,7.863836530838909e+03,5.882352941176471e-01,48849448
7.977724826586096e+03,7.863921145069507e+03,5.882352941176471e-01,48849449
7.978320260641943e+03,7.862112771176312e+03,1.764705882352941e+00,48849447
7.980084966524296e+03,7.866502707759809e+03,5.882352941176471e-01,48849452
7.981671109917682e+03,7.865329057992967e+03,1.764705882352941e+00,48849450
7.983018944233155e+03,7.866288163884658e+03,1.764705882352941e+00,48849451
7.983435815800035e+03,7.870035166869230e+03,5.882352941176471e-01,48849454
7.984783650115507e+03,7.871480754543055e+03,5.882352941176471e-01,48849455
7.985200521682388e+03,7.871973837162646e+03,5.882352941176471e-01,48849456
7.985379084171355e+03,7.868891621898803e+03,1.764705882352941e+00,48849453
7.987143790053708e+03,7.874362383704637e+03,5.882352941176471e-01,48849459
7.988908495936060e+03,7.875974586667095e+03,5.882352941176471e-01,48849460
7.990077767762566e+03,7.872813761379735e+03,1.764705882352941e+00,48849457
7.990494639329446e+03,7.873926281956630e+03,1.764705882352941e+00,48849458
7.991842473644919e+03,7.877802322866376e+03,5.882352941176471e-01,48849462
7.992259345211799e+03,7.880412227259134e+03,5.882352941176471e-01,48849463
7.994202613583119e+03,7.876107447203748e+03,1.764705882352941e+00,48849461
7.995371885409625e+03,7.880602277765819e+03,1.176470588235294e+00,48849464
7.995967319465472e+03,7.886485939573498e+03,5.882352941176471e-01,48849466
7.997553462858858e+03,7.881123128102648e+03,1.764705882352941e+00,48849465
7.997732025347825e+03,7.888206582148910e+03,5.882352941176471e-01,48849468
7.999318168741211e+03,7.888895043204963e+03,5.882352941176471e-01,48849469
7.999496731230178e+03,7.889143409161845e+03,5.882352941176471e-01,48849470
8.000666003056684e+03,7.886863603990499e+03,1.764705882352941e+00,48849467
8.001082874623564e+03,7.889475618769263e+03,5.882352941176471e-01,48849471
8.001261437112531e+03,7.890744715121326e+03,5.882352941176471e-01,48849472
8.002430708939037e+03,7.890912869570702e+03,5.882352941176471e-01,48849473
8.003026142994884e+03,7.893254303267996e+03,5.882352941176471e-01,48849475
8.004790848877237e+03,7.894010630048264e+03,5.882352941176471e-01,48849477
8.005960120703743e+03,7.893880864278729e+03,1.176470588235294e+00,48849476
8.006376992270623e+03,7.892119615838820e+03,1.764705882352941e+00,48849474
8.009489532468449e+03,7.896256337725740e+03,1.176470588235294e+00,48849479
8.010084966524296e+03,7.895516110004302e+03,1.764705882352941e+00,48849478
8.011254238350802e+03,7.901684622852701e+03,5.882352941176471e-01,48849481
8.011671109917682e+03,7.898285132191031e+03,1.764705882352941e+00,48849480
8.011849672406649e+03,7.907236440652519e+03,5.882352941176471e-01,48849482
8.013435815800035e+03,7.908440430628270e+03,5.882352941176471e-01,48849484
8.013614378289002e+03,7.908739468462428e+03,5.882352941176471e-01,48849485
8.015200521682388e+03,7.908962115156054e+03,5.882352941176471e-01,48849486
8.015379084171355e+03,7.911360269516358e+03,5.882352941176471e-01,48849487
8.016548355997860e+03,7.908050063728174e+03,1.764705882352941e+00,48849483
8.018729933447093e+03,7.912248668547262e+03,1.176470588235294e+00,48849488
8.020494639329446e+03,7.913639611731650e+03,5.882352941176471e-01,48849491
8.020673201818413e+03,7.913143123271467e+03,1.764705882352941e+00,48849489
8.021842473644919e+03,7.913226519731890e+03,1.764705882352941e+00,48849490
8.022259345211799e+03,7.916659514435134e+03,5.882352941176471e-01,48849492
8.023607179527272e+03,7.917336266528373e+03,5.882352941176471e-01,48849494
8.025788756976505e+03,7.918931808309220e+03,1.176470588235294e+00,48849495
8.025967319465472e+03,7.917196282187636e+03,1.764705882352941e+00,48849493
8.027553462858858e+03,7.921161741459608e+03,5.882352941176471e-01,48849497
8.027732025347825e+03,7.921171462973319e+03,5.882352941176471e-01,48849498
8.028901297174331e+03,7.920788115884764e+03,1.764705882352941e+00,48849496
8.030666003056684e+03,7.924321604160573e+03,5.882352941176471e-01,48849501
8.032430708939037e+03,7.925728815955451e+03,5.882352941176471e-01,48849502
8.032847580505917e+03,7.922603264733268e+03,1.764705882352941e+00,48849499
8.033026142994884e+03,7.923509452651205e+03,1.764705882352941e+00,48849500
8.034195414821390e+03,7.926028448460295e+03,5.882352941176471e-01,48849503
8.034612286388270e+03,7.927210403510021e+03,5.882352941176471e-01,48849504
8.034790848877237e+03,7.927465192785356e+03,5.882352941176471e-01,48849505
8.036376992270623e+03,7.930491052239886e+03,5.882352941176471e-01,48849507
8.038141698152976e+03,7.935286506004126e+03,5.882352941176471e-01,48849509
8.039489532468449e+03,7.930026912924033e+03,1.764705882352941e+00,48849506
8.039906404035329e+03,7.935315373613760e+03,5.882352941176471e-01,48849510
8.040084966524296e+03,7.933694933603256e+03,1.764705882352941e+00,48849508
8.041254238350802e+03,7.936029515647183e+03,5.882352941176471e-01,48849511
8.041671109917682e+03,7.937042099135251e+03,5.882352941176471e-01,48849512
8.043018944233155e+03,7.941530344156259e+03,5.882352941176471e-01,48849514
8.044783650115507e+03,7.943498248065533e+03,5.882352941176471e-01,48849516
8.045379084171355e+03,7.940467724163061e+03,1.764705882352941e+00,48849513
8.046965227564741e+03,7.942841824377298e+03,1.764705882352941e+00,48849515
8.047143790053708e+03,7.947775405216295e+03,5.882352941176471e-01,48849518
8.048729933447093e+03,7.947882249441061e+03,5.882352941176471e-01,48849519
8.050077767762566e+03,7.944580589906569e+03,1.764705882352941e+00,48849517
8.050494639329446e+03,7.952628267692606e+03,5.882352941176471e-01,48849521
8.051842473644919e+03,7.953014332091088e+03,5.882352941176471e-01,48849522
8.052259345211799e+03,7.953045752681056e+03,5.882352941176471e-01,48849523
8.052437907700766e+03,7.950816298980215e+03,1.764705882352941e+00,48849520
8.053607179527272e+03,7.954004556059485e+03,5.882352941176471e-01,48849524
8.054024051094152e+03,7.955504193249906e+03,5.882352941176471e-01,48849525
8.055788756976505e+03,7.958828315440986e+03,5.882352941176471e-01,48849528
8.057136591291978e+03,7.956497269398429e+03,1.176470588235294e+00,48849527
8.057732025347825e+03,7.955705810824808e+03,1.764705882352941e+00,48849526
8.058901297174331e+03,7.959474824356763e+03,5.882352941176471e-01,48849530
8.059496731230178e+03,7.959650836593907e+03,5.882352941176471e-01,48849531
8.060666003056684e+03,7.959738973311109e+03,5.882352941176471e-01,48849532
8.061082874623564e+03,7.959212720542228e+03,1.764705882352941e+00,48849529
8.061261437112531e+03,7.960559973379818e+03,5.882352941176471e-01,48849533
8.062430708939037e+03,7.961274556517200e+03,5.882352941176471e-01,48849534
8.062847580505917e+03,7.961365319374215e+03,5.882352941176471e-01,48849535
8.063026142994884e+03,7.961488319975397e+03,5.882352941176471e-01,48849536
8.064195414821390e+03,7.963819173845132e+03,5.882352941176471e-01,48849537
8.064612286388270e+03,7.964340657163724e+03,5.882352941176471e-01,48849538
8.064790848877237e+03,7.964662828922665e+03,5.882352941176471e-01,48849539
8.066376992270623e+03,7.965289051215758e+03,5.882352941176471e-01,48849541
8.069489532468449e+03,7.965179262900691e+03,1.764705882352941e+00,48849540
8.070084966524296e+03,7.966298611119450e+03,1.764705882352941e+00,48849542
8.071671109917682e+03,7.966803048966087e+03,1.764705882352941e+00,48849543
8.073018944233155e+03,7.967279315373869e+03,1.176470588235294e+00,48849544
8.073435815800035e+03,7.969586205823029e+03,5.882352941176471e-01,48849546
8.074783650115507e+03,7.972021407290357e+03,5.882352941176471e-01,48849547
8.075200521682388e+03,7.972165174589269e+03,5.882352941176471e-01,48849548
8.075379084171355e+03,7.967636465719808e+03,1.764705882352941e+00,48849545
8.076548355997860e+03,7.972521253551589e+03,5.882352941176471e-01,48849549
8.076965227564741e+03,7.972905451586896e+03,5.882352941176471e-01,48849550
8.077143790053708e+03,7.978459608891051e+03,5.882352941176471e-01,48849551
8.078313061880213e+03,7.978869463934332e+03,5.882352941176471e-01,48849552
8.078729933447093e+03,7.981091920441980e+03,5.882352941176471e-01,48849553
8.078908495936060e+03,7.982510139561885e+03,5.882352941176471e-01,48849554
8.080077767762566e+03,7.983170024571599e+03,5.882352941176471e-01,48849555
8.080494639329446e+03,7.983427161860589e+03,5.882352941176471e-01,48849556
8.080673201818413e+03,7.983615159798250e+03,5.882352941176471e-01,48849557
8.081842473644919e+03,7.984614641018512e+03,5.882352941176471e-01,48849558
8.082259345211799e+03,7.984778667971278e+03,5.882352941176471e-01,48849559
8.082437907700766e+03,7.988604007389546e+03,5.882352941176471e-01,48849560
8.084024051094152e+03,7.989941787431793e+03,5.882352941176471e-01,48849562
8.084202613583119e+03,7.990005886560826e+03,5.882352941176471e-01,48849563
8.085788756976505e+03,7.990279804327048e+03,5.882352941176471e-01,48849564
8.085967319465472e+03,7.991183890641280e+03,5.882352941176471e-01,48849565
8.087136591291978e+03,7.989391955070921e+03,1.764705882352941e+00,48849561
8.087553462858858e+03,7.991217236623240e+03,5.882352941176471e-01,48849566
8.087732025347825e+03,7.991223310611806e+03,5.882352941176471e-01,48849567
8.089318168741211e+03,7.994040861517180e+03,5.882352941176471e-01,48849569
8.089496731230178e+03,7.994351451248892e+03,5.882352941176471e-01,48849570
8.090666003056684e+03,7.993670280362375e+03,1.176470588235294e+00,48849568
8.091082874623564e+03,7.994511648912974e+03,5.882352941176471e-01,48849571
8.094790848877237e+03,7.995019857803003e+03,1.764705882352941e+00,48849572
8.095960120703743e+03,7.997895417276831e+03,1.764705882352941e+00,48849573
8.096376992270623e+03,8.000968429497321e+03,1.764705882352941e+00,48849574
8.096555554759590e+03,8.001853494773292e+03,5.882352941176471e-01,48849575
8.097724826586096e+03,8.002344547258174e+03,5.882352941176471e-01,48849576
8.098141698152976e+03,8.002533004674824e+03,5.882352941176471e-01,48849577
8.098320260641943e+03,8.003222161936193e+03,5.882352941176471e-01,48849578
8.099906404035329e+03,8.007026828474671e+03,5.882352941176471e-01,48849580
8.101849672406649e+03,8.008799371303567e+03,1.176470588235294e+00,48849581
8.103018944233155e+03,8.005227052995359e+03,1.764705882352941e+00,48849579
8.103435815800035e+03,8.009492086647627e+03,1.176470588235294e+00,48849582
8.103614378289002e+03,8.011445603872354e+03,5.882352941176471e-01,48849583
8.108313061880213e+03,8.012341891333827e+03,1.764705882352941e+00,48849584
8.108729933447093e+03,8.013058700906016e+03,1.764705882352941e+00,48849585
8.108908495936060e+03,8.013688097403104e+03,1.764705882352941e+00,48849586
8.110077767762566e+03,8.014615846001256e+03,5.882352941176471e-01,48849587
8.110673201818413e+03,8.021783774434247e+03,5.882352941176471e-01,48849589
8.112259345211799e+03,8.021719302575569e+03,1.176470588235294e+00,48849588
8.115371885409625e+03,8.022922760704310e+03,1.764705882352941e+00,48849590
8.115967319465472e+03,8.023553907085631e+03,1.764705882352941e+00,48849591
8.117136591291978e+03,8.025730180824601e+03,5.882352941176471e-01,48849593
8.117553462858858e+03,8.024567958067763e+03,1.764705882352941e+00,48849592
8.117732025347825e+03,8.026099414932784e+03,5.882352941176471e-01,48849594
8.118901297174331e+03,8.026712755150852e+03,5.882352941176471e-01,48849595
8.119318168741211e+03,8.026888500031990e+03,5.882352941176471e-01,48849596
8.119496731230178e+03,8.027252483562268e+03,5.882352941176471e-01,48849597
8.122847580505917e+03,8.028850029011026e+03,1.176470588235294e+00,48849599
8.123026142994884e+03,8.028938421716518e+03,1.176470588235294e+00,48849600
8.124195414821390e+03,8.028028260318629e+03,1.764705882352941e+00,48849598
8.124790848877237e+03,8.030018932828809e+03,5.882352941176471e-01,48849602
8.126555554759590e+03,8.030999524931049e+03,5.882352941176471e-01,48849604
8.127724826586096e+03,8.030982804776467e+03,1.176470588235294e+00,48849603
8.128141698152976e+03,8.029264770092186e+03,1.764705882352941e+00,48849601
8.129489532468449e+03,8.032906833576090e+03,5.882352941176471e-01,48849606
8.131849672406649e+03,8.032667741142839e+03,1.764705882352941e+00,48849605
8.133435815800035e+03,8.034485065900485e+03,1.764705882352941e+00,48849607
8.133614378289002e+03,8.035732792792021e+03,5.882352941176471e-01,48849609
8.134783650115507e+03,8.034969165106470e+03,1.764705882352941e+00,48849608
8.135200521682388e+03,8.036137846498510e+03,5.882352941176471e-01,48849610
8.136548355997860e+03,8.039285897984494e+03,5.882352941176471e-01,48849612
8.136965227564741e+03,8.041048371902649e+03,5.882352941176471e-01,48849613
8.137143790053708e+03,8.037243135254058e+03,1.176470588235294e+00,48849611
8.138313061880213e+03,8.041292143216353e+03,5.882352941176471e-01,48849614
8.140077767762566e+03,8.042443909940508e+03,5.882352941176471e-01,48849617
8.140494639329446e+03,8.041521347685166e+03,1.176470588235294e+00,48849615
8.141842473644919e+03,8.042602165198764e+03,5.882352941176471e-01,48849618
8.142259345211799e+03,8.043983968758748e+03,5.882352941176471e-01,48849619
8.142437907700766e+03,8.042161668272185e+03,1.764705882352941e+00,48849616
8.143607179527272e+03,8.044362961376996e+03,5.882352941176471e-01,48849620
8.144202613583119e+03,8.045895708171555e+03,5.882352941176471e-01,48849622
8.145967319465472e+03,8.049734765067246e+03,5.882352941176471e-01,48849624
8.147136591291978e+03,8.047712901454207e+03,1.176470588235294e+00,48849623
8.147553462858858e+03,8.044565067180203e+03,1.764705882352941e+00,48849621
8.147732025347825e+03,8.050293031577197e+03,5.882352941176471e-01,48849625
8.148901297174331e+03,8.051434473321706e+03,5.882352941176471e-01,48849626
8.149318168741211e+03,8.052226157983661e+03,5.882352941176471e-01,48849627
8.149496731230178e+03,8.052637992952905e+03,5.882352941176471e-01,48849628
8.150666003056684e+03,8.053363217850460e+03,5.882352941176471e-01,48849629
8.151082874623564e+03,8.053970843700878e+03,5.882352941176471e-01,48849630
8.151261437112531e+03,8.055121859835980e+03,5.882352941176471e-01,48849631
8.152430708939037e+03,8.056423153498449e+03,5.882352941176471e-01,48849632
8.152847580505917e+03,8.056444750991034e+03,5.882352941176471e-01,48849633
8.153026142994884e+03,8.057709995263478e+03,5.882352941176471e-01,48849634
8.155960120703743e+03,8.059173965126361e+03,1.176470588235294e+00,48849635
8.156555554759590e+03,8.062901075722619e+03,1.176470588235294e+00,48849637
8.158141698152976e+03,8.061143634864719e+03,1.764705882352941e+00,48849636
8.158320260641943e+03,8.065822062883762e+03,5.882352941176471e-01,48849639
8.159906404035329e+03,8.067721028879868e+03,5.882352941176471e-01,48849640
8.161254238350802e+03,8.063542233749433e+03,1.764705882352941e+00,48849638
8.163614378289002e+03,8.068846539000870e+03,1.764705882352941e+00,48849641
8.165200521682388e+03,8.069585185343398e+03,1.764705882352941e+00,48849642
8.165379084171355e+03,8.070328702290091e+03,5.882352941176471e-01,48849644
8.166548355997860e+03,8.070215019316264e+03,1.764705882352941e+00,48849643
8.168908495936060e+03,8.070967398543131e+03,1.176470588235294e+00,48849646
8.170494639329446e+03,8.070706474487328e+03,1.764705882352941e+00,48849645
8.171842473644919e+03,8.071088951611073e+03,1.764705882352941e+00,48849647
8.172259345211799e+03,8.071910525387817e+03,5.882352941176471e-01,48849649
8.173607179527272e+03,8.072436860006889e+03,5.882352941176471e-01,48849650
8.174202613583119e+03,8.071396539332007e+03,1.764705882352941e+00,48849648
8.175967319465472e+03,8.076453057834224e+03,5.882352941176471e-01,48849653
8.177136591291978e+03,8.075003292651855e+03,1.176470588235294e+00,48849652
8.177553462858858e+03,8.075000536714689e+03,1.764705882352941e+00,48849651
8.177732025347825e+03,8.076830359972393e+03,5.882352941176471e-01,48849654
8.179318168741211e+03,8.077866785571831e+03,5.882352941176471e-01,48849656
8.180666003056684e+03,8.077762824609652e+03,1.176470588235294e+00,48849655
8.183026142994884e+03,8.079389252403857e+03,1.764705882352941e+00,48849657
8.184612286388270e+03,8.080150011689407e+03,1.764705882352941e+00,48849658
8.185960120703743e+03,8.081124478702720e+03,1.764705882352941e+00,48849659
8.186376992270623e+03,8.083139184839032e+03,5.882352941176471e-01,48849661
8.187724826586096e+03,8.083310398037459e+03,5.882352941176471e-01,48849662
8.188320260641943e+03,8.082186206738498e+03,1.764705882352941e+00,48849660
8.189489532468449e+03,8.086977957820668e+03,5.882352941176471e-01,48849664
8.191671109917682e+03,8.084799974981421e+03,1.764705882352941e+00,48849663
8.193614378289002e+03,8.087093722466080e+03,1.764705882352941e+00,48849665
8.194783650115507e+03,8.087449154747060e+03,1.764705882352941e+00,48849666
8.195200521682388e+03,8.088149531578370e+03,1.176470588235294e+00,48849667
8.195379084171355e+03,8.089140785375385e+03,5.882352941176471e-01,48849668
8.196548355997860e+03,8.090602878059323e+03,5.882352941176471e-01,48849669
8.196965227564741e+03,8.092441409230540e+03,5.882352941176471e-01,48849670
8.197143790053708e+03,8.092449310129425e+03,5.882352941176471e-01,48849671
8.198313061880213e+03,8.094309043116877e+03,5.882352941176471e-01,48849672
8.198908495936060e+03,8.095710049001379e+03,5.882352941176471e-01,48849674
8.200077767762566e+03,8.095944641190161e+03,5.882352941176471e-01,48849675
8.202259345211799e+03,8.094720442066416e+03,1.764705882352941e+00,48849673
8.203607179527272e+03,8.097602263753773e+03,1.176470588235294e+00,48849677
8.204024051094152e+03,8.097611795986722e+03,5.882352941176471e-01,48849678
8.204202613583119e+03,8.096451561762294e+03,1.764705882352941e+00,48849676
8.205371885409625e+03,8.098035154851777e+03,5.882352941176471e-01,48849679
8.205967319465472e+03,8.099181405287573e+03,5.882352941176471e-01,48849681
8.208901297174331e+03,8.100053758892977e+03,1.176470588235294e+00,48849682
8.209318168741211e+03,8.098087445398671e+03,1.764705882352941e+00,48849680
8.210666003056684e+03,8.103409889366945e+03,5.882352941176471e-01,48849684
8.211261437112531e+03,8.103292812653184e+03,1.764705882352941e+00,48849683
8.212430708939037e+03,8.107701123767819e+03,5.882352941176471e-01,48849686
8.213026142994884e+03,8.108795934681774e+03,5.882352941176471e-01,48849687
8.214612286388270e+03,8.107049797682590e+03,1.764705882352941e+00,48849685
8.214790848877237e+03,8.112250171373320e+03,5.882352941176471e-01,48849689
8.216376992270623e+03,8.113806934522835e+03,5.882352941176471e-01,48849690
8.216555554759590e+03,8.114998922471141e+03,5.882352941176471e-01,48849691
8.217724826586096e+03,8.110864241759218e+03,1.764705882352941e+00,48849688
8.218320260641943e+03,8.116829925307492e+03,5.882352941176471e-01,48849693
8.219489532468449e+03,8.118318461501585e+03,5.882352941176471e-01,48849694
8.221671109917682e+03,8.116182862193458e+03,1.764705882352941e+00,48849692
8.223018944233155e+03,8.119914119601764e+03,1.176470588235294e+00,48849696
8.223435815800035e+03,8.119960442060559e+03,5.882352941176471e-01,48849697
8.223614378289002e+03,8.119222129562271e+03,1.764705882352941e+00,48849695
8.225200521682388e+03,8.120337785925907e+03,5.882352941176471e-01,48849699
8.226965227564741e+03,8.120982340131832e+03,5.882352941176471e-01,48849701
8.228313061880213e+03,8.120268871009009e+03,1.764705882352941e+00,48849698
8.228729933447093e+03,8.121364476972804e+03,5.882352941176471e-01,48849702
8.228908495936060e+03,8.120373034861191e+03,1.764705882352941e+00,48849700
8.230494639329446e+03,8.123894994656556e+03,5.882352941176471e-01,48849704
8.230673201818413e+03,8.126401441963454e+03,5.882352941176471e-01,48849705
8.232437907700766e+03,8.127184293075576e+03,5.882352941176471e-01,48849707
8.233607179527272e+03,8.122615400936687e+03,1.764705882352941e+00,48849703
8.234202613583119e+03,8.132167302391881e+03,5.882352941176471e-01,48849708
8.235371885409625e+03,8.134105926993983e+03,5.882352941176471e-01,48849709
8.235788756976505e+03,8.126875332234519e+03,1.764705882352941e+00,48849706
8.235967319465472e+03,8.135051382578245e+03,5.882352941176471e-01,48849710
8.237136591291978e+03,8.135530218480258e+03,5.882352941176471e-01,48849711
8.237553462858858e+03,8.137461841934712e+03,5.882352941176471e-01,48849712
8.238901297174331e+03,8.140861781256492e+03,5.882352941176471e-01,48849714
8.240666003056684e+03,8.141536346868983e+03,5.882352941176471e-01,48849716
8.241261437112531e+03,8.138095755984961e+03,1.764705882352941e+00,48849713
8.242847580505917e+03,8.141247713021809e+03,1.764705882352941e+00,48849715
8.243026142994884e+03,8.142372533646404e+03,5.882352941176471e-01,48849718
8.244790848877237e+03,8.146308687194552e+03,5.882352941176471e-01,48849720
8.245960120703743e+03,8.141776228440237e+03,1.764705882352941e+00,48849717
8.247724826586096e+03,8.147623503905737e+03,5.882352941176471e-01,48849722
8.248141698152976e+03,8.143627548358266e+03,1.764705882352941e+00,48849719
8.250084966524296e+03,8.147262488259881e+03,1.764705882352941e+00,48849721
8.251254238350802e+03,8.150845701111037e+03,1.176470588235294e+00,48849723
8.253018944233155e+03,8.155642527252764e+03,5.882352941176471e-01,48849726
8.253435815800035e+03,8.154226449864390e+03,1.764705882352941e+00,48849724
8.254783650115507e+03,8.155723463117732e+03,5.882352941176471e-01,48849727
8.255200521682388e+03,8.156191564847273e+03,5.882352941176471e-01,48849728
8.255379084171355e+03,8.154963092755833e+03,1.764705882352941e+00,48849725
8.257143790053708e+03,8.157108865129023e+03,5.882352941176471e-01,48849731
8.258313061880213e+03,8.156478226037726e+03,1.176470588235294e+00,48849729
8.260494639329446e+03,8.156914267517709e+03,1.764705882352941e+00,48849730
8.262437907700766e+03,8.157257900961135e+03,1.764705882352941e+00,48849732
8.263607179527272e+03,8.157673840064541e+03,1.764705882352941e+00,48849733
8.264024051094152e+03,8.158079850774776e+03,1.176470588235294e+00,48849734
8.265371885409625e+03,8.160546197913220e+03,5.882352941176471e-01,48849736
8.265788756976505e+03,8.162792440406292e+03,5.882352941176471e-01,48849737
8.267732025347825e+03,8.158606067659588e+03,1.764705882352941e+00,48849735
8.269496731230178e+03,8.165765453955539e+03,5.882352941176471e-01,48849740
8.270666003056684e+03,8.163677266287441e+03,1.764705882352941e+00,48849738
8.271082874623564e+03,8.164783736595547e+03,1.764705882352941e+00,48849739
8.273026142994884e+03,8.167440264701787e+03,1.176470588235294e+00,48849741
8.274195414821390e+03,8.169914761265777e+03,1.176470588235294e+00,48849742
8.274790848877237e+03,8.174633166505280e+03,5.882352941176471e-01,48849744
8.276376992270623e+03,8.170639452329257e+03,1.764705882352941e+00,48849743
8.276555554759590e+03,8.176392459188627e+03,5.882352941176471e-01,48849746
8.279489532468449e+03,8.174946084688971e+03,1.764705882352941e+00,48849745
8.280084966524296e+03,8.177070124245244e+03,1.176470588235294e+00,48849748
8.281254238350802e+03,8.179149577187090e+03,5.882352941176471e-01,48849749
8.281671109917682e+03,8.176784132470209e+03,1.764705882352941e+00,48849747
8.281849672406649e+03,8.179193905583887e+03,5.882352941176471e-01,48849750
8.283018944233155e+03,8.179861803708790e+03,5.882352941176471e-01,48849751
8.283435815800035e+03,8.181349131698012e+03,5.882352941176471e-01,48849752
8.285200521682388e+03,8.186228355483488e+03,5.882352941176471e-01,48849755
8.287143790053708e+03,8.181875498345418e+03,1.764705882352941e+00,48849753
8.288313061880213e+03,8.184551009750930e+03,1.764705882352941e+00,48849754
8.288908495936060e+03,8.188214933957754e+03,5.882352941176471e-01,48849757
8.290077767762566e+03,8.188261081488818e+03,5.882352941176471e-01,48849758
8.290494639329446e+03,8.187633462160416e+03,1.764705882352941e+00,48849756
8.291842473644919e+03,8.189427470936275e+03,5.882352941176471e-01,48849760
8.292259345211799e+03,8.190383995340580e+03,5.882352941176471e-01,48849761
8.293607179527272e+03,8.190598525114241e+03,5.882352941176471e-01,48849762
8.294202613583119e+03,8.189013617635327e+03,1.764705882352941e+00,48849759
8.297553462858858e+03,8.191482867756785e+03,1.764705882352941e+00,48849763
8.297732025347825e+03,8.195801014883637e+03,1.176470588235294e+00,48849765
8.298901297174331e+03,8.192001131373017e+03,1.764705882352941e+00,48849764
8.299318168741211e+03,8.197177507681271e+03,5.882352941176471e-01,48849766
8.299496731230178e+03,8.198242356441203e+03,5.882352941176471e-01,48849767
8.301082874623564e+03,8.199944718727766e+03,5.882352941176471e-01,48849769
8.304195414821390e+03,8.199818475529231e+03,1.764705882352941e+00,48849768
8.304790848877237e+03,8.200260368925862e+03,1.764705882352941e+00,48849770
8.306376992270623e+03,8.202662053463163e+03,1.764705882352941e+00,48849771
8.308141698152976e+03,8.206859326795238e+03,5.882352941176471e-01,48849774
8.309489532468449e+03,8.204101690471475e+03,1.764705882352941e+00,48849772
8.309906404035329e+03,8.206947022686441e+03,5.882352941176471e-01,48849775
8.310084966524296e+03,8.205373643948642e+03,1.764705882352941e+00,48849773
8.314783650115507e+03,8.207632698257514e+03,1.764705882352941e+00,48849776
8.315200521682388e+03,8.208711250323562e+03,1.764705882352941e+00,48849777
8.315379084171355e+03,8.208840368408546e+03,1.764705882352941e+00,48849778
8.317143790053708e+03,8.211891847598129e+03,5.882352941176471e-01,48849781
8.318908495936060e+03,8.212123794845434e+03,5.882352941176471e-01,48849782
8.320077767762566e+03,8.209472802972121e+03,1.764705882352941e+00,48849779
8.320494639329446e+03,8.210139729736966e+03,1.764705882352941e+00,48849780
8.321842473644919e+03,8.214904295884192e+03,5.882352941176471e-01,48849784
8.322437907700766e+03,8.213381001625797e+03,1.176470588235294e+00,48849783
8.323607179527272e+03,8.217037248275200e+03,5.882352941176471e-01,48849786
8.324024051094152e+03,8.215091667449456e+03,1.176470588235294e+00,48849785
8.324202613583119e+03,8.217270829714503e+03,5.882352941176471e-01,48849787
8.325788756976505e+03,8.219507846087927e+03,5.882352941176471e-01,48849789
8.325967319465472e+03,8.220157399451336e+03,5.882352941176471e-01,48849790
8.327732025347825e+03,8.223907723592419e+03,5.882352941176471e-01,48849792
8.328901297174331e+03,8.218506900619415e+03,1.764705882352941e+00,48849788
8.329496731230178e+03,8.224624661004349e+03,5.882352941176471e-01,48849793
8.330666003056684e+03,8.225617928093372e+03,5.882352941176471e-01,48849794
8.331082874623564e+03,8.220229313607835e+03,1.764705882352941e+00,48849791
8.331261437112531e+03,8.225855522592581e+03,5.882352941176471e-01,48849795
8.332430708939037e+03,8.226434953408865e+03,5.882352941176471e-01,48849796
8.332847580505917e+03,8.227098213938297e+03,5.882352941176471e-01,48849797
8.334195414821390e+03,8.228678768965677e+03,5.882352941176471e-01,48849799
8.334790848877237e+03,8.227633368849788e+03,1.176470588235294e+00,48849798
8.335960120703743e+03,8.228969806640930e+03,5.882352941176471e-01,48849801
8.336555554759590e+03,8.231121619358877e+03,5.882352941176471e-01,48849802
8.338141698152976e+03,8.228687388839223e+03,1.764705882352941e+00,48849800
8.339906404035329e+03,8.233245104733036e+03,5.882352941176471e-01,48849805
8.341254238350802e+03,8.232404378761923e+03,1.764705882352941e+00,48849803
8.341849672406649e+03,8.233176199444661e+03,1.764705882352941e+00,48849804
8.343018944233155e+03,8.236007206206265e+03,5.882352941176471e-01,48849807
8.344783650115507e+03,8.240121253059002e+03,5.882352941176471e-01,48849809
8.345200521682388e+03,8.234631705642417e+03,1.764705882352941e+00,48849806
8.346965227564741e+03,8.241514004309984e+03,5.882352941176471e-01,48849811
8.347143790053708e+03,8.238997753350064e+03,1.764705882352941e+00,48849808
8.348313061880213e+03,8.240745215480980e+03,1.176470588235294e+00,48849810
8.351842473644919e+03,8.244424536077346e+03,1.176470588235294e+00,48849814
8.352259345211799e+03,8.242524329356816e+03,1.764705882352941e+00,48849812
8.352437907700766e+03,8.243711675068978e+03,1.764705882352941e+00,48849813
8.353607179527272e+03,8.244504813237293e+03,5.882352941176471e-01,48849815
8.355371885409625e+03,8.248120253658607e+03,5.882352941176471e-01,48849818
8.355967319465472e+03,8.247495676285020e+03,1.176470588235294e+00,48849817
8.357136591291978e+03,8.249807977670319e+03,5.882352941176471e-01,48849819
8.357553462858858e+03,8.245588673412330e+03,1.764705882352941e+00,48849816
8.357732025347825e+03,8.249942840766203e+03,5.882352941176471e-01,48849820
8.359496731230178e+03,8.251693917396329e+03,5.882352941176471e-01,48849823
8.361261437112531e+03,8.252754306808889e+03,5.882352941176471e-01,48849824
8.362430708939037e+03,8.250622864953857e+03,1.764705882352941e+00,48849821
8.362847580505917e+03,8.251423820096305e+03,1.764705882352941e+00,48849822
8.363026142994884e+03,8.254182840137919e+03,5.882352941176471e-01,48849825
8.364790848877237e+03,8.258300641870997e+03,5.882352941176471e-01,48849828
8.365960120703743e+03,8.255561981732975e+03,1.176470588235294e+00,48849826
8.366376992270623e+03,8.256835746439466e+03,1.176470588235294e+00,48849827
8.366555554759590e+03,8.258322785999461e+03,5.882352941176471e-01,48849829
8.367724826586096e+03,8.258481961467225e+03,5.882352941176471e-01,48849830
8.368141698152976e+03,8.258677449904538e+03,5.882352941176471e-01,48849831
8.368320260641943e+03,8.259705362327604e+03,5.882352941176471e-01,48849832
8.369489532468449e+03,8.260866184826633e+03,5.882352941176471e-01,48849833
8.369906404035329e+03,8.261248081571185e+03,5.882352941176471e-01,48849834
8.371671109917682e+03,8.264697562567768e+03,5.882352941176471e-01,48849837
8.371849672406649e+03,8.262260120132479e+03,1.176470588235294e+00,48849835
8.373614378289002e+03,8.265473651866413e+03,5.882352941176471e-01,48849839
8.374783650115507e+03,8.263013900238975e+03,1.764705882352941e+00,48849836
8.376548355997860e+03,8.267860216164650e+03,5.882352941176471e-01,48849841
8.376965227564741e+03,8.264735921414362e+03,1.764705882352941e+00,48849838
8.377143790053708e+03,8.267429778668752e+03,1.176470588235294e+00,48849840
8.378908495936060e+03,8.269370874704584e+03,5.882352941176471e-01,48849844
8.381842473644919e+03,8.269137074872142e+03,1.764705882352941e+00,48849842
8.382259345211799e+03,8.269275847994240e+03,1.764705882352941e+00,48849843
8.384024051094152e+03,8.275087226707718e+03,5.882352941176471e-01,48849847
8.384202613583119e+03,8.271822316010950e+03,1.764705882352941e+00,48849845
8.385371885409625e+03,8.274299186453597e+03,1.176470588235294e+00,48849846
8.385967319465472e+03,8.281124688417946e+03,5.882352941176471e-01,48849849
8.387136591291978e+03,8.282789420648999e+03,5.882352941176471e-01,48849850
8.388901297174331e+03,8.284898492475090e+03,5.882352941176471e-01,48849852
8.389318168741211e+03,8.280371378534905e+03,1.764705882352941e+00,48849848
8.389496731230178e+03,8.284756193209775e+03,1.176470588235294e+00,48849851
8.391261437112531e+03,8.286048995661632e+03,5.882352941176471e-01,48849855
8.392430708939037e+03,8.285150981784667e+03,1.176470588235294e+00,48849853
8.392847580505917e+03,8.285717972807237e+03,1.176470588235294e+00,48849854
8.393026142994884e+03,8.288066073962933e+03,5.882352941176471e-01,48849856
8.394612286388270e+03,8.289385769935173e+03,5.882352941176471e-01,48849858
8.394790848877237e+03,8.290698415498679e+03,5.882352941176471e-01,48849859
8.396376992270623e+03,8.292418652500087e+03,5.882352941176471e-01,48849860
8.396555554759590e+03,8.293178748670616e+03,5.882352941176471e-01,48849861
8.397724826586096e+03,8.288883181285058e+03,1.764705882352941e+00,48849857
8.398141698152976e+03,8.294063479807696e+03,5.882352941176471e-01,48849862
8.398320260641943e+03,8.294969874555270e+03,5.882352941176471e-01,48849863
8.399906404035329e+03,8.296780266816331e+03,5.882352941176471e-01,48849865
8.403018944233155e+03,8.295222916644556e+03,1.764705882352941e+00,48849864
8.403614378289002e+03,8.298609547516051e+03,1.764705882352941e+00,48849866
8.404783650115507e+03,8.299093645724238e+03,5.882352941176471e-01,48849868
8.405200521682388e+03,8.298899045732240e+03,1.764705882352941e+00,48849867
8.405379084171355e+03,8.301070281929249e+03,5.882352941176471e-01,48849869
8.406548355997860e+03,8.301564619149183e+03,5.882352941176471e-01,48849870
8.406965227564741e+03,8.301924453886860e+03,5.882352941176471e-01,48849871
8.407143790053708e+03,8.302322261126871e+03,5.882352941176471e-01,48849872
8.408313061880213e+03,8.302903425645112e+03,5.882352941176471e-01,48849873
8.408908495936060e+03,8.304429919570290e+03,5.882352941176471e-01,48849875
8.412259345211799e+03,8.304308153843649e+03,1.764705882352941e+00,48849874
8.413607179527272e+03,8.305172481277285e+03,1.764705882352941e+00,48849876
8.414024051094152e+03,8.305602091383596e+03,5.882352941176471e-01,48849878
8.414202613583119e+03,8.305500327076300e+03,1.764705882352941e+00,48849877
8.415788756976505e+03,8.307834734242442e+03,5.882352941176471e-01,48849880
8.415967319465472e+03,8.309936975424686e+03,5.882352941176471e-01,48849881
8.417553462858858e+03,8.310391357985205e+03,5.882352941176471e-01,48849882
8.417732025347825e+03,8.310782808614805e+03,5.882352941176471e-01,48849883
8.418901297174331e+03,8.305910218896771e+03,1.764705882352941e+00,48849879
8.419496731230178e+03,8.311940027664882e+03,5.882352941176471e-01,48849885
8.420666003056684e+03,8.312188147145682e+03,5.882352941176471e-01,48849886
8.421082874623564e+03,8.311403531259845e+03,1.176470588235294e+00,48849884
8.422847580505917e+03,8.316215166770983e+03,5.882352941176471e-01,48849889
8.424790848877237e+03,8.314893044698607e+03,1.764705882352941e+00,48849887
8.425960120703743e+03,8.316096684438917e+03,1.764705882352941e+00,48849888
8.426555554759590e+03,8.319617093643568e+03,5.882352941176471e-01,48849891
8.427724826586096e+03,8.321014952277671e+03,5.882352941176471e-01,48849892
8.428141698152976e+03,8.317763357163286e+03,1.764705882352941e+00,48849890
8.428320260641943e+03,8.321814205779554e+03,5.882352941176471e-01,48849893
8.429489532468449e+03,8.322528227070968e+03,5.882352941176471e-01,48849894
8.429906404035329e+03,8.326131614881263e+03,5.882352941176471e-01,48849895
8.430084966524296e+03,8.326748352745866e+03,5.882352941176471e-01,48849896
8.431254238350802e+03,8.326788244741631e+03,5.882352941176471e-01,48849897
8.431671109917682e+03,8.329267305189949e+03,5.882352941176471e-01,48849898
8.431849672406649e+03,8.330305842457255e+03,5.882352941176471e-01,48849899
8.433018944233155e+03,8.331201579176440e+03,5.882352941176471e-01,48849900
8.433614378289002e+03,8.332128404112305e+03,5.882352941176471e-01,48849902
8.434783650115507e+03,8.332996794744906e+03,5.882352941176471e-01,48849903
8.435379084171355e+03,8.333234227540009e+03,5.882352941176471e-01,48849904
8.436548355997860e+03,8.333959352237808e+03,5.882352941176471e-01,48849905
8.436965227564741e+03,8.331433468574516e+03,1.764705882352941e+00,48849901
8.437143790053708e+03,8.334331473572601e+03,5.882352941176471e-01,48849906
8.438313061880213e+03,8.334443585470407e+03,5.882352941176471e-01,48849907
8.438908495936060e+03,8.336149072584890e+03,5.882352941176471e-01,48849909
8.440673201818413e+03,8.337657514988883e+03,5.882352941176471e-01,48849911
8.442259345211799e+03,8.335444296612959e+03,1.764705882352941e+00,48849908
8.442437907700766e+03,8.338132047160307e+03,5.882352941176471e-01,48849912
8.443607179527272e+03,8.337123991132450e+03,1.764705882352941e+00,48849910
8.444024051094152e+03,8.338191305147968e+03,5.882352941176471e-01,48849913
8.444202613583119e+03,8.338492701302995e+03,5.882352941176471e-01,48849914
8.445371885409625e+03,8.338608789927501e+03,5.882352941176471e-01,48849915
8.445967319465472e+03,8.339616811635835e+03,5.882352941176471e-01,48849917
8.447553462858858e+03,8.339372995448496e+03,1.176470588235294e+00,48849916
8.447732025347825e+03,8.340425043170770e+03,5.882352941176471e-01,48849919
8.449318168741211e+03,8.341045462472982e+03,5.882352941176471e-01,48849920
8.450666003056684e+03,8.340306222313510e+03,1.764705882352941e+00,48849918
8.451261437112531e+03,8.341377554847788e+03,1.176470588235294e+00,48849921
8.453026142994884e+03,8.344687155328350e+03,5.882352941176471e-01,48849924
8.454612286388270e+03,8.341827709965280e+03,1.764705882352941e+00,48849922
8.454790848877237e+03,8.346101213894213e+03,5.882352941176471e-01,48849925
8.455960120703743e+03,8.343376160851643e+03,1.764705882352941e+00,48849923
8.456376992270623e+03,8.347422835851252e+03,5.882352941176471e-01,48849926
8.457724826586096e+03,8.349407310787179e+03,5.882352941176471e-01,48849928
8.458141698152976e+03,8.351441695160489e+03,5.882352941176471e-01,48849929
8.459906404035329e+03,8.355612738770524e+03,5.882352941176471e-01,48849931
8.460084966524296e+03,8.348100344167048e+03,1.764705882352941e+00,48849927
8.461254238350802e+03,8.353319567380826e+03,1.176470588235294e+00,48849930
8.461671109917682e+03,8.355833688172670e+03,5.882352941176471e-01,48849932
8.463435815800035e+03,8.360131419852641e+03,5.882352941176471e-01,48849935
8.465200521682388e+03,8.361004775560373e+03,5.882352941176471e-01,48849936
8.465379084171355e+03,8.356559094872513e+03,1.764705882352941e+00,48849933
8.466548355997860e+03,8.359626257753918e+03,1.764705882352941e+00,48849934
8.466965227564741e+03,8.361077999128169e+03,5.882352941176471e-01,48849937
8.467143790053708e+03,8.361726972850954e+03,5.882352941176471e-01,48849938
8.468729933447094e+03,8.364055346669212e+03,5.882352941176471e-01,48849940
8.470494639329446e+03,8.365751829629650e+03,5.882352941176471e-01,48849942
8.471842473644919e+03,8.363272383510328e+03,1.764705882352941e+00,48849939
8.472437907700766e+03,8.365444160805462e+03,1.764705882352941e+00,48849941
8.473607179527272e+03,8.366843402562407e+03,5.882352941176471e-01,48849944
8.475371885409625e+03,8.367850380968309e+03,5.882352941176471e-01,48849946
8.475788756976505e+03,8.366553902190942e+03,1.764705882352941e+00,48849943
8.477732025347825e+03,8.367779534498680e+03,1.764705882352941e+00,48849945
8.478901297174331e+03,8.368726763857035e+03,1.176470588235294e+00,48849947
8.480666003056684e+03,8.370168035933887e+03,5.882352941176471e-01,48849950
8.481082874623564e+03,8.368982710381172e+03,1.764705882352941e+00,48849948
8.482847580505917e+03,8.370474286010658e+03,5.882352941176471e-01,48849952
8.483026142994884e+03,8.369659929941674e+03,1.764705882352941e+00,48849949
8.484612286388270e+03,8.370703838302697e+03,5.882352941176471e-01,48849953
8.485960120703743e+03,8.370453871680926e+03,1.764705882352941e+00,48849951
8.486376992270623e+03,8.373177060161334e+03,5.882352941176471e-01,48849955
8.487724826586096e+03,8.373980794926067e+03,5.882352941176471e-01,48849956
8.488141698152976e+03,8.373985304461932e+03,5.882352941176471e-01,48849957
8.488320260641943e+03,8.372681489918846e+03,1.764705882352941e+00,48849954
8.489489532468449e+03,8.374217928044102e+03,5.882352941176471e-01,48849958
8.491254238350802e+03,8.375669547981781e+03,5.882352941176471e-01,48849961
8.493018944233155e+03,8.376978903223558e+03,5.882352941176471e-01,48849962
8.493435815800035e+03,8.374848291482740e+03,1.764705882352941e+00,48849959
8.493614378289002e+03,8.375188877990671e+03,1.764705882352941e+00,48849960
8.494783650115507e+03,8.377075339375714e+03,5.882352941176471e-01,48849963
8.495200521682388e+03,8.378473177876622e+03,5.882352941176471e-01,48849964
8.496548355997860e+03,8.380545992336524e+03,5.882352941176471e-01,48849966
8.496965227564741e+03,8.381226396582870e+03,5.882352941176471e-01,48849967
8.498313061880213e+03,8.383096750550583e+03,5.882352941176471e-01,48849968
8.498908495936060e+03,8.380421658949554e+03,1.764705882352941e+00,48849965
8.500077767762566e+03,8.384074222203671e+03,5.882352941176471e-01,48849970
8.500494639329446e+03,8.384012894222953e+03,1.176470588235294e+00,48849969
8.501842473644919e+03,8.385700479854477e+03,5.882352941176471e-01,48849972
8.502259345211799e+03,8.387666363658839e+03,5.882352941176471e-01,48849973
8.503607179527272e+03,8.389012769535002e+03,5.882352941176471e-01,48849974
8.504202613583119e+03,8.385079946557075e+03,1.764705882352941e+00,48849971
8.505967319465472e+03,8.392657927468826e+03,5.882352941176471e-01,48849977
8.507553462858858e+03,8.390410363205261e+03,1.764705882352941e+00,48849975
8.507732025347825e+03,8.394277194431865e+03,5.882352941176471e-01,48849978
8.508901297174331e+03,8.391922837725202e+03,1.764705882352941e+00,48849976
8.509318168741211e+03,8.395110464781468e+03,5.882352941176471e-01,48849979
8.510666003056684e+03,8.397139576469106e+03,5.882352941176471e-01,48849981
8.511082874623564e+03,8.397460907642062e+03,5.882352941176471e-01,48849982
8.512430708939037e+03,8.398172545265704e+03,5.882352941176471e-01,48849983
8.512847580505917e+03,8.400299196539786e+03,5.882352941176471e-01,48849984
8.513026142994884e+03,8.396959537318794e+03,1.764705882352941e+00,48849980
8.514612286388270e+03,8.401582936216509e+03,5.882352941176471e-01,48849986
8.516376992270623e+03,8.402976085386231e+03,5.882352941176471e-01,48849988
8.517724826586096e+03,8.401265045292514e+03,1.764705882352941e+00,48849985
8.518320260641943e+03,8.402200875402576e+03,1.764705882352941e+00,48849987
8.519489532468449e+03,8.404565702887715e+03,5.882352941176471e-01,48849990
8.521254238350802e+03,8.405947500462900e+03,5.882352941176471e-01,48849992
8.521671109917682e+03,8.404407656675845e+03,1.764705882352941e+00,48849989
8.521849672406649e+03,8.405573713138431e+03,1.176470588235294e+00,48849991
8.523435815800035e+03,8.408547678097003e+03,5.882352941176471e-01,48849994
8.523614378289002e+03,8.408579301997441e+03,5.882352941176471e-01,48849995
8.526548355997860e+03,8.407495449400508e+03,1.764705882352941e+00,48849993
8.527143790053708e+03,8.410068518327661e+03,1.176470588235294e+00,48849997
8.528313061880213e+03,8.410306925028407e+03,5.882352941176471e-01,48849998
8.528729933447093e+03,8.409949878850149e+03,1.764705882352941e+00,48849996
8.528908495936060e+03,8.411174165599491e+03,5.882352941176471e-01,48849999
8.530673201818413e+03,8.413684527571021e+03,5.882352941176471e-01,48850002
8.531842473644919e+03,8.411871050502891e+03,1.176470588235294e+00,48850000
8.534024051094152e+03,8.412692413444834e+03,1.764705882352941e+00,48850001
8.535967319465472e+03,8.414994119485979e+03,1.764705882352941e+00,48850003
8.537136591291978e+03,8.415294719527507e+03,1.764705882352941e+00,48850004
8.537732025347825e+03,8.417821368917235e+03,5.882352941176471e-01,48850006
8.539318168741211e+03,8.416578332383990e+03,1.764705882352941e+00,48850005
8.539496731230178e+03,8.420956258007959e+03,5.882352941176471e-01,48850008
8.541261437112531e+03,8.421224122566395e+03,5.882352941176471e-01,48850010
8.542430708939037e+03,8.420597015524674e+03,1.764705882352941e+00,48850007
8.543026142994884e+03,8.421312916702477e+03,5.882352941176471e-01,48850011
8.544195414821390e+03,8.422644187266594e+03,5.882352941176471e-01,48850012
8.544612286388270e+03,8.420968216824217e+03,1.764705882352941e+00,48850009
8.544790848877237e+03,8.423362981515017e+03,5.882352941176471e-01,48850013
8.546555554759590e+03,8.426302919911444e+03,5.882352941176471e-01,48850016
8.548141698152976e+03,8.425533713629318e+03,1.176470588235294e+00,48850015
8.548320260641943e+03,8.427100637809577e+03,5.882352941176471e-01,48850017
8.549489532468449e+03,8.425368537775512e+03,1.764705882352941e+00,48850014
8.550084966524296e+03,8.427760045031886e+03,5.882352941176471e-01,48850019
8.551254238350802e+03,8.429680484113429e+03,5.882352941176471e-01,48850020
8.551849672406649e+03,8.430320333144109e+03,5.882352941176471e-01,48850021
8.553018944233155e+03,8.432177441962744e+03,5.882352941176471e-01,48850022
8.553435815800035e+03,8.427536726472019e+03,1.764705882352941e+00,48850018
8.553614378289002e+03,8.433222493934598e+03,5.882352941176471e-01,48850023
8.558313061880213e+03,8.433600274666996e+03,1.764705882352941e+00,48850024
8.558729933447093e+03,8.434087170428041e+03,1.764705882352941e+00,48850025
8.558908495936060e+03,8.435795981523025e+03,1.764705882352941e+00,48850026
8.560494639329446e+03,8.437621531972355e+03,5.882352941176471e-01,48850028
8.560673201818413e+03,8.439243042082126e+03,5.882352941176471e-01,48850029
8.562259345211799e+03,8.439978947598555e+03,5.882352941176471e-01,48850030
8.562437907700766e+03,8.440386958142511e+03,5.882352941176471e-01,48850031
8.563607179527272e+03,8.435875933635923e+03,1.764705882352941e+00,48850027
8.564202613583119e+03,8.441355631668035e+03,5.882352941176471e-01,48850033
8.565371885409625e+03,8.442692362942535e+03,5.882352941176471e-01,48850034
8.565788756976505e+03,8.441225371490332e+03,1.176470588235294e+00,48850032
8.565967319465472e+03,8.443176218250353e+03,5.882352941176471e-01,48850035
8.567136591291978e+03,8.443328958684981e+03,5.882352941176471e-01,48850036
8.567553462858858e+03,8.444219837757572e+03,5.882352941176471e-01,48850037
8.567732025347825e+03,8.444364801299386e+03,5.882352941176471e-01,48850038
8.568901297174331e+03,8.445097371812767e+03,5.882352941176471e-01,48850039
8.569496731230178e+03,8.447446273171008e+03,5.882352941176471e-01,48850041
8.571261437112531e+03,8.449952696313119e+03,5.882352941176471e-01,48850043
8.572847580505917e+03,8.445785888842456e+03,1.764705882352941e+00,48850040
8.573026142994884e+03,8.450707991331157e+03,5.882352941176471e-01,48850044
8.574195414821390e+03,8.447927802938778e+03,1.764705882352941e+00,48850042
8.574612286388270e+03,8.452032426902744e+03,5.882352941176471e-01,48850045
8.574790848877237e+03,8.452661728513523e+03,5.882352941176471e-01,48850046
8.575960120703743e+03,8.454170993652550e+03,5.882352941176471e-01,48850047
8.577724826586096e+03,8.455400161027659e+03,5.882352941176471e-01,48850050
8.579906404035329e+03,8.454778644294844e+03,1.764705882352941e+00,48850048
8.580084966524296e+03,8.454917751600731e+03,1.764705882352941e+00,48850049
8.581671109917682e+03,8.458109221136452e+03,5.882352941176471e-01,48850052
8.583018944233155e+03,8.458006770061133e+03,1.764705882352941e+00,48850051
8.583435815800035e+03,8.462240548735219e+03,5.882352941176471e-01,48850054
8.583614378289002e+03,8.459940855556895e+03,1.176470588235294e+00,48850053
8.585379084171355e+03,8.466997601791116e+03,5.882352941176471e-01,48850057
8.586965227564741e+03,8.465802332001634e+03,1.176470588235294e+00,48850056
8.588313061880213e+03,8.463185734469212e+03,1.764705882352941e+00,48850055
8.588729933447093e+03,8.468719314401737e+03,5.882352941176471e-01,48850059
8.590077767762566e+03,8.469536535366812e+03,5.882352941176471e-01,48850060
8.590494639329446e+03,8.470044334414349e+03,5.882352941176471e-01,48850061
8.590673201818413e+03,8.468230418776761e+03,1.764705882352941e+00,48850058
8.591842473644919e+03,8.470991845872152e+03,5.882352941176471e-01,48850062
8.592259345211799e+03,8.471747197632669e+03,5.882352941176471e-01,48850063
8.592437907700766e+03,8.472396672340264e+03,5.882352941176471e-01,48850064
8.594024051094152e+03,8.473253728069157e+03,5.882352941176471e-01,48850066
8.595967319465472e+03,8.473617940542947e+03,1.176470588235294e+00,48850067
8.597136591291978e+03,8.472944196656751e+03,1.764705882352941e+00,48850065
8.597553462858858e+03,8.474082513461156e+03,1.176470588235294e+00,48850068
8.598901297174331e+03,8.475535863498561e+03,5.882352941176471e-01,48850070
8.599496731230178e+03,8.474542309726658e+03,1.176470588235294e+00,48850069
8.600666003056684e+03,8.477001380018906e+03,5.882352941176471e-01,48850072
8.602847580505917e+03,8.475858617371452e+03,1.764705882352941e+00,48850071
8.603026142994884e+03,8.478159999000673e+03,1.176470588235294e+00,48850073
8.604612286388270e+03,8.481101484168781e+03,5.882352941176471e-01,48850075
8.604790848877237e+03,8.482740612394505e+03,5.882352941176471e-01,48850076
8.605960120703743e+03,8.479745189118025e+03,1.764705882352941e+00,48850074
8.606376992270623e+03,8.483045830978966e+03,5.882352941176471e-01,48850077
8.609906404035329e+03,8.485296560033787e+03,1.176470588235294e+00,48850080
8.610084966524296e+03,8.483266242117853e+03,1.764705882352941e+00,48850078
8.611254238350802e+03,8.484277937401869e+03,1.764705882352941e+00,48850079
8.611849672406649e+03,8.487237533157182e+03,5.882352941176471e-01,48850082
8.613018944233155e+03,8.487886868259047e+03,5.882352941176471e-01,48850083
8.613614378289002e+03,8.489561968542111e+03,5.882352941176471e-01,48850084
8.615200521682388e+03,8.486089020479396e+03,1.764705882352941e+00,48850081
8.615379084171355e+03,8.491032100713003e+03,5.882352941176471e-01,48850086
8.617143790053708e+03,8.493208828707010e+03,5.882352941176471e-01,48850088
8.618313061880213e+03,8.490651862193943e+03,1.764705882352941e+00,48850085
8.618908495936060e+03,8.494037903554302e+03,5.882352941176471e-01,48850089
8.620077767762566e+03,8.494707557095502e+03,5.882352941176471e-01,48850090
8.620494639329446e+03,8.491409462966742e+03,1.764705882352941e+00,48850087
8.621842473644919e+03,8.496537622262281e+03,5.882352941176471e-01,48850092
8.622259345211799e+03,8.496752960107235e+03,5.882352941176471e-01,48850093
8.623607179527272e+03,8.496801341214235e+03,5.882352941176471e-01,48850094
8.624202613583119e+03,8.495034208856455e+03,1.764705882352941e+00,48850091
8.625371885409625e+03,8.501097278948896e+03,5.882352941176471e-01,48850096
8.625967319465472e+03,8.502267028182713e+03,5.882352941176471e-01,48850097
8.627136591291978e+03,8.502551280908578e+03,5.882352941176471e-01,48850098
8.627553462858858e+03,8.499692579572640e+03,1.764705882352941e+00,48850095
8.627732025347825e+03,8.503603450899783e+03,5.882352941176471e-01,48850099
8.629318168741211e+03,8.504362312939111e+03,5.882352941176471e-01,48850101
8.629496731230178e+03,8.504483327744905e+03,5.882352941176471e-01,48850102
8.631082874623564e+03,8.504682144132420e+03,5.882352941176471e-01,48850103
8.631261437112531e+03,8.505929025775646e+03,5.882352941176471e-01,48850104
8.632430708939037e+03,8.503648558680148e+03,1.764705882352941e+00,48850100
8.632847580505917e+03,8.510748908509169e+03,5.882352941176471e-01,48850105
8.634195414821390e+03,8.515478441073923e+03,5.882352941176471e-01,48850107
8.636555554759590e+03,8.512224853024945e+03,1.764705882352941e+00,48850106
8.638141698152976e+03,8.517465877081491e+03,1.764705882352941e+00,48850108
8.638320260641943e+03,8.519296727677294e+03,5.882352941176471e-01,48850110
8.639489532468449e+03,8.519212529278607e+03,1.764705882352941e+00,48850109
8.639906404035329e+03,8.519975546661827e+03,5.882352941176471e-01,48850111
8.640084966524296e+03,8.520593780834239e+03,5.882352941176471e-01,48850112
8.641254238350802e+03,8.520706656905548e+03,5.882352941176471e-01,48850113
8.641671109917682e+03,8.521871588812475e+03,5.882352941176471e-01,48850114
8.643018944233155e+03,8.522416415271519e+03,5.882352941176471e-01,48850116
8.643435815800035e+03,8.523388833862810e+03,5.882352941176471e-01,48850117
8.645200521682388e+03,8.526342908245461e+03,5.882352941176471e-01,48850119
8.645379084171355e+03,8.522008202835506e+03,1.764705882352941e+00,48850115
8.646548355997860e+03,8.524177503545133e+03,1.176470588235294e+00,48850118
8.650077767762566e+03,8.528189097735868e+03,1.176470588235294e+00,48850122
8.650494639329446e+03,8.527164816483102e+03,1.764705882352941e+00,48850120
8.650673201818413e+03,8.528141976682810e+03,1.764705882352941e+00,48850121
8.652437907700766e+03,8.529148052688409e+03,5.882352941176471e-01,48850125
8.654202613583119e+03,8.529940209856054e+03,5.882352941176471e-01,48850126
8.655371885409625e+03,8.528382293843830e+03,1.764705882352941e+00,48850123
8.655788756976505e+03,8.528434792840789e+03,1.764705882352941e+00,48850124
8.657136591291978e+03,8.530320497081331e+03,5.882352941176471e-01,48850128
8.657553462858858e+03,8.534270954927904e+03,5.882352941176471e-01,48850129
8.659496731230178e+03,8.529975649422718e+03,1.764705882352941e+00,48850127
8.662430708939037e+03,8.537016571202432e+03,1.764705882352941e+00,48850130
8.662847580505917e+03,8.537976475060573e+03,1.764705882352941e+00,48850131
8.664195414821390e+03,8.538992381893328e+03,5.882352941176471e-01,48850133
8.664790848877237e+03,8.538875274184581e+03,1.764705882352941e+00,48850132
8.666376992270623e+03,8.540640525895594e+03,1.176470588235294e+00,48850134
8.666555554759590e+03,8.542589250821126e+03,5.882352941176471e-01,48850136
8.668141698152976e+03,8.542732710457905e+03,5.882352941176471e-01,48850137
8.668320260641943e+03,8.543359123217893e+03,5.882352941176471e-01,48850138
8.669489532468449e+03,8.542518432285471e+03,1.764705882352941e+00,48850135
8.669906404035329e+03,8.543919223762652e+03,5.882352941176471e-01,48850139
8.670084966524296e+03,8.545799328347019e+03,5.882352941176471e-01,48850140
8.671254238350802e+03,8.547257506825944e+03,5.882352941176471e-01,48850141
8.673018944233155e+03,8.549491616980614e+03,5.882352941176471e-01,48850144
8.673435815800035e+03,8.547611176722746e+03,1.176470588235294e+00,48850142
8.675379084171355e+03,8.548636619903152e+03,1.764705882352941e+00,48850143
8.677143790053708e+03,8.550724831600657e+03,5.882352941176471e-01,48850147
8.678313061880213e+03,8.549621905997507e+03,1.764705882352941e+00,48850145
8.678729933447093e+03,8.550040992982015e+03,1.764705882352941e+00,48850146
8.678908495936060e+03,8.551849636057896e+03,5.882352941176471e-01,48850148
8.680077767762566e+03,8.552068147554803e+03,5.882352941176471e-01,48850149
8.680673201818413e+03,8.556004286898796e+03,5.882352941176471e-01,48850151
8.683607179527272e+03,8.556118482505586e+03,1.176470588235294e+00,48850152
8.684024051094152e+03,8.553220338625409e+03,1.764705882352941e+00,48850150
8.685788756976505e+03,8.558046243398205e+03,5.882352941176471e-01,48850155
8.685967319465472e+03,8.557064936405802e+03,1.764705882352941e+00,48850153
8.687553462858858e+03,8.558591803011661e+03,5.882352941176471e-01,48850156
8.688901297174331e+03,8.557156514499554e+03,1.764705882352941e+00,48850154
8.689318168741211e+03,8.559365616283797e+03,5.882352941176471e-01,48850158
8.690666003056684e+03,8.560583821920978e+03,5.882352941176471e-01,48850159
8.691261437112531e+03,8.558996447657209e+03,1.764705882352941e+00,48850157
8.692430708939037e+03,8.561550484318092e+03,5.882352941176471e-01,48850161
8.693026142994884e+03,8.561571796068951e+03,5.882352941176471e-01,48850162
8.694612286388270e+03,8.561166493312901e+03,1.764705882352941e+00,48850160
8.694790848877237e+03,8.563054100379187e+03,5.882352941176471e-01,48850164
8.696376992270623e+03,8.563099780294583e+03,5.882352941176471e-01,48850165
8.696555554759590e+03,8.564085401651380e+03,5.882352941176471e-01,48850166
8.697724826586096e+03,8.562943587039197e+03,1.764705882352941e+00,48850163
8.698141698152976e+03,8.564686692627069e+03,5.882352941176471e-01,48850167
8.699906404035329e+03,8.565835647493111e+03,5.882352941176471e-01,48850170
8.701254238350802e+03,8.565425511060087e+03,1.176470588235294e+00,48850169
8.701849672406649e+03,8.565352388517273e+03,1.764705882352941e+00,48850168
8.703018944233155e+03,8.566191679973832e+03,5.882352941176471e-01,48850172
8.704783650115507e+03,8.568866966727076e+03,5.882352941176471e-01,48850174
8.705200521682388e+03,8.566021975395971e+03,1.764705882352941e+00,48850171
8.706548355997860e+03,8.569525483575234e+03,5.882352941176471e-01,48850175
8.706965227564741e+03,8.570096943545391e+03,5.882352941176471e-01,48850176
8.707143790053708e+03,8.567616803121627e+03,1.764705882352941e+00,48850173
8.708313061880213e+03,8.570135820989533e+03,5.882352941176471e-01,48850177
8.708729933447093e+03,8.570159516655522e+03,5.882352941176471e-01,48850178
8.710494639329446e+03,8.573645460923012e+03,5.882352941176471e-01,48850181
8.710673201818413e+03,8.571356203917899e+03,1.176470588235294e+00,48850179
8.712259345211799e+03,8.574872001624740e+03,5.882352941176471e-01,48850182
8.712437907700766e+03,8.575049162741727e+03,5.882352941176471e-01,48850183
8.713607179527272e+03,8.572602475636371e+03,1.764705882352941e+00,48850180
8.714024051094152e+03,8.575301777794454e+03,5.882352941176471e-01,48850184
8.715371885409625e+03,8.576888837338966e+03,5.882352941176471e-01,48850186
8.717136591291978e+03,8.579822279188447e+03,5.882352941176471e-01,48850188
8.717553462858858e+03,8.577081458463705e+03,1.176470588235294e+00,48850187
8.717732025347825e+03,8.576222510784601e+03,1.764705882352941e+00,48850185
8.718901297174331e+03,8.581538639236876e+03,5.882352941176471e-01,48850189
8.719496731230178e+03,8.584559954629311e+03,5.882352941176471e-01,48850191
8.720666003056684e+03,8.588453622865682e+03,5.882352941176471e-01,48850192
8.722430708939037e+03,8.591094205702158e+03,5.882352941176471e-01,48850194
8.722847580505917e+03,8.583695075362775e+03,1.764705882352941e+00,48850190
8.724195414821390e+03,8.591202286804903e+03,5.882352941176471e-01,48850195
8.724790848877237e+03,8.589605555536741e+03,1.764705882352941e+00,48850193
8.726376992270623e+03,8.592114077012382e+03,1.176470588235294e+00,48850196
8.728141698152976e+03,8.593693698603869e+03,5.882352941176471e-01,48850199
8.729489532468449e+03,8.592868623436738e+03,1.764705882352941e+00,48850197
8.730084966524296e+03,8.593337978372586e+03,1.764705882352941e+00,48850198
8.731671109917682e+03,8.594787228436842e+03,1.176470588235294e+00,48850200
8.731849672406649e+03,8.595347664516499e+03,5.882352941176471e-01,48850202
8.733435815800035e+03,8.595829953863752e+03,5.882352941176471e-01,48850203
8.733614378289002e+03,8.597547315173650e+03,5.882352941176471e-01,48850204
8.734783650115507e+03,8.594868246744114e+03,1.764705882352941e+00,48850201
8.735200521682388e+03,8.597581623836518e+03,5.882352941176471e-01,48850205
8.735379084171355e+03,8.598602008808127e+03,5.882352941176471e-01,48850206
8.736548355997860e+03,8.599004089592207e+03,5.882352941176471e-01,48850207
8.737143790053708e+03,8.600955837468736e+03,5.882352941176471e-01,48850209
8.738313061880213e+03,8.601417872605412e+03,5.882352941176471e-01,48850210
8.738908495936060e+03,8.602996948500418e+03,5.882352941176471e-01,48850211
8.740077767762566e+03,8.603171119602893e+03,5.882352941176471e-01,48850212
8.740494639329446e+03,8.599686238549629e+03,1.764705882352941e+00,48850208
8.740673201818413e+03,8.603389699142319e+03,5.882352941176471e-01,48850213
8.741842473644919e+03,8.603733021228545e+03,5.882352941176471e-01,48850214
8.742259345211799e+03,8.603930295576306e+03,5.882352941176471e-01,48850215
8.742437907700766e+03,8.606684114755165e+03,5.882352941176471e-01,48850216
8.743607179527272e+03,8.608263499995803e+03,5.882352941176471e-01,48850217
8.744024051094152e+03,8.608925427361204e+03,5.882352941176471e-01,48850218
8.745371885409625e+03,8.610726137998159e+03,5.882352941176471e-01,48850220
8.745788756976505e+03,8.610987219255846e+03,5.882352941176471e-01,48850221
8.745967319465472e+03,8.610295293603884e+03,1.176470588235294e+00,48850219
8.747136591291978e+03,8.613333621761158e+03,5.882352941176471e-01,48850222
8.747732025347825e+03,8.614359481568044e+03,5.882352941176471e-01,48850224
8.748901297174331e+03,8.614503529525748e+03,5.882352941176471e-01,48850225
8.750666003056684e+03,8.616655548936831e+03,5.882352941176471e-01,48850227
8.751082874623564e+03,8.613848891693407e+03,1.764705882352941e+00,48850223
8.752430708939037e+03,8.618670996344592e+03,5.882352941176471e-01,48850228
8.752847580505917e+03,8.620375838499143e+03,5.882352941176471e-01,48850229
8.753026142994884e+03,8.614865769337228e+03,1.764705882352941e+00,48850226
8.754612286388270e+03,8.621546069244804e+03,5.882352941176471e-01,48850231
8.754790848877237e+03,8.622419687425109e+03,5.882352941176471e-01,48850232
8.755960120703743e+03,8.620968715301967e+03,1.176470588235294e+00,48850230
8.756555554759590e+03,8.623859676182865e+03,5.882352941176471e-01,48850234
8.757724826586096e+03,8.623895088356689e+03,5.882352941176471e-01,48850235
8.758320260641943e+03,8.624650747970444e+03,5.882352941176471e-01,48850236
8.759489532468449e+03,8.629323818125307e+03,5.882352941176471e-01,48850237
8.759906404035329e+03,8.622710849607141e+03,1.764705882352941e+00,48850233
8.761254238350802e+03,8.631537862832477e+03,5.882352941176471e-01,48850239
8.761671109917682e+03,8.633621495926651e+03,5.882352941176471e-01,48850240
8.763614378289002e+03,8.630177600854970e+03,1.764705882352941e+00,48850238
8.764783650115507e+03,8.634570499954162e+03,1.176470588235294e+00,48850241
8.765200521682388e+03,8.634828938057762e+03,1.176470588235294e+00,48850242
8.765379084171355e+03,8.635650378256129e+03,5.882352941176471e-01,48850243
8.766548355997860e+03,8.635897152655698e+03,5.882352941176471e-01,48850244
8.766965227564741e+03,8.636374373612717e+03,5.882352941176471e-01,48850245
8.767143790053708e+03,8.638218392565862e+03,5.882352941176471e-01,48850246
8.768313061880213e+03,8.639196959006840e+03,5.882352941176471e-01,48850247
8.768729933447093e+03,8.644212700277305e+03,5.882352941176471e-01,48850248
8.768908495936060e+03,8.645656484796888e+03,5.882352941176471e-01,48850249
8.770494639329446e+03,8.649783265797008e+03,5.882352941176471e-01,48850251
8.772259345211799e+03,8.651909255405123e+03,5.882352941176471e-01,48850253
8.773607179527272e+03,8.649765447020812e+03,1.764705882352941e+00,48850250
8.774024051094152e+03,8.652389929614198e+03,5.882352941176471e-01,48850254
8.774202613583119e+03,8.650045682870044e+03,1.764705882352941e+00,48850252
8.775788756976505e+03,8.654247024229200e+03,5.882352941176471e-01,48850256
8.775967319465472e+03,8.654586902869268e+03,5.882352941176471e-01,48850257
8.777136591291978e+03,8.653096968965320e+03,1.176470588235294e+00,48850255
8.777553462858858e+03,8.655945407500984e+03,5.882352941176471e-01,48850258
8.777732025347825e+03,8.660183781962282e+03,5.882352941176471e-01,48850259
8.778901297174331e+03,8.661294096567339e+03,5.882352941176471e-01,48850260
8.779318168741211e+03,8.665131202599187e+03,5.882352941176471e-01,48850261
8.780666003056684e+03,8.669096888853060e+03,5.882352941176471e-01,48850263
8.781082874623564e+03,8.669126758595346e+03,5.882352941176471e-01,48850264
8.782430708939037e+03,8.669608205090410e+03,5.882352941176471e-01,48850265
8.783026142994884e+03,8.668408897652636e+03,1.764705882352941e+00,48850262
8.784195414821390e+03,8.670288580614207e+03,5.882352941176471e-01,48850267
8.784790848877237e+03,8.670522992835574e+03,5.882352941176471e-01,48850268
8.785960120703743e+03,8.671581914894357e+03,5.882352941176471e-01,48850269
8.786376992270623e+03,8.669810844689313e+03,1.764705882352941e+00,48850266
8.790084966524296e+03,8.671860271063812e+03,1.764705882352941e+00,48850270
8.791254238350802e+03,8.672507000674732e+03,1.764705882352941e+00,48850271
8.791671109917682e+03,8.673490367316346e+03,1.764705882352941e+00,48850272
8.793018944233155e+03,8.674270848982348e+03,5.882352941176471e-01,48850274
8.795200521682388e+03,8.676097079974690e+03,1.176470588235294e+00,48850275
8.795379084171355e+03,8.673637602001455e+03,1.764705882352941e+00,48850273
8.796965227564741e+03,8.678891104747442e+03,5.882352941176471e-01,48850277
8.797143790053708e+03,8.679071436012671e+03,5.882352941176471e-01,48850278
8.798313061880213e+03,8.678736152137237e+03,1.764705882352941e+00,48850276
8.798729933447093e+03,8.679108093244502e+03,5.882352941176471e-01,48850279
8.800077767762566e+03,8.679360326361693e+03,5.882352941176471e-01,48850281
8.801842473644919e+03,8.682001226226102e+03,5.882352941176471e-01,48850283
8.802259345211799e+03,8.679917071117898e+03,1.176470588235294e+00,48850282
8.802437907700766e+03,8.679184311213980e+03,1.764705882352941e+00,48850280
8.804202613583119e+03,8.683371666425806e+03,5.882352941176471e-01,48850286
8.805788756976505e+03,8.683264288307366e+03,1.176470588235294e+00,48850285
8.805967319465472e+03,8.685511702453734e+03,5.882352941176471e-01,48850287
8.807136591291978e+03,8.682483068702832e+03,1.764705882352941e+00,48850284
8.807553462858858e+03,8.685864798091824e+03,5.882352941176471e-01,48850288
8.811261437112531e+03,8.688075472414183e+03,1.764705882352941e+00,48850289
8.812430708939037e+03,8.689221589503669e+03,1.764705882352941e+00,48850290
8.812847580505917e+03,8.691085246250499e+03,1.764705882352941e+00,48850291
8.814612286388270e+03,8.696046377453044e+03,5.882352941176471e-01,48850294
8.814790848877237e+03,8.691509490757925e+03,1.176470588235294e+00,48850292
8.816376992270623e+03,8.698874221662749e+03,5.882352941176471e-01,48850295
8.817724826586096e+03,8.692465996906615e+03,1.764705882352941e+00,48850293
8.819906404035329e+03,8.699727315932779e+03,1.176470588235294e+00,48850297
8.820084966524296e+03,8.698879533804415e+03,1.764705882352941e+00,48850296
8.823018944233155e+03,8.700113425191011e+03,1.764705882352941e+00,48850298
8.823614378289002e+03,8.701915082251779e+03,1.176470588235294e+00,48850300
8.824783650115507e+03,8.701921238569111e+03,5.882352941176471e-01,48850301
8.825200521682388e+03,8.701889679221841e+03,1.764705882352941e+00,48850299
8.826548355997860e+03,8.702361724629021e+03,5.882352941176471e-01,48850303
8.827143790053708e+03,8.702063591928063e+03,1.176470588235294e+00,48850302
8.828313061880213e+03,8.703465643612609e+03,5.882352941176471e-01,48850305
8.828908495936060e+03,8.705925402381751e+03,5.882352941176471e-01,48850306
8.830077767762566e+03,8.712795334766781e+03,5.882352941176471e-01,48850307
8.830494639329446e+03,8.703419574157486e+03,1.764705882352941e+00,48850304
8.832437907700766e+03,8.713919784760512e+03,1.176470588235294e+00,48850308
8.834202613583119e+03,8.715776553751336e+03,5.882352941176471e-01,48850311
8.835371885409625e+03,8.714504510698127e+03,1.764705882352941e+00,48850309
8.835788756976505e+03,8.714722765056408e+03,1.764705882352941e+00,48850310
8.835967319465472e+03,8.715893778177815e+03,5.882352941176471e-01,48850312
8.837136591291978e+03,8.718284373458188e+03,5.882352941176471e-01,48850313
8.837553462858858e+03,8.720622036748332e+03,5.882352941176471e-01,48850314
8.837732025347825e+03,8.721389393834110e+03,5.882352941176471e-01,48850315
8.838901297174331e+03,8.723105691252620e+03,5.882352941176471e-01,48850316
8.840666003056684e+03,8.729367024975667e+03,5.882352941176471e-01,48850319
8.842430708939037e+03,8.729837020512702e+03,5.882352941176471e-01,48850320
8.842847580505917e+03,8.723660419545659e+03,1.764705882352941e+00,48850317
8.843026142994884e+03,8.725748271563901e+03,1.764705882352941e+00,48850318
8.844612286388270e+03,8.731416427541315e+03,5.882352941176471e-01,48850322
8.844790848877237e+03,8.732119210007918e+03,5.882352941176471e-01,48850323
8.846555554759590e+03,8.734299816433201e+03,5.882352941176471e-01,48850325
8.847724826586096e+03,8.730851462402859e+03,1.764705882352941e+00,48850321
8.848141698152976e+03,8.734032732709178e+03,1.176470588235294e+00,48850324
8.848320260641943e+03,8.734658060728748e+03,5.882352941176471e-01,48850326
8.849906404035329e+03,8.735545017971918e+03,5.882352941176471e-01,48850328
8.853018944233155e+03,8.735443045364299e+03,1.764705882352941e+00,48850327
8.853435815800035e+03,8.739812612379834e+03,1.176470588235294e+00,48850330
8.853614378289002e+03,8.739411665517774e+03,1.764705882352941e+00,48850329
8.854783650115507e+03,8.740187825914399e+03,5.882352941176471e-01,48850331
8.855200521682388e+03,8.740689508565579e+03,5.882352941176471e-01,48850332
8.855379084171355e+03,8.741902210424133e+03,5.882352941176471e-01,48850333
8.858313061880213e+03,8.743803200549269e+03,1.176470588235294e+00,48850334
8.860494639329446e+03,8.744385597286899e+03,1.764705882352941e+00,48850335
8.860673201818413e+03,8.744532468641985e+03,1.764705882352941e+00,48850336
8.862259345211799e+03,8.749399556295055e+03,5.882352941176471e-01,48850338
8.862437907700766e+03,8.751768262252379e+03,5.882352941176471e-01,48850339
8.863607179527272e+03,8.746318021609063e+03,1.764705882352941e+00,48850337
8.865371885409625e+03,8.757722350382620e+03,5.882352941176471e-01,48850342
8.865967319465472e+03,8.755415028491360e+03,1.176470588235294e+00,48850341
8.867553462858858e+03,8.754404178498610e+03,1.764705882352941e+00,48850340
8.869318168741211e+03,8.759605241928418e+03,5.882352941176471e-01,48850345
8.870666003056684e+03,8.757959650440597e+03,1.764705882352941e+00,48850343
8.871082874623564e+03,8.760489037156038e+03,5.882352941176471e-01,48850346
8.871261437112531e+03,8.758457773326659e+03,1.764705882352941e+00,48850344
8.872430708939037e+03,8.760966343369374e+03,5.882352941176471e-01,48850347
8.873026142994884e+03,8.762006809635099e+03,5.882352941176471e-01,48850349
8.874195414821390e+03,8.765218152460198e+03,5.882352941176471e-01,48850350
8.875960120703743e+03,8.769166963097686e+03,5.882352941176471e-01,48850352
8.876376992270623e+03,8.761477499503058e+03,1.764705882352941e+00,48850348
8.876555554759590e+03,8.765837834493430e+03,1.176470588235294e+00,48850351
8.878141698152976e+03,8.772834040221004e+03,5.882352941176471e-01,48850354
8.881254238350802e+03,8.769439906083075e+03,1.764705882352941e+00,48850353
8.881849672406649e+03,8.773843186579037e+03,1.764705882352941e+00,48850355
8.883018944233155e+03,8.774474471934541e+03,5.882352941176471e-01,48850357
8.883435815800035e+03,8.774299415094371e+03,1.764705882352941e+00,48850356
8.883614378289002e+03,8.774481129688921e+03,5.882352941176471e-01,48850358
8.884783650115507e+03,8.775578752354999e+03,5.882352941176471e-01,48850359
8.885200521682388e+03,8.775652143937506e+03,5.882352941176471e-01,48850360
8.885379084171355e+03,8.776314700324129e+03,5.882352941176471e-01,48850361
8.886965227564741e+03,8.777726724478352e+03,5.882352941176471e-01,48850363
8.887143790053708e+03,8.777802643783464e+03,5.882352941176471e-01,48850364
8.888729933447093e+03,8.779444972675157e+03,5.882352941176471e-01,48850365
8.888908495936060e+03,8.780017207153903e+03,5.882352941176471e-01,48850366
8.890077767762566e+03,8.776864392273790e+03,1.764705882352941e+00,48850362
8.892437907700766e+03,8.781347606813680e+03,1.176470588235294e+00,48850368
8.894024051094152e+03,8.781046320999718e+03,1.764705882352941e+00,48850367
8.894202613583119e+03,8.783114415721521e+03,5.882352941176471e-01,48850370
8.895371885409625e+03,8.782819362990939e+03,1.764705882352941e+00,48850369
8.895967319465472e+03,8.785025098328121e+03,5.882352941176471e-01,48850372
8.897136591291978e+03,8.785684799678439e+03,5.882352941176471e-01,48850373
8.899318168741211e+03,8.784053680055936e+03,1.764705882352941e+00,48850371
8.901261437112531e+03,8.787058839261204e+03,1.764705882352941e+00,48850374
8.902430708939037e+03,8.787364577760997e+03,1.764705882352941e+00,48850375
8.903026142994884e+03,8.788404653001410e+03,5.882352941176471e-01,48850377
8.904612286388270e+03,8.787904071573821e+03,1.764705882352941e+00,48850376
8.904790848877237e+03,8.789467384983435e+03,5.882352941176471e-01,48850379
8.906376992270623e+03,8.789871564522010e+03,5.882352941176471e-01,48850380
8.906555554759590e+03,8.791035621559335e+03,5.882352941176471e-01,48850381
8.907724826586096e+03,8.789437423043713e+03,1.764705882352941e+00,48850378
8.908141698152976e+03,8.791125568598635e+03,5.882352941176471e-01,48850382
8.908320260641943e+03,8.791884661768034e+03,5.882352941176471e-01,48850383
8.909489532468449e+03,8.792305626281492e+03,5.882352941176471e-01,48850384
8.909906404035329e+03,8.792612004716128e+03,5.882352941176471e-01,48850385
8.910084966524296e+03,8.793800623454895e+03,5.882352941176471e-01,48850386
8.911671109917682e+03,8.795161322469846e+03,5.882352941176471e-01,48850388
8.911849672406649e+03,8.795550449538417e+03,5.882352941176471e-01,48850389
8.914783650115507e+03,8.794684608563278e+03,1.764705882352941e+00,48850387
8.916548355997860e+03,8.798699208876677e+03,5.882352941176471e-01,48850392
8.916965227564741e+03,8.796035613551360e+03,1.764705882352941e+00,48850390
8.917143790053708e+03,8.797058095680147e+03,1.764705882352941e+00,48850391
8.918729933447093e+03,8.799588685882742e+03,5.882352941176471e-01,48850394
8.920494639329446e+03,8.802688634499668e+03,5.882352941176471e-01,48850396
8.921842473644919e+03,8.798921330446518e+03,1.764705882352941e+00,48850393
8.922437907700766e+03,8.802030894726217e+03,1.764705882352941e+00,48850395
8.924024051094152e+03,8.803279048967531e+03,1.176470588235294e+00,48850397
8.924202613583119e+03,8.805624578888033e+03,5.882352941176471e-01,48850399
8.925371885409625e+03,8.804972874666833e+03,1.176470588235294e+00,48850398
8.925967319465472e+03,8.807630223238354e+03,5.882352941176471e-01,48850401
8.927553462858858e+03,8.805731076255283e+03,1.176470588235294e+00,48850400
8.929318168741211e+03,8.814052431100790e+03,5.882352941176471e-01,48850404
8.930666003056684e+03,8.813472069888586e+03,1.764705882352941e+00,48850402
8.931261437112531e+03,8.813754550808603e+03,1.764705882352941e+00,48850403
8.933026142994884e+03,8.816380830496125e+03,5.882352941176471e-01,48850407
8.934612286388270e+03,8.815263092214463e+03,1.764705882352941e+00,48850405
8.934790848877237e+03,8.816494734263069e+03,5.882352941176471e-01,48850408
8.935960120703743e+03,8.816056771340547e+03,1.764705882352941e+00,48850406
8.936376992270623e+03,8.817911166857863e+03,5.882352941176471e-01,48850409
8.936555554759590e+03,8.818204550506340e+03,5.882352941176471e-01,48850410
8.937724826586096e+03,8.820941528088822e+03,5.882352941176471e-01,48850411
8.938320260641943e+03,8.822506538880089e+03,5.882352941176471e-01,48850413
8.939489532468449e+03,8.824314762179462e+03,5.882352941176471e-01,48850414
8.940084966524296e+03,8.824354752815098e+03,5.882352941176471e-01,48850415
8.941671109917682e+03,8.821397579981767e+03,1.764705882352941e+00,48850412
8.941849672406649e+03,8.825969828905669e+03,5.882352941176471e-01,48850417
8.943614378289002e+03,8.827237872632958e+03,5.882352941176471e-01,48850419
8.944783650115507e+03,8.825382284077809e+03,1.764705882352941e+00,48850416
8.945379084171355e+03,8.828070670072509e+03,5.882352941176471e-01,48850420
8.946965227564741e+03,8.826369432934512e+03,1.764705882352941e+00,48850418
8.950077767762566e+03,8.829043429808879e+03,1.764705882352941e+00,48850421
8.950673201818413e+03,8.830120389665103e+03,1.764705882352941e+00,48850422
8.951842473644919e+03,8.830736663800473e+03,5.882352941176471e-01,48850424
8.952259345211799e+03,8.830619164575916e+03,1.764705882352941e+00,48850423
8.953607179527272e+03,8.831762469246851e+03,5.882352941176471e-01,48850426
8.954024051094152e+03,8.831825532375571e+03,5.882352941176471e-01,48850427
8.955788756976505e+03,8.834241497217297e+03,5.882352941176471e-01,48850429
8.955967319465472e+03,8.831208725892009e+03,1.764705882352941e+00,48850425
8.957136591291978e+03,8.833190207580428e+03,1.176470588235294e+00,48850428
8.957553462858858e+03,8.834445238782570e+03,5.882352941176471e-01,48850430
8.957732025347825e+03,8.837197715014213e+03,5.882352941176471e-01,48850431
8.959318168741211e+03,8.838898853073334e+03,5.882352941176471e-01,48850433
8.961082874623564e+03,8.841757718754977e+03,5.882352941176471e-01,48850435
8.962430708939037e+03,8.838634499178321e+03,1.764705882352941e+00,48850432
8.962847580505917e+03,8.843156357714790e+03,5.882352941176471e-01,48850436
8.963026142994884e+03,8.839923455584585e+03,1.764705882352941e+00,48850434
8.964195414821390e+03,8.843560571873282e+03,5.882352941176471e-01,48850437
8.964612286388270e+03,8.843993974373005e+03,5.882352941176471e-01,48850438
8.966376992270623e+03,8.846596945424186e+03,5.882352941176471e-01,48850441
8.968320260641943e+03,8.845841258946207e+03,1.764705882352941e+00,48850439
8.969489532468449e+03,8.846354725774488e+03,1.764705882352941e+00,48850440
8.970084966524296e+03,8.848092536618843e+03,5.882352941176471e-01,48850443
8.971254238350802e+03,8.848515715272748e+03,5.882352941176471e-01,48850444
8.971671109917682e+03,8.847424905866830e+03,1.764705882352941e+00,48850442
8.971849672406649e+03,8.849145761864777e+03,5.882352941176471e-01,48850445
8.973018944233155e+03,8.849176737417814e+03,5.882352941176471e-01,48850446
8.973435815800035e+03,8.849790804006627e+03,5.882352941176471e-01,48850447
8.973614378289002e+03,8.854344257265767e+03,5.882352941176471e-01,48850448
8.974783650115507e+03,8.856620641068730e+03,5.882352941176471e-01,48850449
8.976548355997860e+03,8.861048906341352e+03,5.882352941176471e-01,48850452
8.976965227564741e+03,8.858468967365113e+03,1.176470588235294e+00,48850450
8.978313061880213e+03,8.861158028683418e+03,5.882352941176471e-01,48850453
8.978908495936060e+03,8.859236719684862e+03,1.764705882352941e+00,48850451
8.982259345211799e+03,8.862060783508110e+03,1.764705882352941e+00,48850454
8.982437907700766e+03,8.866026370053171e+03,1.176470588235294e+00,48850456
8.983607179527272e+03,8.864504637275160e+03,1.764705882352941e+00,48850455
8.984202613583119e+03,8.867690693559665e+03,5.882352941176471e-01,48850458
8.985371885409625e+03,8.869865590592553e+03,5.882352941176471e-01,48850459
8.985967319465472e+03,8.870506179018502e+03,5.882352941176471e-01,48850460
8.987136591291978e+03,8.872042260169167e+03,5.882352941176471e-01,48850461
8.987553462858858e+03,8.867688479581919e+03,1.764705882352941e+00,48850457
8.987732025347825e+03,8.872483115735785e+03,5.882352941176471e-01,48850462
8.988901297174331e+03,8.873840305364540e+03,5.882352941176471e-01,48850463
8.989318168741211e+03,8.874498058615539e+03,5.882352941176471e-01,48850464
8.989496731230178e+03,8.875707590199599e+03,5.882352941176471e-01,48850465
8.991082874623564e+03,8.876914261305375e+03,5.882352941176471e-01,48850467
8.993026142994884e+03,8.877662790922600e+03,1.176470588235294e+00,48850468
8.994195414821390e+03,8.876541728952288e+03,1.764705882352941e+00,48850466
8.994790848877237e+03,8.878233081116986e+03,5.882352941176471e-01,48850470
8.995960120703743e+03,8.878928445202993e+03,5.882352941176471e-01,48850471
8.996376992270623e+03,8.877927257156603e+03,1.764705882352941e+00,48850469
8.996555554759590e+03,8.880920271822404e+03,5.882352941176471e-01,48850472
8.998320260641943e+03,8.883528485547679e+03,5.882352941176471e-01,48850475
8.999489532468449e+03,8.881440241383683e+03,1.176470588235294e+00,48850473
8.999906404035329e+03,8.883036064722871e+03,1.176470588235294e+00,48850474
9.000084966524296e+03,8.886632269247285e+03,5.882352941176471e-01,48850476
9.001671109917682e+03,8.888607426684065e+03,5.882352941176471e-01,48850478
9.003435815800035e+03,8.890190195924046e+03,5.882352941176471e-01,48850480
9.004783650115507e+03,8.888207313871547e+03,1.764705882352941e+00,48850477
9.005200521682388e+03,8.893277260324040e+03,5.882352941176471e-01,48850481
9.005379084171355e+03,8.888798599626491e+03,1.764705882352941e+00,48850479
9.006548355997860e+03,8.893810677300978e+03,5.882352941176471e-01,48850482
9.006965227564741e+03,8.894100860737914e+03,5.882352941176471e-01,48850483
9.008313061880213e+03,8.894714296568233e+03,5.882352941176471e-01,48850485
9.008729933447093e+03,8.896070650202796e+03,5.882352941176471e-01,48850486
9.008908495936060e+03,8.894678026172517e+03,1.176470588235294e+00,48850484
9.010494639329446e+03,8.899091089284190e+03,5.882352941176471e-01,48850488
9.011842473644919e+03,8.898313373213165e+03,1.176470588235294e+00,48850487
9.012259345211799e+03,8.900920189428143e+03,5.882352941176471e-01,48850490
9.014024051094152e+03,8.903619714493313e+03,5.882352941176471e-01,48850492
9.014202613583119e+03,8.899317697448389e+03,1.764705882352941e+00,48850489
9.015788756976505e+03,8.905665898077430e+03,5.882352941176471e-01,48850493
9.017136591291978e+03,8.902199296276890e+03,1.764705882352941e+00,48850491
9.019496731230178e+03,8.906529001003604e+03,1.764705882352941e+00,48850494
9.021082874623564e+03,8.906559689676824e+03,1.764705882352941e+00,48850495
9.021261437112531e+03,8.907181902351620e+03,5.882352941176471e-01,48850497
9.022430708939037e+03,8.906898668257908e+03,1.764705882352941e+00,48850496
9.026376992270623e+03,8.907874062388794e+03,1.764705882352941e+00,48850498
9.026555554759590e+03,8.909163890894788e+03,1.764705882352941e+00,48850499
9.027724826586096e+03,8.911245450241214e+03,1.764705882352941e+00,48850500
9.028141698152976e+03,8.911997884969666e+03,5.882352941176471e-01,48850501
9.028320260641943e+03,8.912316570717058e+03,5.882352941176471e-01,48850502
9.029489532468449e+03,8.912593460959827e+03,5.882352941176471e-01,48850503
9.031671109917682e+03,8.912990721249547e+03,1.176470588235294e+00,48850504
9.031849672406649e+03,8.914081179162765e+03,1.176470588235294e+00,48850505
9.033435815800035e+03,8.917363185572129e+03,5.882352941176471e-01,48850507
9.034783650115507e+03,8.915224614131420e+03,1.764705882352941e+00,48850506
9.035200521682388e+03,8.924275991757275e+03,5.882352941176471e-01,48850509
9.035379084171355e+03,8.920958034590557e+03,1.176470588235294e+00,48850508
9.036548355997860e+03,8.924646425252533e+03,5.882352941176471e-01,48850510
9.038313061880213e+03,8.926671479634507e+03,5.882352941176471e-01,48850513
9.040494639329446e+03,8.925778037631352e+03,1.764705882352941e+00,48850511
9.040673201818413e+03,8.926301133853096e+03,1.764705882352941e+00,48850512
9.042259345211799e+03,8.928136266919615e+03,5.882352941176471e-01,48850515
9.042437907700766e+03,8.928642328233912e+03,5.882352941176471e-01,48850516
9.043607179527272e+03,8.927411321059185e+03,1.764705882352941e+00,48850514
9.044024051094152e+03,8.929621602901312e+03,5.882352941176471e-01,48850517
9.045371885409625e+03,8.930854255333563e+03,5.882352941176471e-01,48850519
9.047553462858858e+03,8.931682866229084e+03,1.176470588235294e+00,48850520
9.047732025347825e+03,8.930069901197332e+03,1.764705882352941e+00,48850518
9.049318168741211e+03,8.933664980741049e+03,5.882352941176471e-01,48850522
9.050666003056684e+03,8.932966631627542e+03,1.764705882352941e+00,48850521
9.051082874623564e+03,8.939169884069058e+03,5.882352941176471e-01,48850524
9.051261437112531e+03,8.936688553567816e+03,1.176470588235294e+00,48850523
9.052430708939037e+03,8.939244655057612e+03,5.882352941176471e-01,48850525
9.053026142994884e+03,8.941078925375119e+03,5.882352941176471e-01,48850527
9.054612286388270e+03,8.941065365653843e+03,1.176470588235294e+00,48850526
9.054790848877237e+03,8.942371201326543e+03,5.882352941176471e-01,48850529
9.056376992270623e+03,8.943102222534053e+03,5.882352941176471e-01,48850530
9.056555554759590e+03,8.944073693837549e+03,5.882352941176471e-01,48850531
9.057724826586096e+03,8.941407073691918e+03,1.764705882352941e+00,48850528
9.061254238350802e+03,8.947198757181348e+03,1.176470588235294e+00,48850534
9.061671109917682e+03,8.944390141084672e+03,1.764705882352941e+00,48850532
9.061849672406649e+03,8.946229729961078e+03,1.764705882352941e+00,48850533
9.063435815800035e+03,8.951846239477482e+03,5.882352941176471e-01,48850536
9.063614378289002e+03,8.953766993305854e+03,5.882352941176471e-01,48850537
9.066548355997860e+03,8.951012179375986e+03,1.764705882352941e+00,48850535
9.068313061880213e+03,8.955404865641648e+03,5.882352941176471e-01,48850540
9.068729933447093e+03,8.954057895967381e+03,1.764705882352941e+00,48850538
9.068908495936060e+03,8.955235423601652e+03,1.764705882352941e+00,48850539
9.070494639329446e+03,8.957468354791120e+03,5.882352941176471e-01,48850542
9.070673201818413e+03,8.957606910907156e+03,5.882352941176471e-01,48850543
9.072259345211799e+03,8.958048053365026e+03,5.882352941176471e-01,48850544
9.072437907700766e+03,8.958455956432259e+03,5.882352941176471e-01,48850545
9.073607179527272e+03,8.957390209317979e+03,1.764705882352941e+00,48850541
9.075371885409625e+03,8.959973935185661e+03,5.882352941176471e-01,48850548
9.077136591291978e+03,8.960898744561851e+03,5.882352941176471e-01,48850549
9.077553462858858e+03,8.958594795729591e+03,1.764705882352941e+00,48850546
9.077732025347825e+03,8.959038058099682e+03,1.764705882352941e+00,48850547
9.079318168741211e+03,8.962261736385584e+03,5.882352941176471e-01,48850551
9.081082874623564e+03,8.963508112149342e+03,5.882352941176471e-01,48850553
9.082430708939037e+03,8.962187454317455e+03,1.764705882352941e+00,48850550
9.082847580505917e+03,8.963768836125632e+03,5.882352941176471e-01,48850554
9.083026142994884e+03,8.962914346168135e+03,1.764705882352941e+00,48850552
9.084612286388270e+03,8.964171959699149e+03,5.882352941176471e-01,48850556
9.084790848877237e+03,8.964570625291760e+03,5.882352941176471e-01,48850557
9.086555554759590e+03,8.967274513280481e+03,5.882352941176471e-01,48850559
9.087724826586096e+03,8.964125531857268e+03,1.764705882352941e+00,48850555
9.088141698152976e+03,8.964589120027000e+03,1.176470588235294e+00,48850558
9.089906404035329e+03,8.971754615490879e+03,5.882352941176471e-01,48850562
9.091849672406649e+03,8.968126139184853e+03,1.764705882352941e+00,48850560
9.093018944233155e+03,8.971698377459862e+03,1.764705882352941e+00,48850561
9.094783650115507e+03,8.973684737698485e+03,5.882352941176471e-01,48850565
9.095200521682388e+03,8.972535326548716e+03,1.764705882352941e+00,48850563
9.095379084171355e+03,8.973089041386470e+03,1.176470588235294e+00,48850564
9.096548355997860e+03,8.974941217526114e+03,5.882352941176471e-01,48850566
9.096965227564741e+03,8.975195848260544e+03,5.882352941176471e-01,48850567
9.097143790053708e+03,8.975558165299313e+03,5.882352941176471e-01,48850568
9.098313061880213e+03,8.976092157889023e+03,5.882352941176471e-01,48850569
9.098729933447093e+03,8.978229442950145e+03,5.882352941176471e-01,48850570
9.098908495936060e+03,8.979661601228973e+03,5.882352941176471e-01,48850571
9.100077767762566e+03,8.979916318153097e+03,5.882352941176471e-01,48850572
9.100494639329446e+03,8.979973300341620e+03,5.882352941176471e-01,48850573
9.100673201818413e+03,8.981131383268549e+03,5.882352941176471e-01,48850574
9.102259345211799e+03,8.983578966400105e+03,5.882352941176471e-01,48850576
9.103607179527272e+03,8.982642501151158e+03,1.176470588235294e+00,48850575
9.104024051094152e+03,8.984642359968058e+03,5.882352941176471e-01,48850578
9.105967319465472e+03,8.983763543769780e+03,1.764705882352941e+00,48850577
9.107136591291978e+03,8.985595692335740e+03,1.176470588235294e+00,48850579
9.107553462858858e+03,8.988423249107287e+03,1.176470588235294e+00,48850580
9.107732025347825e+03,8.988572572076303e+03,5.882352941176471e-01,48850581
9.108901297174331e+03,8.988773998936372e+03,5.882352941176471e-01,48850582
9.109318168741211e+03,8.988957264855258e+03,5.882352941176471e-01,48850583
9.110666003056684e+03,8.990276638266090e+03,5.882352941176471e-01,48850585
9.112430708939037e+03,8.993153098895463e+03,5.882352941176471e-01,48850587
9.113026142994884e+03,8.988997107813048e+03,1.764705882352941e+00,48850584
9.114195414821390e+03,8.993188974478829e+03,5.882352941176471e-01,48850588
9.114612286388270e+03,8.991470432422859e+03,1.764705882352941e+00,48850586
9.116376992270623e+03,8.994771505877176e+03,5.882352941176471e-01,48850591
9.116555554759590e+03,8.993306934684964e+03,1.176470588235294e+00,48850589
9.118141698152976e+03,8.994834971539269e+03,5.882352941176471e-01,48850592
9.119489532468449e+03,8.994573543576022e+03,1.764705882352941e+00,48850590
9.119906404035329e+03,8.996974116784786e+03,5.882352941176471e-01,48850594
9.121254238350802e+03,8.997813182580101e+03,5.882352941176471e-01,48850595
9.121671109917682e+03,8.997872498952821e+03,5.882352941176471e-01,48850596
9.121849672406649e+03,8.995457246073513e+03,1.764705882352941e+00,48850593
9.123435815800035e+03,9.001360648428656e+03,5.882352941176471e-01,48850598
9.126548355997860e+03,8.999140934385793e+03,1.764705882352941e+00,48850597
9.127143790053708e+03,9.001492835804393e+03,1.764705882352941e+00,48850599
9.128313061880213e+03,9.002071793065008e+03,5.882352941176471e-01,48850601
9.128729933447093e+03,9.002060698921983e+03,1.764705882352941e+00,48850600
9.130077767762566e+03,9.004528791013597e+03,5.882352941176471e-01,48850603
9.130494639329446e+03,9.005479720308141e+03,5.882352941176471e-01,48850604
9.131842473644919e+03,9.005767326927428e+03,5.882352941176471e-01,48850605
9.132259345211799e+03,9.006214756258181e+03,5.882352941176471e-01,48850606
9.132437907700766e+03,9.004432492843849e+03,1.764705882352941e+00,48850602
9.134024051094152e+03,9.007460100712080e+03,5.882352941176471e-01,48850608
9.134202613583119e+03,9.008419082567274e+03,5.882352941176471e-01,48850609
9.135788756976505e+03,9.009162901550776e+03,5.882352941176471e-01,48850610
9.135967319465472e+03,9.009685626515530e+03,5.882352941176471e-01,48850611
9.137136591291978e+03,9.007310938189149e+03,1.764705882352941e+00,48850607
9.137553462858858e+03,9.011273692216798e+03,5.882352941176471e-01,48850612
9.137732025347825e+03,9.015522055667288e+03,5.882352941176471e-01,48850613
9.139496731230178e+03,9.020755282394335e+03,5.882352941176471e-01,48850616
9.142430708939037e+03,9.018659716498020e+03,1.764705882352941e+00,48850614
9.142847580505917e+03,9.019149702003927e+03,1.764705882352941e+00,48850615
9.144195414821390e+03,9.023447347911908e+03,5.882352941176471e-01,48850618
9.144790848877237e+03,9.021218919925791e+03,1.764705882352941e+00,48850617
9.146376992270623e+03,9.025028015682358e+03,1.176470588235294e+00,48850619
9.146555554759590e+03,9.025419305307564e+03,5.882352941176471e-01,48850621
9.148141698152976e+03,9.025821889014631e+03,5.882352941176471e-01,48850622
9.149489532468449e+03,9.025229762917332e+03,1.764705882352941e+00,48850620
9.149906404035329e+03,9.027058009931483e+03,5.882352941176471e-01,48850624
9.151671109917682e+03,9.028525988139456e+03,5.882352941176471e-01,48850626
9.151849672406649e+03,9.026205519477556e+03,1.764705882352941e+00,48850623
9.153018944233155e+03,9.027974477536619e+03,1.176470588235294e+00,48850625
9.153435815800035e+03,9.029356180308186e+03,5.882352941176471e-01,48850627
9.153614378289002e+03,9.029626133561578e+03,5.882352941176471e-01,48850628
9.155200521682388e+03,9.030688632722723e+03,5.882352941176471e-01,48850630
9.155379084171355e+03,9.031531082732290e+03,5.882352941176471e-01,48850631
9.157143790053708e+03,9.033972591373725e+03,5.882352941176471e-01,48850633
9.158313061880213e+03,9.030037731984929e+03,1.764705882352941e+00,48850629
9.160494639329446e+03,9.032843480549992e+03,1.764705882352941e+00,48850632
9.162259345211799e+03,9.037269100232047e+03,5.882352941176471e-01,48850636
9.162437907700766e+03,9.034940490132690e+03,1.764705882352941e+00,48850634
9.163607179527272e+03,9.035788885964263e+03,1.764705882352941e+00,48850635
9.164024051094152e+03,9.039121544316068e+03,5.882352941176471e-01,48850637
9.164202613583119e+03,9.039889249255712e+03,5.882352941176471e-01,48850638
9.165371885409625e+03,9.040580161387352e+03,5.882352941176471e-01,48850639
9.165967319465472e+03,9.043542515918526e+03,5.882352941176471e-01,48850641
9.167732025347825e+03,9.043805772667493e+03,5.882352941176471e-01,48850643
9.169318168741211e+03,9.043344464746649e+03,1.764705882352941e+00,48850640
9.169496731230178e+03,9.044282955079480e+03,5.882352941176471e-01,48850644
9.170666003056684e+03,9.043596544829331e+03,1.764705882352941e+00,48850642
9.171261437112531e+03,9.047200007197543e+03,5.882352941176471e-01,48850646
9.172430708939037e+03,9.047726543013417e+03,5.882352941176471e-01,48850647
9.174612286388270e+03,9.045933301088201e+03,1.764705882352941e+00,48850645
9.176376992270623e+03,9.055107388533102e+03,5.882352941176471e-01,48850650
9.176555554759590e+03,9.049419051755372e+03,1.764705882352941e+00,48850648
9.177724826586096e+03,9.052623620119472e+03,1.764705882352941e+00,48850649
9.178141698152976e+03,9.055381961347652e+03,5.882352941176471e-01,48850651
9.178320260641943e+03,9.055810903199982e+03,5.882352941176471e-01,48850652
9.179489532468449e+03,9.058332392403721e+03,5.882352941176471e-01,48850653
9.181254238350802e+03,9.058710319305084e+03,5.882352941176471e-01,48850656
9.181671109917682e+03,9.058557555486411e+03,1.176470588235294e+00,48850654
9.183018944233155e+03,9.059168900763313e+03,5.882352941176471e-01,48850657
9.183435815800035e+03,9.061710418440033e+03,5.882352941176471e-01,48850658
9.183614378289002e+03,9.058657091052307e+03,1.764705882352941e+00,48850655
9.184783650115507e+03,9.061744348755055e+03,5.882352941176471e-01,48850659
9.185200521682388e+03,9.061815261763378e+03,5.882352941176471e-01,48850660
9.186548355997860e+03,9.062843894416412e+03,5.882352941176471e-01,48850662
9.186965227564741e+03,9.063529455067779e+03,5.882352941176471e-01,48850663
9.188313061880213e+03,9.063626686829723e+03,5.882352941176471e-01,48850664
9.188729933447093e+03,9.064184355406731e+03,5.882352941176471e-01,48850665
9.188908495936060e+03,9.062690180341234e+03,1.764705882352941e+00,48850661
9.190077767762566e+03,9.065609105517339e+03,5.882352941176471e-01,48850666
9.190494639329446e+03,9.066100809854411e+03,5.882352941176471e-01,48850667
9.190673201818413e+03,9.069496902238866e+03,5.882352941176471e-01,48850668
9.191842473644919e+03,9.069929999098854e+03,5.882352941176471e-01,48850669
9.193607179527272e+03,9.073675560978699e+03,5.882352941176471e-01,48850672
9.195371885409625e+03,9.073918312782749e+03,5.882352941176471e-01,48850673
9.195788756976505e+03,9.072520818291752e+03,1.764705882352941e+00,48850670
9.195967319465472e+03,9.073467022684691e+03,1.764705882352941e+00,48850671
9.197732025347825e+03,9.078989400140881e+03,5.882352941176471e-01,48850676
9.199496731230178e+03,9.079251568594045e+03,5.882352941176471e-01,48850677
9.200666003056684e+03,9.074420392365193e+03,1.764705882352941e+00,48850674
9.201082874623564e+03,9.077370695298503e+03,1.764705882352941e+00,48850675
9.204790848877237e+03,9.079416938706613e+03,1.764705882352941e+00,48850678
9.205960120703743e+03,9.079657150561143e+03,1.764705882352941e+00,48850679
9.206376992270623e+03,9.079842905303473e+03,1.764705882352941e+00,48850680
9.206555554759590e+03,9.080016089439548e+03,5.882352941176471e-01,48850681
9.210084966524296e+03,9.083470820719800e+03,1.176470588235294e+00,48850684
9.211254238350802e+03,9.081213631375520e+03,1.764705882352941e+00,48850682
9.211671109917682e+03,9.083320936365813e+03,1.764705882352941e+00,48850683
9.211849672406649e+03,9.084196275229298e+03,5.882352941176471e-01,48850685
9.216548355997860e+03,9.084229204348586e+03,1.764705882352941e+00,48850686
9.216965227564741e+03,9.084469787460609e+03,1.764705882352941e+00,48850687
9.217143790053708e+03,9.085161323217223e+03,1.764705882352941e+00,48850688
9.218313061880213e+03,9.085903670118672e+03,5.882352941176471e-01,48850689
9.218729933447093e+03,9.086603971528076e+03,5.882352941176471e-01,48850690
9.220077767762566e+03,9.090118113968006e+03,5.882352941176471e-01,48850692
9.221842473644919e+03,9.092865581597077e+03,5.882352941176471e-01,48850694
9.222437907700766e+03,9.087957457340678e+03,1.764705882352941e+00,48850691
9.223607179527272e+03,9.093784462059920e+03,5.882352941176471e-01,48850695
9.224024051094152e+03,9.091418055508907e+03,1.764705882352941e+00,48850693
9.224202613583119e+03,9.094511970636096e+03,5.882352941176471e-01,48850696
9.225967319465472e+03,9.098196056708786e+03,5.882352941176471e-01,48850699
9.228901297174331e+03,9.095491955433251e+03,1.764705882352941e+00,48850697
9.229318168741211e+03,9.098176896321648e+03,1.764705882352941e+00,48850698
9.230666003056684e+03,9.102022891973415e+03,5.882352941176471e-01,48850701
9.231261437112531e+03,9.101530833185104e+03,1.764705882352941e+00,48850700
9.234612286388270e+03,9.104824463569453e+03,1.764705882352941e+00,48850702
9.235960120703743e+03,9.106399707876185e+03,1.764705882352941e+00,48850703
9.236555554759590e+03,9.106983279213397e+03,1.764705882352941e+00,48850704
9.238141698152976e+03,9.107817513779337e+03,1.176470588235294e+00,48850705
9.238320260641943e+03,9.109326698509749e+03,5.882352941176471e-01,48850707
9.240084966524296e+03,9.111704027061469e+03,5.882352941176471e-01,48850709
9.241254238350802e+03,9.107918682930508e+03,1.764705882352941e+00,48850706
9.241849672406649e+03,9.112351597806045e+03,5.882352941176471e-01,48850710
9.243435815800035e+03,9.109772837314728e+03,1.764705882352941e+00,48850708
9.243614378289002e+03,9.113651588501941e+03,5.882352941176471e-01,48850712
9.244783650115507e+03,9.113508440586380e+03,1.176470588235294e+00,48850711
9.245200521682388e+03,9.114447731286614e+03,5.882352941176471e-01,48850713
9.245379084171355e+03,9.115157262840162e+03,5.882352941176471e-01,48850714
9.246548355997860e+03,9.115598641221818e+03,5.882352941176471e-01,48850715
9.246965227564741e+03,9.116037462973513e+03,5.882352941176471e-01,48850716
9.248313061880213e+03,9.116470821008707e+03,5.882352941176471e-01,48850718
9.248729933447093e+03,9.117151990050132e+03,5.882352941176471e-01,48850719
9.250077767762566e+03,9.118076175916919e+03,5.882352941176471e-01,48850720
9.250673201818413e+03,9.116353293759731e+03,1.764705882352941e+00,48850717
9.254024051094152e+03,9.118912638165330e+03,1.764705882352941e+00,48850721
9.255371885409625e+03,9.121716215262810e+03,1.764705882352941e+00,48850722
9.255788756976505e+03,9.124136838991486e+03,5.882352941176471e-01,48850724
9.255967319465472e+03,9.123228889153369e+03,1.764705882352941e+00,48850723
9.260666003056684e+03,9.125595460706584e+03,1.764705882352941e+00,48850725
9.261082874623564e+03,9.125602283171611e+03,1.764705882352941e+00,48850726
9.261261437112531e+03,9.125789231248573e+03,1.764705882352941e+00,48850727
9.262847580505917e+03,9.129791878220571e+03,5.882352941176471e-01,48850729
9.263026142994884e+03,9.130173547378055e+03,5.882352941176471e-01,48850730
9.264195414821390e+03,9.129617288517116e+03,1.176470588235294e+00,48850728
9.264790848877237e+03,9.131048676528247e+03,5.882352941176471e-01,48850732
9.268141698152976e+03,9.130896517942992e+03,1.764705882352941e+00,48850731
9.269489532468449e+03,9.131670984786116e+03,1.764705882352941e+00,48850733
9.269906404035329e+03,9.131742950083509e+03,5.882352941176471e-01,48850735
9.270084966524296e+03,9.131727832380730e+03,1.764705882352941e+00,48850734
9.271254238350802e+03,9.134523363719375e+03,5.882352941176471e-01,48850736
9.271849672406649e+03,9.136222581424396e+03,5.882352941176471e-01,48850738
9.273018944233154e+03,9.137817387915761e+03,5.882352941176471e-01,48850739
9.275200521682388e+03,9.134825855341890e+03,1.764705882352941e+00,48850737
9.277143790053708e+03,9.139013323638248e+03,1.764705882352941e+00,48850740
9.278313061880213e+03,9.140486667877903e+03,1.764705882352941e+00,48850741
9.280077767762566e+03,9.145262133856090e+03,5.882352941176471e-01,48850744
9.280494639329446e+03,9.142646527133175e+03,1.764705882352941e+00,48850742
9.280673201818413e+03,9.143559199435673e+03,1.176470588235294e+00,48850743
9.282259345211799e+03,9.145359744402065e+03,5.882352941176471e-01,48850746
9.282437907700766e+03,9.146747497736222e+03,5.882352941176471e-01,48850747
9.283607179527272e+03,9.145310678597766e+03,1.176470588235294e+00,48850745
9.285371885409625e+03,9.149595032437457e+03,5.882352941176471e-01,48850750
9.287136591291978e+03,9.150290301591986e+03,5.882352941176471e-01,48850751
9.287553462858858e+03,9.146850274426149e+03,1.764705882352941e+00,48850748
9.287732025347825e+03,9.148120981371686e+03,1.764705882352941e+00,48850749
9.288901297174331e+03,9.151963124554580e+03,5.882352941176471e-01,48850752
9.289318168741211e+03,9.152833917037088e+03,5.882352941176471e-01,48850753
9.289496731230178e+03,9.153579598150171e+03,5.882352941176471e-01,48850754
9.290666003056684e+03,9.154736362082280e+03,5.882352941176471e-01,48850755
9.291261437112531e+03,9.154821957981445e+03,5.882352941176471e-01,48850757
9.292430708939037e+03,9.155446496570328e+03,5.882352941176471e-01,48850758
9.293026142994884e+03,9.155781332560260e+03,5.882352941176471e-01,48850759
9.294195414821390e+03,9.156264507364446e+03,5.882352941176471e-01,48850760
9.294612286388270e+03,9.154788568496731e+03,1.764705882352941e+00,48850756
9.296376992270623e+03,9.158339878927806e+03,5.882352941176471e-01,48850763
9.298141698152976e+03,9.158535909873737e+03,5.882352941176471e-01,48850764
9.298320260641943e+03,9.156342615271636e+03,1.764705882352941e+00,48850761
9.299489532468449e+03,9.157067907510794e+03,1.764705882352941e+00,48850762
9.301254238350802e+03,9.160732276533934e+03,5.882352941176471e-01,48850767
9.303018944233154e+03,9.164349797977224e+03,5.882352941176471e-01,48850768
9.303435815800035e+03,9.158590084459629e+03,1.764705882352941e+00,48850765
9.303614378289002e+03,9.159582697314370e+03,1.764705882352941e+00,48850766
9.305200521682388e+03,9.167218893608622e+03,5.882352941176471e-01,48850770
9.306548355997860e+03,9.165478966463863e+03,1.176470588235294e+00,48850769
9.308729933447093e+03,9.168912316895425e+03,1.176470588235294e+00,48850772
9.308908495936060e+03,9.168330006777596e+03,1.764705882352941e+00,48850771
9.310494639329446e+03,9.171550884918373e+03,5.882352941176471e-01,48850774
9.310673201818413e+03,9.171859084279706e+03,5.882352941176471e-01,48850775
9.311842473644919e+03,9.171072405523560e+03,1.764705882352941e+00,48850773
9.312259345211799e+03,9.172040117747264e+03,5.882352941176471e-01,48850776
9.314024051094152e+03,9.175474057456480e+03,5.882352941176471e-01,48850779
9.315788756976505e+03,9.175635917495696e+03,5.882352941176471e-01,48850780
9.315967319465472e+03,9.172942025991337e+03,1.764705882352941e+00,48850777
9.317136591291978e+03,9.174166639507772e+03,1.764705882352941e+00,48850778
9.317732025347825e+03,9.175738285858672e+03,5.882352941176471e-01,48850782
9.319496731230178e+03,9.176522394886498e+03,5.882352941176471e-01,48850784
9.321082874623564e+03,9.175730009986584e+03,1.764705882352941e+00,48850781
9.322430708939037e+03,9.175928776018806e+03,1.764705882352941e+00,48850783
9.322847580505917e+03,9.180365206835295e+03,5.882352941176471e-01,48850786
9.324195414821390e+03,9.180873265730009e+03,5.882352941176471e-01,48850787
9.324612286388270e+03,9.181867597303645e+03,5.882352941176471e-01,48850788
9.324790848877237e+03,9.179793465532711e+03,1.764705882352941e+00,48850785
9.329489532468449e+03,9.181987806506987e+03,1.764705882352941e+00,48850789
9.329906404035329e+03,9.183146804812492e+03,1.764705882352941e+00,48850790
9.330084966524296e+03,9.183218389091167e+03,1.764705882352941e+00,48850791
9.331254238350802e+03,9.183845624582368e+03,5.882352941176471e-01,48850792
9.331671109917682e+03,9.183916503897619e+03,5.882352941176471e-01,48850793
9.333018944233154e+03,9.185042548532949e+03,5.882352941176471e-01,48850795
9.335379084171355e+03,9.184952686936494e+03,1.764705882352941e+00,48850794
9.336965227564741e+03,9.185347539473768e+03,1.764705882352941e+00,48850796
9.337143790053708e+03,9.187701002431335e+03,5.882352941176471e-01,48850798
9.338313061880213e+03,9.186019000256996e+03,1.764705882352941e+00,48850797
9.338729933447093e+03,9.188884757891964e+03,5.882352941176471e-01,48850799
9.338908495936060e+03,9.189525291535526e+03,5.882352941176471e-01,48850800
9.340077767762566e+03,9.189562465110513e+03,5.882352941176471e-01,48850801
9.340494639329446e+03,9.190058966306196e+03,5.882352941176471e-01,48850802
9.340673201818413e+03,9.190624927029207e+03,5.882352941176471e-01,48850803
9.341842473644919e+03,9.192301179962169e+03,5.882352941176471e-01,48850804
9.342259345211799e+03,9.192469511918276e+03,5.882352941176471e-01,48850805
9.343607179527272e+03,9.194035367235039e+03,5.882352941176471e-01,48850807
9.344024051094152e+03,9.194158091196176e+03,5.882352941176471e-01,48850808
9.345371885409625e+03,9.194198231574161e+03,5.882352941176471e-01,48850809
9.345788756976505e+03,9.195020272632844e+03,5.882352941176471e-01,48850810
9.345967319465472e+03,9.193106280781188e+03,1.764705882352941e+00,48850806
9.347136591291978e+03,9.195091370059394e+03,5.882352941176471e-01,48850811
9.347553462858858e+03,9.196356413092877e+03,5.882352941176471e-01,48850812
9.347732025347825e+03,9.196546237430120e+03,5.882352941176471e-01,48850813
9.348901297174331e+03,9.196967590140113e+03,5.882352941176471e-01,48850814
9.349496731230178e+03,9.198240210092062e+03,5.882352941176471e-01,48850816
9.350666003056684e+03,9.198296619697992e+03,5.882352941176471e-01,48850817
9.351082874623564e+03,9.197883117399679e+03,1.176470588235294e+00,48850815
9.351261437112531e+03,9.198971212929071e+03,5.882352941176471e-01,48850818
9.352430708939037e+03,9.200560762921985e+03,5.882352941176471e-01,48850819
9.352847580505917e+03,9.202427204610751e+03,5.882352941176471e-01,48850820
9.353026142994884e+03,9.203237580717849e+03,5.882352941176471e-01,48850821
9.354195414821390e+03,9.203363489996618e+03,5.882352941176471e-01,48850822
9.354790848877237e+03,9.205701171820024e+03,5.882352941176471e-01,48850824
9.356376992270623e+03,9.204516946732975e+03,1.176470588235294e+00,48850823
9.356555554759590e+03,9.206864459970341e+03,5.882352941176471e-01,48850826
9.357724826586096e+03,9.205924968179106e+03,1.176470588235294e+00,48850825
9.358141698152976e+03,9.207790184976669e+03,5.882352941176471e-01,48850827
9.359489532468449e+03,9.212996132500626e+03,5.882352941176471e-01,48850829
9.359906404035329e+03,9.214741338087359e+03,5.882352941176471e-01,48850830
9.361849672406649e+03,9.210263040724304e+03,1.764705882352941e+00,48850828
9.363614378289002e+03,9.227586028403696e+03,5.882352941176471e-01,48850833
9.364783650115507e+03,9.217042783613355e+03,1.764705882352941e+00,48850831
9.365200521682388e+03,9.218688888309140e+03,1.764705882352941e+00,48850832
9.366548355997860e+03,9.230727518998081e+03,5.882352941176471e-01,48850835
9.368908495936060e+03,9.227799788407696e+03,1.764705882352941e+00,48850834
9.370494639329446e+03,9.230840576492706e+03,1.764705882352941e+00,48850836
9.370673201818413e+03,9.232031677775946e+03,5.882352941176471e-01,48850838
9.371842473644919e+03,9.231864621748028e+03,1.764705882352941e+00,48850837
9.372259345211799e+03,9.232077873275867e+03,5.882352941176471e-01,48850839
9.373607179527272e+03,9.235653385942712e+03,5.882352941176471e-01,48850841
9.375967319465472e+03,9.234118055537932e+03,1.764705882352941e+00,48850840
9.377553462858858e+03,9.236218413392307e+03,1.764705882352941e+00,48850842
9.378901297174331e+03,9.239406866607664e+03,1.764705882352941e+00,48850843
9.379318168741211e+03,9.242165083899629e+03,5.882352941176471e-01,48850845
9.380666003056684e+03,9.243228654863428e+03,5.882352941176471e-01,48850846
9.381082874623564e+03,9.243369628989742e+03,5.882352941176471e-01,48850847
9.381261437112531e+03,9.242112984022089e+03,1.764705882352941e+00,48850844
9.382430708939037e+03,9.244626777006479e+03,5.882352941176471e-01,48850848
9.382847580505917e+03,9.244739814376547e+03,5.882352941176471e-01,48850849
9.384195414821390e+03,9.245604342064983e+03,5.882352941176471e-01,48850851
9.384612286388270e+03,9.245634053869524e+03,5.882352941176471e-01,48850852
9.385960120703743e+03,9.246364190022384e+03,5.882352941176471e-01,48850853
9.386376992270623e+03,9.246599011392780e+03,5.882352941176471e-01,48850854
9.386555554759590e+03,9.245578206021484e+03,1.764705882352941e+00,48850850
9.387724826586096e+03,9.247828787034215e+03,5.882352941176471e-01,48850855
9.388320260641943e+03,9.248307227434015e+03,5.882352941176471e-01,48850857
9.389489532468449e+03,9.248722108014120e+03,5.882352941176471e-01,48850858
9.389906404035329e+03,9.248065326856954e+03,1.176470588235294e+00,48850856
9.390084966524296e+03,9.249552647647572e+03,5.882352941176471e-01,48850859
9.391254238350802e+03,9.249666719646297e+03,5.882352941176471e-01,48850860
9.391849672406649e+03,9.250802786838535e+03,5.882352941176471e-01,48850862
9.395200521682388e+03,9.250001978296803e+03,1.764705882352941e+00,48850861
9.396548355997860e+03,9.252556568136929e+03,1.764705882352941e+00,48850863
9.396965227564741e+03,9.254587010528807e+03,5.882352941176471e-01,48850865
9.397143790053708e+03,9.253515467968934e+03,1.764705882352941e+00,48850864
9.398313061880213e+03,9.255460854227571e+03,5.882352941176471e-01,48850866
9.398908495936060e+03,9.256230918684758e+03,5.882352941176471e-01,48850868
9.400077767762566e+03,9.256847312637284e+03,5.882352941176471e-01,48850869
9.400494639329446e+03,9.255691069601544e+03,1.176470588235294e+00,48850867
9.404024051094152e+03,9.258494636529445e+03,1.176470588235294e+00,48850872
9.404202613583119e+03,9.257172352154920e+03,1.764705882352941e+00,48850870
9.405371885409625e+03,9.257470642583852e+03,1.764705882352941e+00,48850871
9.405788756976505e+03,9.259980199416621e+03,5.882352941176471e-01,48850873
9.405967319465472e+03,9.261526468111589e+03,5.882352941176471e-01,48850874
9.407553462858858e+03,9.262636088327744e+03,5.882352941176471e-01,48850876
9.408901297174331e+03,9.262415640610547e+03,1.176470588235294e+00,48850875
9.410666003056684e+03,9.265393378686886e+03,5.882352941176471e-01,48850879
9.411261437112531e+03,9.262884066609309e+03,1.764705882352941e+00,48850877
9.412430708939037e+03,9.265534368892628e+03,5.882352941176471e-01,48850880
9.412847580505917e+03,9.262895547750900e+03,1.764705882352941e+00,48850878
9.413026142994884e+03,9.265663143742225e+03,5.882352941176471e-01,48850881
9.414195414821390e+03,9.267740386416755e+03,5.882352941176471e-01,48850882
9.415960120703743e+03,9.272859164664292e+03,5.882352941176471e-01,48850885
9.418141698152976e+03,9.269697553075012e+03,1.764705882352941e+00,48850883
9.418320260641943e+03,9.271879182912343e+03,1.764705882352941e+00,48850884
9.419906404035329e+03,9.274450132913456e+03,5.882352941176471e-01,48850887
9.421254238350802e+03,9.273946778878093e+03,1.764705882352941e+00,48850886
9.423018944233154e+03,9.274977117794074e+03,5.882352941176471e-01,48850890
9.423614378289002e+03,9.274550116209289e+03,1.764705882352941e+00,48850888
9.424783650115507e+03,9.276002909361364e+03,5.882352941176471e-01,48850891
9.425200521682388e+03,9.274603829958718e+03,1.764705882352941e+00,48850889
9.425379084171355e+03,9.276403286923283e+03,5.882352941176471e-01,48850892
9.426548355997860e+03,9.276910941156475e+03,5.882352941176471e-01,48850893
9.426965227564741e+03,9.278673913937883e+03,5.882352941176471e-01,48850894
9.427143790053708e+03,9.279722903223187e+03,5.882352941176471e-01,48850895
9.428313061880213e+03,9.279975638918050e+03,5.882352941176471e-01,48850896
9.428729933447093e+03,9.280132335073651e+03,5.882352941176471e-01,48850897
9.430494639329446e+03,9.282458096487581e+03,5.882352941176471e-01,48850900
9.432437907700766e+03,9.280376425489969e+03,1.764705882352941e+00,48850898
9.433607179527272e+03,9.282258010799683e+03,1.764705882352941e+00,48850899
9.435371885409625e+03,9.285482103078689e+03,5.882352941176471e-01,48850903
9.435788756976505e+03,9.283008893105992e+03,1.764705882352941e+00,48850901
9.435967319465472e+03,9.283916662494388e+03,1.176470588235294e+00,48850902
9.437136591291978e+03,9.285885696001917e+03,5.882352941176471e-01,48850904
9.437553462858858e+03,9.286819726577241e+03,5.882352941176471e-01,48850905
9.438901297174331e+03,9.291836229379930e+03,5.882352941176471e-01,48850907
9.439318168741211e+03,9.291904863522010e+03,5.882352941176471e-01,48850908
9.440666003056684e+03,9.292981572642001e+03,5.882352941176471e-01,48850909
9.441082874623564e+03,9.295530710658909e+03,5.882352941176471e-01,48850910
9.441261437112531e+03,9.291230391471734e+03,1.764705882352941e+00,48850906
9.442430708939037e+03,9.296070040127792e+03,5.882352941176471e-01,48850911
9.442847580505917e+03,9.296161043425645e+03,5.882352941176471e-01,48850912
9.444612286388270e+03,9.300390028413878e+03,5.882352941176471e-01,48850915
9.446376992270623e+03,9.300763156052626e+03,5.882352941176471e-01,48850916
9.446555554759590e+03,9.298342620797166e+03,1.764705882352941e+00,48850913
9.447724826586096e+03,9.298442795845118e+03,1.764705882352941e+00,48850914
9.448141698152976e+03,9.301150079173138e+03,5.882352941176471e-01,48850917
9.451254238350802e+03,9.305025590546281e+03,1.176470588235294e+00,48850919
9.451849672406649e+03,9.303861034458095e+03,1.764705882352941e+00,48850918
9.453435815800035e+03,9.306957605084720e+03,1.764705882352941e+00,48850920
9.453614378289002e+03,9.307713338966756e+03,5.882352941176471e-01,48850922
9.454783650115507e+03,9.307128421149835e+03,1.176470588235294e+00,48850921
9.455200521682388e+03,9.307739955441654e+03,5.882352941176471e-01,48850923
9.456965227564741e+03,9.310545515093623e+03,5.882352941176471e-01,48850926
9.458908495936060e+03,9.309950006188165e+03,1.764705882352941e+00,48850924
9.460077767762566e+03,9.310291393239594e+03,1.764705882352941e+00,48850925
9.460673201818413e+03,9.311108944517066e+03,5.882352941176471e-01,48850928
9.462259345211799e+03,9.311041451891663e+03,1.764705882352941e+00,48850927
9.462437907700766e+03,9.313011971852531e+03,5.882352941176471e-01,48850930
9.464024051094152e+03,9.314100059886764e+03,5.882352941176471e-01,48850931
9.464202613583119e+03,9.314223076483791e+03,5.882352941176471e-01,48850932
9.465371885409625e+03,9.312601759070122e+03,1.764705882352941e+00,48850929
9.467136591291978e+03,9.318096543387709e+03,5.882352941176471e-01,48850935
9.468901297174331e+03,9.318341055017753e+03,5.882352941176471e-01,48850936
9.469318168741211e+03,9.317602728386026e+03,1.764705882352941e+00,48850933
9.469496731230178e+03,9.317996212352995e+03,1.764705882352941e+00,48850934
9.470666003056684e+03,9.318813582817615e+03,5.882352941176471e-01,48850937
9.471261437112531e+03,9.319139854977497e+03,5.882352941176471e-01,48850939
9.472430708939037e+03,9.319229655129141e+03,5.882352941176471e-01,48850940
9.474195414821390e+03,9.321783279059281e+03,5.882352941176471e-01,48850942
9.474612286388270e+03,9.318901737633111e+03,1.764705882352941e+00,48850938
9.474790848877237e+03,9.320165180986443e+03,1.176470588235294e+00,48850941
9.476376992270623e+03,9.322575119186435e+03,5.882352941176471e-01,48850944
9.477724826586096e+03,9.322536033992415e+03,1.176470588235294e+00,48850943
9.478141698152976e+03,9.324219616518034e+03,5.882352941176471e-01,48850946
9.478320260641943e+03,9.322668090023512e+03,1.176470588235294e+00,48850945
9.479906404035329e+03,9.325212907126398e+03,5.882352941176471e-01,48850948
9.483018944233154e+03,9.324854803534889e+03,1.764705882352941e+00,48850947
9.483435815800035e+03,9.328117485736324e+03,1.176470588235294e+00,48850950
9.483614378289002e+03,9.328051782874716e+03,1.764705882352941e+00,48850949
9.484783650115507e+03,9.328247497797135e+03,5.882352941176471e-01,48850951
9.485200521682388e+03,9.328469235560153e+03,5.882352941176471e-01,48850952
9.486548355997860e+03,9.330499373540371e+03,5.882352941176471e-01,48850954
9.486965227564741e+03,9.331221999653113e+03,5.882352941176471e-01,48850955
9.488729933447093e+03,9.334465709190528e+03,5.882352941176471e-01,48850957
9.488908495936060e+03,9.329991500241753e+03,1.764705882352941e+00,48850953
9.490077767762566e+03,9.333736809720651e+03,1.176470588235294e+00,48850956
9.490494639329446e+03,9.334602299815782e+03,5.882352941176471e-01,48850958
9.490673201818413e+03,9.335728281215024e+03,5.882352941176471e-01,48850959
9.491842473644919e+03,9.335886065380779e+03,5.882352941176471e-01,48850960
9.492259345211799e+03,9.336999838408009e+03,5.882352941176471e-01,48850961
9.492437907700766e+03,9.338176547525205e+03,5.882352941176471e-01,48850962
9.493607179527272e+03,9.338819560743837e+03,5.882352941176471e-01,48850963
9.494024051094152e+03,9.339428783124696e+03,5.882352941176471e-01,48850964
9.494202613583119e+03,9.339439334121583e+03,5.882352941176471e-01,48850965
9.495371885409625e+03,9.340408503175084e+03,5.882352941176471e-01,48850966
9.495967319465472e+03,9.341138425532719e+03,5.882352941176471e-01,48850968
9.497136591291978e+03,9.343861878558431e+03,5.882352941176471e-01,48850969
9.497732025347825e+03,9.344241127485179e+03,5.882352941176471e-01,48850970
9.498901297174331e+03,9.345187143975857e+03,5.882352941176471e-01,48850971
9.499318168741211e+03,9.340734888966185e+03,1.764705882352941e+00,48850967
9.499496731230178e+03,9.346235121344852e+03,5.882352941176471e-01,48850972
9.504195414821390e+03,9.347696121304707e+03,1.764705882352941e+00,48850973
9.504612286388270e+03,9.347882479757512e+03,1.764705882352941e+00,48850974
9.504790848877237e+03,9.350394159991005e+03,1.764705882352941e+00,48850975
9.508320260641943e+03,9.354602415042114e+03,1.176470588235294e+00,48850978
9.509489532468449e+03,9.352905453810521e+03,1.764705882352941e+00,48850976
9.509906404035329e+03,9.353071290269570e+03,1.764705882352941e+00,48850977
9.510084966524296e+03,9.355160133022603e+03,5.882352941176471e-01,48850979
9.511849672406649e+03,9.356026248024655e+03,5.882352941176471e-01,48850982
9.514783650115507e+03,9.355400164419553e+03,1.764705882352941e+00,48850980
9.515200521682388e+03,9.355898769258389e+03,1.764705882352941e+00,48850981
9.516548355997860e+03,9.357707991596149e+03,5.882352941176471e-01,48850984
9.516965227564741e+03,9.358814477411614e+03,5.882352941176471e-01,48850985
9.517143790053708e+03,9.356090105930505e+03,1.764705882352941e+00,48850983
9.518729933447093e+03,9.360080164158436e+03,5.882352941176471e-01,48850987
9.520494639329446e+03,9.362948502996137e+03,5.882352941176471e-01,48850989
9.521842473644919e+03,9.359692805064202e+03,1.764705882352941e+00,48850986
9.522259345211799e+03,9.364350071093508e+03,5.882352941176471e-01,48850990
9.522437907700766e+03,9.360446900878111e+03,1.764705882352941e+00,48850988
9.523607179527272e+03,9.365662993770430e+03,5.882352941176471e-01,48850991
9.524024051094152e+03,9.365958025404261e+03,5.882352941176471e-01,48850992
9.524202613583119e+03,9.368261678647812e+03,5.882352941176471e-01,48850993
9.525371885409625e+03,9.369919453863688e+03,5.882352941176471e-01,48850994
9.525788756976505e+03,9.372139219267951e+03,5.882352941176471e-01,48850995
9.525967319465472e+03,9.375747859289183e+03,5.882352941176471e-01,48850996
9.527136591291978e+03,9.377129306705138e+03,5.882352941176471e-01,48850997
9.527553462858858e+03,9.377543037617017e+03,5.882352941176471e-01,48850998
9.527732025347825e+03,9.378065510062758e+03,5.882352941176471e-01,48850999
9.529318168741211e+03,9.379066578442206e+03,5.882352941176471e-01,48851001
9.529496731230178e+03,9.380100118735015e+03,5.882352941176471e-01,48851002
9.530666003056684e+03,9.378599084935734e+03,1.176470588235294e+00,48851000
9.531261437112531e+03,9.382176363956014e+03,5.882352941176471e-01,48851004
9.534612286388270e+03,9.380528781178641e+03,1.764705882352941e+00,48851003
9.535960120703743e+03,9.384339975625704e+03,1.764705882352941e+00,48851005
9.536376992270623e+03,9.386393771800654e+03,5.882352941176471e-01,48851007
9.536555554759590e+03,9.386236619817106e+03,1.764705882352941e+00,48851006
9.537724826586096e+03,9.386709218143362e+03,5.882352941176471e-01,48851008
9.538141698152976e+03,9.389720201731693e+03,5.882352941176471e-01,48851009
9.538320260641943e+03,9.391708450366609e+03,5.882352941176471e-01,48851010
9.539489532468449e+03,9.392120969943924e+03,5.882352941176471e-01,48851011
9.539906404035329e+03,9.393039969728751e+03,5.882352941176471e-01,48851012
9.540084966524296e+03,9.393223467163309e+03,5.882352941176471e-01,48851013
9.541254238350802e+03,9.393613509661071e+03,5.882352941176471e-01,48851014
9.541671109917682e+03,9.393957994037754e+03,5.882352941176471e-01,48851015
9.541849672406649e+03,9.395940362569471e+03,5.882352941176471e-01,48851016
9.543018944233154e+03,9.397552014855573e+03,5.882352941176471e-01,48851017
9.543435815800035e+03,9.398630442872321e+03,5.882352941176471e-01,48851018
9.543614378289002e+03,9.399051244899817e+03,5.882352941176471e-01,48851019
9.545200521682388e+03,9.400651125099301e+03,5.882352941176471e-01,48851021
9.545379084171355e+03,9.400837568524956e+03,5.882352941176471e-01,48851022
9.546965227564741e+03,9.403317448049261e+03,5.882352941176471e-01,48851023
9.547143790053708e+03,9.404703794910955e+03,5.882352941176471e-01,48851024
9.548313061880213e+03,9.399726988755023e+03,1.764705882352941e+00,48851020
9.548729933447093e+03,9.404767096932755e+03,5.882352941176471e-01,48851025
9.548908495936060e+03,9.404928676508865e+03,5.882352941176471e-01,48851026
9.550673201818413e+03,9.408096578014317e+03,5.882352941176471e-01,48851029
9.553607179527272e+03,9.405364309254422e+03,1.764705882352941e+00,48851027
9.554024051094152e+03,9.405735963701014e+03,1.764705882352941e+00,48851028
9.554202613583119e+03,9.408210500048961e+03,1.176470588235294e+00,48851030
9.555788756976505e+03,9.411203523850521e+03,5.882352941176471e-01,48851032
9.555967319465472e+03,9.412752308338273e+03,5.882352941176471e-01,48851033
9.557136591291978e+03,9.409309080282084e+03,1.176470588235294e+00,48851031
9.557553462858858e+03,9.412752312456647e+03,5.882352941176471e-01,48851034
9.558901297174331e+03,9.413099308581924e+03,5.882352941176471e-01,48851036
9.559318168741211e+03,9.413590641454586e+03,5.882352941176471e-01,48851037
9.560666003056684e+03,9.413665737341838e+03,5.882352941176471e-01,48851038
9.561082874623564e+03,9.414626235644971e+03,5.882352941176471e-01,48851039
9.561261437112531e+03,9.412874171296040e+03,1.764705882352941e+00,48851035
9.562430708939037e+03,9.414643883793932e+03,5.882352941176471e-01,48851040
9.562847580505917e+03,9.414659767086101e+03,5.882352941176471e-01,48851041
9.566555554759590e+03,9.414696938356486e+03,1.764705882352941e+00,48851042
9.567724826586096e+03,9.414867942787027e+03,1.764705882352941e+00,48851043
9.568141698152976e+03,9.415803562265949e+03,1.764705882352941e+00,48851044
9.568320260641943e+03,9.416288456941705e+03,5.882352941176471e-01,48851045
9.569906404035329e+03,9.416928332886697e+03,5.882352941176471e-01,48851047
9.573018944233154e+03,9.416725295987071e+03,1.764705882352941e+00,48851046
9.573435815800035e+03,9.417177182002551e+03,1.176470588235294e+00,48851049
9.573614378289002e+03,9.417102205714877e+03,1.764705882352941e+00,48851048
9.575200521682388e+03,9.421789574371655e+03,5.882352941176471e-01,48851051
9.575379084171355e+03,9.422798488835961e+03,5.882352941176471e-01,48851052
9.576965227564741e+03,9.423646519031805e+03,5.882352941176471e-01,48851053
9.577143790053708e+03,9.424407361405114e+03,5.882352941176471e-01,48851054
9.578313061880213e+03,9.418593040355705e+03,1.764705882352941e+00,48851050
9.582259345211799e+03,9.424801472761721e+03,1.764705882352941e+00,48851055
9.582437907700766e+03,9.427999865435643e+03,1.764705882352941e+00,48851056
9.583607179527272e+03,9.428067626795644e+03,1.764705882352941e+00,48851057
9.584202613583119e+03,9.429049175165706e+03,5.882352941176471e-01,48851059
9.585371885409625e+03,9.431564965076051e+03,5.882352941176471e-01,48851060
9.585967319465472e+03,9.432191677049545e+03,5.882352941176471e-01,48851061
9.587136591291978e+03,9.432260203941031e+03,5.882352941176471e-01,48851062
9.587553462858858e+03,9.428932638358835e+03,1.764705882352941e+00,48851058
9.588901297174331e+03,9.434433294638590e+03,5.882352941176471e-01,48851064
9.589318168741211e+03,9.435450574135980e+03,5.882352941176471e-01,48851065
9.590666003056684e+03,9.437031919330662e+03,5.882352941176471e-01,48851066
9.591261437112531e+03,9.434342069753798e+03,1.764705882352941e+00,48851063
9.592430708939037e+03,9.440986617426078e+03,5.882352941176471e-01,48851068
9.592847580505917e+03,9.440090963064423e+03,1.176470588235294e+00,48851067
9.593026142994884e+03,9.442549546541356e+03,5.882352941176471e-01,48851069
9.596376992270623e+03,9.444046889521039e+03,1.176470588235294e+00,48851071
9.597724826586096e+03,9.442743286174852e+03,1.764705882352941e+00,48851070
9.598141698152976e+03,9.446403182937102e+03,5.882352941176471e-01,48851073
9.598320260641943e+03,9.444915538613994e+03,1.764705882352941e+00,48851072
9.603018944233154e+03,9.447335148250079e+03,1.764705882352941e+00,48851074
9.603435815800035e+03,9.449837116397131e+03,1.764705882352941e+00,48851075
9.603614378289002e+03,9.452322002002020e+03,1.764705882352941e+00,48851076
9.605200521682388e+03,9.458094214557887e+03,5.882352941176471e-01,48851078
9.606548355997860e+03,9.456077325671259e+03,1.176470588235294e+00,48851077
9.607143790053708e+03,9.459018313644601e+03,1.176470588235294e+00,48851079
9.608908495936060e+03,9.464426102145027e+03,5.882352941176471e-01,48851082
9.610494639329446e+03,9.460673881253299e+03,1.764705882352941e+00,48851080
9.610673201818413e+03,9.466348590382903e+03,5.882352941176471e-01,48851083
9.611842473644919e+03,9.461023024404264e+03,1.764705882352941e+00,48851081
9.612259345211799e+03,9.468551053360479e+03,5.882352941176471e-01,48851084
9.613607179527272e+03,9.474225500435767e+03,5.882352941176471e-01,48851086
9.614024051094152e+03,9.475708403702424e+03,5.882352941176471e-01,48851087
9.615371885409625e+03,9.476014285031640e+03,5.882352941176471e-01,48851088
9.615788756976505e+03,9.476568656822734e+03,5.882352941176471e-01,48851089
9.615967319465472e+03,9.472383371911781e+03,1.764705882352941e+00,48851085
9.617136591291978e+03,9.478427652674124e+03,5.882352941176471e-01,48851090
9.617732025347825e+03,9.479777358738329e+03,5.882352941176471e-01,48851092
9.618901297174331e+03,9.480410649865862e+03,5.882352941176471e-01,48851093
9.620666003056684e+03,9.481670022182249e+03,5.882352941176471e-01,48851095
9.621082874623564e+03,9.479752298206819e+03,1.764705882352941e+00,48851091
9.623026142994884e+03,9.481332605540547e+03,1.764705882352941e+00,48851094
9.624612286388270e+03,9.484945925339285e+03,1.176470588235294e+00,48851097
9.624790848877237e+03,9.485350013641842e+03,5.882352941176471e-01,48851098
9.625960120703743e+03,9.483537577410729e+03,1.764705882352941e+00,48851096
9.626376992270623e+03,9.485558512790146e+03,5.882352941176471e-01,48851099
9.627724826586096e+03,9.489710851828881e+03,5.882352941176471e-01,48851101
9.628141698152976e+03,9.491663572156399e+03,5.882352941176471e-01,48851102
9.629489532468449e+03,9.493182209955826e+03,5.882352941176471e-01,48851103
9.630084966524296e+03,9.488590565081032e+03,1.764705882352941e+00,48851100
9.631254238350802e+03,9.497744484201017e+03,5.882352941176471e-01,48851105
9.631849672406649e+03,9.500220584173520e+03,5.882352941176471e-01,48851106
9.633018944233155e+03,9.500453018620757e+03,5.882352941176471e-01,48851107
9.633435815800035e+03,9.494601882582467e+03,1.764705882352941e+00,48851104
9.633614378289002e+03,9.501277858345681e+03,5.882352941176471e-01,48851108
9.635200521682388e+03,9.501706213455294e+03,5.882352941176471e-01,48851110
9.636965227564741e+03,9.503483046860386e+03,5.882352941176471e-01,48851112
9.638313061880213e+03,9.501677099462035e+03,1.764705882352941e+00,48851109
9.638908495936060e+03,9.503108563426926e+03,1.764705882352941e+00,48851111
9.640077767762566e+03,9.508247537137490e+03,5.882352941176471e-01,48851114
9.640673201818413e+03,9.509442110565179e+03,5.882352941176471e-01,48851115
9.641842473644919e+03,9.509567424555916e+03,5.882352941176471e-01,48851116
9.642259345211799e+03,9.507049329066662e+03,1.764705882352941e+00,48851113
9.644024051094152e+03,9.513192536938380e+03,5.882352941176471e-01,48851119
9.644202613583119e+03,9.511844561961843e+03,1.176470588235294e+00,48851117
9.645967319465472e+03,9.513761010976809e+03,5.882352941176471e-01,48851121
9.647136591291978e+03,9.512336515219489e+03,1.764705882352941e+00,48851118
9.647732025347825e+03,9.515517836293647e+03,5.882352941176471e-01,48851122
9.648901297174331e+03,9.516630709793861e+03,5.882352941176471e-01,48851123
9.649318168741211e+03,9.513374993405329e+03,1.764705882352941e+00,48851120
9.650666003056684e+03,9.517871408885632e+03,5.882352941176471e-01,48851125
9.651261437112531e+03,9.516757099611483e+03,1.176470588235294e+00,48851124
9.652430708939037e+03,9.520012769704811e+03,5.882352941176471e-01,48851127
9.653026142994884e+03,9.521495117389500e+03,5.882352941176471e-01,48851128
9.654612286388270e+03,9.519239382974514e+03,1.764705882352941e+00,48851126
9.656376992270623e+03,9.527587324973973e+03,5.882352941176471e-01,48851131
9.656555554759590e+03,9.525030615843432e+03,1.176470588235294e+00,48851130
9.657724826586096e+03,9.524104672870741e+03,1.764705882352941e+00,48851129
9.658141698152976e+03,9.527693493449862e+03,5.882352941176471e-01,48851132
9.658320260641943e+03,9.530375828425214e+03,5.882352941176471e-01,48851133
9.659906404035329e+03,9.531774721332934e+03,5.882352941176471e-01,48851135
9.660084966524296e+03,9.531997687172407e+03,5.882352941176471e-01,48851136
9.661671109917682e+03,9.533765239062276e+03,5.882352941176471e-01,48851137
9.661849672406649e+03,9.536493035288918e+03,5.882352941176471e-01,48851138
9.663018944233154e+03,9.531719807002908e+03,1.764705882352941e+00,48851134
9.663435815800035e+03,9.537145116723815e+03,5.882352941176471e-01,48851139
9.664783650115507e+03,9.538931705546591e+03,5.882352941176471e-01,48851141
9.666548355997860e+03,9.541979883260846e+03,5.882352941176471e-01,48851143
9.667143790053708e+03,9.538028427180160e+03,1.764705882352941e+00,48851140
9.668729933447093e+03,9.541446027059432e+03,1.764705882352941e+00,48851142
9.668908495936060e+03,9.542332069910360e+03,5.882352941176471e-01,48851145
9.670673201818413e+03,9.542825439739865e+03,5.882352941176471e-01,48851147
9.671842473644919e+03,9.541983413887591e+03,1.764705882352941e+00,48851144
9.674024051094152e+03,9.542711313291961e+03,1.764705882352941e+00,48851146
9.675371885409625e+03,9.547166700777385e+03,1.176470588235294e+00,48851149
9.675788756976505e+03,9.547210139475066e+03,5.882352941176471e-01,48851150
9.675967319465472e+03,9.542855275578760e+03,1.764705882352941e+00,48851148
9.677553462858858e+03,9.547991762215126e+03,5.882352941176471e-01,48851152
9.677732025347825e+03,9.549301767419750e+03,5.882352941176471e-01,48851153
9.678901297174331e+03,9.547538667142120e+03,1.176470588235294e+00,48851151
9.679318168741211e+03,9.549726292017459e+03,5.882352941176471e-01,48851154
9.679496731230178e+03,9.550295419806003e+03,5.882352941176471e-01,48851155
9.680666003056684e+03,9.551081560207278e+03,5.882352941176471e-01,48851156
9.681082874623564e+03,9.556274528609650e+03,5.882352941176471e-01,48851157
9.682847580505917e+03,9.560892759753687e+03,5.882352941176471e-01,48851160
9.683026142994884e+03,9.556550374763692e+03,1.176470588235294e+00,48851158
9.684612286388270e+03,9.561486983992026e+03,5.882352941176471e-01,48851161
9.685960120703743e+03,9.558541927031945e+03,1.764705882352941e+00,48851159
9.686376992270623e+03,9.563733813510775e+03,5.882352941176471e-01,48851163
9.687724826586096e+03,9.564801589132484e+03,5.882352941176471e-01,48851164
9.688141698152976e+03,9.566690622761611e+03,5.882352941176471e-01,48851165
9.688320260641943e+03,9.562297998466098e+03,1.764705882352941e+00,48851162
9.690084966524296e+03,9.569015138749932e+03,5.882352941176471e-01,48851168
9.691254238350802e+03,9.567246250701754e+03,1.176470588235294e+00,48851166
9.691849672406649e+03,9.572001189836663e+03,5.882352941176471e-01,48851169
9.693435815800035e+03,9.567496771327659e+03,1.764705882352941e+00,48851167
9.695200521682388e+03,9.574687482181339e+03,5.882352941176471e-01,48851172
9.696548355997860e+03,9.572761727251469e+03,1.764705882352941e+00,48851170
9.697143790053708e+03,9.574367407059637e+03,1.764705882352941e+00,48851171
9.698313061880213e+03,9.579552570208238e+03,5.882352941176471e-01,48851174
9.698908495936060e+03,9.581589551382788e+03,5.882352941176471e-01,48851175
9.700077767762566e+03,9.581967450089178e+03,5.882352941176471e-01,48851176
9.700494639329446e+03,9.577507492850644e+03,1.764705882352941e+00,48851173
9.700673201818413e+03,9.585436061400916e+03,5.882352941176471e-01,48851177
9.701842473644919e+03,9.586021783623981e+03,5.882352941176471e-01,48851178
9.703607179527272e+03,9.588703981336407e+03,5.882352941176471e-01,48851181
9.704202613583119e+03,9.586893317031142e+03,1.176470588235294e+00,48851180
9.705788756976505e+03,9.586583244140951e+03,1.764705882352941e+00,48851179
9.705967319465472e+03,9.589571355663714e+03,5.882352941176471e-01,48851183
9.707732025347825e+03,9.592466141318260e+03,5.882352941176471e-01,48851185
9.708901297174331e+03,9.589451632628152e+03,1.764705882352941e+00,48851182
9.709318168741211e+03,9.590340039457959e+03,1.176470588235294e+00,48851184
9.711082874623564e+03,9.595704863062948e+03,5.882352941176471e-01,48851188
9.713026142994884e+03,9.594223751934971e+03,1.764705882352941e+00,48851186
9.714195414821390e+03,9.595013299773152e+03,1.764705882352941e+00,48851187
9.714790848877237e+03,9.597680274852446e+03,5.882352941176471e-01,48851190
9.716376992270623e+03,9.596442713790676e+03,1.764705882352941e+00,48851189
9.716555554759590e+03,9.598549243602389e+03,5.882352941176471e-01,48851192
9.718141698152976e+03,9.598556579402013e+03,5.882352941176471e-01,48851193
9.718320260641943e+03,9.600978456236158e+03,5.882352941176471e-01,48851194
9.719489532468449e+03,9.598023816316611e+03,1.764705882352941e+00,48851191
9.719906404035329e+03,9.601454303859442e+03,5.882352941176471e-01,48851195
9.720084966524296e+03,9.605357575609950e+03,5.882352941176471e-01,48851196
9.721254238350802e+03,9.606816408495887e+03,5.882352941176471e-01,48851197
9.721671109917682e+03,9.607070526146876e+03,5.882352941176471e-01,48851198
9.721849672406649e+03,9.607840606475664e+03,5.882352941176471e-01,48851199
9.723018944233154e+03,9.608030750307260e+03,5.882352941176471e-01,48851200
9.723435815800035e+03,9.609631238029721e+03,5.882352941176471e-01,48851201
9.725200521682388e+03,9.611700968809209e+03,5.882352941176471e-01,48851204
9.725379084171355e+03,9.610455601460951e+03,1.176470588235294e+00,48851202
9.727143790053708e+03,9.612940889417145e+03,5.882352941176471e-01,48851206
9.728313061880213e+03,9.611208953008104e+03,1.764705882352941e+00,48851203
9.728908495936060e+03,9.614412229599170e+03,5.882352941176471e-01,48851207
9.730077767762566e+03,9.614528708325493e+03,5.882352941176471e-01,48851208
9.730494639329446e+03,9.612158594093161e+03,1.764705882352941e+00,48851205
9.730673201818413e+03,9.616270395437984e+03,5.882352941176471e-01,48851209
9.731842473644919e+03,9.617517141174776e+03,5.882352941176471e-01,48851210
9.732437907700766e+03,9.619077124848005e+03,5.882352941176471e-01,48851212
9.734024051094152e+03,9.618151430269328e+03,1.176470588235294e+00,48851211
9.734202613583119e+03,9.620189542020873e+03,5.882352941176471e-01,48851214
9.735788756976505e+03,9.620475902066752e+03,5.882352941176471e-01,48851215
9.735967319465472e+03,9.621012249911486e+03,5.882352941176471e-01,48851216
9.737136591291978e+03,9.619760540475571e+03,1.764705882352941e+00,48851213
9.737553462858858e+03,9.622371189556963e+03,5.882352941176471e-01,48851217
9.739318168741211e+03,9.624182234233305e+03,5.882352941176471e-01,48851220
9.739496731230178e+03,9.623253619868186e+03,1.176470588235294e+00,48851218
9.741082874623564e+03,9.625105478615860e+03,5.882352941176471e-01,48851221
9.741261437112531e+03,9.625170640159304e+03,5.882352941176471e-01,48851222
9.742430708939037e+03,9.623815323764941e+03,1.764705882352941e+00,48851219
9.744195414821390e+03,9.626441731837637e+03,5.882352941176471e-01,48851225
9.744612286388270e+03,9.625660553448055e+03,1.176470588235294e+00,48851223
9.745960120703743e+03,9.627644687459930e+03,5.882352941176471e-01,48851226
9.746376992270623e+03,9.628140229119147e+03,5.882352941176471e-01,48851227
9.746555554759590e+03,9.625821281355031e+03,1.764705882352941e+00,48851224
9.747724826586096e+03,9.629383468777761e+03,5.882352941176471e-01,48851228
9.748320260641943e+03,9.634601314134820e+03,5.882352941176471e-01,48851230
9.750084966524296e+03,9.636545698965917e+03,5.882352941176471e-01,48851232
9.751671109917682e+03,9.634584447251256e+03,1.764705882352941e+00,48851229
9.751849672406649e+03,9.637145977991813e+03,5.882352941176471e-01,48851233
9.753018944233155e+03,9.636035382924068e+03,1.764705882352941e+00,48851231
9.753614378289002e+03,9.638200640740708e+03,5.882352941176471e-01,48851235
9.754783650115507e+03,9.638494196592407e+03,5.882352941176471e-01,48851236
9.755379084171355e+03,9.638977659569550e+03,5.882352941176471e-01,48851237
9.756548355997860e+03,9.640065838044112e+03,5.882352941176471e-01,48851238
9.756965227564741e+03,9.637617103559314e+03,1.764705882352941e+00,48851234
9.757143790053708e+03,9.640655493898569e+03,5.882352941176471e-01,48851239
9.758908495936060e+03,9.642484219669255e+03,5.882352941176471e-01,48851242
9.760494639329446e+03,9.642159161898022e+03,1.176470588235294e+00,48851241
9.761842473644919e+03,9.641529040407072e+03,1.764705882352941e+00,48851240
9.762437907700766e+03,9.642695977286727e+03,1.176470588235294e+00,48851243
9.764202613583119e+03,9.645874470153952e+03,5.882352941176471e-01,48851246
9.765788756976505e+03,9.645080098008921e+03,1.764705882352941e+00,48851244
9.765967319465472e+03,9.648310016405952e+03,5.882352941176471e-01,48851247
9.767136591291978e+03,9.645222264040237e+03,1.764705882352941e+00,48851245
9.767553462858858e+03,9.648827598541679e+03,5.882352941176471e-01,48851248
9.771261437112531e+03,9.649607510546272e+03,1.764705882352941e+00,48851249
9.772430708939037e+03,9.652275902961275e+03,1.764705882352941e+00,48851250
9.772847580505917e+03,9.653260033453053e+03,1.764705882352941e+00,48851251
9.773026142994884e+03,9.653270794317818e+03,5.882352941176471e-01,48851252
9.774195414821390e+03,9.653678945210828e+03,5.882352941176471e-01,48851253
9.774612286388270e+03,9.654811479252004e+03,5.882352941176471e-01,48851254
9.774790848877237e+03,9.654845599332934e+03,5.882352941176471e-01,48851255
9.776376992270623e+03,9.656996889122990e+03,5.882352941176471e-01,48851257
9.776555554759590e+03,9.657949877716286e+03,5.882352941176471e-01,48851258
9.777724826586096e+03,9.655140204887608e+03,1.176470588235294e+00,48851256
9.778141698152976e+03,9.659140439412031e+03,5.882352941176471e-01,48851259
9.778320260641943e+03,9.659699541094987e+03,5.882352941176471e-01,48851260
9.779489532468449e+03,9.661966400733257e+03,5.882352941176471e-01,48851261
9.779906404035329e+03,9.662614593176979e+03,5.882352941176471e-01,48851262
9.781254238350802e+03,9.663856211174934e+03,5.882352941176471e-01,48851264
9.783018944233155e+03,9.665170333876726e+03,5.882352941176471e-01,48851266
9.783614378289002e+03,9.662835523676743e+03,1.764705882352941e+00,48851263
9.784783650115507e+03,9.665608506809172e+03,5.882352941176471e-01,48851267
9.785200521682388e+03,9.664291202052109e+03,1.764705882352941e+00,48851265
9.786548355997860e+03,9.667193789938245e+03,5.882352941176471e-01,48851269
9.786965227564741e+03,9.667670602979995e+03,5.882352941176471e-01,48851270
9.787143790053708e+03,9.666973416092397e+03,1.176470588235294e+00,48851268
9.788313061880213e+03,9.667949097002626e+03,5.882352941176471e-01,48851271
9.788729933447093e+03,9.668799429484185e+03,5.882352941176471e-01,48851272
9.790077767762566e+03,9.672588339117488e+03,5.882352941176471e-01,48851274
9.790494639329446e+03,9.673856850577807e+03,5.882352941176471e-01,48851275
9.791842473644919e+03,9.674820644591239e+03,5.882352941176471e-01,48851276
9.792437907700766e+03,9.671801087392870e+03,1.764705882352941e+00,48851273
9.795788756976505e+03,9.675141711187534e+03,1.764705882352941e+00,48851277
9.795967319465472e+03,9.678997880002899e+03,1.176470588235294e+00,48851279
9.797136591291978e+03,9.676217503115755e+03,1.764705882352941e+00,48851278
9.797553462858858e+03,9.679841709793626e+03,5.882352941176471e-01,48851280
9.797732025347825e+03,9.680475585058185e+03,5.882352941176471e-01,48851281
9.798901297174331e+03,9.682493156396646e+03,5.882352941176471e-01,48851282
9.799496731230178e+03,9.683370101952062e+03,5.882352941176471e-01,48851284
9.801261437112531e+03,9.686840567132883e+03,5.882352941176471e-01,48851286
9.802847580505917e+03,9.682555231856089e+03,1.764705882352941e+00,48851283
9.804195414821390e+03,9.685675088758302e+03,1.764705882352941e+00,48851285
9.805960120703743e+03,9.690659215940290e+03,5.882352941176471e-01,48851289
9.806555554759590e+03,9.686859926036274e+03,1.764705882352941e+00,48851287
9.807724826586096e+03,9.690853835551578e+03,5.882352941176471e-01,48851290
9.808141698152976e+03,9.689453143923944e+03,1.764705882352941e+00,48851288
9.809489532468449e+03,9.691723219555977e+03,5.882352941176471e-01,48851292
9.809906404035329e+03,9.691848256284029e+03,5.882352941176471e-01,48851293
9.811849672406649e+03,9.691625156220515e+03,1.764705882352941e+00,48851291
9.813018944233155e+03,9.692938352411269e+03,1.176470588235294e+00,48851294
9.813614378289002e+03,9.695381909649021e+03,5.882352941176471e-01,48851296
9.814783650115507e+03,9.696316381104125e+03,5.882352941176471e-01,48851297
9.815200521682388e+03,9.694570409653215e+03,1.764705882352941e+00,48851295
9.815379084171355e+03,9.697031766490436e+03,5.882352941176471e-01,48851298
9.816965227564741e+03,9.697859580474275e+03,5.882352941176471e-01,48851300
9.817143790053708e+03,9.698105370827556e+03,5.882352941176471e-01,48851301
9.818729933447093e+03,9.700462403220348e+03,5.882352941176471e-01,48851302
9.818908495936060e+03,9.700711188012137e+03,5.882352941176471e-01,48851303
9.820077767762566e+03,9.697803326726613e+03,1.764705882352941e+00,48851299
9.820494639329446e+03,9.701032354976509e+03,5.882352941176471e-01,48851304
9.821842473644919e+03,9.704754829039444e+03,5.882352941176471e-01,48851306
9.823607179527272e+03,9.706613996102487e+03,5.882352941176471e-01,48851308
9.824202613583119e+03,9.703409520922452e+03,1.764705882352941e+00,48851305
9.825788756976505e+03,9.705862638688941e+03,1.764705882352941e+00,48851307
9.825967319465472e+03,9.707920926315257e+03,5.882352941176471e-01,48851310
9.827553462858858e+03,9.708967267573017e+03,5.882352941176471e-01,48851311
9.828901297174331e+03,9.707566202893233e+03,1.764705882352941e+00,48851309
9.829496731230178e+03,9.709205110922681e+03,1.176470588235294e+00,48851312
9.831261437112531e+03,9.713846281622273e+03,5.882352941176471e-01,48851315
9.832430708939037e+03,9.712812027837561e+03,1.176470588235294e+00,48851314
9.832847580505917e+03,9.710355083848936e+03,1.764705882352941e+00,48851313
9.834195414821390e+03,9.715134895572875e+03,5.882352941176471e-01,48851317
9.834612286388270e+03,9.715370406267294e+03,5.882352941176471e-01,48851318
9.836376992270623e+03,9.716755004683183e+03,5.882352941176471e-01,48851320
9.836555554759590e+03,9.713999112905777e+03,1.764705882352941e+00,48851316
9.837724826586096e+03,9.716391466303366e+03,1.176470588235294e+00,48851319
9.838141698152976e+03,9.718765538886626e+03,5.882352941176471e-01,48851321
9.838320260641943e+03,9.719177158943510e+03,5.882352941176471e-01,48851322
9.843018944233155e+03,9.719211411337869e+03,1.764705882352941e+00,48851323
9.843435815800035e+03,9.719851169307447e+03,1.764705882352941e+00,48851324
9.843614378289002e+03,9.722295117026555e+03,1.764705882352941e+00,48851325
9.844783650115507e+03,9.723220586617922e+03,5.882352941176471e-01,48851326
9.845200521682388e+03,9.723400064834058e+03,5.882352941176471e-01,48851327
9.846548355997860e+03,9.725594626685988e+03,5.882352941176471e-01,48851329
9.846965227564741e+03,9.726101117017089e+03,5.882352941176471e-01,48851330
9.847143790053708e+03,9.723953686210829e+03,1.176470588235294e+00,48851328
9.848313061880213e+03,9.726366767515210e+03,5.882352941176471e-01,48851331
9.848729933447093e+03,9.727503820292761e+03,5.882352941176471e-01,48851332
9.848908495936060e+03,9.728748137950376e+03,5.882352941176471e-01,48851333
9.850077767762566e+03,9.729456058800558e+03,5.882352941176471e-01,48851334
9.850494639329446e+03,9.730616538592221e+03,5.882352941176471e-01,48851335
9.851842473644919e+03,9.735309281869496e+03,5.882352941176471e-01,48851337
9.854202613583119e+03,9.733937722752432e+03,1.764705882352941e+00,48851336
9.855371885409625e+03,9.736733801266786e+03,1.176470588235294e+00,48851339
9.855788756976505e+03,9.735327398036184e+03,1.764705882352941e+00,48851338
9.855967319465472e+03,9.736842100914504e+03,5.882352941176471e-01,48851340
9.857136591291978e+03,9.737679388433343e+03,5.882352941176471e-01,48851341
9.857553462858858e+03,9.738180521895443e+03,5.882352941176471e-01,48851342
9.857732025347825e+03,9.741254095245881e+03,5.882352941176471e-01,48851343
9.859318168741211e+03,9.742705300625620e+03,5.882352941176471e-01,48851345
9.859496731230178e+03,9.742929451536820e+03,5.882352941176471e-01,48851346
9.861261437112531e+03,9.744205099716170e+03,5.882352941176471e-01,48851348
9.862430708939037e+03,9.741594752569139e+03,1.764705882352941e+00,48851344
9.863026142994884e+03,9.744323869139300e+03,5.882352941176471e-01,48851349
9.864195414821390e+03,9.745602594073437e+03,5.882352941176471e-01,48851350
9.864612286388270e+03,9.743755442648200e+03,1.764705882352941e+00,48851347
9.865960120703743e+03,9.747928124114635e+03,5.882352941176471e-01,48851352
9.866376992270623e+03,9.748745390730187e+03,5.882352941176471e-01,48851353
9.866555554759590e+03,9.747873473393868e+03,1.176470588235294e+00,48851351
9.870084966524296e+03,9.750583088101379e+03,1.176470588235294e+00,48851356
9.871254238350802e+03,9.748948405448087e+03,1.764705882352941e+00,48851354
9.871671109917682e+03,9.750145749411573e+03,1.764705882352941e+00,48851355
9.871849672406649e+03,9.750925808121980e+03,5.882352941176471e-01,48851357
9.873018944233154e+03,9.752197910258363e+03,5.882352941176471e-01,48851358
9.873435815800035e+03,9.753301433957502e+03,5.882352941176471e-01,48851359
9.873614378289002e+03,9.753841033913768e+03,5.882352941176471e-01,48851360
9.875200521682388e+03,9.755915572936380e+03,5.882352941176471e-01,48851362
9.876965227564741e+03,9.757285374891077e+03,5.882352941176471e-01,48851364
9.877143790053708e+03,9.756783569262586e+03,1.176470588235294e+00,48851363
9.878313061880213e+03,9.753953881949645e+03,1.764705882352941e+00,48851361
9.878729933447093e+03,9.757815811283209e+03,5.882352941176471e-01,48851365
9.880077767762566e+03,9.758545383735393e+03,5.882352941176471e-01,48851367
9.880494639329446e+03,9.759223585356618e+03,5.882352941176471e-01,48851368
9.882259345211799e+03,9.761032073948032e+03,5.882352941176471e-01,48851370
9.882437907700766e+03,9.757918197911033e+03,1.764705882352941e+00,48851366
9.884024051094152e+03,9.762064677062247e+03,5.882352941176471e-01,48851371
9.884202613583119e+03,9.762320311993476e+03,5.882352941176471e-01,48851372
9.885371885409625e+03,9.759539671084477e+03,1.764705882352941e+00,48851369
9.885788756976505e+03,9.762615528092020e+03,5.882352941176471e-01,48851373
9.885967319465472e+03,9.762710678084321e+03,5.882352941176471e-01,48851374
9.887553462858858e+03,9.763852099187812e+03,5.882352941176471e-01,48851376
9.887732025347825e+03,9.765755068078374e+03,5.882352941176471e-01,48851377
9.888901297174331e+03,9.763500052602537e+03,1.176470588235294e+00,48851375
9.889318168741211e+03,9.766776771946574e+03,5.882352941176471e-01,48851378
9.889496731230178e+03,9.767972156643161e+03,5.882352941176471e-01,48851379
9.891082874623564e+03,9.771104350390465e+03,5.882352941176471e-01,48851381
9.891261437112531e+03,9.771543608890259e+03,5.882352941176471e-01,48851382
9.892847580505917e+03,9.773976813181195e+03,5.882352941176471e-01,48851383
9.893026142994884e+03,9.773995826944769e+03,5.882352941176471e-01,48851384
9.894195414821390e+03,9.768516801317841e+03,1.764705882352941e+00,48851380
9.894612286388270e+03,9.774131448305679e+03,5.882352941176471e-01,48851385
9.895960120703743e+03,9.775915012017324e+03,5.882352941176471e-01,48851387
9.897724826586096e+03,9.784594093818243e+03,5.882352941176471e-01,48851389
9.898141698152976e+03,9.784387614110295e+03,1.176470588235294e+00,48851388
9.898320260641943e+03,9.774341598267747e+03,1.764705882352941e+00,48851386
9.899906404035329e+03,9.785173362414593e+03,5.882352941176471e-01,48851391
9.900084966524296e+03,9.785341262041764e+03,5.882352941176471e-01,48851392
9.901671109917682e+03,9.786584405115342e+03,5.882352941176471e-01,48851393
9.901849672406649e+03,9.786657709809112e+03,5.882352941176471e-01,48851394
9.903018944233155e+03,9.784732776273582e+03,1.764705882352941e+00,48851390
9.906965227564741e+03,9.786665990677479e+03,1.764705882352941e+00,48851395
9.907143790053708e+03,9.787201017268566e+03,1.764705882352941e+00,48851396
9.908313061880213e+03,9.787362216235464e+03,1.764705882352941e+00,48851397
9.908729933447093e+03,9.788032982321436e+03,5.882352941176471e-01,48851398
9.908908495936060e+03,9.790750728458968e+03,5.882352941176471e-01,48851399
9.913607179527272e+03,9.792868453514805e+03,1.764705882352941e+00,48851400
9.914024051094152e+03,9.794481279614842e+03,1.764705882352941e+00,48851401
9.914202613583119e+03,9.794494465320020e+03,1.764705882352941e+00,48851402
9.915371885409625e+03,9.797722111775383e+03,5.882352941176471e-01,48851403
9.915788756976505e+03,9.798605609944444e+03,5.882352941176471e-01,48851404
9.915967319465472e+03,9.800028184283395e+03,5.882352941176471e-01,48851405
9.917136591291978e+03,9.800825959322889e+03,5.882352941176471e-01,48851406
9.917553462858858e+03,9.801559968949748e+03,5.882352941176471e-01,48851407
9.918901297174331e+03,9.801879280501622e+03,5.882352941176471e-01,48851409
9.919318168741211e+03,9.802902807133268e+03,5.882352941176471e-01,48851410
9.919496731230178e+03,9.801781596548220e+03,1.176470588235294e+00,48851408
9.921261437112531e+03,9.804647279412971e+03,5.882352941176471e-01,48851413
9.922430708939037e+03,9.803118602423280e+03,1.176470588235294e+00,48851411
9.924195414821390e+03,9.808019631704753e+03,5.882352941176471e-01,48851415
9.924612286388270e+03,9.803872506473945e+03,1.764705882352941e+00,48851412
9.925960120703743e+03,9.808705781497572e+03,5.882352941176471e-01,48851416
9.926376992270623e+03,9.808889173419534e+03,5.882352941176471e-01,48851417
9.926555554759590e+03,9.805960557624621e+03,1.764705882352941e+00,48851414
9.927724826586096e+03,9.809022238233773e+03,5.882352941176471e-01,48851418
9.928320260641943e+03,9.812422684602116e+03,5.882352941176471e-01,48851420
9.929489532468449e+03,9.812962633577967e+03,5.882352941176471e-01,48851421
9.930084966524296e+03,9.813084056326321e+03,5.882352941176471e-01,48851422
9.931671109917682e+03,9.810030658911367e+03,1.764705882352941e+00,48851419
9.931849672406649e+03,9.815926918404967e+03,5.882352941176471e-01,48851424
9.934783650115507e+03,9.815249483845407e+03,1.764705882352941e+00,48851423
9.935379084171355e+03,9.817951696219735e+03,1.176470588235294e+00,48851426
9.936965227564741e+03,9.817268223377394e+03,1.764705882352941e+00,48851425
9.937143790053708e+03,9.819731019255858e+03,5.882352941176471e-01,48851428
9.938313061880213e+03,9.819613034859940e+03,1.176470588235294e+00,48851427
9.938908495936060e+03,9.822323251210338e+03,5.882352941176471e-01,48851430
9.940077767762566e+03,9.822408340516740e+03,5.882352941176471e-01,48851431
9.941842473644919e+03,9.828340335445758e+03,5.882352941176471e-01,48851433
9.942259345211799e+03,9.820413058705164e+03,1.764705882352941e+00,48851429
9.944024051094152e+03,9.831366042178066e+03,5.882352941176471e-01,48851435
9.944202613583119e+03,9.827318058118634e+03,1.764705882352941e+00,48851432
9.945371885409625e+03,9.828908244806142e+03,1.176470588235294e+00,48851434
9.947732025347825e+03,9.834032766184791e+03,1.176470588235294e+00,48851437
9.949318168741211e+03,9.831959007711189e+03,1.764705882352941e+00,48851436
9.949496731230178e+03,9.835799249568704e+03,5.882352941176471e-01,48851439
9.950666003056684e+03,9.835593099617148e+03,1.764705882352941e+00,48851438
9.951082874623564e+03,9.836570221515100e+03,5.882352941176471e-01,48851440
9.951261437112531e+03,9.837190123192029e+03,5.882352941176471e-01,48851441
9.952430708939037e+03,9.837447422799989e+03,5.882352941176471e-01,48851442
9.952847580505917e+03,9.838363796906173e+03,5.882352941176471e-01,48851443
9.954612286388270e+03,9.842267471863995e+03,5.882352941176471e-01,48851446
9.955960120703743e+03,9.840396215793620e+03,1.176470588235294e+00,48851445
9.956555554759590e+03,9.838979078379667e+03,1.764705882352941e+00,48851444
9.959906404035329e+03,9.845106415602001e+03,1.764705882352941e+00,48851447
9.961254238350802e+03,9.847074649898146e+03,1.764705882352941e+00,48851448
9.961849672406649e+03,9.851548408600233e+03,1.764705882352941e+00,48851449
9.963018944233154e+03,9.852823890549469e+03,5.882352941176471e-01,48851451
9.964783650115507e+03,9.855148850856311e+03,5.882352941176471e-01,48851453
9.965200521682388e+03,9.852374096352639e+03,1.764705882352941e+00,48851450
9.967143790053708e+03,9.853950454018224e+03,1.764705882352941e+00,48851452
9.968908495936060e+03,9.859803634011962e+03,5.882352941176471e-01,48851456
9.970077767762566e+03,9.856974738452926e+03,1.764705882352941e+00,48851454
9.970494639329446e+03,9.859181773089945e+03,1.764705882352941e+00,48851455
9.970673201818413e+03,9.862094306088483e+03,5.882352941176471e-01,48851457
9.972259345211799e+03,9.863477733694819e+03,5.882352941176471e-01,48851459
9.972437907700766e+03,9.864416639387268e+03,5.882352941176471e-01,48851460
9.975371885409625e+03,9.863371592316111e+03,1.764705882352941e+00,48851458
9.975788756976505e+03,9.865060889793660e+03,1.176470588235294e+00,48851461
9.977553462858858e+03,9.866227896125660e+03,5.882352941176471e-01,48851464
9.977732025347825e+03,9.866114966298186e+03,1.764705882352941e+00,48851462
9.978901297174331e+03,9.866226700666633e+03,1.176470588235294e+00,48851463
9.979496731230178e+03,9.868451758183681e+03,5.882352941176471e-01,48851466
9.980666003056684e+03,9.871935954725035e+03,5.882352941176471e-01,48851467
9.981261437112531e+03,9.872090182052857e+03,5.882352941176471e-01,48851468
9.982430708939037e+03,9.872570559930733e+03,5.882352941176471e-01,48851469
9.982847580505917e+03,9.866393591736286e+03,1.764705882352941e+00,48851465
9.984195414821390e+03,9.874073538481191e+03,5.882352941176471e-01,48851471
9.986376992270623e+03,9.874126355991794e+03,1.176470588235294e+00,48851472
9.986555554759590e+03,9.873401423937838e+03,1.764705882352941e+00,48851470
9.987724826586096e+03,9.879297228359560e+03,1.176470588235294e+00,48851473
9.990084966524296e+03,9.880630038789178e+03,1.176470588235294e+00,48851475
9.991254238350802e+03,9.882093759479380e+03,1.176470588235294e+00,48851476
9.991671109917682e+03,9.879300903130066e+03,1.764705882352941e+00,48851474
9.991849672406649e+03,9.882531264535687e+03,5.882352941176471e-01,48851477
9.993018944233155e+03,9.883427638577598e+03,5.882352941176471e-01,48851478
9.993435815800035e+03,9.883832897295399e+03,5.882352941176471e-01,48851479
9.996965227564741e+03,9.887377306667287e+03,1.176470588235294e+00,48851482
9.997143790053708e+03,9.884316878473778e+03,1.764705882352941e+00,48851480
9.998313061880213e+03,9.885799507197668e+03,1.764705882352941e+00,48851481
9.998729933447093e+03,9.887552888019650e+03,5.882352941176471e-01,48851483
9.998908495936060e+03,9.888626075186789e+03,5.882352941176471e-01,48851484
1.000049463932945e+04,9.889533019338413e+03,5.882352941176471e-01,48851486
