FinishTime,ArrivalTime,ServiceTime,ID
2.734143767699554e+00,9.694378853466131e-01,5.882352941176471e-01,32016699
4.674368642293428e+00,2.909662759940487e+00,5.882352941176471e-01,32016700
7.086354174824316e+00,3.556942410118434e+00,1.176470588235294e+00,32016701
7.209216707524562e+00,5.444510825171621e+00,5.882352941176471e-01,32016703
8.882870194055692e+00,3.588752546996868e+00,1.764705882352941e+00,32016702
9.046280598020891e+00,7.281574715667949e+00,5.882352941176471e-01,32016709
1.064121404903295e+01,5.625997401756120e+00,1.176470588235294e+00,32016704
1.126007598016161e+01,9.495370097808670e+00,5.882352941176471e-01,32016710
1.261447034799274e+01,1.084976446563980e+01,5.882352941176471e-01,32016712
1.468603912022977e+01,1.292133323787683e+01,5.882352941176471e-01,32016713
1.547568795207180e+01,1.018157030501298e+01,1.764705882352941e+00,32016711
1.615812166118341e+01,1.439341577883047e+01,5.882352941176471e-01,32016714
1.719993487442141e+01,1.543522899206847e+01,5.882352941176471e-01,32016715
2.003480198548680e+01,1.827009610313386e+01,5.882352941176471e-01,32016717
2.008670185354007e+01,1.832199597118712e+01,5.882352941176471e-01,32016718
2.183410777987525e+01,1.875236448463909e+01,5.882352941176471e-01,32016719
2.199041997194046e+01,1.669630232488164e+01,1.764705882352941e+00,32016716
2.359881366222819e+01,2.102539686372806e+01,5.882352941176471e-01,32016722
2.536351954458113e+01,1.880501297790656e+01,1.764705882352941e+00,32016720
2.665195279516052e+01,2.369023274105331e+01,5.882352941176471e-01,32016726
2.956000270428299e+01,2.279629124334305e+01,1.764705882352941e+00,32016724
2.956000270428299e+01,2.264626839868107e+01,1.764705882352941e+00,32016723
3.018136455986640e+01,2.382947635479083e+01,1.764705882352941e+00,32016727
3.163538951442763e+01,2.717993482810265e+01,5.882352941176471e-01,32016729
3.163538951442763e+01,2.852076770147327e+01,5.882352941176471e-01,32016730
3.340009539678057e+01,3.144065250200841e+01,5.882352941176471e-01,32016732
3.516480127913351e+01,2.708280798692556e+01,1.764705882352941e+00,32016728
3.571904537034828e+01,3.395433948799534e+01,5.882352941176471e-01,32016733
3.882253271148047e+01,3.705782682912753e+01,5.882352941176471e-01,32016734
3.994028670804679e+01,3.817558082569385e+01,5.882352941176471e-01,32016736
4.346969847275267e+01,3.714469642877372e+01,1.764705882352941e+00,32016735
4.422118162369764e+01,4.104862045238699e+01,5.882352941176471e-01,32016740
4.436905868772763e+01,3.835320665755885e+01,1.764705882352941e+00,32016737
4.523440435510561e+01,4.248702397401232e+01,5.882352941176471e-01,32016743
4.656413205244040e+01,4.479942617008746e+01,5.882352941176471e-01,32016744
4.699911023745855e+01,4.518375294552692e+01,5.882352941176471e-01,32016745
4.775059338840352e+01,4.014617115038413e+01,1.764705882352941e+00,32016739
4.929421597440553e+01,4.752951009205259e+01,5.882352941176471e-01,32016747
5.039713885997176e+01,4.863243297761882e+01,5.882352941176471e-01,32016748
5.078993492588113e+01,4.885183466230013e+01,5.882352941176471e-01,32016749
5.116551117274321e+01,4.940080529039027e+01,5.882352941176471e-01,32016750
5.305003763960406e+01,5.128533175725111e+01,5.882352941176471e-01,32016751
5.381996130869290e+01,4.726052316117524e+01,1.764705882352941e+00,32016746
5.404900922694254e+01,5.228430334458960e+01,5.882352941176471e-01,32016752
5.562532908947895e+01,5.386062320712601e+01,5.882352941176471e-01,32016753
5.601180444125876e+01,5.424709855890582e+01,5.882352941176471e-01,32016754
5.629699007786179e+01,5.453228419550885e+01,5.882352941176471e-01,32016755
5.746915784759353e+01,5.570445196524059e+01,5.882352941176471e-01,32016756
6.130592208831759e+01,5.588355268962196e+01,1.764705882352941e+00,32016757
6.593403717640247e+01,6.063991952934365e+01,1.764705882352941e+00,32016758
6.753935660078217e+01,6.224523895372335e+01,1.764705882352941e+00,32016759
6.774639849892895e+01,6.521732840556175e+01,5.882352941176471e-01,32016762
6.774639849892895e+01,6.428538232555731e+01,5.882352941176471e-01,32016761
7.106876836548805e+01,6.424081445430984e+01,1.764705882352941e+00,32016760
7.180418223178831e+01,7.003947634943537e+01,5.882352941176471e-01,32016764
7.211725079805690e+01,7.035254491570396e+01,5.882352941176471e-01,32016765
7.283347424784100e+01,7.098224481524033e+01,5.882352941176471e-01,32016766
7.356888811414125e+01,7.114398027573950e+01,5.882352941176471e-01,32016767
7.564666256276279e+01,7.188732569884377e+01,1.176470588235294e+00,32016768
7.599260563031380e+01,7.422789974796086e+01,5.882352941176471e-01,32016769
7.646731909654066e+01,7.470261321418772e+01,5.882352941176471e-01,32016770
7.758433997889123e+01,7.470353989529206e+01,5.882352941176471e-01,32016771
7.834466192261058e+01,7.657995604025764e+01,5.882352941176471e-01,32016773
7.934904586124418e+01,7.675706210457101e+01,5.882352941176471e-01,32016774
8.111375174359712e+01,7.529558882400152e+01,1.764705882352941e+00,32016772
8.313363751980594e+01,8.042050855651297e+01,5.882352941176471e-01,32016777
8.368848289924517e+01,7.839436525218634e+01,1.764705882352941e+00,32016775
8.489834340215888e+01,8.200935952833258e+01,5.882352941176471e-01,32016781
8.489834340215888e+01,8.150925206023433e+01,5.882352941176471e-01,32016780
8.733592510726254e+01,8.542857458760128e+01,5.882352941176471e-01,32016783
8.836873994520902e+01,8.097150160293200e+01,1.764705882352941e+00,32016778
8.836873994520902e+01,7.973181570202800e+01,1.764705882352941e+00,32016776
8.916840091854745e+01,8.566203087636063e+01,5.882352941176471e-01,32016784
9.013344582756196e+01,8.743229541489802e+01,5.882352941176471e-01,32016789
9.013344582756196e+01,8.742628501250516e+01,5.882352941176471e-01,32016788
9.259490440577811e+01,9.083019852342517e+01,5.882352941176471e-01,32016791
9.366285759226784e+01,8.380651334255666e+01,1.764705882352941e+00,32016782
9.446251856560627e+01,8.883477892745681e+01,1.764705882352941e+00,32016790
9.612431617048400e+01,9.394064925652511e+01,5.882352941176471e-01,32016794
9.727454652723741e+01,9.500379260030211e+01,5.882352941176471e-01,32016795
9.788902205283694e+01,9.559211781514816e+01,5.882352941176471e-01,32016797
9.799193033031215e+01,9.125155123639027e+01,1.764705882352941e+00,32016792
9.903925240959035e+01,9.716159399149170e+01,5.882352941176471e-01,32016798
9.965372793518988e+01,9.762970732189352e+01,5.882352941176471e-01,32016799
9.979639989548931e+01,9.803169401313637e+01,5.882352941176471e-01,32016800
1.025686641742962e+02,9.883965298349552e+01,1.176470588235294e+00,32016801
1.031433760170715e+02,9.343510788205709e+01,1.764705882352941e+00,32016793
1.062517106191625e+02,1.044870047368096e+02,5.882352941176471e-01,32016803
1.076561252927088e+02,1.058914194103559e+02,5.882352941176471e-01,32016804
1.080164165015155e+02,1.061482864257720e+02,5.882352941176471e-01,32016805
1.093657380156617e+02,1.040716203686028e+02,1.764705882352941e+00,32016802
1.094208311750617e+02,1.067756383749494e+02,5.882352941176471e-01,32016806
1.101456729894877e+02,1.083809671071347e+02,5.882352941176471e-01,32016807
1.111304438980146e+02,1.091605872283531e+02,5.882352941176471e-01,32016808
1.112566995512176e+02,1.094919936688647e+02,5.882352941176471e-01,32016809
1.128951497803675e+02,1.105151811600611e+02,5.882352941176471e-01,32016811
1.136968130878481e+02,1.101674013231422e+02,1.176470588235294e+00,32016810
1.164287861452354e+02,1.146640802628825e+02,5.882352941176471e-01,32016813
1.172821693314670e+02,1.155174634491140e+02,5.882352941176471e-01,32016814
1.177601342228071e+02,1.124660165757483e+02,1.764705882352941e+00,32016812
1.181935833737719e+02,1.155193581023745e+02,5.882352941176471e-01,32016815
1.192858576594900e+02,1.165361166036585e+02,5.882352941176471e-01,32016818
1.202369032306886e+02,1.184721973483357e+02,5.882352941176471e-01,32016819
1.210505635418429e+02,1.164289688376025e+02,1.176470588235294e+00,32016817
1.255113112270467e+02,1.202171935799879e+02,1.764705882352941e+00,32016820
1.263956274316829e+02,1.211015097846240e+02,1.764705882352941e+00,32016821
1.272760171093996e+02,1.251052206589196e+02,5.882352941176471e-01,32016823
1.282587158847979e+02,1.262661162213822e+02,5.882352941176471e-01,32016825
1.291480445632981e+02,1.273833386809451e+02,5.882352941176471e-01,32016826
1.299161001956053e+02,1.248276866908540e+02,1.176470588235294e+00,32016822
1.300234217671508e+02,1.275801571751026e+02,5.882352941176471e-01,32016827
1.312967782618046e+02,1.288222231105272e+02,5.882352941176471e-01,32016829
1.330614841441576e+02,1.307495625479693e+02,5.882352941176471e-01,32016830
1.335528335318567e+02,1.255804503796951e+02,1.764705882352941e+00,32016824
1.348261900265105e+02,1.317950560640952e+02,5.882352941176471e-01,32016833
1.348261900265105e+02,1.314666215891081e+02,5.882352941176471e-01,32016832
1.359542176615365e+02,1.308557158561995e+02,1.176470588235294e+00,32016831
1.377189235438895e+02,1.287330185404842e+02,1.764705882352941e+00,32016828
1.381482903647921e+02,1.363835844824392e+02,5.882352941176471e-01,32016834
1.388934999361472e+02,1.371287940537942e+02,5.882352941176471e-01,32016835
1.406582058185001e+02,1.387855591154822e+02,5.882352941176471e-01,32016838
1.412483353085954e+02,1.389330006620336e+02,5.882352941176471e-01,32016839
1.419638651460909e+02,1.396680119253705e+02,5.882352941176471e-01,32016840
1.424642534579800e+02,1.406995475756270e+02,5.882352941176471e-01,32016841
1.437285710284439e+02,1.416992007006682e+02,5.882352941176471e-01,32016842
1.449152874361033e+02,1.431505815537504e+02,5.882352941176471e-01,32016843
1.449825088907742e+02,1.377010099611918e+02,1.764705882352941e+00,32016836
1.460955664979520e+02,1.443308606155991e+02,5.882352941176471e-01,32016844
1.486862662732004e+02,1.451568545084946e+02,1.176470588235294e+00,32016845
1.503891695661384e+02,1.486244636837855e+02,5.882352941176471e-01,32016847
1.510995952286641e+02,1.493348893463112e+02,5.882352941176471e-01,32016848
1.514119874635243e+02,1.478825756988184e+02,1.176470588235294e+00,32016846
1.524770015129977e+02,1.507122956306447e+02,5.882352941176471e-01,32016849
1.530204972284471e+02,1.508314469762217e+02,5.882352941176471e-01,32016851
1.530204972284471e+02,1.507658399023666e+02,5.882352941176471e-01,32016850
1.551806962297331e+02,1.534159903473801e+02,5.882352941176471e-01,32016853
1.584822643348083e+02,1.567175584524554e+02,5.882352941176471e-01,32016854
1.586125195861593e+02,1.533184019391005e+02,1.764705882352941e+00,32016852
1.603120978428367e+02,1.580692732924178e+02,5.882352941176471e-01,32016857
1.603120978428367e+02,1.574806050977641e+02,5.882352941176471e-01,32016856
1.620768037251897e+02,1.591995438881379e+02,5.882352941176471e-01,32016859
1.638415096075426e+02,1.570722813437218e+02,1.764705882352941e+00,32016855
1.641311048731336e+02,1.588246476690134e+02,1.764705882352941e+00,32016858
1.654185944598118e+02,1.636538885774588e+02,5.882352941176471e-01,32016860
1.657510131226910e+02,1.637175556918942e+02,5.882352941176471e-01,32016861
1.674049127840842e+02,1.642512073316251e+02,5.882352941176471e-01,32016863
1.674049127840842e+02,1.650532167519631e+02,5.882352941176471e-01,32016865
1.691696186664372e+02,1.657919652364752e+02,5.882352941176471e-01,32016866
1.709343245487901e+02,1.690505365101338e+02,5.882352941176471e-01,32016869
1.709343245487901e+02,1.688281585097546e+02,5.882352941176471e-01,32016868
1.716459474116253e+02,1.637861145263022e+02,1.764705882352941e+00,32016862
1.729362380520881e+02,1.700255907705674e+02,5.882352941176471e-01,32016870
1.747009439344411e+02,1.724587559505578e+02,5.882352941176471e-01,32016873
1.766136745524022e+02,1.730842627876963e+02,1.176470588235294e+00,32016874
1.775927788264932e+02,1.703156190072891e+02,1.764705882352941e+00,32016871
1.775927788264932e+02,1.671785712683960e+02,1.764705882352941e+00,32016867
1.793574847088462e+02,1.770601061521166e+02,5.882352941176471e-01,32016877
1.793574847088462e+02,1.769059123820752e+02,5.882352941176471e-01,32016876
1.819077921994610e+02,1.763078745018968e+02,1.764705882352941e+00,32016875
1.826762950343271e+02,1.809115891519742e+02,5.882352941176471e-01,32016879
1.846516023559050e+02,1.791663710001491e+02,1.764705882352941e+00,32016878
1.851694027020401e+02,1.834046968196872e+02,5.882352941176471e-01,32016880
1.866539713786308e+02,1.844952409787616e+02,5.882352941176471e-01,32016882
1.884726638052634e+02,1.863539051328125e+02,5.882352941176471e-01,32016885
1.886988144667460e+02,1.867619444671902e+02,5.882352941176471e-01,32016887
1.895699544672355e+02,1.842758368201766e+02,1.764705882352941e+00,32016881
1.906774532352533e+02,1.889127473529004e+02,5.882352941176471e-01,32016888
1.913346603495884e+02,1.895051979000719e+02,5.882352941176471e-01,32016889
1.920020755699693e+02,1.851269286366507e+02,1.764705882352941e+00,32016884
1.924421591176063e+02,1.899251718820089e+02,5.882352941176471e-01,32016890
1.931860816171413e+02,1.914213757347884e+02,5.882352941176471e-01,32016891
1.970051554484690e+02,1.943104970288817e+02,5.882352941176471e-01,32016895
1.970623036419202e+02,1.952619727865761e+02,5.882352941176471e-01,32016898
1.975476070826727e+02,1.922534894356139e+02,1.764705882352941e+00,32016892
1.987698613308220e+02,1.962195637727859e+02,5.882352941176471e-01,32016899
2.008343671270023e+02,1.935328918772143e+02,1.764705882352941e+00,32016894
2.008343671270023e+02,1.934326972428430e+02,1.764705882352941e+00,32016893
2.025990730093553e+02,2.005709814258396e+02,5.882352941176471e-01,32016902
2.025990730093553e+02,1.997303233096266e+02,5.882352941176471e-01,32016901
2.028143430689493e+02,1.992849313042434e+02,1.176470588235294e+00,32016900
2.043637788917082e+02,2.022738311389422e+02,5.882352941176471e-01,32016903
2.118315600649413e+02,2.100668541825884e+02,5.882352941176471e-01,32016904
2.139578609851234e+02,2.119530152207845e+02,5.882352941176471e-01,32016908
2.164144051352283e+02,2.103413283841582e+02,1.176470588235294e+00,32016905
2.181791110175813e+02,2.105155700566768e+02,1.764705882352941e+00,32016906
2.199438168999342e+02,2.178710747170433e+02,5.882352941176471e-01,32016912
2.199438168999342e+02,2.126049121849478e+02,1.764705882352941e+00,32016910
2.206550894767060e+02,2.153415375206273e+02,1.764705882352941e+00,32016911
2.217650916860470e+02,2.184692555385631e+02,5.882352941176471e-01,32016913
2.235297975683999e+02,2.211510246313920e+02,5.882352941176471e-01,32016919
2.244324688187549e+02,2.200569547074539e+02,1.176470588235294e+00,32016917
2.252945034507529e+02,2.190277542923048e+02,1.764705882352941e+00,32016914
2.259515864068600e+02,2.241868805245070e+02,5.882352941176471e-01,32016920
2.266281920171068e+02,2.243895032701014e+02,5.882352941176471e-01,32016921
2.277162922892129e+02,2.259441228851424e+02,5.882352941176471e-01,32016923
2.283928978994598e+02,2.243993575261339e+02,1.176470588235294e+00,32016922
2.301629937103698e+02,2.283982878280169e+02,5.882352941176471e-01,32016925
2.331772290689542e+02,2.278831114218954e+02,1.764705882352941e+00,32016924
2.338401934890403e+02,2.320754876066873e+02,5.882352941176471e-01,32016927
2.349419349513072e+02,2.324775501690227e+02,5.882352941176471e-01,32016928
2.354996186104981e+02,2.333373027654669e+02,5.882352941176471e-01,32016929
2.356048993713932e+02,2.319702068457922e+02,1.176470588235294e+00,32016926
2.387501885456085e+02,2.357367107004889e+02,5.882352941176471e-01,32016933
2.405148944279615e+02,2.379354336846320e+02,5.882352941176471e-01,32016935
2.412762359723759e+02,2.344739179318222e+02,1.764705882352941e+00,32016930
2.422796003103144e+02,2.359370076392374e+02,1.764705882352941e+00,32016934
2.433648967761488e+02,2.406299215368910e+02,5.882352941176471e-01,32016938
2.440443061926673e+02,2.419241458152159e+02,5.882352941176471e-01,32016940
2.458665256294851e+02,2.392420480751157e+02,1.764705882352941e+00,32016936
2.474010544827287e+02,2.456363486003758e+02,5.882352941176471e-01,32016941
2.483158884900361e+02,2.465511826076832e+02,5.882352941176471e-01,32016942
2.488177770710771e+02,2.470530711887242e+02,5.882352941176471e-01,32016943
2.500805943723890e+02,2.481577608830659e+02,5.882352941176471e-01,32016945
2.530274246022848e+02,2.512627187199319e+02,5.882352941176471e-01,32016947
2.533685787274902e+02,2.480744610804314e+02,1.764705882352941e+00,32016944
2.547921304846378e+02,2.523639052706663e+02,5.882352941176471e-01,32016948
2.553869012963195e+02,2.500927836492606e+02,1.764705882352941e+00,32016946
2.574292785205924e+02,2.556645726382394e+02,5.882352941176471e-01,32016950
2.607304480312013e+02,2.554363303841425e+02,1.764705882352941e+00,32016949
2.611144241742013e+02,2.593497182918483e+02,5.882352941176471e-01,32016951
2.618744872495817e+02,2.601097813672288e+02,5.882352941176471e-01,32016952
2.642598597959072e+02,2.605744992927412e+02,1.176470588235294e+00,32016953
2.659899236956893e+02,2.642252178133364e+02,5.882352941176471e-01,32016955
2.670907573491572e+02,2.653260514668043e+02,5.882352941176471e-01,32016956
2.694370620115959e+02,2.674218369402501e+02,5.882352941176471e-01,32016960
2.695193354603952e+02,2.641429443645371e+02,1.764705882352941e+00,32016954
2.709937384016792e+02,2.655662971969752e+02,1.176470588235294e+00,32016957
2.727584442840322e+02,2.668939216641694e+02,1.764705882352941e+00,32016958
2.751100067190746e+02,2.733453008367217e+02,5.882352941176471e-01,32016962
2.751565762608087e+02,2.733918703784558e+02,5.882352941176471e-01,32016963
2.754584605640221e+02,2.701643429169632e+02,1.764705882352941e+00,32016961
2.775918618266108e+02,2.758271559442578e+02,5.882352941176471e-01,32016966
2.786504530778221e+02,2.735279857537650e+02,1.176470588235294e+00,32016964
2.811212735913167e+02,2.752625742291194e+02,1.764705882352941e+00,32016965
2.823103631644895e+02,2.770162455174307e+02,1.764705882352941e+00,32016967
2.831122428886365e+02,2.813475370062836e+02,5.882352941176471e-01,32016968
2.873988167672595e+02,2.856341108849066e+02,5.882352941176471e-01,32016969
2.885940258017146e+02,2.868293199193617e+02,5.882352941176471e-01,32016971
2.891635226496124e+02,2.872491494540370e+02,5.882352941176471e-01,32016972
2.895935106761833e+02,2.875205707076657e+02,5.882352941176471e-01,32016973
2.921234375664205e+02,2.860640989114774e+02,1.764705882352941e+00,32016970
2.945579866599943e+02,2.927932807776413e+02,5.882352941176471e-01,32016975
2.949221252730239e+02,2.931574193906709e+02,5.882352941176471e-01,32016976
2.962119043405237e+02,2.909177866934649e+02,1.764705882352941e+00,32016974
2.963226925423472e+02,2.935140234951092e+02,5.882352941176471e-01,32016977
2.966868311553768e+02,2.948518411224275e+02,5.882352941176471e-01,32016978
2.982812268658064e+02,2.965165209834534e+02,5.882352941176471e-01,32016979
2.998282092548764e+02,2.980635033725235e+02,5.882352941176471e-01,32016980
3.012410554436334e+02,2.994763495612804e+02,5.882352941176471e-01,32016981
3.013834341176168e+02,2.996187282352639e+02,5.882352941176471e-01,32016982
3.019731017289007e+02,3.002083958465478e+02,5.882352941176471e-01,32016983
3.030769506629780e+02,3.008269570453423e+02,5.882352941176471e-01,32016984
3.039798646669114e+02,3.022151587845585e+02,5.882352941176471e-01,32016986
3.066063624276839e+02,3.009087472303350e+02,1.764705882352941e+00,32016985
3.066985976880969e+02,3.049338918057440e+02,5.882352941176471e-01,32016987
3.067481420296407e+02,3.049834361472878e+02,5.882352941176471e-01,32016988
3.089056057778581e+02,3.071408998955052e+02,5.882352941176471e-01,32016989
3.099868626931026e+02,3.082221568107497e+02,5.882352941176471e-01,32016990
3.150217897871312e+02,3.132570839047783e+02,5.882352941176471e-01,32016991
3.176304627454083e+02,3.158657568630554e+02,5.882352941176471e-01,32016993
3.184606333610780e+02,3.166959274787251e+02,5.882352941176471e-01,32016994
3.193082943537687e+02,3.170728179620804e+02,5.882352941176471e-01,32016996
3.202253392434309e+02,3.177324117786283e+02,5.882352941176471e-01,32016997
3.213786818660090e+02,3.185848434357929e+02,5.882352941176471e-01,32016998
3.213786818660090e+02,3.190643024729862e+02,5.882352941176471e-01,32017000
3.249080936307149e+02,3.156920083150702e+02,1.764705882352941e+00,32016992
3.249080936307149e+02,3.167531945211791e+02,1.764705882352941e+00,32016995
3.249080936307149e+02,3.188266872659534e+02,1.764705882352941e+00,32016999
3.266727995130679e+02,3.220953078692389e+02,5.882352941176471e-01,32017002
3.266727995130679e+02,3.217192526011844e+02,5.882352941176471e-01,32017001
3.313204871131908e+02,3.295557812308379e+02,5.882352941176471e-01,32017004
3.331259313534055e+02,3.278318137063467e+02,1.764705882352941e+00,32017003
3.342683979772995e+02,3.321177629637370e+02,5.882352941176471e-01,32017007
3.348498988778967e+02,3.326078679211856e+02,5.882352941176471e-01,32017008
3.372265764300584e+02,3.308984100125075e+02,1.764705882352941e+00,32017006
3.372265764300584e+02,3.307389862125937e+02,1.764705882352941e+00,32017005
3.389912823124113e+02,3.371496145321519e+02,5.882352941176471e-01,32017011
3.401440165249556e+02,3.346191668985755e+02,1.764705882352941e+00,32017009
3.407559881947643e+02,3.374983280880567e+02,5.882352941176471e-01,32017012
3.408790050699603e+02,3.391142991876073e+02,5.882352941176471e-01,32017013
3.425206940771172e+02,3.369557061308916e+02,1.176470588235294e+00,32017010
3.439794141245658e+02,3.419579496657633e+02,5.882352941176471e-01,32017017
3.439794141245658e+02,3.412006882593970e+02,5.882352941176471e-01,32017016
3.457441200069187e+02,3.438028927343822e+02,5.882352941176471e-01,32017020
3.487872917558084e+02,3.395381048362727e+02,1.764705882352941e+00,32017014
3.487872917558084e+02,3.396212870876363e+02,1.764705882352941e+00,32017015
3.487872917558084e+02,3.423658845874829e+02,1.764705882352941e+00,32017018
3.505529855262694e+02,3.459878108119670e+02,5.882352941176471e-01,32017021
3.523176914086223e+02,3.487912433082404e+02,5.882352941176471e-01,32017025
3.540823972909752e+02,3.522786984934266e+02,5.882352941176471e-01,32017028
3.548162532946642e+02,3.433767214683524e+02,1.764705882352941e+00,32017019
3.569723219658822e+02,3.489812807576234e+02,1.176470588235294e+00,32017026
3.576118090556811e+02,3.555989788723943e+02,5.882352941176471e-01,32017031
3.611412208203870e+02,3.540687689255015e+02,1.764705882352941e+00,32017030
3.611412208203870e+02,3.533819926342514e+02,1.764705882352941e+00,32017029
3.622689490379274e+02,3.587420466982079e+02,5.882352941176471e-01,32017036
3.629059267027400e+02,3.608856988899591e+02,5.882352941176471e-01,32017037
3.646706325850929e+02,3.624225409874848e+02,5.882352941176471e-01,32017038
3.654224513967865e+02,3.568402497671866e+02,1.764705882352941e+00,32017033
3.654224513967865e+02,3.561207913441483e+02,1.764705882352941e+00,32017032
3.686143581318377e+02,3.661081573841392e+02,5.882352941176471e-01,32017044
3.691762157466766e+02,3.674115098643236e+02,5.882352941176471e-01,32017046
3.705451805756687e+02,3.676252177043261e+02,5.882352941176471e-01,32017047
3.707165690438453e+02,3.688358468804751e+02,5.882352941176471e-01,32017051
3.724812749261982e+02,3.671707462819253e+02,1.176470588235294e+00,32017045
3.735558159602788e+02,3.633732892010129e+02,1.764705882352941e+00,32017039
3.760106866909041e+02,3.704943791458025e+02,1.764705882352941e+00,32017052
3.773446159150326e+02,3.742477046235895e+02,5.882352941176471e-01,32017055
3.776040041050805e+02,3.720896966452553e+02,1.764705882352941e+00,32017053
3.795400984556100e+02,3.729582431017708e+02,1.764705882352941e+00,32017054
3.816879293056144e+02,3.799232234232615e+02,5.882352941176471e-01,32017058
3.818355112922733e+02,3.800708054099204e+02,5.882352941176471e-01,32017059
3.826387335620914e+02,3.761996035527019e+02,1.764705882352941e+00,32017057
3.834526351879674e+02,3.804290428248556e+02,5.882352941176471e-01,32017060
3.858529082325227e+02,3.840882023501698e+02,5.882352941176471e-01,32017061
3.880246780394207e+02,3.862599721570677e+02,5.882352941176471e-01,32017062
3.888223213725340e+02,3.870576154901811e+02,5.882352941176471e-01,32017063
3.896853450268144e+02,3.879206391444615e+02,5.882352941176471e-01,32017064
3.951114578334276e+02,3.898173401863688e+02,1.764705882352941e+00,32017065
3.972303988726460e+02,3.954656929902930e+02,5.882352941176471e-01,32017067
4.002740670637637e+02,3.949799494167049e+02,1.764705882352941e+00,32017066
4.018595982566924e+02,3.986131677137021e+02,5.882352941176471e-01,32017071
4.018595982566924e+02,3.985212114863205e+02,5.882352941176471e-01,32017070
4.028315385425810e+02,3.984321696498083e+02,1.176470588235294e+00,32017069
4.043265848841177e+02,4.025618790017648e+02,5.882352941176471e-01,32017072
4.045962444249339e+02,3.982282033341647e+02,1.764705882352941e+00,32017068
4.067017544633242e+02,4.049370485809712e+02,5.882352941176471e-01,32017074
4.069897376438063e+02,4.052250317614534e+02,5.882352941176471e-01,32017075
4.096519177391608e+02,4.078872118568078e+02,5.882352941176471e-01,32017076
4.100537853057661e+02,4.047596676587073e+02,1.764705882352941e+00,32017073
4.134142288840874e+02,4.081201112370285e+02,1.764705882352941e+00,32017077
4.139753046806882e+02,4.119756735229723e+02,5.882352941176471e-01,32017080
4.149460353862196e+02,4.090061000681231e+02,1.764705882352941e+00,32017078
4.157400105630412e+02,4.136069612020630e+02,5.882352941176471e-01,32017081
4.169436406487932e+02,4.104458929159823e+02,1.764705882352941e+00,32017079
4.202088847463912e+02,4.180036250776959e+02,5.882352941176471e-01,32017086
4.219735906287441e+02,4.200029028693576e+02,5.882352941176471e-01,32017088
4.219735906287441e+02,4.198860619982715e+02,5.882352941176471e-01,32017087
4.232287245466985e+02,4.166083822337149e+02,1.764705882352941e+00,32017082
4.237382965110971e+02,4.209285208045901e+02,5.882352941176471e-01,32017089
4.237526359037145e+02,4.219879300213615e+02,5.882352941176471e-01,32017090
4.252482164112507e+02,4.225365396971442e+02,5.882352941176471e-01,32017091
4.255030023934500e+02,4.175618124585749e+02,1.176470588235294e+00,32017085
4.270978509543368e+02,4.249951389518069e+02,5.882352941176471e-01,32017094
4.288625568366897e+02,4.268594443810140e+02,5.882352941176471e-01,32017097
4.288625568366897e+02,4.260467671535991e+02,5.882352941176471e-01,32017096
4.290365591793973e+02,4.272718532970443e+02,5.882352941176471e-01,32017098
4.306272627190426e+02,4.279819652245726e+02,5.882352941176471e-01,32017100
4.306272627190426e+02,4.276947963608870e+02,5.882352941176471e-01,32017099
4.323919686013956e+02,4.295379965481958e+02,5.882352941176471e-01,32017101
4.328422617423996e+02,4.229612130885097e+02,1.764705882352941e+00,32017092
4.341566744837485e+02,4.314714668636001e+02,5.882352941176471e-01,32017104
4.346069676247526e+02,4.325367281201255e+02,5.882352941176471e-01,32017105
4.359213803661015e+02,4.331918084253875e+02,5.882352941176471e-01,32017106
4.376860862484544e+02,4.339914724378170e+02,1.176470588235294e+00,32017107
4.376860862484544e+02,4.350759890534169e+02,5.882352941176471e-01,32017108
4.383708901037906e+02,4.304744744580051e+02,1.764705882352941e+00,32017102
4.394507921308074e+02,4.375041453025534e+02,5.882352941176471e-01,32017110
4.421846212490227e+02,4.404199153666697e+02,5.882352941176471e-01,32017111
4.429802038955132e+02,4.361342441116586e+02,1.764705882352941e+00,32017109
4.439493271313756e+02,4.414814283711618e+02,5.882352941176471e-01,32017113
4.458842788227099e+02,4.405901611756511e+02,1.764705882352941e+00,32017112
4.466664454837573e+02,4.449017396014044e+02,5.882352941176471e-01,32017114
4.479508762663578e+02,4.461861703840049e+02,5.882352941176471e-01,32017115
4.525660999680033e+02,4.508013940856503e+02,5.882352941176471e-01,32017117
4.554945426798673e+02,4.537298367975144e+02,5.882352941176471e-01,32017118
4.556492951291879e+02,4.503551774821291e+02,1.764705882352941e+00,32017116
4.563280898122367e+02,4.545633839298837e+02,5.882352941176471e-01,32017119
4.590239544445732e+02,4.554502831831789e+02,1.176470588235294e+00,32017120
4.595088931033959e+02,4.577441872210430e+02,5.882352941176471e-01,32017122
4.608472044876732e+02,4.573177927229673e+02,1.176470588235294e+00,32017121
4.624329473395428e+02,4.606682414571899e+02,5.882352941176471e-01,32017124
4.653521095258942e+02,4.600579918788354e+02,1.764705882352941e+00,32017123
4.684550793128642e+02,4.627345196880695e+02,1.764705882352941e+00,32017126
4.684550793128642e+02,4.618848021600461e+02,1.764705882352941e+00,32017125
4.689436256894579e+02,4.629550726792134e+02,1.764705882352941e+00,32017127
4.703082492233800e+02,4.660645613712469e+02,5.882352941176471e-01,32017128
4.707083315718108e+02,4.686320073691900e+02,5.882352941176471e-01,32017132
4.720729551057330e+02,4.668996782201199e+02,1.176470588235294e+00,32017129
4.756023668704389e+02,4.689481795146164e+02,1.764705882352941e+00,32017133
4.759261474803236e+02,4.741614415979706e+02,5.882352941176471e-01,32017134
4.768961678350921e+02,4.751314619527391e+02,5.882352941176471e-01,32017135
4.774241284240689e+02,4.756594225417160e+02,5.882352941176471e-01,32017136
4.808688561323347e+02,4.791041502499818e+02,5.882352941176471e-01,32017139
4.812202651273824e+02,4.757272417311659e+02,1.764705882352941e+00,32017137
4.825477845694741e+02,4.794360597534585e+02,5.882352941176471e-01,32017141
4.843124904518270e+02,4.825311863232959e+02,5.882352941176471e-01,32017147
4.843124904518270e+02,4.814417098310053e+02,5.882352941176471e-01,32017146
4.852776099408462e+02,4.786752630239139e+02,1.176470588235294e+00,32017138
4.862863438958265e+02,4.845216380134735e+02,5.882352941176471e-01,32017149
4.874421090198660e+02,4.845882824866947e+02,5.882352941176471e-01,32017151
4.874421090198660e+02,4.845681821338302e+02,5.882352941176471e-01,32017150
4.880510497781794e+02,4.837768705828722e+02,1.176470588235294e+00,32017148
4.899418400227227e+02,4.881771341403697e+02,5.882352941176471e-01,32017152
4.907175711795653e+02,4.889528652972124e+02,5.882352941176471e-01,32017154
4.920254483980718e+02,4.889560518902646e+02,5.882352941176471e-01,32017155
4.923657839766499e+02,4.905796450087150e+02,5.882352941176471e-01,32017157
4.937901542804247e+02,4.917922166444136e+02,5.882352941176471e-01,32017158
4.942469829442712e+02,4.888363722119440e+02,1.764705882352941e+00,32017153
4.965090125284002e+02,4.947443066460473e+02,5.882352941176471e-01,32017160
4.982737184107532e+02,4.963316927143898e+02,5.882352941176471e-01,32017162
4.988629980878890e+02,4.935688804408301e+02,1.764705882352941e+00,32017159
4.997521646109770e+02,4.971639522304786e+02,5.882352941176471e-01,32017163
5.015168704933299e+02,4.962131354092822e+02,1.176470588235294e+00,32017161
5.020334195043528e+02,4.999823109603631e+02,5.882352941176471e-01,32017168
5.028369931141389e+02,4.987342970685407e+02,1.176470588235294e+00,32017167
5.046016989964918e+02,4.979970761656130e+02,1.764705882352941e+00,32017165
5.053316521668546e+02,5.035669462845016e+02,5.882352941176471e-01,32017170
5.073275371514116e+02,5.015299885808269e+02,1.764705882352941e+00,32017169
5.104242308100703e+02,5.051301131630115e+02,1.764705882352941e+00,32017171
5.108569489161175e+02,5.084971825671305e+02,5.882352941176471e-01,32017174
5.114803758126219e+02,5.061862581655631e+02,1.764705882352941e+00,32017172
5.158140681026541e+02,5.140493622203011e+02,5.882352941176471e-01,32017180
5.160107511546207e+02,5.071434420432374e+02,1.764705882352941e+00,32017173
5.193434798673600e+02,5.173383537267920e+02,5.882352941176471e-01,32017185
5.202645839997672e+02,5.105645462186260e+02,1.764705882352941e+00,32017175
5.211081857497129e+02,5.190277075298287e+02,5.882352941176471e-01,32017187
5.245616341950707e+02,5.142220932968487e+02,1.764705882352941e+00,32017181
5.245616341950707e+02,5.134665310649153e+02,1.764705882352941e+00,32017179
5.255587016468260e+02,5.196936671132570e+02,1.764705882352941e+00,32017188
5.263263400774237e+02,5.237236043947308e+02,5.882352941176471e-01,32017189
5.277428374597553e+02,5.250110709465805e+02,5.882352941176471e-01,32017191
5.295075433421082e+02,5.265452629711545e+02,5.882352941176471e-01,32017195
5.298912565615100e+02,5.245971389144511e+02,1.764705882352941e+00,32017190
5.312722492244612e+02,5.286684284785576e+02,5.882352941176471e-01,32017196
5.316204577244825e+02,5.261878465426905e+02,1.764705882352941e+00,32017194
5.316559624438629e+02,5.297754352974934e+02,5.882352941176471e-01,32017197
5.330369551068141e+02,5.312420845768863e+02,5.882352941176471e-01,32017198
5.358729032115034e+02,5.341081973291504e+02,5.882352941176471e-01,32017201
5.362404985528648e+02,5.342155283199974e+02,5.882352941176471e-01,32017202
5.380493891447325e+02,5.362846832623796e+02,5.882352941176471e-01,32017205
5.387362795579829e+02,5.326478725429642e+02,1.176470588235294e+00,32017199
5.395091173142982e+02,5.373592035917699e+02,5.882352941176471e-01,32017206
5.398140950270855e+02,5.378512137700343e+02,5.882352941176471e-01,32017208
5.412738231966512e+02,5.394713517052875e+02,5.882352941176471e-01,32017209
5.422656913226888e+02,5.346645621321786e+02,1.764705882352941e+00,32017204
5.425098082533976e+02,5.407451023710447e+02,5.882352941176471e-01,32017210
5.430385290790041e+02,5.408357110426934e+02,5.882352941176471e-01,32017211
5.440303972050417e+02,5.417197305975387e+02,5.882352941176471e-01,32017212
5.451930472846577e+02,5.428876004994002e+02,5.882352941176471e-01,32017214
5.457951030873946e+02,5.438181537256054e+02,5.882352941176471e-01,32017216
5.481229999127456e+02,5.428288822656868e+02,1.764705882352941e+00,32017213
5.491917681315108e+02,5.474270622491578e+02,5.882352941176471e-01,32017217
5.498877057950985e+02,5.481041225571750e+02,5.882352941176471e-01,32017219
5.510996774329189e+02,5.475702656682130e+02,1.176470588235294e+00,32017218
5.516788907802030e+02,5.499141848978500e+02,5.882352941176471e-01,32017221
5.544858857785696e+02,5.482248952270664e+02,1.764705882352941e+00,32017220
5.550140101071214e+02,5.532493042247685e+02,5.882352941176471e-01,32017223
5.569184417676234e+02,5.516243241205646e+02,1.764705882352941e+00,32017222
5.594036147844336e+02,5.558742030197278e+02,1.176470588235294e+00,32017225
5.603663049761452e+02,5.550721873290864e+02,1.764705882352941e+00,32017224
5.620921547833628e+02,5.603274489010098e+02,5.882352941176471e-01,32017226
5.651951005516559e+02,5.634303946693029e+02,5.882352941176471e-01,32017227
5.663883898358859e+02,5.646236839535330e+02,5.882352941176471e-01,32017229
5.681530957182389e+02,5.663412024540342e+02,5.882352941176471e-01,32017231
5.691122966307689e+02,5.638181789837100e+02,1.764705882352941e+00,32017228
5.708770025131218e+02,5.684535682704898e+02,5.882352941176471e-01,32017233
5.715399429152970e+02,5.662458252682382e+02,1.764705882352941e+00,32017230
5.717843557372780e+02,5.696311915139952e+02,5.882352941176471e-01,32017234
5.726417083954748e+02,5.702525923545648e+02,5.882352941176471e-01,32017235
5.733690502264479e+02,5.711176022536092e+02,5.882352941176471e-01,32017236
5.735490616196309e+02,5.716687457728929e+02,5.882352941176471e-01,32017238
5.744064142778277e+02,5.722481712498223e+02,5.882352941176471e-01,32017239
5.767399461414610e+02,5.749752402591081e+02,5.882352941176471e-01,32017240
5.768984619911538e+02,5.682549439725721e+02,1.764705882352941e+00,32017232
5.788348525910324e+02,5.770701467086794e+02,5.882352941176471e-01,32017242
5.806553201531163e+02,5.788906142707634e+02,5.882352941176471e-01,32017244
5.813406351698399e+02,5.760465175227811e+02,1.764705882352941e+00,32017241
5.823516997427478e+02,5.790253047870861e+02,5.882352941176471e-01,32017245
5.848700469345458e+02,5.784806565144348e+02,1.764705882352941e+00,32017243
5.862888178698235e+02,5.830665491716485e+02,5.882352941176471e-01,32017255
5.862888178698235e+02,5.831479270435128e+02,5.882352941176471e-01,32017256
5.898711606045998e+02,5.792022663855316e+02,1.764705882352941e+00,32017246
5.898711606045998e+02,5.815608649310329e+02,1.764705882352941e+00,32017251
5.898711606045998e+02,5.818314247755234e+02,1.764705882352941e+00,32017252
5.916358664869528e+02,5.884184092306339e+02,5.882352941176471e-01,32017259
5.951652782516586e+02,5.933331677561883e+02,5.882352941176471e-01,32017264
5.958331283470354e+02,5.865005417501052e+02,1.764705882352941e+00,32017258
5.969299841340116e+02,5.945860913856333e+02,5.882352941176471e-01,32017265
5.970945353851302e+02,5.953298295027773e+02,5.882352941176471e-01,32017266
5.987427099763165e+02,5.967406244265730e+02,5.882352941176471e-01,32017267
5.988592412674832e+02,5.970260240539156e+02,5.882352941176471e-01,32017269
5.999126870810601e+02,5.912593589602927e+02,1.764705882352941e+00,32017261
6.016469024899419e+02,5.998821966075889e+02,5.882352941176471e-01,32017270
6.024565411255821e+02,6.006918352432292e+02,5.882352941176471e-01,32017271
6.053859850886627e+02,6.036212792063098e+02,5.882352941176471e-01,32017272
6.095952525610421e+02,6.078305466786891e+02,5.882352941176471e-01,32017275
6.102457829801765e+02,6.067163712154706e+02,1.176470588235294e+00,32017273
6.123777238249629e+02,6.070836061779041e+02,1.764705882352941e+00,32017274
6.148893702081009e+02,6.094677256514885e+02,1.764705882352941e+00,32017276
6.157235181084521e+02,6.099207828787894e+02,1.764705882352941e+00,32017277
6.157507241285417e+02,6.139860182461888e+02,5.882352941176471e-01,32017279
6.169043448086501e+02,6.151396389262972e+02,5.882352941176471e-01,32017280
6.176369712313683e+02,6.158722653490153e+02,5.882352941176471e-01,32017281
6.180619870340506e+02,6.162972811516977e+02,5.882352941176471e-01,32017282
6.194016771137212e+02,6.172339954227050e+02,5.882352941176471e-01,32017284
6.221984624557090e+02,6.163948240336177e+02,1.764705882352941e+00,32017283
6.236601386733358e+02,6.183660210262770e+02,1.764705882352941e+00,32017285
6.240055801069799e+02,6.222408742246270e+02,5.882352941176471e-01,32017287
6.254248445556887e+02,6.222810374234497e+02,5.882352941176471e-01,32017288
6.254498290706045e+02,6.201557114235457e+02,1.764705882352941e+00,32017286
6.257702859893329e+02,6.239226573581969e+02,5.882352941176471e-01,32017289
6.284499796271464e+02,6.266852737447935e+02,5.882352941176471e-01,32017292
6.291784231280074e+02,6.274137172456544e+02,5.882352941176471e-01,32017294
6.309431290103603e+02,6.291537140896525e+02,5.882352941176471e-01,32017296
6.323080045430750e+02,6.297520486658673e+02,5.882352941176471e-01,32017297
6.324723111186863e+02,6.251432376883488e+02,1.764705882352941e+00,32017290
6.343591743699390e+02,6.325944684875861e+02,5.882352941176471e-01,32017300
6.353824577968760e+02,6.272265014816063e+02,1.764705882352941e+00,32017293
6.353824577968760e+02,6.256376543968873e+02,1.764705882352941e+00,32017291
6.396532920169978e+02,6.339795393108164e+02,1.764705882352941e+00,32017301
6.406765754439348e+02,6.352411970289252e+02,1.764705882352941e+00,32017302
6.433949939542185e+02,6.416302880718656e+02,5.882352941176471e-01,32017303
6.458768085483938e+02,6.441121026660408e+02,5.882352941176471e-01,32017305
6.483181337271721e+02,6.430240160801133e+02,1.764705882352941e+00,32017304
6.484415444404312e+02,6.449121326757253e+02,1.176470588235294e+00,32017306
6.502723493057038e+02,6.485076434233508e+02,5.882352941176471e-01,32017308
6.512656855071812e+02,6.495009796248283e+02,5.882352941176471e-01,32017309
6.520370551880567e+02,6.497985634807001e+02,5.882352941176471e-01,32017310
6.524834020702729e+02,6.471892844232141e+02,1.764705882352941e+00,32017307
6.538017610704097e+02,6.517976239159501e+02,5.882352941176471e-01,32017312
6.565598031542401e+02,6.508064206143789e+02,1.764705882352941e+00,32017311
6.590571996266986e+02,6.572924937443456e+02,5.882352941176471e-01,32017315
6.594878798911235e+02,6.541937622440646e+02,1.764705882352941e+00,32017313
6.609818958515105e+02,6.577843770611578e+02,5.882352941176471e-01,32017316
6.611418861939695e+02,6.558477685469106e+02,1.764705882352941e+00,32017314
6.629065920763224e+02,6.611404966324340e+02,5.882352941176471e-01,32017321
6.646309529826767e+02,6.621521468463754e+02,5.882352941176471e-01,32017324
6.646309529826767e+02,6.616700136042858e+02,5.882352941176471e-01,32017323
6.664774833457713e+02,6.633277279557527e+02,5.882352941176471e-01,32017325
6.664774833457713e+02,6.634327770658939e+02,5.882352941176471e-01,32017326
6.666411323072546e+02,6.595823087778428e+02,1.764705882352941e+00,32017318
6.682421892281242e+02,6.651160276029013e+02,5.882352941176471e-01,32017328
6.683240137088659e+02,6.604975287487823e+02,1.176470588235294e+00,32017319
6.700068951104772e+02,6.681444659107027e+02,5.882352941176471e-01,32017329
6.700887195912188e+02,6.613610527150065e+02,1.764705882352941e+00,32017322
6.736916140220155e+02,6.719269081396626e+02,5.882352941176471e-01,32017330
6.741253847235082e+02,6.723606788411553e+02,5.882352941176471e-01,32017331
6.750018009113119e+02,6.732370950289589e+02,5.882352941176471e-01,32017332
6.754563199043685e+02,6.735241414147280e+02,5.882352941176471e-01,32017333
6.775477199637158e+02,6.757830140813629e+02,5.882352941176471e-01,32017335
6.775758911808284e+02,6.758111852984755e+02,5.882352941176471e-01,32017336
6.805757484959908e+02,6.752816308489320e+02,1.764705882352941e+00,32017334
6.830084143736201e+02,6.812437084912672e+02,5.882352941176471e-01,32017339
6.844692648809070e+02,6.791751472338481e+02,1.764705882352941e+00,32017337
6.847731202559730e+02,6.823972213082293e+02,5.882352941176471e-01,32017340
6.852303631131631e+02,6.799362454661043e+02,1.764705882352941e+00,32017338
6.884427483130609e+02,6.866780424307079e+02,5.882352941176471e-01,32017343
6.900531457841674e+02,6.879217306718081e+02,5.882352941176471e-01,32017344
6.909617647913532e+02,6.856676471442943e+02,1.764705882352941e+00,32017341
6.919721600777668e+02,6.865237340194615e+02,1.764705882352941e+00,32017342
6.927849746204641e+02,6.903406817930844e+02,5.882352941176471e-01,32017346
6.936597117544965e+02,6.910787726848691e+02,5.882352941176471e-01,32017348
6.945496805028170e+02,6.921899284415659e+02,5.882352941176471e-01,32017350
6.963143863851700e+02,6.944346146855267e+02,5.882352941176471e-01,32017351
6.971891235192023e+02,6.916090943941060e+02,1.764705882352941e+00,32017349
6.971891235192023e+02,6.888344113179116e+02,1.764705882352941e+00,32017345
6.989538294015553e+02,6.969652221361867e+02,5.882352941176471e-01,32017353
7.002811667168920e+02,6.977991646050070e+02,5.882352941176471e-01,32017355
7.011167941777074e+02,6.961920747187567e+02,1.176470588235294e+00,32017352
7.028815000600604e+02,7.006265936625555e+02,5.882352941176471e-01,32017358
7.038105784815979e+02,6.979642653012741e+02,1.764705882352941e+00,32017356
7.046462059424133e+02,7.025790692567894e+02,5.882352941176471e-01,32017360
7.064109118247663e+02,7.043707334874917e+02,5.882352941176471e-01,32017361
7.073399902463038e+02,7.017200660265860e+02,1.764705882352941e+00,32017359
7.073399902463038e+02,6.997503471891537e+02,1.764705882352941e+00,32017357
7.108694020110097e+02,7.067263291915117e+02,1.176470588235294e+00,32017363
7.117050294718251e+02,7.050560492233877e+02,1.764705882352941e+00,32017362
7.128555664859271e+02,7.110908606035742e+02,5.882352941176471e-01,32017364
7.143339693013915e+02,7.125692634190386e+02,5.882352941176471e-01,32017366
7.166806503172517e+02,7.113865326701928e+02,1.764705882352941e+00,32017365
7.188287202207316e+02,7.152993084560257e+02,1.176470588235294e+00,32017367
7.196814603599798e+02,7.179167544776269e+02,5.882352941176471e-01,32017369
7.214028365699229e+02,7.161087189228641e+02,1.764705882352941e+00,32017368
7.219372337100201e+02,7.191469440992439e+02,5.882352941176471e-01,32017373
7.219372337100201e+02,7.189690586052717e+02,5.882352941176471e-01,32017372
7.235238072123407e+02,7.210557525959031e+02,5.882352941176471e-01,32017375
7.252885130946936e+02,7.180921052811808e+02,1.176470588235294e+00,32017370
7.270532189770465e+02,7.238894333721300e+02,5.882352941176470e-01,32017377
7.270532189770465e+02,7.213521926588111e+02,1.764705882352941e+00,32017376
7.270532189770465e+02,7.209684583165211e+02,1.764705882352941e+00,32017374
7.288179248593995e+02,7.268605169983495e+02,5.882352941176471e-01,32017381
7.295467129846825e+02,7.277820071023295e+02,5.882352941176471e-01,32017382
7.318293777455704e+02,7.294640169243620e+02,5.882352941176471e-01,32017384
7.323473366241054e+02,7.264929047444379e+02,1.764705882352941e+00,32017380
7.353587895102763e+02,7.329044248394509e+02,5.882352941176471e-01,32017388
7.361552924964840e+02,7.281785767774540e+02,1.764705882352941e+00,32017383
7.374414999316688e+02,7.307655130863005e+02,1.764705882352941e+00,32017386
7.388882012749821e+02,7.342300927060026e+02,1.176470588235294e+00,32017389
7.392062058140218e+02,7.374350590952353e+02,5.882352941176471e-01,32017391
7.401186587247373e+02,7.375887373613640e+02,5.882352941176471e-01,32017392
7.424176130396880e+02,7.405800597699068e+02,5.882352941176471e-01,32017396
7.435155074443937e+02,7.353672546394006e+02,1.764705882352941e+00,32017390
7.442440886949254e+02,7.418812166730664e+02,5.882352941176471e-01,32017397
7.449565499164384e+02,7.387879073059317e+02,1.764705882352941e+00,32017394
7.452802133267466e+02,7.425411525854569e+02,5.882352941176471e-01,32017399
7.475259705206790e+02,7.457612646383261e+02,5.882352941176471e-01,32017400
7.513800546633465e+02,7.496153487809935e+02,5.882352941176471e-01,32017401
7.513886202303590e+02,7.496239143480061e+02,5.882352941176471e-01,32017402
7.521106900805103e+02,7.503459841981574e+02,5.882352941176471e-01,32017403
7.568589583030241e+02,7.550942524206711e+02,5.882352941176471e-01,32017405
7.570741412023621e+02,7.553094353200092e+02,5.882352941176471e-01,32017406
7.581731234109743e+02,7.558322771133530e+02,5.882352941176471e-01,32017407
7.586236641853770e+02,7.546437116462684e+02,1.176470588235294e+00,32017404
7.591155318700543e+02,7.573508259877014e+02,5.882352941176471e-01,32017408
7.635034628151045e+02,7.575120161433457e+02,1.764705882352941e+00,32017409
7.639177818324358e+02,7.582455669251172e+02,1.764705882352941e+00,32017411
7.659812844698670e+02,7.606871668228082e+02,1.764705882352941e+00,32017412
7.661843139976602e+02,7.644196081153073e+02,5.882352941176471e-01,32017414
7.677921205507558e+02,7.656759710157559e+02,5.882352941176471e-01,32017416
7.677921205507558e+02,7.645902138969500e+02,5.882352941176471e-01,32017415
7.697137257623661e+02,7.643088389845858e+02,1.764705882352941e+00,32017413
7.722490240649447e+02,7.704843181825917e+02,5.882352941176471e-01,32017419
7.731456796515773e+02,7.713809737692244e+02,5.882352941176471e-01,32017420
7.739194721309641e+02,7.695220100705379e+02,1.176470588235294e+00,32017418
7.739583549269008e+02,7.686642372798420e+02,1.764705882352941e+00,32017417
7.776685611434981e+02,7.759038552611452e+02,5.882352941176471e-01,32017421
7.806845288468544e+02,7.789198229645014e+02,5.882352941176471e-01,32017423
7.812474232615012e+02,7.759533056144423e+02,1.764705882352941e+00,32017422
7.850225191699711e+02,7.832578132876182e+02,5.882352941176471e-01,32017425
7.854970169294888e+02,7.802028992824299e+02,1.764705882352941e+00,32017424
7.859638335762752e+02,7.841991276939223e+02,5.882352941176471e-01,32017426
7.875509079009476e+02,7.857862020185947e+02,5.882352941176471e-01,32017427
7.877594059228189e+02,7.859947000404659e+02,5.882352941176471e-01,32017428
7.887706214160519e+02,7.870059155336990e+02,5.882352941176471e-01,32017429
7.942767847987455e+02,7.889458279113907e+02,1.764705882352941e+00,32017431
7.942767847987455e+02,7.884728939314139e+02,1.764705882352941e+00,32017430
7.957866040709620e+02,7.890195063919826e+02,1.764705882352941e+00,32017432
7.960414906810984e+02,7.938974577020195e+02,5.882352941176471e-01,32017435
7.960414906810984e+02,7.932372582174117e+02,5.882352941176471e-01,32017434
7.977931832527447e+02,7.960284773703918e+02,5.882352941176471e-01,32017436
7.978836123865357e+02,7.961189065041827e+02,5.882352941176471e-01,32017437
8.019392089946370e+02,7.998348172894160e+02,5.882352941176471e-01,32017441
8.037039148769900e+02,7.997674111394423e+02,1.176470588235294e+00,32017440
8.046879611184282e+02,7.990202758032964e+02,1.764705882352941e+00,32017439
8.046879611184282e+02,7.984097972299311e+02,1.764705882352941e+00,32017438
8.058247654315000e+02,8.024988721839559e+02,5.882352941176471e-01,32017442
8.064526670007811e+02,8.042381318852256e+02,5.882352941176471e-01,32017445
8.086696528494305e+02,8.069049469670776e+02,5.882352941176471e-01,32017446
8.088995575578586e+02,8.071348516755057e+02,5.882352941176471e-01,32017447
8.130435809448763e+02,8.077494632978175e+02,1.764705882352941e+00,32017448
8.141855310219523e+02,8.124208251395993e+02,5.882352941176471e-01,32017450
8.150724850283114e+02,8.133077791459585e+02,5.882352941176471e-01,32017451
8.151763799565808e+02,8.098822623095219e+02,1.764705882352941e+00,32017449
8.159502369043052e+02,8.139919305272275e+02,5.882352941176471e-01,32017452
8.199772451968642e+02,8.182125393145113e+02,5.882352941176471e-01,32017455
8.203559894350754e+02,8.183558818709810e+02,5.882352941176471e-01,32017456
8.216108094084331e+02,8.195153352591713e+02,5.882352941176471e-01,32017458
8.216108094084331e+02,8.185947666426947e+02,5.882352941176471e-01,32017457
8.221206953174283e+02,8.202263453079859e+02,5.882352941176471e-01,32017459
8.233755152907860e+02,8.214853162865045e+02,5.882352941176471e-01,32017461
8.233755152907860e+02,8.206309099876463e+02,5.882352941176471e-01,32017460
8.241334193988201e+02,8.223687135164671e+02,5.882352941176471e-01,32017462
8.250162120736196e+02,8.179502559729432e+02,1.176470588235294e+00,32017454
8.250162120736196e+02,8.168265776703695e+02,1.176470588235294e+00,32017453
8.278188667968296e+02,8.260541609144767e+02,5.882352941176471e-01,32017464
8.279589768717613e+02,8.261942709894084e+02,5.882352941176471e-01,32017465
8.294275370458789e+02,8.234569237754476e+02,1.764705882352941e+00,32017463
8.296769793958037e+02,8.267482456337965e+02,5.882352941176471e-01,32017467
8.296769793958037e+02,8.265808138148670e+02,5.882352941176471e-01,32017466
8.313169641031942e+02,8.291759984486916e+02,5.882352941176471e-01,32017470
8.313169641031942e+02,8.288038147736355e+02,5.882352941176471e-01,32017469
8.321453716947008e+02,8.303806658123479e+02,5.882352941176471e-01,32017471
8.330816699855472e+02,8.312248674969135e+02,5.882352941176471e-01,32017472
8.361789399679204e+02,8.338265389260674e+02,5.882352941176471e-01,32017477
8.361789399679204e+02,8.336532724830500e+02,5.882352941176471e-01,32017476
8.366675891353469e+02,8.313734714882881e+02,1.764705882352941e+00,32017473
8.379436458502734e+02,8.358811828986186e+02,5.882352941176471e-01,32017478
8.384322950176999e+02,8.366272378368823e+02,5.882352941176471e-01,32017479
8.399325006671073e+02,8.322173864208819e+02,1.764705882352941e+00,32017474
8.406123285848458e+02,8.388476227024928e+02,5.882352941176471e-01,32017480
8.411696140337695e+02,8.394049081514165e+02,5.882352941176471e-01,32017481
8.435416362381060e+02,8.417769303557531e+02,5.882352941176471e-01,32017483
8.462573858577636e+02,8.409632682107048e+02,1.764705882352941e+00,32017482
8.466899065515377e+02,8.440077667320104e+02,5.882352941176471e-01,32017487
8.466899065515377e+02,8.435584989742583e+02,5.882352941176471e-01,32017486
8.481383141985071e+02,8.455748165690412e+02,5.882352941176471e-01,32017488
8.484546124338907e+02,8.464898307745448e+02,5.882352941176471e-01,32017490
8.486282878902479e+02,8.427793533355577e+02,1.176470588235294e+00,32017484
8.503061560444222e+02,8.483538245503517e+02,5.882352941176471e-01,32017494
8.503061560444222e+02,8.482108669656195e+02,5.882352941176471e-01,32017493
8.519485754001065e+02,8.487656812556113e+02,5.882352941176471e-01,32017495
8.519485754001065e+02,8.492079573673210e+02,5.882352941176471e-01,32017496
8.537132812824595e+02,8.495515743468286e+02,1.176470588235294e+00,32017497
8.554779871648124e+02,8.470372574642523e+02,1.764705882352941e+00,32017491
8.560507130868366e+02,8.542860072044837e+02,5.882352941176471e-01,32017498
8.571103547880704e+02,8.553456489057175e+02,5.882352941176471e-01,32017499
8.580510743482499e+02,8.562863684658970e+02,5.882352941176471e-01,32017500
8.611970257705881e+02,8.594323198882352e+02,5.882352941176471e-01,32017502
8.646001631042046e+02,8.593060454571458e+02,1.764705882352941e+00,32017501
8.648618044481226e+02,8.630970985657696e+02,5.882352941176471e-01,32017504
8.664698302006501e+02,8.638823042523532e+02,5.882352941176471e-01,32017505
8.665747914147427e+02,8.612806737676838e+02,1.764705882352941e+00,32017503
8.666571435051769e+02,8.648924376228240e+02,5.882352941176471e-01,32017507
8.683132569935725e+02,8.650321183315703e+02,5.882352941176471e-01,32017509
8.700779628759254e+02,8.682565324368076e+02,5.882352941176471e-01,32017514
8.718426687582783e+02,8.698858464330194e+02,5.882352941176471e-01,32017516
8.718426687582783e+02,8.692745745862230e+02,5.882352941176471e-01,32017515
8.725363466940776e+02,8.649704272802233e+02,1.764705882352941e+00,32017508
8.736073746406313e+02,8.710278615897110e+02,5.882352941176471e-01,32017518
8.736073746406313e+02,8.709400817408666e+02,5.882352941176471e-01,32017517
8.743010525764306e+02,8.721173899596520e+02,5.882352941176471e-01,32017519
8.778304643411365e+02,8.759634484114442e+02,5.882352941176471e-01,32017526
8.790739574276276e+02,8.766483386570441e+02,5.882352941176471e-01,32017527
8.808386633099805e+02,8.784652615681383e+02,5.882352941176471e-01,32017530
8.826033691923335e+02,8.807271332457678e+02,5.882352941176471e-01,32017532
8.837389781963987e+02,8.679202945432400e+02,1.764705882352941e+00,32017513
8.847373934033208e+02,8.829726875209679e+02,5.882352941176471e-01,32017533
8.853633968336680e+02,8.739344922308692e+02,1.764705882352941e+00,32017523
8.855036840787517e+02,8.834380374914809e+02,5.882352941176471e-01,32017534
8.868151010008474e+02,8.838132636376669e+02,5.882352941176471e-01,32017535
8.885798068832003e+02,8.841791805293940e+02,1.176470588235294e+00,32017536
8.890132838674094e+02,8.872485779850564e+02,5.882352941176471e-01,32017537
8.910543872313276e+02,8.875249754666217e+02,1.176470588235294e+00,32017538
8.924836789660033e+02,8.907189730836504e+02,5.882352941176471e-01,32017539
8.925701656299914e+02,8.908054597476384e+02,5.882352941176471e-01,32017540
8.928190931136805e+02,8.909614907200755e+02,5.882352941176471e-01,32017541
8.942916281803503e+02,8.919544919782513e+02,5.882352941176471e-01,32017543
8.960563340627032e+02,8.913318440796878e+02,1.176470588235294e+00,32017542
8.985735892428884e+02,8.932794715958296e+02,1.764705882352941e+00,32017544
8.997092959637450e+02,8.944151783166862e+02,1.764705882352941e+00,32017545
9.003382951252414e+02,8.979872675012885e+02,5.882352941176471e-01,32017549
9.014431143120140e+02,8.972210490039131e+02,1.176470588235294e+00,32017547
9.032078201943669e+02,8.955291738278363e+02,1.764705882352941e+00,32017546
9.056921621803229e+02,9.039274562979699e+02,5.882352941176471e-01,32017551
9.090328290000080e+02,9.037387113529492e+02,1.764705882352941e+00,32017550
9.101286306720620e+02,9.083639247897090e+02,5.882352941176471e-01,32017553
9.107320021829579e+02,9.054378845358991e+02,1.764705882352941e+00,32017552
9.122955842283455e+02,9.092077893276925e+02,5.882352941176471e-01,32017557
9.126788809831702e+02,9.108190234117717e+02,5.882352941176471e-01,32017560
9.158301966132848e+02,9.133590696603281e+02,5.882352941176471e-01,32017562
9.160140440603470e+02,9.095499823260067e+02,1.764705882352941e+00,32017558
9.160140440603470e+02,9.087289187532886e+02,1.764705882352941e+00,32017554
9.177787499427000e+02,9.158713777199638e+02,5.882352941176471e-01,32017565
9.195108044463084e+02,9.163001541377238e+02,5.882352941176471e-01,32017566
9.195108044463084e+02,9.165306228843123e+02,5.882352941176471e-01,32017567
9.195434558250529e+02,9.123007848485790e+02,1.764705882352941e+00,32017561
9.212755103286613e+02,9.144249080134678e+02,1.176470588235294e+00,32017563
9.212755103286613e+02,9.180491782486844e+02,5.882352941176471e-01,32017571
9.230402162110143e+02,9.210462573791172e+02,5.882352941176471e-01,32017574
9.245930607275418e+02,9.220389208397081e+02,5.882352941176471e-01,32017576
9.245930607275418e+02,9.218041391044859e+02,5.882352941176471e-01,32017575
9.263701305872063e+02,9.246054247048533e+02,5.882352941176471e-01,32017578
9.272062034730058e+02,9.208517875970105e+02,1.764705882352941e+00,32017572
9.281317454752313e+02,9.247863255279778e+02,5.882352941176471e-01,32017579
9.298964513575843e+02,9.278516296270288e+02,5.882352941176471e-01,32017584
9.307356152377117e+02,9.284964548125638e+02,5.882352941176471e-01,32017585
9.318435119086035e+02,9.243133672055857e+02,1.764705882352941e+00,32017577
9.326286313343810e+02,9.303863608664645e+02,5.882352941176471e-01,32017587
9.335170404566233e+02,9.309922356663443e+02,5.882352941176471e-01,32017589
9.352817463389762e+02,9.331107360945532e+02,5.882352941176471e-01,32017592
9.356957776666038e+02,9.265912230193661e+02,1.176470588235294e+00,32017583
9.361580430990869e+02,9.341380874480647e+02,5.882352941176471e-01,32017593
9.380054268038779e+02,9.362407209215250e+02,5.882352941176471e-01,32017594
9.388111581036821e+02,9.322606250651086e+02,1.764705882352941e+00,32017591
9.404011257135774e+02,9.383098356115892e+02,5.882352941176471e-01,32017599
9.404011257135774e+02,9.382221207375245e+02,5.882352941176471e-01,32017598
9.426435233349057e+02,9.408788174525527e+02,5.882352941176471e-01,32017600
9.436692144480217e+02,9.367441854477178e+02,1.764705882352941e+00,32017596
9.436692144480217e+02,9.366969756764140e+02,1.764705882352941e+00,32017595
9.444082292172586e+02,9.409362753801195e+02,5.882352941176471e-01,32017601
9.475610684415197e+02,9.440316566768138e+02,1.176470588235294e+00,32017603
9.489633320950805e+02,9.436174605682370e+02,1.764705882352941e+00,32017602
9.493257743238726e+02,9.470944937005840e+02,5.882352941176471e-01,32017605
9.504848833999867e+02,9.476208636760404e+02,5.882352941176471e-01,32017606
9.507280379774334e+02,9.488469511563011e+02,5.882352941176471e-01,32017607
9.510904802062256e+02,9.490474127865236e+02,5.882352941176471e-01,32017608
9.522495892823396e+02,9.497784283088421e+02,5.882352941176471e-01,32017609
9.524927438597864e+02,9.469554716352808e+02,1.176470588235294e+00,32017604
9.540142951646926e+02,9.520277525082400e+02,5.882352941176471e-01,32017611
9.547303944262687e+02,9.529656885439158e+02,5.882352941176471e-01,32017612
9.564951003086217e+02,9.547010081679066e+02,5.882352941176471e-01,32017614
9.575437069293984e+02,9.516790728241336e+02,1.764705882352941e+00,32017610
9.587378963535454e+02,9.530667707475297e+02,1.764705882352941e+00,32017613
9.607284642510256e+02,9.589637583686726e+02,5.882352941176471e-01,32017618
9.620282630369659e+02,9.558957029720583e+02,1.764705882352941e+00,32017615
9.636089781073413e+02,9.583148604602825e+02,1.764705882352941e+00,32017617
9.636758783531554e+02,9.619111724708024e+02,5.882352941176471e-01,32017619
9.666294696681981e+02,9.648647637858452e+02,5.882352941176471e-01,32017621
9.667544459936770e+02,9.649897401113241e+02,5.882352941176471e-01,32017622
9.699180831148753e+02,9.646239654678164e+02,1.764705882352941e+00,32017620
9.705393477714691e+02,9.687746418891161e+02,5.882352941176471e-01,32017623
9.705452675161926e+02,9.687805616338397e+02,5.882352941176471e-01,32017624
9.731098313689300e+02,9.713451254865771e+02,5.882352941176471e-01,32017626
9.746427405487224e+02,9.728780346663694e+02,5.882352941176471e-01,32017627
9.752122007619341e+02,9.696122615027134e+02,1.764705882352941e+00,32017625
9.785727807713144e+02,9.729454531855371e+02,1.764705882352941e+00,32017628
9.799368581957812e+02,9.738400107726132e+02,1.764705882352941e+00,32017630
9.806183272729900e+02,9.786706378677642e+02,5.882352941176471e-01,32017633
9.817015640781341e+02,9.789271956623663e+02,5.882352941176471e-01,32017635
9.821021925360203e+02,9.801733860781131e+02,5.882352941176471e-01,32017636
9.823830331553429e+02,9.806026970228903e+02,5.882352941176471e-01,32017637
9.842567754048845e+02,9.824920695225315e+02,5.882352941176471e-01,32017640
9.852309758428400e+02,9.829465205094734e+02,5.882352941176471e-01,32017641
9.869956817251930e+02,9.852196002524085e+02,5.882352941176471e-01,32017643
9.874761099378778e+02,9.770153412365549e+02,1.764705882352941e+00,32017631
9.895057130754424e+02,9.822636692514502e+02,1.176470588235294e+00,32017639
9.912704189577953e+02,9.890305769440271e+02,5.882352941176470e-01,32017647
9.912704189577953e+02,9.806765237769740e+02,1.764705882352941e+00,32017638
9.926624621062000e+02,9.861960185894473e+02,1.176470588235294e+00,32017644
9.944271679885530e+02,9.863485994235964e+02,1.764705882352941e+00,32017645
9.946134993555271e+02,9.916049152941233e+02,5.882352941176471e-01,32017649
9.947998307225012e+02,9.888442935562002e+02,1.764705882352941e+00,32017646
9.963160947822220e+02,9.937403078285533e+02,5.882352941176471e-01,32017652
9.980808006645749e+02,9.931617494380864e+02,1.176470588235294e+00,32017651
1.000453167660894e+03,9.969237558961880e+02,1.176470588235294e+00,32017655
1.000802439778905e+03,9.990377338965523e+02,5.882352941176471e-01,32017656
1.000819625298706e+03,9.955255076516470e+02,1.764705882352941e+00,32017654
1.004729016820398e+03,1.002964310938045e+03,5.882352941176471e-01,32017657
1.005055924756978e+03,1.003291218874625e+03,5.882352941176471e-01,32017658
1.007351934979935e+03,1.005587229097582e+03,5.882352941176471e-01,32017661
1.008258428585104e+03,1.004334958160813e+03,1.176470588235294e+00,32017660
1.009547687386278e+03,1.004253569739219e+03,1.764705882352941e+00,32017659
1.010881346744641e+03,1.007173562169469e+03,1.176470588235294e+00,32017662
1.011478667932798e+03,1.009713962050445e+03,5.882352941176471e-01,32017663
1.013177365797130e+03,1.011412659914777e+03,5.882352941176471e-01,32017664
1.013950260844707e+03,1.012185554962354e+03,5.882352941176471e-01,32017665
1.014181922269733e+03,1.012417216387380e+03,5.882352941176471e-01,32017666
1.015828017730200e+03,1.013882188460582e+03,5.882352941176471e-01,32017668
1.015946628152086e+03,1.014176362850987e+03,5.882352941176471e-01,32017670
1.018136254139957e+03,1.016371548257604e+03,5.882352941176471e-01,32017672
1.019357429494906e+03,1.013836408577341e+03,1.764705882352941e+00,32017667
1.019900960022310e+03,1.018103635360472e+03,5.882352941176471e-01,32017673
1.020895232106753e+03,1.014977464668060e+03,1.764705882352941e+00,32017671
1.021122135377259e+03,1.018676615757979e+03,5.882352941176471e-01,32017674
1.022006508717264e+03,1.020241802834911e+03,5.882352941176471e-01,32017675
1.022659937989106e+03,1.020335111600667e+03,5.882352941176471e-01,32017676
1.026121862298628e+03,1.024357156416275e+03,5.882352941176471e-01,32017678
1.026501383075664e+03,1.024736677193311e+03,5.882352941176471e-01,32017679
1.027011347756255e+03,1.021717230109196e+03,1.764705882352941e+00,32017677
1.028266088958017e+03,1.026312769751549e+03,5.882352941176471e-01,32017684
1.029794454653024e+03,1.025294937963518e+03,1.176470588235294e+00,32017680
1.030171298511118e+03,1.028406592628765e+03,5.882352941176471e-01,32017686
1.031712680740795e+03,1.028831973493077e+03,5.882352941176471e-01,32017688
1.031712680740795e+03,1.028797461632562e+03,5.882352941176471e-01,32017687
1.033700710275824e+03,1.028336789181507e+03,1.764705882352941e+00,32017685
1.034977112419730e+03,1.033212406537377e+03,5.882352941176471e-01,32017690
1.035242092505501e+03,1.031341845641180e+03,1.176470588235294e+00,32017689
1.037156214296866e+03,1.035391508414513e+03,5.882352941176471e-01,32017691
1.038322741161865e+03,1.036558035279512e+03,5.882352941176471e-01,32017692
1.038785864865729e+03,1.037021158983376e+03,5.882352941176471e-01,32017693
1.039214504606097e+03,1.037449798723744e+03,5.882352941176471e-01,32017694
1.040550570748082e+03,1.038765254633305e+03,5.882352941176471e-01,32017696
1.040979210488450e+03,1.038948248043962e+03,5.882352941176471e-01,32017697
1.043616858808924e+03,1.039732427321920e+03,1.176470588235294e+00,32017698
1.044079982512788e+03,1.037670810518424e+03,1.764705882352941e+00,32017695
1.044931994768552e+03,1.043167288886199e+03,5.882352941176471e-01,32017699
1.045610719222733e+03,1.043846013340380e+03,5.882352941176471e-01,32017700
1.048696801734503e+03,1.046932095852150e+03,5.882352941176471e-01,32017702
1.051432636894114e+03,1.046138519247055e+03,1.764705882352941e+00,32017701
1.051636005749449e+03,1.049540042565102e+03,5.882352941176471e-01,32017705
1.053197342776467e+03,1.050781604171540e+03,5.882352941176471e-01,32017706
1.054084903220657e+03,1.052320197338304e+03,5.882352941176471e-01,32017707
1.054150967658903e+03,1.048106593984743e+03,1.764705882352941e+00,32017703
1.058824295056602e+03,1.056100707082393e+03,5.882352941176471e-01,32017711
1.059572784051094e+03,1.057808078168741e+03,5.882352941176471e-01,32017713
1.062468954985441e+03,1.055149211842651e+03,1.764705882352941e+00,32017708
1.062468954985441e+03,1.055440554741140e+03,1.764705882352941e+00,32017709
1.062468954985441e+03,1.055640627784296e+03,1.764705882352941e+00,32017710
1.064233660867794e+03,1.060112978040397e+03,5.882352941176471e-01,32017714
1.064277620714960e+03,1.062512914832607e+03,5.882352941176471e-01,32017716
1.065954406902980e+03,1.056796172441414e+03,1.176470588235294e+00,32017712
1.065998366750147e+03,1.063360486117260e+03,5.882352941176471e-01,32017717
1.067807032479666e+03,1.061157044108900e+03,1.764705882352941e+00,32017715
1.068815870145945e+03,1.067051164263592e+03,5.882352941176471e-01,32017719
1.072345281910651e+03,1.064758063184733e+03,1.764705882352941e+00,32017718
1.073057190279558e+03,1.067254665091141e+03,1.764705882352941e+00,32017721
1.073057190279558e+03,1.067236776702020e+03,1.764705882352941e+00,32017720
1.074584593372276e+03,1.069768343743057e+03,5.882352941176471e-01,32017722
1.076349299254629e+03,1.070217755169547e+03,1.176470588235294e+00,32017723
1.078114005136981e+03,1.075563522039121e+03,5.882352941176470e-01,32017726
1.078114005136981e+03,1.076345397734071e+03,5.882352941176470e-01,32017727
1.078114005136981e+03,1.071123037585475e+03,1.764705882352941e+00,32017724
1.079878711019334e+03,1.073144694694604e+03,1.176470588235294e+00,32017725
1.079878711019334e+03,1.077018424450865e+03,5.882352941176471e-01,32017728
1.081643416901687e+03,1.079549399856605e+03,5.882352941176471e-01,32017730
1.082990391747298e+03,1.080284141317253e+03,5.882352941176471e-01,32017732
1.084755097629651e+03,1.082585018925946e+03,5.882352941176471e-01,32017733
1.085172828666393e+03,1.079844831570241e+03,1.764705882352941e+00,32017731
1.085172828666393e+03,1.079460979982593e+03,1.764705882352941e+00,32017729
1.086798290869832e+03,1.083084389469686e+03,5.882352941176471e-01,32017735
1.086798290869832e+03,1.084614251983530e+03,5.882352941176471e-01,32017736
1.088562996752185e+03,1.086567452957222e+03,5.882352941176471e-01,32017737
1.090327702634538e+03,1.087713751451383e+03,5.882352941176470e-01,32017739
1.090327702634538e+03,1.083049644475228e+03,1.764705882352941e+00,32017734
1.090774652340062e+03,1.087245240575356e+03,1.176470588235294e+00,32017738
1.092590912995550e+03,1.090826207113197e+03,5.882352941176471e-01,32017740
1.096122483145067e+03,1.090828365498009e+03,1.764705882352941e+00,32017741
1.099997937241603e+03,1.098233231359250e+03,5.882352941176471e-01,32017754
1.101235465530179e+03,1.098957310761038e+03,5.882352941176471e-01,32017756
1.101235465530179e+03,1.098243643699514e+03,5.882352941176471e-01,32017755
1.105174234626394e+03,1.093240874544227e+03,1.764705882352941e+00,32017743
1.105174234626394e+03,1.092781377317205e+03,1.764705882352941e+00,32017742
1.106734261842993e+03,1.104073885592428e+03,5.882352941176471e-01,32017761
1.106956003708523e+03,1.105191297826170e+03,5.882352941176471e-01,32017762
1.107345364228834e+03,1.105580658346481e+03,5.882352941176471e-01,32017763
1.108646795635699e+03,1.105643229290434e+03,5.882352941176471e-01,32017765
1.110411501518052e+03,1.108333467273800e+03,5.882352941176471e-01,32017768
1.111207882557086e+03,1.096436770045515e+03,1.764705882352941e+00,32017751
1.112972588439439e+03,1.111144626660097e+03,5.882352941176471e-01,32017770
1.113940913282758e+03,1.111818590583181e+03,5.882352941176471e-01,32017771
1.114307475853780e+03,1.105596169373080e+03,1.764705882352941e+00,32017764
1.114737294321792e+03,1.112244286342461e+03,5.882352941176471e-01,32017772
1.116133442645406e+03,1.114368736763053e+03,5.882352941176471e-01,32017774
1.116440739294872e+03,1.109262012806002e+03,1.176470588235294e+00,32017769
1.119235030929817e+03,1.113786751891670e+03,1.764705882352941e+00,32017773
1.119367782521768e+03,1.117603076639415e+03,5.882352941176471e-01,32017775
1.120046923350133e+03,1.118282217467780e+03,5.882352941176471e-01,32017776
1.121066112608145e+03,1.119208029379054e+03,5.882352941176471e-01,32017778
1.121066112608145e+03,1.118921687729441e+03,5.882352941176471e-01,32017777
1.122070026422432e+03,1.120305320540079e+03,5.882352941176471e-01,32017779
1.124049590631842e+03,1.122284884749489e+03,5.882352941176471e-01,32017781
1.124725147212606e+03,1.122960441330253e+03,5.882352941176471e-01,32017782
1.125807654736142e+03,1.123972585699947e+03,5.882352941176471e-01,32017783
1.125814296514194e+03,1.122278242971437e+03,1.176470588235294e+00,32017780
1.127841115273688e+03,1.126076409391335e+03,5.882352941176471e-01,32017784
1.128915306233727e+03,1.127150600351374e+03,5.882352941176471e-01,32017786
1.130612700375978e+03,1.128813137257082e+03,5.882352941176471e-01,32017788
1.132397942139873e+03,1.130633236257520e+03,5.882352941176471e-01,32017790
1.132444717998433e+03,1.127083288611272e+03,1.764705882352941e+00,32017785
1.133870982898692e+03,1.132047565099129e+03,5.882352941176471e-01,32017791
1.134136113576254e+03,1.128570866687203e+03,1.176470588235294e+00,32017787
1.135768254119826e+03,1.133120610878121e+03,5.882352941176471e-01,32017793
1.135974129763139e+03,1.130341571133986e+03,1.764705882352941e+00,32017789
1.139297665884532e+03,1.132813485371700e+03,1.764705882352941e+00,32017792
1.140073169367201e+03,1.136984049614618e+03,5.882352941176471e-01,32017796
1.141062371766885e+03,1.138902641400509e+03,5.882352941176471e-01,32017799
1.141837875249554e+03,1.139314888091319e+03,5.882352941176471e-01,32017800
1.142188320758086e+03,1.140423614875733e+03,5.882352941176471e-01,32017801
1.144991970683859e+03,1.136559483546167e+03,1.764705882352941e+00,32017795
1.144991970683859e+03,1.136512305715151e+03,1.764705882352941e+00,32017794
1.146879023475432e+03,1.145114317593080e+03,5.882352941176471e-01,32017802
1.148709457231610e+03,1.146270366003080e+03,5.882352941176471e-01,32017806
1.148709457231610e+03,1.146178309588396e+03,5.882352941176471e-01,32017805
1.149059941430579e+03,1.147295235548226e+03,5.882352941176471e-01,32017807
1.150474163113963e+03,1.147622243449722e+03,5.882352941176471e-01,32017808
1.150824647312932e+03,1.149013973963235e+03,5.882352941176471e-01,32017810
1.152260257683731e+03,1.149713827032125e+03,5.882352941176471e-01,32017812
1.152260257683731e+03,1.149561708775592e+03,5.882352941176471e-01,32017811
1.154024963566084e+03,1.151919184704875e+03,5.882352941176471e-01,32017815
1.154354059077638e+03,1.152477867508182e+03,5.882352941176471e-01,32017816
1.155815637727294e+03,1.153125580487173e+03,5.882352941176471e-01,32017818
1.156849554284819e+03,1.154133115569313e+03,5.882352941176471e-01,32017821
1.156849554284819e+03,1.154102868402656e+03,5.882352941176471e-01,32017820
1.159164862491482e+03,1.148752234606440e+03,1.176470588235294e+00,32017809
1.159796355545743e+03,1.145442002590663e+03,1.764705882352941e+00,32017804
1.159796355545743e+03,1.145245773340730e+03,1.764705882352941e+00,32017803
1.161403188164530e+03,1.157583690717232e+03,5.882352941176471e-01,32017822
1.161403188164530e+03,1.157753306475436e+03,5.882352941176471e-01,32017823
1.164932599929236e+03,1.158277348156383e+03,1.764705882352941e+00,32017824
1.166697305811589e+03,1.162980167296479e+03,1.176470588235294e+00,32017828
1.167872919610743e+03,1.161989709880485e+03,1.764705882352941e+00,32017827
1.167872919610743e+03,1.160102314270956e+03,1.764705882352941e+00,32017826
1.169245754226711e+03,1.165094917558487e+03,5.882352941176471e-01,32017829
1.169245754226711e+03,1.165223715961129e+03,5.882352941176471e-01,32017830
1.171722680245764e+03,1.169957974363411e+03,5.882352941176471e-01,32017833
1.172775165991417e+03,1.165499877696051e+03,1.764705882352941e+00,32017831
1.176582782290634e+03,1.173944901605542e+03,5.882352941176471e-01,32017838
1.176860986825146e+03,1.170614725022438e+03,1.764705882352941e+00,32017834
1.176860986825146e+03,1.169626898856928e+03,1.764705882352941e+00,32017832
1.179438494515047e+03,1.171430511481539e+03,1.176470588235294e+00,32017836
1.180496686928816e+03,1.178731981046463e+03,5.882352941176471e-01,32017842
1.181203200397400e+03,1.172182246197276e+03,1.764705882352941e+00,32017837
1.182261392811169e+03,1.179710445937144e+03,5.882352941176471e-01,32017843
1.182967906279753e+03,1.180687001215448e+03,5.882352941176471e-01,32017844
1.182981186687691e+03,1.176543800267612e+03,1.764705882352941e+00,32017840
1.184738702566860e+03,1.182973996684507e+03,5.882352941176471e-01,32017846
1.185970693451773e+03,1.184205987569420e+03,5.882352941176471e-01,32017847
1.187542035570183e+03,1.185777329687830e+03,5.882352941176471e-01,32017848
1.187555510458228e+03,1.181835644624516e+03,1.764705882352941e+00,32017845
1.189582614294256e+03,1.187817908411903e+03,5.882352941176471e-01,32017850
1.189815656110238e+03,1.188050950227885e+03,5.882352941176471e-01,32017851
1.191033067980034e+03,1.188534998476438e+03,5.882352941176471e-01,32017852
1.191347320176609e+03,1.189457820062120e+03,5.882352941176471e-01,32017853
1.191580361992591e+03,1.189599973487870e+03,5.882352941176471e-01,32017854
1.192954899960674e+03,1.190349603908958e+03,5.882352941176471e-01,32017855
1.194719605843027e+03,1.191737952630087e+03,5.882352941176471e-01,32017857
1.195109773757297e+03,1.187503656215328e+03,1.764705882352941e+00,32017849
1.196484311725380e+03,1.190748501894858e+03,1.764705882352941e+00,32017856
1.202407554326753e+03,1.200642848444401e+03,5.882352941176471e-01,32017859
1.202552290046660e+03,1.200787584164307e+03,5.882352941176471e-01,32017860
1.203880111932162e+03,1.200825175623311e+03,5.882352941176471e-01,32017861
1.206081701811366e+03,1.200058551890512e+03,1.764705882352941e+00,32017858
1.206321457103469e+03,1.204556751221116e+03,5.882352941176471e-01,32017863
1.207409523696868e+03,1.201022976704293e+03,1.764705882352941e+00,32017862
1.208086162985822e+03,1.206209835117410e+03,5.882352941176471e-01,32017866
1.209174229579221e+03,1.206776515949854e+03,5.882352941176471e-01,32017867
1.211306683255890e+03,1.209541977373537e+03,5.882352941176471e-01,32017869
1.211439886111447e+03,1.204898230600794e+03,1.764705882352941e+00,32017864
1.213027179241698e+03,1.209868314677344e+03,5.882352941176471e-01,32017870
1.214851022708085e+03,1.211936331547403e+03,5.882352941176471e-01,32017875
1.214969297876153e+03,1.209365137787355e+03,1.764705882352941e+00,32017868
1.216615728590438e+03,1.214248660058974e+03,5.882352941176471e-01,32017878
1.218519824281826e+03,1.216755118399473e+03,5.882352941176471e-01,32017879
1.219321924998001e+03,1.211591439321065e+03,1.764705882352941e+00,32017874
1.219321924998001e+03,1.209976704675215e+03,1.764705882352941e+00,32017871
1.221086630880354e+03,1.219078528651769e+03,5.882352941176471e-01,32017884
1.222711946953672e+03,1.213398967474371e+03,1.764705882352941e+00,32017877
1.224232970206342e+03,1.217431635853436e+03,1.764705882352941e+00,32017880
1.224596851456749e+03,1.222350549081081e+03,5.882352941176471e-01,32017887
1.226288781089021e+03,1.223059696185846e+03,5.882352941176471e-01,32017888
1.229997251615139e+03,1.221187638312768e+03,1.764705882352941e+00,32017885
1.229997251615139e+03,1.221787162714761e+03,1.764705882352941e+00,32017886
1.229997251615139e+03,1.223175743904759e+03,1.764705882352941e+00,32017889
1.231824347647625e+03,1.227005016134669e+03,5.882352941176471e-01,32017893
1.231824347647625e+03,1.227289687318687e+03,5.882352941176471e-01,32017894
1.231824347647625e+03,1.228150205727562e+03,5.882352941176471e-01,32017895
1.233683190752615e+03,1.230122031915406e+03,5.882352941176471e-01,32017899
1.233683190752615e+03,1.230696633022306e+03,5.882352941176471e-01,32017900
1.235473570331388e+03,1.232516265467452e+03,5.882352941176471e-01,32017904
1.237238276213741e+03,1.234487863889570e+03,5.882352941176471e-01,32017908
1.237238276213741e+03,1.235446925483796e+03,5.882352941176471e-01,32017909
1.239002982096094e+03,1.235991332425694e+03,5.882352941176471e-01,32017910
1.240767687978447e+03,1.238989492099555e+03,5.882352941176471e-01,32017911
1.241351426607052e+03,1.232200896538171e+03,1.764705882352941e+00,32017903
1.241351426607052e+03,1.230753457937292e+03,1.764705882352941e+00,32017901
1.243997361758738e+03,1.242232655876385e+03,5.882352941176471e-01,32017913
1.244297099743153e+03,1.239191390205335e+03,1.176470588235294e+00,32017912
1.244880838371758e+03,1.233785885538297e+03,1.764705882352941e+00,32017907
1.245762067641091e+03,1.242941025937632e+03,5.882352941176471e-01,32017914
1.247176806030499e+03,1.245412100148146e+03,5.882352941176471e-01,32017915
1.247547487558324e+03,1.245782781675971e+03,5.882352941176471e-01,32017917
1.248952851836595e+03,1.246646876190509e+03,5.882352941176471e-01,32017918
1.249379311673039e+03,1.247614605790686e+03,5.882352941176471e-01,32017921
1.250717557718948e+03,1.248185548752928e+03,5.882352941176471e-01,32017922
1.252415145368938e+03,1.245429110033761e+03,1.764705882352941e+00,32017916
1.252908723437745e+03,1.246695992015515e+03,1.764705882352941e+00,32017919
1.253335172685552e+03,1.251570466803199e+03,5.882352941176471e-01,32017923
1.254179851251291e+03,1.252138219558621e+03,5.882352941176471e-01,32017924
1.254673429320098e+03,1.252755384913385e+03,5.882352941176471e-01,32017925
1.256339789963348e+03,1.254575084080995e+03,5.882352941176471e-01,32017926
1.259774344919888e+03,1.256244933155182e+03,1.176470588235294e+00,32017927
1.261051426957249e+03,1.259286721074897e+03,5.882352941176471e-01,32017929
1.264407765449076e+03,1.261399804092863e+03,5.882352941176471e-01,32017932
1.264566840478822e+03,1.259267808306888e+03,1.764705882352941e+00,32017928
1.264613282589833e+03,1.262848576707480e+03,5.882352941176471e-01,32017934
1.266172471331428e+03,1.264396397958512e+03,5.882352941176471e-01,32017935
1.268100794102657e+03,1.261046512432374e+03,1.764705882352941e+00,32017931
1.268100794102657e+03,1.260719278654623e+03,1.764705882352941e+00,32017930
1.270055089531661e+03,1.268290383649308e+03,5.882352941176471e-01,32017939
1.271086669148832e+03,1.269321963266479e+03,5.882352941176471e-01,32017940
1.271575666904404e+03,1.264942371608577e+03,1.764705882352941e+00,32017936
1.275499186628849e+03,1.271969774864143e+03,1.176470588235294e+00,32017941
1.280055956616913e+03,1.278291250734560e+03,5.882352941176471e-01,32017943
1.280353751528485e+03,1.275059633881427e+03,1.764705882352941e+00,32017942
1.281301817293108e+03,1.279537111410755e+03,5.882352941176471e-01,32017944
1.289139732193478e+03,1.283845614546420e+03,1.764705882352941e+00,32017945
1.290189451144280e+03,1.284895333497221e+03,1.764705882352941e+00,32017946
1.290942104988295e+03,1.289177399105942e+03,5.882352941176471e-01,32017949
1.295833351074640e+03,1.293446680003508e+03,5.882352941176471e-01,32017956
1.296189576080939e+03,1.287384880125406e+03,1.764705882352941e+00,32017947
1.296965106434137e+03,1.295200400551784e+03,5.882352941176471e-01,32017957
1.297598056956993e+03,1.295741932327139e+03,5.882352941176471e-01,32017958
1.300897357425387e+03,1.289843306626338e+03,1.764705882352941e+00,32017950
1.300897357425387e+03,1.287946584194487e+03,1.764705882352941e+00,32017948
1.301483693727998e+03,1.296044716919428e+03,1.764705882352941e+00,32017959
1.302786677649361e+03,1.298591697969960e+03,5.882352941176471e-01,32017960
1.304658410824386e+03,1.302568946137704e+03,5.882352941176471e-01,32017965
1.304658410824386e+03,1.302519641927664e+03,5.882352941176471e-01,32017964
1.305013105492704e+03,1.303107759527378e+03,5.882352941176471e-01,32017967
1.308276496256171e+03,1.305275395278695e+03,5.882352941176471e-01,32017969
1.308365169923251e+03,1.301271200450250e+03,1.764705882352941e+00,32017963
1.308365169923251e+03,1.298721506596337e+03,1.764705882352941e+00,32017961
1.310041202138524e+03,1.307219902177052e+03,5.882352941176471e-01,32017971
1.311894581687957e+03,1.304102516841662e+03,1.764705882352941e+00,32017968
1.312513729122320e+03,1.310749023239967e+03,5.882352941176471e-01,32017973
1.314190633488842e+03,1.312030423671733e+03,5.882352941176471e-01,32017975
1.314354886245843e+03,1.312590180363490e+03,5.882352941176471e-01,32017976
1.315557699049174e+03,1.312669873399265e+03,5.882352941176471e-01,32017977
1.315955339371194e+03,1.313926698763332e+03,5.882352941176471e-01,32017979
1.317500368918976e+03,1.315150985312314e+03,5.882352941176471e-01,32017980
1.317807846769379e+03,1.310661221724136e+03,1.764705882352941e+00,32017972
1.319265074801329e+03,1.316758322451808e+03,5.882352941176471e-01,32017983
1.319528651893816e+03,1.315913627024072e+03,1.176470588235294e+00,32017982
1.321293357776169e+03,1.311438827530704e+03,1.764705882352941e+00,32017974
1.324734910510046e+03,1.322516340088746e+03,5.882352941176471e-01,32017988
1.324778840025460e+03,1.318906003976249e+03,1.764705882352941e+00,32017985
1.324778840025460e+03,1.318273642939603e+03,1.764705882352941e+00,32017984
1.326521581150106e+03,1.323553561617810e+03,5.882352941176471e-01,32017990
1.326521581150106e+03,1.323182255172143e+03,5.882352941176471e-01,32017989
1.328308251790166e+03,1.321067208502089e+03,1.764705882352941e+00,32017987
1.330058314500714e+03,1.328108591354763e+03,5.882352941176471e-01,32017995
1.330058314500714e+03,1.327091746160704e+03,5.882352941176471e-01,32017994
1.330149648487817e+03,1.328384942605464e+03,5.882352941176471e-01,32017996
1.331853465045435e+03,1.328828459459433e+03,5.882352941176471e-01,32017998
1.333579825520139e+03,1.325767249438194e+03,1.176470588235294e+00,32017992
1.335344531402492e+03,1.325564639595667e+03,1.764705882352941e+00,32017991
1.335727560292184e+03,1.333308889788907e+03,5.882352941176471e-01,32018000
1.336110589181877e+03,1.328800801738602e+03,1.764705882352941e+00,32017997
1.337109237284845e+03,1.335252115823537e+03,5.882352941176471e-01,32018002
1.337709639300731e+03,1.335944933418378e+03,5.882352941176471e-01,32018003
1.338921202111342e+03,1.337156496228989e+03,5.882352941176471e-01,32018004
1.340267467978097e+03,1.338502762095744e+03,5.882352941176471e-01,32018006
1.340843484802787e+03,1.339078778920434e+03,5.882352941176471e-01,32018007
1.341742042013565e+03,1.339579940449906e+03,5.882352941176471e-01,32018008
1.342608190685140e+03,1.340586197595710e+03,5.882352941176471e-01,32018010
1.343719784589329e+03,1.341047263452565e+03,5.882352941176471e-01,32018011
1.344236955027555e+03,1.338212630248859e+03,1.176470588235294e+00,32018005
1.345484490471682e+03,1.340403409518035e+03,1.176470588235294e+00,32018009
1.347249196354035e+03,1.341200099507438e+03,1.764705882352941e+00,32018012
1.347668050501715e+03,1.344633946731842e+03,5.882352941176471e-01,32018014
1.348044485926547e+03,1.346112771693201e+03,5.882352941176471e-01,32018017
1.351197462266420e+03,1.344515074161841e+03,1.764705882352941e+00,32018013
1.352456035678049e+03,1.349886140074017e+03,5.882352941176471e-01,32018020
1.352543314001094e+03,1.347166993668638e+03,1.764705882352941e+00,32018018
1.354308019883447e+03,1.348839345590297e+03,1.176470588235294e+00,32018019
1.356491579913479e+03,1.351100149967636e+03,1.764705882352941e+00,32018022
1.357750153325107e+03,1.353371246386461e+03,1.176470588235294e+00,32018024
1.357837431648153e+03,1.352083904631262e+03,1.764705882352941e+00,32018023
1.360213270583798e+03,1.358448564701445e+03,5.882352941176471e-01,32018027
1.363779698872730e+03,1.360633877523024e+03,5.882352941176471e-01,32018031
1.363952985818117e+03,1.358111552951420e+03,1.764705882352941e+00,32018025
1.365573172934650e+03,1.362576502567706e+03,5.882352941176471e-01,32018035
1.365717691700470e+03,1.363837235231864e+03,5.882352941176471e-01,32018039
1.367454728771045e+03,1.365690022888692e+03,5.882352941176471e-01,32018041
1.369215521066957e+03,1.367278571042068e+03,5.882352941176471e-01,32018043
1.369215521066957e+03,1.367191187552202e+03,5.882352941176471e-01,32018042
1.370154143121263e+03,1.358556225148254e+03,1.764705882352941e+00,32018028
1.371002213152034e+03,1.367848266742204e+03,5.882352941176471e-01,32018044
1.372074809074454e+03,1.369281479675130e+03,5.882352941176471e-01,32018047
1.373994593072028e+03,1.365682195715810e+03,1.176470588235294e+00,32018040
1.374531624916740e+03,1.372384965304896e+03,5.882352941176471e-01,32018051
1.374647887870535e+03,1.372883181988182e+03,5.882352941176471e-01,32018052
1.375759298954381e+03,1.373017096791632e+03,5.882352941176471e-01,32018053
1.376296330799093e+03,1.374264536989633e+03,5.882352941176471e-01,32018054
1.376555832985607e+03,1.374791127103254e+03,5.882352941176471e-01,32018055
1.378061036681446e+03,1.376127752765911e+03,5.882352941176471e-01,32018056
1.378873012807198e+03,1.377108306924845e+03,5.882352941176471e-01,32018057
1.379343186531595e+03,1.370466063262939e+03,1.764705882352941e+00,32018049
1.382206411899033e+03,1.380441706016680e+03,5.882352941176471e-01,32018058
1.383392104267888e+03,1.381627398385535e+03,5.882352941176471e-01,32018059
1.384287025873374e+03,1.382522319991021e+03,5.882352941176471e-01,32018060
1.386551140592544e+03,1.384786434710191e+03,5.882352941176471e-01,32018061
1.387023418584259e+03,1.385258712701906e+03,5.882352941176471e-01,32018062
1.391254661623951e+03,1.385960543976892e+03,1.764705882352941e+00,32018063
1.394540391146943e+03,1.392775685264590e+03,5.882352941176471e-01,32018065
1.394721057094927e+03,1.391191645330221e+03,1.176470588235294e+00,32018064
1.395372263745619e+03,1.393607557863266e+03,5.882352941176471e-01,32018066
1.396305097029296e+03,1.394459858560300e+03,5.882352941176471e-01,32018067
1.396518950809543e+03,1.394754244927191e+03,5.882352941176471e-01,32018068
1.397877534292582e+03,1.396112828410229e+03,5.882352941176471e-01,32018069
1.398731323766067e+03,1.396966617883714e+03,5.882352941176471e-01,32018070
1.400887432435946e+03,1.399122726553594e+03,5.882352941176471e-01,32018073
1.402525647684794e+03,1.397231530037735e+03,1.764705882352941e+00,32018071
1.402667530660465e+03,1.400902824778112e+03,5.882352941176471e-01,32018076
1.404145112950694e+03,1.401234788588676e+03,5.882352941176471e-01,32018077
1.405909818833047e+03,1.399998673014229e+03,1.176470588235294e+00,32018074
1.406181550083005e+03,1.398415273454279e+03,1.764705882352941e+00,32018072
1.407674524715400e+03,1.401581493775983e+03,1.764705882352941e+00,32018078
1.409439230597753e+03,1.406846744894221e+03,5.882352941176471e-01,32018082
1.410392489191761e+03,1.408627783309408e+03,5.882352941176471e-01,32018083
1.411156556109846e+03,1.406815697056794e+03,1.176470588235294e+00,32018081
1.411203936480106e+03,1.405457064645666e+03,1.764705882352941e+00,32018079
1.415855263288852e+03,1.414090557406499e+03,5.882352941176471e-01,32018085
1.416366655168447e+03,1.414601949286094e+03,5.882352941176471e-01,32018086
1.416846803651878e+03,1.411552686004819e+03,1.764705882352941e+00,32018084
1.418371435292515e+03,1.416307707134379e+03,5.882352941176471e-01,32018089
1.419384675053558e+03,1.416856783917866e+03,5.882352941176471e-01,32018090
1.420136141174868e+03,1.418250831061534e+03,5.882352941176471e-01,32018091
1.421149380935911e+03,1.418931465106247e+03,5.882352941176471e-01,32018092
1.422180861964087e+03,1.415359358124785e+03,1.764705882352941e+00,32018087
1.424678792700616e+03,1.420396376008478e+03,1.176470588235294e+00,32018095
1.425560376238732e+03,1.419529208713815e+03,1.764705882352941e+00,32018093
1.427687412348001e+03,1.424839603390338e+03,5.882352941176471e-01,32018099
1.430762487217685e+03,1.423105029610737e+03,1.764705882352941e+00,32018097
1.430762487217685e+03,1.422675892978197e+03,1.764705882352941e+00,32018096
1.432548998571542e+03,1.430784292689189e+03,5.882352941176471e-01,32018106
1.433541980784744e+03,1.431767493547567e+03,5.882352941176471e-01,32018107
1.434302801718143e+03,1.432079541359612e+03,5.882352941176471e-01,32018109
1.436067507600496e+03,1.434300274315512e+03,5.882352941176471e-01,32018112
1.437730585288553e+03,1.426285036692563e+03,1.176470588235294e+00,32018101
1.439275560257872e+03,1.436616404271874e+03,5.882352941176471e-01,32018116
1.440669732181015e+03,1.438905026298662e+03,5.882352941176471e-01,32018118
1.442995708137574e+03,1.428326778647379e+03,1.764705882352941e+00,32018103
1.442995708137574e+03,1.428168930268081e+03,1.764705882352941e+00,32018102
1.444420843478018e+03,1.441300795793542e+03,5.882352941176471e-01,32018120
1.444760414019927e+03,1.442877837127962e+03,5.882352941176471e-01,32018122
1.446407472284397e+03,1.436376720679048e+03,1.176470588235294e+00,32018115
1.446407472284397e+03,1.439708677213836e+03,1.176470588235294e+00,32018119
1.448343166400652e+03,1.446578460518299e+03,5.882352941176471e-01,32018125
1.449936884049103e+03,1.442938845516182e+03,1.764705882352941e+00,32018123
1.449950256360842e+03,1.444656138713783e+03,1.764705882352941e+00,32018124
1.450107872283005e+03,1.447464084079001e+03,5.882352941176471e-01,32018126
1.451701589931456e+03,1.448596766753312e+03,5.882352941176471e-01,32018127
1.451897240049114e+03,1.450132534166761e+03,5.882352941176471e-01,32018128
1.452443341633882e+03,1.450678635751529e+03,5.882352941176471e-01,32018129
1.455231001696162e+03,1.450848044495550e+03,1.176470588235294e+00,32018130
1.456106271996956e+03,1.454341566114603e+03,5.882352941176471e-01,32018132
1.457323491779990e+03,1.454718077491856e+03,5.882352941176471e-01,32018133
1.459450908122958e+03,1.457686202240605e+03,5.882352941176471e-01,32018137
1.459635683761661e+03,1.454103060005783e+03,1.764705882352941e+00,32018131
1.461161883535195e+03,1.455722677998375e+03,1.764705882352941e+00,32018136
1.464800163305706e+03,1.459506045658647e+03,1.764705882352941e+00,32018138
1.465470307104775e+03,1.463017744344566e+03,5.882352941176471e-01,32018145
1.468776337603125e+03,1.460743017495109e+03,1.764705882352941e+00,32018139
1.468776337603125e+03,1.461287882587916e+03,1.764705882352941e+00,32018140
1.468776337603125e+03,1.461450906666369e+03,1.764705882352941e+00,32018141
1.472305749367830e+03,1.462637000449602e+03,1.764705882352941e+00,32018144
1.474070455250183e+03,1.467672098923826e+03,1.764705882352941e+00,32018146
1.475809102828867e+03,1.470514985181808e+03,1.764705882352941e+00,32018147
1.475855540306727e+03,1.472778015702253e+03,5.882352941176471e-01,32018150
1.477597027450150e+03,1.475635671480149e+03,5.882352941176471e-01,32018153
1.477597027450150e+03,1.474274510138589e+03,5.882352941176471e-01,32018152
1.478490989760792e+03,1.472498210538707e+03,1.176470588235294e+00,32018149
1.480255695643145e+03,1.472336318129117e+03,1.764705882352941e+00,32018148
1.480270120687257e+03,1.478505414804904e+03,5.882352941176471e-01,32018154
1.481684868654495e+03,1.479920162772142e+03,5.882352941176471e-01,32018155
1.487347489605211e+03,1.485582783722858e+03,5.882352941176471e-01,32018157
1.488487686570629e+03,1.483193568923570e+03,1.764705882352941e+00,32018156
1.489947364153050e+03,1.488041851894953e+03,5.882352941176471e-01,32018160
1.492017098335335e+03,1.486417952388344e+03,1.764705882352941e+00,32018158
1.492641607252270e+03,1.486629952337663e+03,1.764705882352941e+00,32018159
1.494261346515036e+03,1.492234201458608e+03,5.882352941176471e-01,32018163
1.495546510100040e+03,1.492968436228262e+03,5.882352941176471e-01,32018164
1.496026052397389e+03,1.491398795341986e+03,1.176470588235294e+00,32018162
1.496171019016976e+03,1.490731934750330e+03,1.764705882352941e+00,32018161
1.499981562797804e+03,1.498216856915451e+03,5.882352941176471e-01,32018165
1.500960119697401e+03,1.499195413815048e+03,5.882352941176471e-01,32018166
1.505058699456460e+03,1.499764581809401e+03,1.764705882352941e+00,32018167
1.505275680444863e+03,1.499887080383506e+03,1.764705882352941e+00,32018168
1.509925810807321e+03,1.502330301372625e+03,1.764705882352941e+00,32018170
1.509925810807321e+03,1.502207690275181e+03,1.764705882352941e+00,32018169
1.511130157390798e+03,1.504436977570597e+03,1.764705882352941e+00,32018172
1.513226628240784e+03,1.511461922358431e+03,5.882352941176471e-01,32018174
1.513376766291093e+03,1.511612060408740e+03,5.882352941176471e-01,32018175
1.517756650787400e+03,1.512462533140341e+03,1.764705882352941e+00,32018176
1.518930891948604e+03,1.513636774301546e+03,1.764705882352941e+00,32018177
1.519740369661606e+03,1.517808002408164e+03,5.882352941176471e-01,32018180
1.522460303713310e+03,1.516210957896900e+03,1.764705882352941e+00,32018178
1.523050768434459e+03,1.517002125076251e+03,1.764705882352941e+00,32018179
1.523475076663069e+03,1.520167405129936e+03,5.882352941176471e-01,32018182
1.524520241956238e+03,1.522109826999741e+03,5.882352941176471e-01,32018186
1.524520241956238e+03,1.521813018399094e+03,5.882352941176471e-01,32018185
1.525239782545422e+03,1.519726509245067e+03,1.176470588235294e+00,32018181
1.526909694758271e+03,1.525144988875918e+03,5.882352941176471e-01,32018188
1.529628777443947e+03,1.527864071561594e+03,5.882352941176471e-01,32018189
1.529814359603296e+03,1.523749055839366e+03,1.764705882352941e+00,32018187
1.531680691991498e+03,1.529915986109145e+03,5.882352941176471e-01,32018190
1.534227163750260e+03,1.532462457867907e+03,5.882352941176471e-01,32018193
1.535865922167192e+03,1.532769100940095e+03,5.882352941176471e-01,32018194
1.535900347008737e+03,1.530606229361678e+03,1.764705882352941e+00,32018191
1.537756575514966e+03,1.532267660719396e+03,1.764705882352941e+00,32018192
1.541235922862541e+03,1.534977439564959e+03,1.764705882352941e+00,32018198
1.541235922862541e+03,1.534721271433782e+03,1.764705882352941e+00,32018197
1.543074609346457e+03,1.541309903464104e+03,5.882352941176471e-01,32018203
1.544740302418681e+03,1.538872968447724e+03,1.764705882352941e+00,32018202
1.544740302418681e+03,1.536960235135737e+03,1.764705882352941e+00,32018201
1.545670134222052e+03,1.541863437892352e+03,5.882352941176471e-01,32018204
1.546505008301034e+03,1.544182368004112e+03,5.882352941176471e-01,32018208
1.546716453493644e+03,1.544951747611291e+03,5.882352941176471e-01,32018209
1.547434840104404e+03,1.545168802494148e+03,5.882352941176471e-01,32018210
1.549624190265842e+03,1.547859484383489e+03,5.882352941176471e-01,32018211
1.549990395912649e+03,1.548225690030296e+03,5.882352941176471e-01,32018212
1.554598961869517e+03,1.549304844222458e+03,1.764705882352941e+00,32018213
1.554918307912901e+03,1.549573267850217e+03,1.764705882352941e+00,32018214
1.558447719677606e+03,1.552126626377857e+03,1.764705882352941e+00,32018215
1.560052752538268e+03,1.552195836504238e+03,1.764705882352941e+00,32018216
1.560581290674790e+03,1.557583133960172e+03,5.882352941176471e-01,32018220
1.561817458420621e+03,1.559663288142365e+03,5.882352941176471e-01,32018222
1.564522758354773e+03,1.555303775906949e+03,1.764705882352941e+00,32018218
1.564522758354773e+03,1.557260223807029e+03,1.764705882352941e+00,32018219
1.564522758354773e+03,1.557720347673029e+03,1.764705882352941e+00,32018221
1.566287464237126e+03,1.563741554227152e+03,5.882352941176471e-01,32018224
1.566287464237126e+03,1.563738724429478e+03,5.882352941176471e-01,32018223
1.568052170119479e+03,1.566220076174446e+03,5.882352941176471e-01,32018226
1.569652037108852e+03,1.566122625344146e+03,1.176470588235294e+00,32018225
1.570039891383105e+03,1.568275185500752e+03,5.882352941176471e-01,32018228
1.571416742991205e+03,1.569145948562390e+03,5.882352941176471e-01,32018229
1.571772669730710e+03,1.566478552083651e+03,1.764705882352941e+00,32018227
1.573359412243311e+03,1.571177774170396e+03,5.882352941176471e-01,32018232
1.575124118125664e+03,1.572326645681469e+03,5.882352941176471e-01,32018233
1.575334009030164e+03,1.569873326049032e+03,1.764705882352941e+00,32018230
1.576888824008016e+03,1.573434791439621e+03,5.882352941176471e-01,32018235
1.577035454031297e+03,1.575270748148944e+03,5.882352941176471e-01,32018236
1.578653529890369e+03,1.575528448777095e+03,5.882352941176471e-01,32018237
1.578887325656695e+03,1.570286336458941e+03,1.764705882352941e+00,32018231
1.580250129548003e+03,1.578485423665650e+03,5.882352941176471e-01,32018238
1.580418235772722e+03,1.578549230723963e+03,5.882352941176471e-01,32018239
1.582182941655075e+03,1.580253807451979e+03,5.882352941176471e-01,32018242
1.583267008505161e+03,1.581422933621261e+03,5.882352941176471e-01,32018243
1.583863594425068e+03,1.581830136733736e+03,5.882352941176471e-01,32018244
1.585296891066030e+03,1.579737596740455e+03,1.176470588235294e+00,32018240
1.585628300307421e+03,1.583797361862193e+03,5.882352941176471e-01,32018246
1.587458278642078e+03,1.583928866877373e+03,1.176470588235294e+00,32018247
1.589092439619823e+03,1.581954289045018e+03,1.764705882352941e+00,32018245
1.589222984524431e+03,1.587143125378809e+03,5.882352941176471e-01,32018252
1.590751253251108e+03,1.588541225261505e+03,5.882352941176471e-01,32018254
1.590751253251108e+03,1.587945203608088e+03,5.882352941176471e-01,32018253
1.591168548365572e+03,1.583992689307181e+03,1.176470588235294e+00,32018248
1.592515959133461e+03,1.589584700442007e+03,5.882352941176471e-01,32018255
1.594280665015814e+03,1.592014920236948e+03,5.882352941176471e-01,32018258
1.594332230489599e+03,1.590802818724893e+03,1.176470588235294e+00,32018256
1.594697960130278e+03,1.592821818647057e+03,5.882352941176471e-01,32018259
1.596045370898167e+03,1.594246612709561e+03,5.882352941176471e-01,32018260
1.596096936371952e+03,1.594292058119139e+03,5.882352941176471e-01,32018261
1.597810076780520e+03,1.595464353819714e+03,5.882352941176471e-01,32018263
1.599626348136658e+03,1.590893477031157e+03,1.764705882352941e+00,32018257
1.599992077777337e+03,1.594450253757022e+03,1.764705882352941e+00,32018262
1.601382459773380e+03,1.598452781325594e+03,5.882352941176471e-01,32018267
1.601756783659690e+03,1.599655166754439e+03,5.882352941176471e-01,32018269
1.603147165655733e+03,1.600628140233007e+03,5.882352941176471e-01,32018271
1.604911871538086e+03,1.602346216012588e+03,5.882352941176471e-01,32018272
1.605580911600845e+03,1.597281141103508e+03,1.764705882352941e+00,32018264
1.606676577420439e+03,1.600623179047444e+03,1.176470588235294e+00,32018270
1.607345617483198e+03,1.605505804556200e+03,5.882352941176471e-01,32018274
1.608441283302792e+03,1.605937566388376e+03,5.882352941176470e-01,32018275
1.608441283302792e+03,1.602860559260759e+03,1.764705882352941e+00,32018273
1.609658156275348e+03,1.607279398044992e+03,5.882352941176471e-01,32018277
1.611720317341258e+03,1.609955611458905e+03,5.882352941176471e-01,32018278
1.612815917224840e+03,1.611051211342487e+03,5.882352941176471e-01,32018279
1.613187568040053e+03,1.607095694890934e+03,1.764705882352941e+00,32018276
1.614580623107193e+03,1.612418051730127e+03,5.882352941176471e-01,32018281
1.615236257805298e+03,1.613471551922946e+03,5.882352941176471e-01,32018282
1.615410952353473e+03,1.611881540588767e+03,1.176470588235294e+00,32018280
1.617000963687651e+03,1.614650225227219e+03,5.882352941176471e-01,32018285
1.617192816805220e+03,1.615428110922867e+03,5.882352941176471e-01,32018286
1.618768826418997e+03,1.616568244808514e+03,5.882352941176471e-01,32018290
1.618957522687573e+03,1.617007277385637e+03,5.882352941176471e-01,32018292
1.620367338752089e+03,1.618261875204069e+03,5.882352941176471e-01,32018294
1.620367338752089e+03,1.617811328540270e+03,5.882352941176471e-01,32018293
1.622132044634442e+03,1.620270529452424e+03,5.882352941176471e-01,32018296
1.623143437834704e+03,1.614396155910761e+03,1.764705882352941e+00,32018283
1.625084232671070e+03,1.623319526788717e+03,5.882352941176471e-01,32018298
1.627832921955271e+03,1.625892282795132e+03,5.882352941176471e-01,32018302
1.627832921955271e+03,1.625755581004493e+03,5.882352941176471e-01,32018301
1.628613644435776e+03,1.622666902364191e+03,1.764705882352941e+00,32018297
1.629597627837624e+03,1.627303837500602e+03,5.882352941176471e-01,32018304
1.629597627837624e+03,1.626205077638439e+03,5.882352941176471e-01,32018303
1.631034339252694e+03,1.628196675155944e+03,5.882352941176471e-01,32018305
1.631034339252694e+03,1.628327289226573e+03,5.882352941176471e-01,32018307
1.632799045135047e+03,1.630310455665260e+03,5.882352941176471e-01,32018309
1.632951995559718e+03,1.631187289677365e+03,5.882352941176471e-01,32018310
1.634588869884661e+03,1.632824164002308e+03,5.882352941176471e-01,32018311
1.634606361536537e+03,1.624280260206475e+03,1.176470588235294e+00,32018300
1.636362321592952e+03,1.633527206201536e+03,5.882352941176471e-01,32018312
1.636362321592952e+03,1.634533028620092e+03,5.882352941176471e-01,32018313
1.636371067418890e+03,1.624175412134587e+03,1.764705882352941e+00,32018299
1.638127027475305e+03,1.636106607879235e+03,5.882352941176471e-01,32018315
1.638127027475305e+03,1.636060711387080e+03,5.882352941176471e-01,32018314
1.639891733357658e+03,1.637189336179551e+03,5.882352941176471e-01,32018316
1.639900479183596e+03,1.629616719951122e+03,1.764705882352941e+00,32018308
1.640350352686837e+03,1.638585646804484e+03,5.882352941176471e-01,32018317
1.643689520397131e+03,1.641924814514778e+03,5.882352941176471e-01,32018324
1.645193139192998e+03,1.638989773465022e+03,1.764705882352941e+00,32018319
1.645193139192998e+03,1.638924239090932e+03,1.764705882352941e+00,32018318
1.647046722382528e+03,1.644125955417395e+03,5.882352941176471e-01,32018327
1.647437149671969e+03,1.645459771114528e+03,5.882352941176471e-01,32018330
1.648811428264881e+03,1.642397085522874e+03,1.176470588235294e+00,32018325
1.650576134147234e+03,1.644891261877841e+03,1.764705882352941e+00,32018328
1.650762429072215e+03,1.648997723189862e+03,5.882352941176471e-01,32018331
1.654477269704891e+03,1.652712563822538e+03,5.882352941176471e-01,32018337
1.657240634328107e+03,1.649672758821755e+03,1.764705882352941e+00,32018333
1.657240634328107e+03,1.649184269621050e+03,1.764705882352941e+00,32018332
1.658006681469597e+03,1.651234089202606e+03,1.764705882352941e+00,32018336
1.661025395139976e+03,1.658460784466686e+03,5.882352941176471e-01,32018341
1.663284968136026e+03,1.655922273010145e+03,1.764705882352941e+00,32018339
1.663284968136026e+03,1.655393828867968e+03,1.764705882352941e+00,32018338
1.664554806904682e+03,1.660745290598713e+03,1.176470588235294e+00,32018342
1.666642770270428e+03,1.664878064388075e+03,5.882352941176471e-01,32018343
1.669613276381250e+03,1.666083864616544e+03,1.176470588235294e+00,32018345
1.670258971613167e+03,1.668494265730814e+03,5.882352941176471e-01,32018346
1.670635231338366e+03,1.665341113691308e+03,1.764705882352941e+00,32018344
1.672034823944098e+03,1.669627908909052e+03,5.882352941176471e-01,32018351
1.672399937220719e+03,1.670281264510323e+03,5.882352941176471e-01,32018353
1.673153662541807e+03,1.670794013739849e+03,5.882352941176471e-01,32018354
1.675870591830392e+03,1.671445907674284e+03,1.176470588235294e+00,32018355
1.676683074306513e+03,1.668668309942108e+03,1.764705882352941e+00,32018347
1.679300354612858e+03,1.673906587983560e+03,1.764705882352941e+00,32018358
1.679300354612858e+03,1.672131425948249e+03,1.764705882352941e+00,32018357
1.682125319330794e+03,1.678595907566088e+03,1.176470588235294e+00,32018359
1.682801472454452e+03,1.681036766572099e+03,5.882352941176471e-01,32018361
1.683610766101793e+03,1.681195377212403e+03,5.882352941176471e-01,32018362
1.683890025213147e+03,1.681902971446687e+03,5.882352941176471e-01,32018366
1.685375471984146e+03,1.683265677286362e+03,5.882352941176471e-01,32018367
1.685654731095500e+03,1.683734472762920e+03,5.882352941176471e-01,32018368
1.686330884219157e+03,1.679910620655343e+03,1.764705882352941e+00,32018360
1.687363585155582e+03,1.684344011830441e+03,5.882352941176471e-01,32018369
1.688606414481852e+03,1.686841708599499e+03,5.882352941176471e-01,32018374
1.689746618835920e+03,1.687981912953567e+03,5.882352941176471e-01,32018375
1.690371120364205e+03,1.688073056784684e+03,5.882352941176471e-01,32018376
1.690892996920288e+03,1.684403773626178e+03,1.764705882352941e+00,32018370
1.692135826246558e+03,1.689955171972766e+03,5.882352941176471e-01,32018378
1.692774816403708e+03,1.691010110521355e+03,5.882352941176471e-01,32018379
1.695040736482979e+03,1.689627499306105e+03,1.764705882352941e+00,32018377
1.696789060096159e+03,1.695024354213806e+03,5.882352941176471e-01,32018381
1.698553765978512e+03,1.696530228803421e+03,5.882352941176471e-01,32018383
1.699128705054924e+03,1.693834587407866e+03,1.764705882352941e+00,32018380
1.699277992640003e+03,1.695748580875297e+03,1.176470588235294e+00,32018382
1.700968054729817e+03,1.698656584571108e+03,5.882352941176471e-01,32018386
1.700968054729817e+03,1.698591746155690e+03,5.882352941176471e-01,32018385
1.702083177743218e+03,1.699522553456217e+03,5.882352941176471e-01,32018387
1.704497466494523e+03,1.698046103367143e+03,1.764705882352941e+00,32018384
1.705937380942400e+03,1.703814906871980e+03,5.882352941176471e-01,32018392
1.705937380942400e+03,1.703708637946881e+03,5.882352941176471e-01,32018391
1.709575056518598e+03,1.700407751167226e+03,1.764705882352941e+00,32018388
1.709575056518598e+03,1.701650786745911e+03,1.764705882352941e+00,32018389
1.709575056518598e+03,1.702288352670724e+03,1.764705882352941e+00,32018390
1.711339762400951e+03,1.704868601723513e+03,1.176470588235294e+00,32018393
1.711339762400951e+03,1.708942743732388e+03,5.882352941176471e-01,32018395
1.714013951031269e+03,1.712249245148916e+03,5.882352941176471e-01,32018397
1.714869174165656e+03,1.706928876138963e+03,1.764705882352941e+00,32018394
1.715778656913622e+03,1.713946223901847e+03,5.882352941176471e-01,32018399
1.716859803906503e+03,1.715095098024150e+03,5.882352941176471e-01,32018401
1.719622718316275e+03,1.712897637420966e+03,1.764705882352941e+00,32018398
1.719622718316275e+03,1.711023388282198e+03,1.764705882352941e+00,32018396
1.720389215671209e+03,1.714819670582415e+03,1.764705882352941e+00,32018400
1.721451870551576e+03,1.717692562765156e+03,5.882352941176471e-01,32018403
1.723216576433929e+03,1.717558835797929e+03,1.176470588235294e+00,32018402
1.725683333318268e+03,1.719751611022171e+03,1.764705882352941e+00,32018406
1.726315462297369e+03,1.724550756415016e+03,5.882352941176471e-01,32018408
1.727719540134652e+03,1.722425422487593e+03,1.764705882352941e+00,32018407
1.729445318100801e+03,1.727680612218448e+03,5.882352941176471e-01,32018410
1.730977450965327e+03,1.724970675938371e+03,1.764705882352941e+00,32018409
1.732200770365964e+03,1.730436064483611e+03,5.882352941176471e-01,32018412
1.734667057906460e+03,1.732902352024108e+03,5.882352941176471e-01,32018413
1.734965949711331e+03,1.733201243828978e+03,5.882352941176471e-01,32018414
1.735668964629634e+03,1.730374846982575e+03,1.764705882352941e+00,32018411
1.736431763788813e+03,1.733368141786425e+03,5.882352941176471e-01,32018415
1.737650224407558e+03,1.735885518525205e+03,5.882352941176471e-01,32018417
1.738196469671166e+03,1.735996348535620e+03,5.882352941176471e-01,32018418
1.740260067358389e+03,1.734860109094216e+03,1.764705882352941e+00,32018416
1.740625977140561e+03,1.738861271258208e+03,5.882352941176471e-01,32018419
1.742767540420009e+03,1.741002834537656e+03,5.882352941176471e-01,32018421
1.743444042121300e+03,1.741679336238947e+03,5.882352941176471e-01,32018422
1.745982798527847e+03,1.740688680880788e+03,1.764705882352941e+00,32018420
1.747505521613391e+03,1.744805809170076e+03,5.882352941176471e-01,32018425
1.747897163636595e+03,1.745829471980225e+03,5.882352941176471e-01,32018428
1.749563959013147e+03,1.746759670974265e+03,5.882352941176471e-01,32018430
1.752128978529730e+03,1.743957278892494e+03,1.764705882352941e+00,32018423
1.753093370777853e+03,1.746706274105508e+03,1.764705882352941e+00,32018429
1.754858076660206e+03,1.748950768329239e+03,1.764705882352941e+00,32018433
1.756623085309764e+03,1.754858379427411e+03,5.882352941176471e-01,32018436
1.757423096176789e+03,1.751989044743703e+03,1.764705882352941e+00,32018434
1.760129875597860e+03,1.758365169715507e+03,5.882352941176471e-01,32018440
1.760952507941495e+03,1.759072296410446e+03,5.882352941176471e-01,32018441
1.762359639732580e+03,1.754794057841415e+03,1.764705882352941e+00,32018435
1.763659287362566e+03,1.757310227526095e+03,1.764705882352941e+00,32018439
1.764279041700517e+03,1.761504627686153e+03,5.882352941176471e-01,32018443
1.764658594419284e+03,1.762591683860955e+03,5.882352941176471e-01,32018446
1.765446332167148e+03,1.763201716538492e+03,5.882352941176471e-01,32018447
1.766043747582869e+03,1.763703965207024e+03,5.882352941176471e-01,32018449
1.766423300301637e+03,1.761129182654578e+03,1.176470588235294e+00,32018442
1.769404912216940e+03,1.767640206334587e+03,5.882352941176471e-01,32018451
1.769976703989319e+03,1.768211998106966e+03,5.882352941176471e-01,32018452
1.770250766729375e+03,1.766721354964669e+03,1.176470588235294e+00,32018450
1.771741409871672e+03,1.769580783394090e+03,5.882352941176471e-01,32018456
1.773028639301147e+03,1.771263933418794e+03,5.882352941176471e-01,32018457
1.773858992140114e+03,1.772094286257761e+03,5.882352941176471e-01,32018458
1.774816277315432e+03,1.768715907926467e+03,1.764705882352941e+00,32018453
1.775878015747461e+03,1.774113309865108e+03,5.882352941176471e-01,32018459
1.776947623451894e+03,1.775182917569541e+03,5.882352941176471e-01,32018460
1.777363622997965e+03,1.775598917115612e+03,5.882352941176471e-01,32018461
1.777952931819171e+03,1.776188225936818e+03,5.882352941176471e-01,32018462
1.783230775289705e+03,1.781466069407352e+03,5.882352941176471e-01,32018464
1.783366838800458e+03,1.781602132918105e+03,5.882352941176471e-01,32018465
1.784704310859576e+03,1.782200839297966e+03,5.882352941176471e-01,32018466
1.785063512927434e+03,1.783166025388595e+03,5.882352941176471e-01,32018469
1.787584772548189e+03,1.783157059496692e+03,1.176470588235294e+00,32018468
1.788592924692140e+03,1.786620226552751e+03,5.882352941176471e-01,32018473
1.789349478430542e+03,1.787181962061530e+03,5.882352941176470e-01,32018474
1.789349478430542e+03,1.780957444575400e+03,1.764705882352941e+00,32018463
1.791224050866746e+03,1.789459344984393e+03,5.882352941176471e-01,32018476
1.791563327107945e+03,1.784919518184196e+03,1.176470588235294e+00,32018472
1.792988756749099e+03,1.791012611272855e+03,5.882352941176471e-01,32018477
1.793328032990298e+03,1.787864587232432e+03,1.176470588235294e+00,32018475
1.793328032990298e+03,1.784042256785575e+03,1.764705882352941e+00,32018470
1.795997498557011e+03,1.794232792674658e+03,5.882352941176471e-01,32018478
1.796744843142671e+03,1.794980137260318e+03,5.882352941176471e-01,32018479
1.798012768843879e+03,1.796248062961526e+03,5.882352941176471e-01,32018481
1.799345237410388e+03,1.797580531528035e+03,5.882352941176471e-01,32018482
1.801302274828831e+03,1.798599644791081e+03,5.882352941176471e-01,32018484
1.801494606364922e+03,1.796200488717863e+03,1.764705882352941e+00,32018480
1.802101552930574e+03,1.799929360335815e+03,5.882352941176471e-01,32018486
1.803066980711184e+03,1.798572141165869e+03,1.176470588235294e+00,32018483
1.805172312254509e+03,1.803407606372156e+03,5.882352941176471e-01,32018488
1.806271464312512e+03,1.804506758430159e+03,5.882352941176471e-01,32018489
1.807324005379696e+03,1.805559299497343e+03,5.882352941176471e-01,32018490
1.807367888866952e+03,1.802073771219894e+03,1.764705882352941e+00,32018487
1.808168447492181e+03,1.805798207479612e+03,5.882352941176471e-01,32018491
1.809088711262049e+03,1.806536018907143e+03,5.882352941176471e-01,32018493
1.810423231184029e+03,1.808658525301676e+03,5.882352941176471e-01,32018494
1.811610444703934e+03,1.809845738821581e+03,5.882352941176471e-01,32018495
1.816200708505395e+03,1.814436002623042e+03,5.882352941176471e-01,32018496
1.816220443813843e+03,1.814455737931490e+03,5.882352941176471e-01,32018497
1.817043653792741e+03,1.815278947910388e+03,5.882352941176471e-01,32018498
1.817975282041972e+03,1.815834451630243e+03,5.882352941176471e-01,32018500
1.821094487694140e+03,1.819149872496866e+03,5.882352941176471e-01,32018503
1.821504693806678e+03,1.815495138991240e+03,1.764705882352941e+00,32018499
1.822681861157502e+03,1.819799960339343e+03,5.882352941176471e-01,32018505
1.824446567039855e+03,1.822208274229858e+03,5.882352941176471e-01,32018507
1.825385895782974e+03,1.817565075929434e+03,1.764705882352941e+00,32018501
1.826211272922208e+03,1.819508012404588e+03,1.764705882352941e+00,32018504
1.826835770358190e+03,1.825071064475837e+03,5.882352941176471e-01,32018508
1.830860311266762e+03,1.825566193619703e+03,1.764705882352941e+00,32018509
1.833771652698887e+03,1.832006946816534e+03,5.882352941176471e-01,32018510
1.834470916568698e+03,1.832706210686345e+03,5.882352941176471e-01,32018511
1.836262804883472e+03,1.833817954407300e+03,5.882352941176471e-01,32018514
1.837359009014615e+03,1.834843409911739e+03,5.882352941176471e-01,32018517
1.838085396744208e+03,1.836232684016257e+03,5.882352941176471e-01,32018520
1.839123714896968e+03,1.837071561645415e+03,5.882352941176471e-01,32018521
1.839850102626561e+03,1.837502960401171e+03,5.882352941176471e-01,32018522
1.841415064526463e+03,1.833106522530246e+03,1.176470588235294e+00,32018513
1.843179770408816e+03,1.841138783640378e+03,5.882352941176470e-01,32018524
1.843179770408816e+03,1.832849165075531e+03,1.764705882352941e+00,32018512
1.843452102591478e+03,1.838157984944419e+03,1.764705882352941e+00,32018523
1.844944476291169e+03,1.842467528341068e+03,5.882352941176471e-01,32018525
1.849126834257544e+03,1.847362128375191e+03,5.882352941176471e-01,32018528
1.849356502928823e+03,1.845827091164117e+03,1.176470588235294e+00,32018526
1.851035473890398e+03,1.848325768270964e+03,5.882352941176471e-01,32018530
1.851121208811176e+03,1.849342734883296e+03,5.882352941176471e-01,32018533
1.854600754184894e+03,1.848063660851058e+03,1.764705882352941e+00,32018529
1.854600754184894e+03,1.846356851317558e+03,1.764705882352941e+00,32018527
1.856365460067247e+03,1.854463795446178e+03,5.882352941176471e-01,32018536
1.857476145841879e+03,1.849900260943461e+03,1.764705882352941e+00,32018534
1.859992586270775e+03,1.858104458671151e+03,5.882352941176471e-01,32018541
1.861005557606585e+03,1.854796183062539e+03,1.764705882352941e+00,32018537
1.861757292153128e+03,1.859921891463888e+03,5.882352941176471e-01,32018543
1.863521998035481e+03,1.861202099536723e+03,5.882352941176471e-01,32018545
1.866046432419691e+03,1.855605016816168e+03,1.764705882352941e+00,32018539
1.866046432419691e+03,1.854963897931790e+03,1.764705882352941e+00,32018538
1.867051409800187e+03,1.860797879684772e+03,1.764705882352941e+00,32018544
1.867811138302044e+03,1.864137401514273e+03,5.882352941176471e-01,32018547
1.867811138302044e+03,1.863743802243586e+03,5.882352941176471e-01,32018546
1.868816115682540e+03,1.866533211132513e+03,5.882352941176471e-01,32018548
1.869575844184397e+03,1.867278606202304e+03,5.882352941176471e-01,32018550
1.869575844184397e+03,1.867188990623751e+03,5.882352941176471e-01,32018549
1.870694690526213e+03,1.868929984643860e+03,5.882352941176471e-01,32018551
1.871436482631936e+03,1.869354288422972e+03,5.882352941176471e-01,32018553
1.871436482631936e+03,1.869011872581236e+03,5.882352941176471e-01,32018552
1.874594998343780e+03,1.872242538954154e+03,5.882352941176471e-01,32018559
1.874594998343780e+03,1.871972767509207e+03,5.882352941176471e-01,32018558
1.876359704226133e+03,1.874209308122595e+03,5.882352941176471e-01,32018561
1.876682087187113e+03,1.874917381304760e+03,5.882352941176471e-01,32018562
1.877743413479977e+03,1.875143648874953e+03,5.882352941176471e-01,32018563
1.879012193752563e+03,1.871964231628953e+03,1.176470588235294e+00,32018557
1.880776899634916e+03,1.871141072597399e+03,1.764705882352941e+00,32018556
1.880776899634916e+03,1.869863641879955e+03,1.764705882352941e+00,32018555
1.883423958458446e+03,1.875597490001369e+03,1.764705882352941e+00,32018564
1.883423958458446e+03,1.873833005086762e+03,1.764705882352941e+00,32018560
1.884259654976102e+03,1.882494949093749e+03,5.882352941176471e-01,32018565
1.888718076105505e+03,1.882558647965494e+03,1.764705882352941e+00,32018566
1.891390313697621e+03,1.889625607815268e+03,5.882352941176471e-01,32018568
1.892023172893593e+03,1.888493761128887e+03,1.176470588235294e+00,32018567
1.897514416247674e+03,1.895749710365321e+03,5.882352941176471e-01,32018569
1.898850569133859e+03,1.897085863251506e+03,5.882352941176471e-01,32018570
1.899279122130027e+03,1.897202927099611e+03,5.882352941176471e-01,32018572
1.900615275016212e+03,1.898248291383643e+03,5.882352941176471e-01,32018573
1.901706177535388e+03,1.899941471653035e+03,5.882352941176471e-01,32018574
1.902413450179386e+03,1.900648744297033e+03,5.882352941176471e-01,32018575
1.902468345807397e+03,1.897174228160338e+03,1.764705882352941e+00,32018571
1.903970394702014e+03,1.902205688819662e+03,5.882352941176471e-01,32018576
1.904763950591594e+03,1.902999244709242e+03,5.882352941176471e-01,32018577
1.905735100584367e+03,1.903804548047604e+03,5.882352941176471e-01,32018579
1.906896768771402e+03,1.903367357006696e+03,1.176470588235294e+00,32018578
1.907076885735791e+03,1.905312179853438e+03,5.882352941176471e-01,32018580
1.907499806466720e+03,1.905427882099104e+03,5.882352941176471e-01,32018581
1.908763067371172e+03,1.906998361488819e+03,5.882352941176471e-01,32018582
1.908841591618144e+03,1.907071402838009e+03,5.882352941176471e-01,32018583
1.911884413745700e+03,1.910119707863347e+03,5.882352941176471e-01,32018585
1.913061254819475e+03,1.911296548937122e+03,5.882352941176471e-01,32018586
1.913646847302389e+03,1.908352729655330e+03,1.764705882352941e+00,32018584
1.914347645274327e+03,1.912582939391974e+03,5.882352941176471e-01,32018587
1.915118756943285e+03,1.912976884222803e+03,5.882352941176471e-01,32018589
1.915118756943285e+03,1.912971385931056e+03,5.882352941176471e-01,32018588
1.920147322593607e+03,1.914853204946548e+03,1.764705882352941e+00,32018590
1.921182964289013e+03,1.918953002869088e+03,5.882352941176471e-01,32018594
1.921182964289013e+03,1.918623703831307e+03,5.882352941176471e-01,32018593
1.922947670171366e+03,1.921043620794233e+03,5.882352941176471e-01,32018595
1.924124883458626e+03,1.917349074416698e+03,1.764705882352941e+00,32018591
1.924807002137483e+03,1.922382948161943e+03,5.882352941176471e-01,32018598
1.924807002137483e+03,1.922098401387249e+03,5.882352941176471e-01,32018597
1.926571708019836e+03,1.924566468383994e+03,5.882352941176471e-01,32018602
1.926571708019836e+03,1.924155760924196e+03,5.882352941176471e-01,32018601
1.928336413902189e+03,1.926502338055782e+03,5.882352941176471e-01,32018604
1.928336413902189e+03,1.926262594047057e+03,5.882352941176471e-01,32018603
1.929605503458724e+03,1.921324903414659e+03,1.764705882352941e+00,32018596
1.931499120020599e+03,1.928621404656966e+03,5.882352941176471e-01,32018607
1.933906236276672e+03,1.931936344324751e+03,5.882352941176471e-01,32018612
1.935204606859646e+03,1.929863324817769e+03,1.176470588235294e+00,32018609
1.935292644396816e+03,1.926609970967659e+03,1.764705882352941e+00,32018605
1.936332693203401e+03,1.934567987321048e+03,5.882352941176471e-01,32018613
1.937130251756828e+03,1.935365545874475e+03,5.882352941176471e-01,32018615
1.938237613696549e+03,1.935609088284164e+03,5.882352941176471e-01,32018616
1.938788893212333e+03,1.936613122424992e+03,5.882352941176471e-01,32018618
1.938894957639181e+03,1.935259481447627e+03,1.176470588235294e+00,32018614
1.941124925038124e+03,1.939360219155771e+03,5.882352941176471e-01,32018622
1.942134545138444e+03,1.937676784881492e+03,1.176470588235294e+00,32018620
1.943899251020797e+03,1.941938518716678e+03,5.882352941176470e-01,32018624
1.943899251020797e+03,1.937483037573324e+03,1.764705882352941e+00,32018619
1.947428662785503e+03,1.941595087155962e+03,1.764705882352941e+00,32018623
1.947441611670618e+03,1.945676905788265e+03,5.882352941176471e-01,32018626
1.948653910685373e+03,1.943027620997306e+03,1.764705882352941e+00,32018625
1.950007470432766e+03,1.948242764550414e+03,5.882352941176471e-01,32018627
1.952456878925538e+03,1.950692173043185e+03,5.882352941176471e-01,32018630
1.952857690172316e+03,1.951090544438017e+03,5.882352941176471e-01,32018631
1.955111669772285e+03,1.949328278407610e+03,1.176470588235294e+00,32018628
1.957782917442248e+03,1.956018211559896e+03,5.882352941176471e-01,32018636
1.958181213887152e+03,1.951786109315326e+03,1.764705882352941e+00,32018633
1.958181213887152e+03,1.951688455830740e+03,1.764705882352941e+00,32018632
1.959746771547053e+03,1.957078800332429e+03,5.882352941176471e-01,32018638
1.959884348564570e+03,1.953836237607548e+03,1.176470588235294e+00,32018635
1.961511477429406e+03,1.956125288202554e+03,1.176470588235294e+00,32018637
1.964198858879770e+03,1.962434152997417e+03,5.882352941176471e-01,32018641
1.965868298190818e+03,1.963518744036324e+03,5.882352941176471e-01,32018644
1.965868298190818e+03,1.963326080881038e+03,5.882352941176471e-01,32018643
1.966430705800294e+03,1.964443867203177e+03,5.882352941176471e-01,32018645
1.968624862737249e+03,1.966860156854896e+03,5.882352941176471e-01,32018648
1.969397709955524e+03,1.967357411221652e+03,5.882352941176471e-01,32018649
1.970389568619602e+03,1.968372639434097e+03,5.882352941176471e-01,32018650
1.971430543555285e+03,1.969665837672932e+03,5.882352941176471e-01,32018651
1.971512355726960e+03,1.961136588153235e+03,1.764705882352941e+00,32018639
1.972154274501955e+03,1.969807541724800e+03,5.882352941176471e-01,32018652
1.973195249437638e+03,1.971201039094723e+03,5.882352941176471e-01,32018653
1.975103321936347e+03,1.965651639718420e+03,1.764705882352941e+00,32018646
1.977448392149014e+03,1.971903592333730e+03,1.764705882352941e+00,32018654
1.978489367084697e+03,1.972645185968956e+03,1.764705882352941e+00,32018655
1.979038055860027e+03,1.976633456695079e+03,5.882352941176471e-01,32018658
1.979038055860027e+03,1.975653500892438e+03,5.882352941176471e-01,32018657
1.980254072967050e+03,1.975333601923983e+03,1.176470588235294e+00,32018656
1.980802761742380e+03,1.978824136891915e+03,5.882352941176471e-01,32018659
1.981041007394787e+03,1.979276301512434e+03,5.882352941176471e-01,32018660
1.982293123237068e+03,1.980225648638832e+03,5.882352941176471e-01,32018662
1.982293123237068e+03,1.979819586951067e+03,5.882352941176471e-01,32018661
1.985191716808972e+03,1.983427010926620e+03,5.882352941176471e-01,32018663
1.986956422691325e+03,1.985138509885689e+03,5.882352941176471e-01,32018666
1.988128640311794e+03,1.985589391757582e+03,5.882352941176471e-01,32018667
1.989307237383913e+03,1.984893385742321e+03,1.176470588235294e+00,32018665
1.989307237383913e+03,1.984305071351855e+03,1.176470588235294e+00,32018664
1.989893346194147e+03,1.986035081735462e+03,1.176470588235294e+00,32018668
1.991071943266266e+03,1.988320879076923e+03,5.882352941176471e-01,32018669
1.991658052076500e+03,1.989860054975516e+03,5.882352941176471e-01,32018671
1.992836649148619e+03,1.989964330273351e+03,5.882352941176471e-01,32018672
1.994661800654227e+03,1.991966463774119e+03,5.882352941176471e-01,32018674
1.995187463841206e+03,1.989428128630424e+03,1.764705882352941e+00,32018670
1.996426506536580e+03,1.993993218208724e+03,5.882352941176471e-01,32018677
1.996426506536580e+03,1.993614305284065e+03,5.882352941176471e-01,32018676
1.998191212418933e+03,1.995848733361440e+03,5.882352941176471e-01,32018679
1.998454044012422e+03,1.992822106457884e+03,1.176470588235294e+00,32018675
1.998454044012422e+03,1.991177874984394e+03,1.176470588235294e+00,32018673
2.001895845245965e+03,1.998467661867195e+03,5.882352941176471e-01,32018683
2.002778198187142e+03,1.997814915116291e+03,1.176470588235294e+00,32018681
2.004542904069495e+03,2.002357889681731e+03,5.882352941176470e-01,32018684
2.004542904069495e+03,1.997078528730294e+03,1.764705882352941e+00,32018680
2.004542904069495e+03,1.994798846724553e+03,1.764705882352941e+00,32018678
2.006307609951848e+03,2.004302703155336e+03,5.882352941176471e-01,32018686
2.006307609951848e+03,2.002957779807173e+03,5.882352941176471e-01,32018685
2.006793672268270e+03,2.005028966385917e+03,5.882352941176471e-01,32018687
2.008072315834200e+03,2.005180746338830e+03,5.882352941176471e-01,32018689
2.008072315834200e+03,2.005144178820814e+03,5.882352941176471e-01,32018688
2.010125673340888e+03,2.008360967458535e+03,5.882352941176471e-01,32018690
2.010353170083291e+03,2.008588464200938e+03,5.882352941176471e-01,32018691
2.011807304404968e+03,2.010042598522615e+03,5.882352941176471e-01,32018692
2.013655085105594e+03,2.010103897676570e+03,1.176470588235294e+00,32018693
2.016038933362151e+03,2.014274227479798e+03,5.882352941176471e-01,32018696
2.017020687441234e+03,2.014392591814858e+03,5.882352941176471e-01,32018697
2.017621871604204e+03,2.015857165721851e+03,5.882352941176471e-01,32018698
2.019655488119552e+03,2.013491275676528e+03,1.764705882352941e+00,32018694
2.020926158439720e+03,2.019161452557367e+03,5.882352941176471e-01,32018700
2.022314805088293e+03,2.016450915888744e+03,1.764705882352941e+00,32018699
2.025502299124716e+03,2.020208181477657e+03,1.764705882352941e+00,32018701
2.026637947188119e+03,2.024817053648807e+03,5.882352941176471e-01,32018704
2.027530309393441e+03,2.022236191746382e+03,1.764705882352941e+00,32018702
2.029031710889422e+03,2.023108535423413e+03,1.764705882352941e+00,32018703
2.030167358952825e+03,2.027558692919708e+03,5.882352941176471e-01,32018708
2.031190023126608e+03,2.029425317244255e+03,5.882352941176471e-01,32018709
2.031932064835178e+03,2.029536081477444e+03,5.882352941176471e-01,32018710
2.032561122654128e+03,2.026129030328545e+03,1.764705882352941e+00,32018705
2.034511561232071e+03,2.032746855349718e+03,5.882352941176471e-01,32018711
2.034603324685986e+03,2.026786155141039e+03,1.764705882352941e+00,32018706
2.034778831390945e+03,2.033014125508593e+03,5.882352941176471e-01,32018712
2.036276267114424e+03,2.034275602156874e+03,5.882352941176471e-01,32018713
2.036715968666270e+03,2.034951262783918e+03,5.882352941176471e-01,32018714
2.039146973696994e+03,2.037382267814641e+03,5.882352941176471e-01,32018717
2.039744213890486e+03,2.037433306251467e+03,5.882352941176471e-01,32018718
2.040389339559751e+03,2.036214802125780e+03,1.176470588235294e+00,32018715
2.041666413474615e+03,2.039199189758473e+03,5.882352941176471e-01,32018719
2.042154045442104e+03,2.040059201294038e+03,5.882352941176470e-01,32018721
2.042154045442104e+03,2.036337587775450e+03,1.764705882352941e+00,32018716
2.043566137395603e+03,2.040781351469035e+03,5.882352941176471e-01,32018722
2.043918751324457e+03,2.042153750288089e+03,5.882352941176471e-01,32018725
2.046133152081738e+03,2.044368446199385e+03,5.882352941176471e-01,32018727
2.047448163089163e+03,2.041936449551886e+03,1.764705882352941e+00,32018724
2.047678059317562e+03,2.045636031744822e+03,5.882352941176471e-01,32018728
2.049327817085715e+03,2.046818063645290e+03,5.882352941176471e-01,32018730
2.049662563846444e+03,2.044148647552856e+03,1.764705882352941e+00,32018726
2.051092522968068e+03,2.048854069102401e+03,5.882352941176471e-01,32018732
2.051092522968068e+03,2.048070240358311e+03,5.882352941176471e-01,32018731
2.052857228850421e+03,2.050153685874934e+03,5.882352941176471e-01,32018733
2.053191975611150e+03,2.046574474598726e+03,1.764705882352941e+00,32018729
2.053776860380148e+03,2.052012154497795e+03,5.882352941176471e-01,32018734
2.054621934732774e+03,2.052805470363865e+03,5.882352941176471e-01,32018735
2.056721387375856e+03,2.053018979544635e+03,1.176470588235294e+00,32018736
2.056912705063422e+03,2.055147999181069e+03,5.882352941176471e-01,32018738
2.058775685983062e+03,2.057010980100709e+03,5.882352941176471e-01,32018739
2.059070978027207e+03,2.053729444178431e+03,1.764705882352941e+00,32018737
2.060540391865415e+03,2.058621733121010e+03,5.882352941176471e-01,32018741
2.060974333645514e+03,2.059209627763162e+03,5.882352941176471e-01,32018742
2.064359582917649e+03,2.058408674043076e+03,1.764705882352941e+00,32018740
2.065467497572487e+03,2.062723111717585e+03,5.882352941176471e-01,32018746
2.066051480402524e+03,2.060166369041815e+03,1.764705882352941e+00,32018743
2.067232203454840e+03,2.061927633806037e+03,1.176470588235294e+00,32018745
2.069653700564708e+03,2.064041666922206e+03,1.764705882352941e+00,32018747
2.071053919203299e+03,2.068591350185879e+03,5.882352941176471e-01,32018750
2.071345598049582e+03,2.065657833662559e+03,1.764705882352941e+00,32018748
2.071418406447061e+03,2.069469371412231e+03,5.882352941176471e-01,32018752
2.072964464508793e+03,2.070798985023567e+03,5.882352941176471e-01,32018754
2.072964464508793e+03,2.069745483042459e+03,5.882352941176471e-01,32018753
2.073956141360280e+03,2.071417062224965e+03,5.882352941176471e-01,32018756
2.073956141360280e+03,2.071406461637115e+03,5.882352941176471e-01,32018755
2.076493876273499e+03,2.067344349347307e+03,1.764705882352941e+00,32018749
2.081392249546601e+03,2.079627543664248e+03,5.882352941176471e-01,32018759
2.081650193624356e+03,2.076356075977297e+03,1.764705882352941e+00,32018757
2.083233206942601e+03,2.080608568344735e+03,5.882352941176471e-01,32018762
2.087502084517911e+03,2.079813821367747e+03,1.764705882352941e+00,32018760
2.087502084517911e+03,2.078820640188611e+03,1.764705882352941e+00,32018758
2.088803878123245e+03,2.082150955239945e+03,1.764705882352941e+00,32018766
2.090708757797051e+03,2.087733452666323e+03,5.882352941176471e-01,32018770
2.091031496282616e+03,2.089084225706150e+03,5.882352941176471e-01,32018772
2.091752479981010e+03,2.085551019892124e+03,1.176470588235294e+00,32018768
2.092959661095654e+03,2.091194955213301e+03,5.882352941176471e-01,32018773
2.093517185863363e+03,2.085591680875345e+03,1.764705882352941e+00,32018769
2.093651868531255e+03,2.091887162648902e+03,5.882352941176471e-01,32018774
2.095003129361861e+03,2.092747886812338e+03,5.882352941176471e-01,32018776
2.095003129361861e+03,2.092210173709951e+03,5.882352941176471e-01,32018775
2.095984675345098e+03,2.094219969462745e+03,5.882352941176471e-01,32018777
2.097933456947810e+03,2.096168751065457e+03,5.882352941176471e-01,32018779
2.098350824898048e+03,2.096586119015695e+03,5.882352941176471e-01,32018780
2.098532541126567e+03,2.094628616491086e+03,1.176470588235294e+00,32018778
2.099698162830163e+03,2.097610519600080e+03,5.882352941176471e-01,32018781
2.100115530780401e+03,2.098010669212380e+03,5.882352941176471e-01,32018782
2.101880236662754e+03,2.099814696463357e+03,5.882352941176471e-01,32018785
2.103644942545107e+03,2.101704420974989e+03,5.882352941176471e-01,32018786
2.104934473435979e+03,2.099640355788920e+03,1.764705882352941e+00,32018783
2.104992280477221e+03,2.099690738289175e+03,1.764705882352941e+00,32018784
2.105887110465814e+03,2.101972074011236e+03,5.882352941176471e-01,32018787
2.106699179318332e+03,2.104599866621815e+03,5.882352941176471e-01,32018789
2.107399922250819e+03,2.105635216368466e+03,5.882352941176471e-01,32018790
2.107886724349080e+03,2.106122018466727e+03,5.882352941176471e-01,32018791
2.111658066547174e+03,2.109374424893181e+03,5.882352941176471e-01,32018795
2.112291089021419e+03,2.108128654782468e+03,1.176470588235294e+00,32018792
2.112760878014577e+03,2.110728714611832e+03,5.882352941176471e-01,32018796
2.114055794903772e+03,2.111976209064470e+03,5.882352941176471e-01,32018797
2.114525583896929e+03,2.112575554483257e+03,5.882352941176471e-01,32018798
2.115187478311880e+03,2.109231466249871e+03,1.764705882352941e+00,32018794
2.116133693448230e+03,2.113794570120793e+03,5.882352941176471e-01,32018800
2.116952184194233e+03,2.114529438358491e+03,5.882352941176471e-01,32018802
2.117898399330583e+03,2.115731381639089e+03,5.882352941176471e-01,32018803
2.118716890076586e+03,2.116541875917924e+03,5.882352941176471e-01,32018804
2.119663105212936e+03,2.113318645100847e+03,1.764705882352941e+00,32018799
2.120954703527114e+03,2.118654797357709e+03,5.882352941176471e-01,32018807
2.120954703527114e+03,2.118631631440961e+03,5.882352941176471e-01,32018806
2.123615571845562e+03,2.118321454198503e+03,1.764705882352941e+00,32018805
2.124582393421024e+03,2.122817687538671e+03,5.882352941176471e-01,32018809
2.126248821174173e+03,2.120267935409245e+03,1.764705882352941e+00,32018808
2.126390773623559e+03,2.124403003400331e+03,5.882352941176471e-01,32018811
2.127576030320552e+03,2.124669742061389e+03,5.882352941176471e-01,32018813
2.128013527056525e+03,2.126242371148482e+03,5.882352941176471e-01,32018815
2.129559484570891e+03,2.127532785073819e+03,5.882352941176471e-01,32018817
2.129920185388265e+03,2.123251326280515e+03,1.764705882352941e+00,32018810
2.132141284214612e+03,2.130376578332259e+03,5.882352941176471e-01,32018818
2.133088896335597e+03,2.127454857959145e+03,1.764705882352941e+00,32018816
2.134394336248972e+03,2.132629630366619e+03,5.882352941176471e-01,32018820
2.137233576677599e+03,2.131939459030540e+03,1.764705882352941e+00,32018819
2.137546888990322e+03,2.135782183107970e+03,5.882352941176471e-01,32018821
2.138173853586010e+03,2.136409147703657e+03,5.882352941176471e-01,32018822
2.139244302977991e+03,2.137479597095638e+03,5.882352941176471e-01,32018823
2.139938559468363e+03,2.138159553703866e+03,5.882352941176471e-01,32018825
2.142934329708467e+03,2.141169623826114e+03,5.882352941176471e-01,32018827
2.143076523368967e+03,2.137782405721908e+03,1.764705882352941e+00,32018824
2.144538420625050e+03,2.138924726756607e+03,1.764705882352941e+00,32018826
2.147274830691576e+03,2.145510124809223e+03,5.882352941176471e-01,32018831
2.149039536573929e+03,2.147167227367217e+03,5.882352941176471e-01,32018832
2.149668389741722e+03,2.143649562327098e+03,1.764705882352941e+00,32018828
2.150331824493066e+03,2.144470128694436e+03,1.764705882352941e+00,32018829
2.151875385458305e+03,2.149331241874860e+03,5.882352941176471e-01,32018835
2.151875385458305e+03,2.149260784455707e+03,5.882352941176471e-01,32018834
2.152568948338635e+03,2.150449793229717e+03,5.882352941176471e-01,32018837
2.153640091340657e+03,2.151706291603548e+03,5.882352941176471e-01,32018838
2.154333654220988e+03,2.152157270577264e+03,5.882352941176471e-01,32018839
2.155404797223010e+03,2.149035322423412e+03,1.764705882352941e+00,32018833
2.157306365993635e+03,2.155027544196411e+03,5.882352941176471e-01,32018844
2.159071071875988e+03,2.156266792663601e+03,5.882352941176471e-01,32018846
2.159204298579472e+03,2.157439592697119e+03,5.882352941176471e-01,32018847
2.159627771868047e+03,2.157783012779536e+03,5.882352941176471e-01,32018848
2.160835777758341e+03,2.158894491499538e+03,5.882352941176471e-01,32018849
2.161123101809927e+03,2.159358395927574e+03,5.882352941176471e-01,32018850
2.162744145666487e+03,2.160245014341369e+03,5.882352941176471e-01,32018851
2.163472903931106e+03,2.152917459864002e+03,1.764705882352941e+00,32018840
2.164508851548840e+03,2.162266207014831e+03,5.882352941176471e-01,32018854
2.165396900578295e+03,2.155860258893968e+03,1.176470588235294e+00,32018845
2.167161606460648e+03,2.165147892982075e+03,5.882352941176471e-01,32018860
2.168357784030164e+03,2.165961449731962e+03,5.882352941176471e-01,32018861
2.170169806091702e+03,2.167167106876031e+03,5.882352941176471e-01,32018862
2.170501508787742e+03,2.163791485460779e+03,1.764705882352941e+00,32018856
2.170501508787742e+03,2.161616793477180e+03,1.764705882352941e+00,32018853
2.173865069204427e+03,2.171041030234225e+03,5.882352941176471e-01,32018867
2.174095099047569e+03,2.168452416388534e+03,1.176470588235294e+00,32018864
2.174348912859525e+03,2.172560423008357e+03,5.882352941176471e-01,32018868
2.176610263539095e+03,2.174845557656742e+03,5.882352941176471e-01,32018869
2.177394480969133e+03,2.170819501094819e+03,1.764705882352941e+00,32018866
2.178458549763982e+03,2.176478523947866e+03,5.882352941176471e-01,32018872
2.178458549763982e+03,2.175582203055951e+03,5.882352941176471e-01,32018871
2.179159186851486e+03,2.176797942458837e+03,5.882352941176471e-01,32018873
2.180223255646335e+03,2.178138894655700e+03,5.882352941176471e-01,32018874
2.181987961528688e+03,2.180003588506491e+03,5.882352941176471e-01,32018876
2.182618138504469e+03,2.175012718341809e+03,1.764705882352941e+00,32018870
2.183823127522763e+03,2.178529009875704e+03,1.764705882352941e+00,32018875
2.185703437353837e+03,2.183938731471485e+03,5.882352941176471e-01,32018882
2.187317309231608e+03,2.185338811102545e+03,5.882352941176471e-01,32018883
2.187468143236190e+03,2.185562805986694e+03,5.882352941176471e-01,32018884
2.188101219540443e+03,2.180733839386305e+03,1.764705882352941e+00,32018877
2.189082015113961e+03,2.186898396436222e+03,5.882352941176471e-01,32018885
2.189232849118543e+03,2.187404746821927e+03,5.882352941176471e-01,32018886
2.189865925422796e+03,2.187988495564962e+03,5.882352941176471e-01,32018887
2.190922137998605e+03,2.183227273179742e+03,1.176470588235294e+00,32018881
2.192686843880958e+03,2.182484679146634e+03,1.764705882352941e+00,32018879
2.192850254015187e+03,2.190031269754486e+03,5.882352941176471e-01,32018889
2.193630895670752e+03,2.191167253199949e+03,5.882352941176471e-01,32018892
2.194451549763311e+03,2.192101748271650e+03,5.882352941176471e-01,32018894
2.196379665779893e+03,2.189746681675411e+03,1.764705882352941e+00,32018888
2.197423677530122e+03,2.193297374334499e+03,1.176470588235294e+00,32018895
2.198144371662246e+03,2.194157635860081e+03,1.176470588235294e+00,32018897
2.199188383412475e+03,2.196600668474362e+03,5.882352941176471e-01,32018899
2.201510373292723e+03,2.195976187573411e+03,1.764705882352941e+00,32018898
2.202284855132342e+03,2.200520149249989e+03,5.882352941176471e-01,32018900
2.202340086834462e+03,2.200575380952109e+03,5.882352941176471e-01,32018901
2.203662320094885e+03,2.201165008138001e+03,5.882352941176471e-01,32018903
2.204466636674255e+03,2.202701930791902e+03,5.882352941176471e-01,32018904
2.205427025977238e+03,2.201147849904926e+03,1.176470588235294e+00,32018902
2.205427025977238e+03,2.203253794200955e+03,5.882352941176471e-01,32018905
2.206452577717238e+03,2.204687871834885e+03,5.882352941176471e-01,32018906
2.208630265536201e+03,2.206865559653848e+03,5.882352941176471e-01,32018908
2.208920784627211e+03,2.207156078744858e+03,5.882352941176471e-01,32018909
2.210592439983387e+03,2.205811508291647e+03,1.176470588235294e+00,32018907
2.211198676464882e+03,2.207669264700176e+03,1.176470588235294e+00,32018910
2.212762783447263e+03,2.210998077564910e+03,5.882352941176471e-01,32018912
2.212994032212284e+03,2.211229326329931e+03,5.882352941176471e-01,32018913
2.213924383183259e+03,2.208553698265329e+03,1.764705882352941e+00,32018911
2.214592078034674e+03,2.211615094864362e+03,5.882352941176471e-01,32018914
2.216022936491320e+03,2.213610422343163e+03,5.882352941176471e-01,32018919
2.218085787011170e+03,2.216321081128817e+03,5.882352941176471e-01,32018920
2.218288149859343e+03,2.212859666504850e+03,1.764705882352941e+00,32018917
2.219552348256025e+03,2.213178584549016e+03,1.764705882352941e+00,32018918
2.221716380199962e+03,2.219570192850630e+03,5.882352941176471e-01,32018924
2.223482204366282e+03,2.221717498483929e+03,5.882352941176471e-01,32018927
2.223508201791601e+03,2.221743495909248e+03,5.882352941176471e-01,32018928
2.225159837059891e+03,2.222706884771794e+03,5.882352941176471e-01,32018930
2.225159837059891e+03,2.222032957917316e+03,5.882352941176471e-01,32018929
2.226924542942243e+03,2.224713195940438e+03,5.882352941176471e-01,32018931
2.227756099001760e+03,2.216446443429061e+03,1.764705882352941e+00,32018921
2.228912261309928e+03,2.219575375260525e+03,1.764705882352941e+00,32018925
2.229520804884113e+03,2.227295752404066e+03,5.882352941176471e-01,32018935
2.230602629697170e+03,2.228617555005318e+03,5.882352941176471e-01,32018936
2.232187901688522e+03,2.230423195806169e+03,5.882352941176471e-01,32018937
2.232441673074634e+03,2.225605862030554e+03,1.764705882352941e+00,32018932
2.233392480858511e+03,2.231627774976158e+03,5.882352941176471e-01,32018938
2.234618506739902e+03,2.232853800857549e+03,5.882352941176471e-01,32018940
2.235328110560479e+03,2.233315557091359e+03,5.882352941176471e-01,32018941
2.236383212622255e+03,2.234612553831142e+03,5.882352941176471e-01,32018944
2.237092816442832e+03,2.234686252528527e+03,5.882352941176471e-01,32018945
2.238476244126783e+03,2.233734328497741e+03,1.176470588235294e+00,32018943
2.239942443580266e+03,2.236413031815560e+03,1.176470588235294e+00,32018946
2.240240950009136e+03,2.232830667474628e+03,1.764705882352941e+00,32018939
2.243069622469328e+03,2.241304916586976e+03,5.882352941176471e-01,32018947
2.247032852549454e+03,2.245053392963493e+03,5.882352941176471e-01,32018951
2.248447807236147e+03,2.245614472782125e+03,5.882352941176471e-01,32018952
2.248709977974913e+03,2.243503440784748e+03,1.176470588235294e+00,32018948
2.250212513118500e+03,2.247442452550322e+03,5.882352941176471e-01,32018953
2.250474683857266e+03,2.244918395471441e+03,1.764705882352941e+00,32018949
2.254098852081109e+03,2.252334146198756e+03,5.882352941176471e-01,32018956
2.255863557963462e+03,2.253511043899984e+03,5.882352941176471e-01,32018961
2.255957138645223e+03,2.250663020998164e+03,1.764705882352941e+00,32018954
2.257023565946690e+03,2.255098190906599e+03,5.882352941176471e-01,32018962
2.259439760069048e+03,2.253150790480387e+03,1.764705882352941e+00,32018957
2.259439760069048e+03,2.251678779145630e+03,1.764705882352941e+00,32018955
2.261041026922603e+03,2.257345908253909e+03,5.882352941176471e-01,32018965
2.261041026922603e+03,2.258691644315571e+03,5.882352941176471e-01,32018967
2.262805732804955e+03,2.260482570809138e+03,5.882352941176471e-01,32018968
2.264570438687308e+03,2.258278298453958e+03,1.764705882352941e+00,32018966
2.264570438687308e+03,2.256359826747900e+03,1.764705882352941e+00,32018963
2.264804459791262e+03,2.263039753908909e+03,5.882352941176471e-01,32018969
2.266335144569661e+03,2.263422332240527e+03,5.882352941176471e-01,32018970
2.267412358770895e+03,2.265647652888543e+03,5.882352941176471e-01,32018972
2.269232041288608e+03,2.266440604840964e+03,5.882352941176471e-01,32018975
2.270151762178274e+03,2.267522312041615e+03,5.882352941176471e-01,32018977
2.272198129724856e+03,2.270022440855952e+03,5.882352941176471e-01,32018983
2.276189153913972e+03,2.263521251555570e+03,1.764705882352941e+00,32018971
2.276189153913972e+03,2.265991539086757e+03,1.764705882352941e+00,32018973
2.276189153913972e+03,2.266037277182518e+03,1.764705882352941e+00,32018974
2.277953859796325e+03,2.274280043625962e+03,5.882352941176471e-01,32018985
2.279718565678678e+03,2.275984995807823e+03,1.176470588235294e+00,32018986
2.280613848716186e+03,2.278849142833833e+03,5.882352941176471e-01,32018987
2.281483271561031e+03,2.279410630945979e+03,5.882352941176470e-01,32018988
2.281483271561031e+03,2.273005951467574e+03,1.764705882352941e+00,32018984
2.282378554598539e+03,2.280235613478871e+03,5.882352941176471e-01,32018989
2.283247977443384e+03,2.280654333114351e+03,5.882352941176471e-01,32018990
2.283940027138217e+03,2.282175321255864e+03,5.882352941176471e-01,32018991
2.284143260480892e+03,2.282229878250290e+03,5.882352941176471e-01,32018992
2.285704733020570e+03,2.283921640100350e+03,5.882352941176471e-01,32018995
2.287672672245598e+03,2.283975894822608e+03,1.176470588235294e+00,32018996
2.288878926418926e+03,2.282932132104638e+03,1.764705882352941e+00,32018993
2.289031237017841e+03,2.287266531135488e+03,5.882352941176471e-01,32018997
2.290590656250680e+03,2.288825950368327e+03,5.882352941176471e-01,32018998
2.292355362133033e+03,2.290451998976477e+03,5.882352941176471e-01,32019001
2.293815512863254e+03,2.291107242847951e+03,5.882352941176471e-01,32019003
2.293815512863254e+03,2.290700183072847e+03,5.882352941176471e-01,32019002
2.294336221602653e+03,2.290088621188105e+03,1.176470588235294e+00,32018999
2.295580218745607e+03,2.293580400786061e+03,5.882352941176471e-01,32019006
2.295580218745607e+03,2.292787669307568e+03,5.882352941176471e-01,32019005
2.296100927485006e+03,2.293947390703031e+03,5.882352941176471e-01,32019007
2.298320209507916e+03,2.296555503625563e+03,5.882352941176471e-01,32019008
2.298443050588743e+03,2.296678344706390e+03,5.882352941176471e-01,32019009
2.298550100232880e+03,2.296785394350527e+03,5.882352941176471e-01,32019010
2.300084915390269e+03,2.296935617508673e+03,5.882352941176471e-01,32019011
2.301823323438354e+03,2.300058617556001e+03,5.882352941176471e-01,32019012
2.304252930566872e+03,2.302488224684519e+03,5.882352941176471e-01,32019013
2.306000557291234e+03,2.304235851408881e+03,5.882352941176471e-01,32019015
2.307871656375159e+03,2.305845047134271e+03,5.882352941176471e-01,32019019
2.309324357123936e+03,2.306684933621976e+03,5.882352941176471e-01,32019021
2.310725887819095e+03,2.303718234343302e+03,1.176470588235294e+00,32019014
2.312490593701448e+03,2.304977528731448e+03,1.764705882352941e+00,32019017
2.312490593701448e+03,2.304395441211239e+03,1.764705882352941e+00,32019016
2.314255299583801e+03,2.306862338990124e+03,1.764705882352941e+00,32019022
2.316787573835455e+03,2.315022867953102e+03,5.882352941176471e-01,32019024
2.317150693609806e+03,2.315385987727453e+03,5.882352941176471e-01,32019025
2.318564667356085e+03,2.316799961473732e+03,5.882352941176471e-01,32019026
2.318853227988042e+03,2.313559110340984e+03,1.764705882352941e+00,32019023
2.319308420124774e+03,2.317543714242421e+03,5.882352941176471e-01,32019027
2.321447066520422e+03,2.319682360638070e+03,5.882352941176471e-01,32019029
2.322522933537715e+03,2.318993521773009e+03,1.176470588235294e+00,32019028
2.327185722956670e+03,2.321891605309611e+03,1.764705882352941e+00,32019030
2.327918517838309e+03,2.326153811955956e+03,5.882352941176471e-01,32019032
2.328916585816919e+03,2.323622468169861e+03,1.764705882352941e+00,32019031
2.329715697475882e+03,2.327950991593529e+03,5.882352941176471e-01,32019034
2.330681291699272e+03,2.328508232985513e+03,5.882352941176471e-01,32019035
2.332069787810650e+03,2.330305081928297e+03,5.882352941176471e-01,32019036
2.332769196321481e+03,2.327475078674422e+03,1.764705882352941e+00,32019033
2.332806222797066e+03,2.331041516914713e+03,5.882352941176471e-01,32019037
2.334980430555668e+03,2.333215724673315e+03,5.882352941176471e-01,32019041
2.336298608086186e+03,2.332553743816870e+03,1.176470588235294e+00,32019040
2.336745136438021e+03,2.334861706127898e+03,5.882352941176471e-01,32019042
2.337605883460818e+03,2.331577032592010e+03,1.764705882352941e+00,32019038
2.339889516912156e+03,2.336360105147451e+03,1.176470588235294e+00,32019043
2.342199642531533e+03,2.340434936649180e+03,5.882352941176471e-01,32019044
2.344848824687975e+03,2.343084118805622e+03,5.882352941176471e-01,32019046
2.345345475852828e+03,2.343580769970475e+03,5.882352941176471e-01,32019047
2.346085525085522e+03,2.342556113320816e+03,1.176470588235294e+00,32019045
2.352067489209272e+03,2.350302783326919e+03,5.882352941176471e-01,32019048
2.352544357617046e+03,2.350779651734694e+03,5.882352941176471e-01,32019050
2.353832195091625e+03,2.350956301725475e+03,5.882352941176471e-01,32019051
2.355912050902762e+03,2.350617933255703e+03,1.764705882352941e+00,32019049
2.356533444400475e+03,2.354768738518122e+03,5.882352941176471e-01,32019052
2.357326363769659e+03,2.355561657887306e+03,5.882352941176471e-01,32019053
2.358947162399742e+03,2.357182456517389e+03,5.882352941176471e-01,32019054
2.360683030469627e+03,2.358918324587274e+03,5.882352941176471e-01,32019055
2.361728777636599e+03,2.359964071754246e+03,5.882352941176471e-01,32019056
2.365895731771079e+03,2.360601614124020e+03,1.764705882352941e+00,32019057
2.366837962042225e+03,2.361543844395166e+03,1.764705882352941e+00,32019058
2.367660437653432e+03,2.365635898475884e+03,5.882352941176471e-01,32019061
2.370328017860636e+03,2.363712748233263e+03,1.764705882352941e+00,32019059
2.371141718871685e+03,2.365516810061910e+03,1.764705882352941e+00,32019060
2.372449571472892e+03,2.370089972097336e+03,5.882352941176471e-01,32019067
2.374933909495844e+03,2.367329646490716e+03,1.764705882352941e+00,32019062
2.375978983237598e+03,2.369368334970600e+03,1.764705882352941e+00,32019066
2.376458737997997e+03,2.372990133080034e+03,5.882352941176471e-01,32019070
2.376458737997997e+03,2.372954016416501e+03,5.882352941176471e-01,32019069
2.378766460201068e+03,2.377001754318715e+03,5.882352941176471e-01,32019073
2.379508395002304e+03,2.377658974485768e+03,5.882352941176471e-01,32019074
2.379988149762703e+03,2.371667276590591e+03,1.764705882352941e+00,32019068
2.381273100884657e+03,2.379063034640846e+03,5.882352941176471e-01,32019076
2.382295871965774e+03,2.380007063479697e+03,5.882352941176471e-01,32019079
2.385047118458811e+03,2.378763302643061e+03,1.764705882352941e+00,32019075
2.385047118458811e+03,2.375223108721163e+03,1.764705882352941e+00,32019072
2.385825283730480e+03,2.379674061555444e+03,1.764705882352941e+00,32019077
2.387302986114223e+03,2.385538280231870e+03,5.882352941176471e-01,32019081
2.388576530223517e+03,2.384920671309414e+03,1.176470588235294e+00,32019080
2.389024940385845e+03,2.387260234503492e+03,5.882352941176471e-01,32019082
2.389279715051679e+03,2.387515009169326e+03,5.882352941176471e-01,32019083
2.390341236105870e+03,2.387854444799679e+03,5.882352941176471e-01,32019084
2.391044420934032e+03,2.389055420212746e+03,5.882352941176471e-01,32019087
2.393329388360276e+03,2.391564682477923e+03,5.882352941176471e-01,32019088
2.394334297946354e+03,2.388635433905487e+03,1.764705882352941e+00,32019085
2.395158999494899e+03,2.391629587730194e+03,1.176470588235294e+00,32019089
2.396329954362049e+03,2.394565248479696e+03,5.882352941176471e-01,32019091
2.397816953994108e+03,2.396052248111755e+03,5.882352941176471e-01,32019092
2.398623506007335e+03,2.392034951117628e+03,1.764705882352941e+00,32019090
2.398623918336840e+03,2.396859212454487e+03,5.882352941176471e-01,32019093
2.400725530222511e+03,2.398960824340158e+03,5.882352941176471e-01,32019094
2.400729770948687e+03,2.398965065066334e+03,5.882352941176471e-01,32019095
2.405177384130456e+03,2.403412678248103e+03,5.882352941176471e-01,32019096
2.405580953297446e+03,2.403816247415093e+03,5.882352941176471e-01,32019097
2.405982575653426e+03,2.404217869771073e+03,5.882352941176471e-01,32019098
2.406942090012808e+03,2.404302751008585e+03,5.882352941176471e-01,32019099
2.410326139470820e+03,2.408561433588467e+03,5.882352941176471e-01,32019102
2.411117194184916e+03,2.409114197090079e+03,5.882352941176471e-01,32019103
2.411752230003479e+03,2.406458112356420e+03,1.764705882352941e+00,32019100
2.412881900067269e+03,2.407587782420210e+03,1.176470588235294e+00,32019101
2.413516935885832e+03,2.411300209517373e+03,5.882352941176471e-01,32019105
2.413857997462482e+03,2.412093291580129e+03,5.882352941176471e-01,32019106
2.414646605949622e+03,2.412408537315935e+03,5.882352941176471e-01,32019107
2.417384963000232e+03,2.409826840369022e+03,1.764705882352941e+00,32019104
2.418988937567806e+03,2.415123774406238e+03,1.176470588235294e+00,32019109
2.420400739333160e+03,2.413418326067600e+03,1.764705882352941e+00,32019108
2.420753643450159e+03,2.415298794488321e+03,1.764705882352941e+00,32019110
2.421574553837375e+03,2.419809847955022e+03,5.882352941176471e-01,32019111
2.423634705408797e+03,2.421440098596919e+03,5.882352941176471e-01,32019115
2.423634705408797e+03,2.420918880498720e+03,5.882352941176471e-01,32019114
2.426605939135360e+03,2.419960077551645e+03,1.764705882352941e+00,32019112
2.426605939135360e+03,2.420612269571324e+03,1.764705882352941e+00,32019113
2.428810234186658e+03,2.427045528304305e+03,5.882352941176471e-01,32019116
2.430147162822815e+03,2.428382456940463e+03,5.882352941176471e-01,32019117
2.434145199577926e+03,2.430615787813220e+03,1.176470588235294e+00,32019118
2.434607389817794e+03,2.432842683935441e+03,5.882352941176471e-01,32019120
2.436131625045635e+03,2.433262532116262e+03,5.882352941176471e-01,32019121
2.436489697936579e+03,2.434724992054226e+03,5.882352941176471e-01,32019125
2.437778728691556e+03,2.432717507193612e+03,1.176470588235294e+00,32019119
2.438011624840671e+03,2.434477778955961e+03,1.176470588235294e+00,32019124
2.439543434573909e+03,2.437226218816226e+03,5.882352941176471e-01,32019127
2.441675239999960e+03,2.439004797504170e+03,5.882352941176471e-01,32019129
2.442042339543658e+03,2.436748221896599e+03,1.764705882352941e+00,32019126
2.444068052927994e+03,2.438773935280935e+03,1.764705882352941e+00,32019128
2.444581704316313e+03,2.442816998433960e+03,5.882352941176471e-01,32019131
2.444670284799105e+03,2.442905578916752e+03,5.882352941176471e-01,32019132
2.447597464692700e+03,2.443328135512659e+03,1.176470588235294e+00,32019133
2.449094425694557e+03,2.447329719812204e+03,5.882352941176471e-01,32019134
2.453335844653438e+03,2.451571138771085e+03,5.882352941176471e-01,32019136
2.454253061292644e+03,2.448958943645586e+03,1.764705882352941e+00,32019135
2.455100550535791e+03,2.451951738019267e+03,5.882352941176471e-01,32019138
2.457282736358390e+03,2.455434646086500e+03,5.882352941176471e-01,32019143
2.457648139807167e+03,2.451854285461148e+03,1.764705882352941e+00,32019137
2.458950067454190e+03,2.455736526942486e+03,5.882352941176471e-01,32019145
2.458950067454190e+03,2.455680814695442e+03,5.882352941176471e-01,32019144
2.460714773336542e+03,2.458248280666962e+03,5.882352941176471e-01,32019146
2.460969818087454e+03,2.459205112205101e+03,5.882352941176471e-01,32019147
2.461477622001770e+03,2.453753324593684e+03,1.764705882352941e+00,32019139
2.463548752456123e+03,2.461784046573770e+03,5.882352941176471e-01,32019149
2.465313458338476e+03,2.463097082406221e+03,5.882352941176471e-01,32019151
2.466367861751118e+03,2.461073744104060e+03,1.764705882352941e+00,32019148
2.468039994473659e+03,2.462745876826600e+03,1.764705882352941e+00,32019150
2.468132567633471e+03,2.466258783227521e+03,5.882352941176471e-01,32019153
2.468947758392735e+03,2.467088640513119e+03,5.882352941176471e-01,32019154
2.471710545056512e+03,2.469945839174159e+03,5.882352941176471e-01,32019157
2.472477170157441e+03,2.465418346628029e+03,1.764705882352941e+00,32019152
2.473763711251088e+03,2.467240708991558e+03,1.764705882352941e+00,32019155
2.475456302055385e+03,2.473504762537653e+03,5.882352941176471e-01,32019161
2.477129420537043e+03,2.473996102466822e+03,5.882352941176471e-01,32019163
2.479017212314569e+03,2.477252506432216e+03,5.882352941176471e-01,32019166
2.481766890189230e+03,2.471207319387627e+03,1.764705882352941e+00,32019158
2.481766890189230e+03,2.473416833970946e+03,1.764705882352941e+00,32019160
2.481766890189230e+03,2.473571580706612e+03,1.764705882352941e+00,32019162
2.483531596071583e+03,2.479522932068752e+03,5.882352941176471e-01,32019168
2.483531596071583e+03,2.479487005381518e+03,5.882352941176471e-01,32019167
2.484544472297012e+03,2.482779766414659e+03,5.882352941176471e-01,32019169
2.485296301953936e+03,2.482899708610153e+03,5.882352941176471e-01,32019170
2.486735637887961e+03,2.484970932005608e+03,5.882352941176471e-01,32019172
2.487801189619684e+03,2.486036483737332e+03,5.882352941176471e-01,32019173
2.488825713718642e+03,2.482975959812468e+03,1.764705882352941e+00,32019171
2.496067700328037e+03,2.492538288563331e+03,1.176470588235294e+00,32019175
2.497494937765553e+03,2.492200820118494e+03,1.764705882352941e+00,32019174
2.499259643647906e+03,2.497418383905287e+03,5.882352941176471e-01,32019178
2.500279350347313e+03,2.494985232700254e+03,1.764705882352941e+00,32019176
2.501123190089840e+03,2.499358484207487e+03,5.882352941176471e-01,32019179
2.501361817975096e+03,2.495635650421114e+03,1.764705882352941e+00,32019177
2.504652601854546e+03,2.500383555064095e+03,1.176470588235294e+00,32019182
2.505155670953125e+03,2.503390965070772e+03,5.882352941176471e-01,32019183
2.505625570352762e+03,2.499769306734804e+03,1.764705882352941e+00,32019180
2.506668842286189e+03,2.504141498210431e+03,5.882352941176471e-01,32019185
2.506668842286189e+03,2.503463339849095e+03,5.882352941176471e-01,32019184
2.508169104027875e+03,2.506404398145522e+03,5.882352941176471e-01,32019186
2.512154984654238e+03,2.510390278771885e+03,5.882352941176471e-01,32019187
2.514669826388843e+03,2.512905120506490e+03,5.882352941176471e-01,32019188
2.515608793335176e+03,2.513844087452823e+03,5.882352941176471e-01,32019190
2.518523761474053e+03,2.513229643826994e+03,1.764705882352941e+00,32019189
2.519435135065753e+03,2.517670429183400e+03,5.882352941176471e-01,32019192
2.520589819977162e+03,2.518825114094809e+03,5.882352941176471e-01,32019194
2.521298823634139e+03,2.518995191670704e+03,5.882352941176471e-01,32019195
2.522203849549137e+03,2.519742090163988e+03,5.882352941176471e-01,32019198
2.523516042473991e+03,2.520768654995745e+03,5.882352941176471e-01,32019199
2.525280748356344e+03,2.523453983939806e+03,5.882352941176471e-01,32019202
2.525280748356344e+03,2.523400536243144e+03,5.882352941176471e-01,32019201
2.525682554929688e+03,2.517009701828301e+03,1.764705882352941e+00,32019191
2.527179389763145e+03,2.523920987945098e+03,5.882352941176471e-01,32019203
2.527179389763145e+03,2.524162525114962e+03,5.882352941176471e-01,32019204
2.529311055700612e+03,2.517943461438047e+03,1.176470588235294e+00,32019193
2.531075761582965e+03,2.519633100437820e+03,1.764705882352941e+00,32019197
2.532656987437761e+03,2.530263433178505e+03,5.882352941176471e-01,32019208
2.532840467465318e+03,2.526183034165181e+03,1.764705882352941e+00,32019206
2.536186399202467e+03,2.530594100448963e+03,1.764705882352941e+00,32019209
2.536186399202467e+03,2.527913309873374e+03,1.764705882352941e+00,32019207
2.537160625409207e+03,2.534026136316620e+03,5.882352941176471e-01,32019211
2.538275847153733e+03,2.535533151787510e+03,5.882352941176471e-01,32019213
2.538275847153733e+03,2.536087829298779e+03,5.882352941176471e-01,32019214
2.540040553036086e+03,2.537543457694704e+03,5.882352941176471e-01,32019216
2.540185234205907e+03,2.538420528323555e+03,5.882352941176471e-01,32019217
2.542436009110886e+03,2.540671303228533e+03,5.882352941176471e-01,32019218
2.542615271274705e+03,2.536153829303551e+03,1.764705882352941e+00,32019215
2.542615271274705e+03,2.533493981383846e+03,1.764705882352941e+00,32019210
2.544200714993239e+03,2.542271437428931e+03,5.882352941176471e-01,32019219
2.547388157518193e+03,2.544971346959361e+03,5.882352941176471e-01,32019224
2.549879632411410e+03,2.543798056003246e+03,1.764705882352941e+00,32019220
2.550917569282899e+03,2.547521137272590e+03,5.882352941176471e-01,32019227
2.552682275165252e+03,2.544484608758600e+03,1.764705882352941e+00,32019223
2.553928012611860e+03,2.546616749068485e+03,1.764705882352941e+00,32019226
2.553928012611860e+03,2.546542620532259e+03,1.764705882352941e+00,32019225
2.554446981047605e+03,2.551748620823659e+03,5.882352941176471e-01,32019228
2.555736101179393e+03,2.553971395297040e+03,5.882352941176471e-01,32019230
2.559222130258919e+03,2.553606526934869e+03,1.764705882352941e+00,32019229
2.561703135891018e+03,2.556242205238579e+03,1.764705882352941e+00,32019231
2.561706014352427e+03,2.559941308470074e+03,5.882352941176471e-01,32019234
2.562751542023625e+03,2.556437347955167e+03,1.764705882352941e+00,32019232
2.563469281004075e+03,2.560590093828509e+03,5.882352941176471e-01,32019235
2.564516247905978e+03,2.562638900993711e+03,5.882352941176471e-01,32019237
2.565092625130847e+03,2.558035240832140e+03,1.176470588235294e+00,32019233
2.565233986886428e+03,2.562779522199623e+03,5.882352941176471e-01,32019238
2.566280953788331e+03,2.563794576970062e+03,5.882352941176471e-01,32019239
2.568622036895553e+03,2.561319395757319e+03,1.764705882352941e+00,32019236
2.569950336158080e+03,2.568053371837815e+03,5.882352941176471e-01,32019242
2.570352109336512e+03,2.566420924393374e+03,1.176470588235294e+00,32019240
2.571867134051042e+03,2.569856280027487e+03,5.882352941176471e-01,32019245
2.571867134051042e+03,2.568795017773836e+03,5.882352941176471e-01,32019244
2.573631839933395e+03,2.570537417116869e+03,5.882352941176471e-01,32019247
2.575271847328013e+03,2.568489814296945e+03,1.764705882352941e+00,32019243
2.575583735643526e+03,2.572844760259550e+03,5.882352941176471e-01,32019250
2.579019394468437e+03,2.576100431498014e+03,5.882352941176471e-01,32019253
2.579457611311224e+03,2.570476807824246e+03,1.764705882352941e+00,32019246
2.580865683360111e+03,2.579100977477758e+03,5.882352941176471e-01,32019257
2.582079448883514e+03,2.574442612443692e+03,1.176470588235294e+00,32019251
2.583844154765867e+03,2.574742871818808e+03,1.764705882352941e+00,32019252
2.584144909546854e+03,2.581152167927651e+03,5.882352941176471e-01,32019258
2.584395095124817e+03,2.577379071022006e+03,1.764705882352941e+00,32019256
2.585759238038713e+03,2.583121837822215e+03,5.882352941176471e-01,32019262
2.585759238038713e+03,2.582530581054994e+03,5.882352941176471e-01,32019261
2.586406941305820e+03,2.584642235423467e+03,5.882352941176471e-01,32019263
2.587523943921066e+03,2.585364836040961e+03,5.882352941176471e-01,32019264
2.588483147059804e+03,2.586718441177451e+03,5.882352941176471e-01,32019265
2.589826669523522e+03,2.588061963641169e+03,5.882352941176471e-01,32019266
2.593506324455175e+03,2.591741618572822e+03,5.882352941176471e-01,32019267
2.596537865614945e+03,2.593008453850239e+03,1.176470588235294e+00,32019268
2.599019830359385e+03,2.593725712712326e+03,1.764705882352941e+00,32019269
2.600245063282100e+03,2.598480357399747e+03,5.882352941176471e-01,32019271
2.600762415908199e+03,2.598924388768537e+03,5.882352941176471e-01,32019272
2.600784536241737e+03,2.597233004143494e+03,1.176470588235294e+00,32019270
2.602009769164453e+03,2.599525021155425e+03,5.882352941176471e-01,32019273
2.604780552919129e+03,2.603015847036776e+03,5.882352941176471e-01,32019276
2.606056533555258e+03,2.600320880373216e+03,1.764705882352941e+00,32019274
2.606902032288282e+03,2.601607914641223e+03,1.764705882352941e+00,32019275
2.608178407721771e+03,2.606413701839418e+03,5.882352941176471e-01,32019277
2.613534953930098e+03,2.611242963412071e+03,5.882352941176471e-01,32019281
2.616663567278884e+03,2.610358051146855e+03,1.764705882352941e+00,32019279
2.616663567278884e+03,2.610005542165392e+03,1.764705882352941e+00,32019278
2.617416874676267e+03,2.611906166306621e+03,1.764705882352941e+00,32019282
2.618679375627031e+03,2.615626083871600e+03,5.882352941176471e-01,32019285
2.620444081509384e+03,2.618088001910791e+03,5.882352941176471e-01,32019286
2.622213385980864e+03,2.619541811026017e+03,5.882352941176471e-01,32019289
2.622540969883674e+03,2.614108897992309e+03,1.764705882352941e+00,32019283
2.623978091863217e+03,2.620453278687639e+03,5.882352941176471e-01,32019292
2.625927291004108e+03,2.623453428196155e+03,5.882352941176471e-01,32019295
2.625927291004108e+03,2.622992761629284e+03,5.882352941176471e-01,32019294
2.626296277521185e+03,2.618472595997585e+03,1.764705882352941e+00,32019287
2.627876490145000e+03,2.625506337223084e+03,5.882352941176471e-01,32019297
2.627876490145000e+03,2.625611401824712e+03,5.882352941176471e-01,32019298
2.629641196027352e+03,2.627856040435118e+03,5.882352941176471e-01,32019302
2.629641196027352e+03,2.627508945576261e+03,5.882352941176471e-01,32019301
2.629743513291866e+03,2.627978807409513e+03,5.882352941176471e-01,32019303
2.631405901909705e+03,2.628742334259572e+03,5.882352941176471e-01,32019304
2.633170607792058e+03,2.621167940122282e+03,1.176470588235294e+00,32019293
2.633170607792058e+03,2.629975514749484e+03,5.882352941176471e-01,32019307
2.634935313674411e+03,2.632445429792236e+03,5.882352941176470e-01,32019308
2.634935313674411e+03,2.625777392575247e+03,1.764705882352941e+00,32019299
2.637582372497941e+03,2.629642686089890e+03,1.764705882352941e+00,32019306
2.637582372497941e+03,2.629316491950551e+03,1.764705882352941e+00,32019305
2.639932701143431e+03,2.638167995261078e+03,5.882352941176471e-01,32019310
2.640354905682442e+03,2.635060788035384e+03,1.764705882352941e+00,32019309
2.642808861203632e+03,2.639279449438926e+03,1.176470588235294e+00,32019311
2.643183178980721e+03,2.641418473098368e+03,5.882352941176471e-01,32019312
2.643950074773321e+03,2.642185368890968e+03,5.882352941176471e-01,32019313
2.646787610582120e+03,2.645022904699767e+03,5.882352941176471e-01,32019316
2.650078538891160e+03,2.647329218927743e+03,5.882352941176471e-01,32019321
2.650078538891160e+03,2.647480789244109e+03,5.882352941176471e-01,32019322
2.650587826519637e+03,2.644621900771073e+03,1.764705882352941e+00,32019314
2.651843244773513e+03,2.645366933002542e+03,1.176470588235294e+00,32019318
2.653607950655866e+03,2.645086955135182e+03,1.764705882352941e+00,32019317
2.654326548177021e+03,2.650797136412316e+03,1.176470588235294e+00,32019323
2.655372656538219e+03,2.653077006269314e+03,5.882352941176471e-01,32019325
2.655496455951757e+03,2.653731750069404e+03,5.882352941176471e-01,32019326
2.657732160528190e+03,2.651754114546835e+03,1.764705882352941e+00,32019324
2.659549377836015e+03,2.657784671953662e+03,5.882352941176471e-01,32019328
2.660135589589166e+03,2.658172451043911e+03,5.882352941176471e-01,32019330
2.661382012167885e+03,2.659617306285532e+03,5.882352941176471e-01,32019331
2.663137665924619e+03,2.656606177824460e+03,1.764705882352941e+00,32019327
2.663665001353872e+03,2.657911476727078e+03,1.764705882352941e+00,32019329
2.664908406557385e+03,2.662858770575858e+03,5.882352941176471e-01,32019334
2.666933762779158e+03,2.663753757444267e+03,5.882352941176471e-01,32019337
2.666933762779158e+03,2.663912863875026e+03,5.882352941176471e-01,32019338
2.666933762779158e+03,2.664320714802961e+03,5.882352941176471e-01,32019339
2.669286703955628e+03,2.660508566125662e+03,1.176470588235294e+00,32019332
2.671051409837981e+03,2.668863505804201e+03,5.882352941176470e-01,32019342
2.671051409837981e+03,2.663530323737780e+03,1.764705882352941e+00,32019336
2.671051409837981e+03,2.662748242861545e+03,1.764705882352941e+00,32019333
2.672816115720334e+03,2.670174352142412e+03,5.882352941176471e-01,32019343
2.674208373444345e+03,2.672443667561992e+03,5.882352941176471e-01,32019344
2.674580821602687e+03,2.665514386330570e+03,1.764705882352941e+00,32019341
2.676178324652001e+03,2.674413618769649e+03,5.882352941176471e-01,32019345
2.679371449205275e+03,2.675842037440569e+03,1.176470588235294e+00,32019346
2.679826777917123e+03,2.678062072034770e+03,5.882352941176471e-01,32019349
2.681189254144396e+03,2.678312301335037e+03,5.882352941176471e-01,32019350
2.681334903663793e+03,2.679477647318811e+03,5.882352941176471e-01,32019352
2.683099609546146e+03,2.681260377031564e+03,5.882352941176471e-01,32019355
2.683232454061311e+03,2.676173630531900e+03,1.764705882352941e+00,32019347
2.684754227352686e+03,2.681405013320385e+03,5.882352941176471e-01,32019356
2.684930737686082e+03,2.680494728480893e+03,1.176470588235294e+00,32019353
2.686518933235039e+03,2.684228588598952e+03,5.882352941176471e-01,32019357
2.686695443568435e+03,2.684836313351728e+03,5.882352941176470e-01,32019358
2.686695443568435e+03,2.677805491899087e+03,1.764705882352941e+00,32019348
2.689337119390549e+03,2.687572413508196e+03,5.882352941176471e-01,32019359
2.690968382607545e+03,2.689203676725192e+03,5.882352941176471e-01,32019361
2.691800352035954e+03,2.690035646153601e+03,5.882352941176471e-01,32019362
2.692733088489898e+03,2.690523075563795e+03,5.882352941176471e-01,32019363
2.693500234781422e+03,2.688206117134363e+03,1.764705882352941e+00,32019360
2.694176955313567e+03,2.691002320382256e+03,5.882352941176471e-01,32019364
2.694497794372251e+03,2.692616215229634e+03,5.882352941176471e-01,32019368
2.696221795477722e+03,2.694457089595369e+03,5.882352941176471e-01,32019369
2.698844605160971e+03,2.697079899278618e+03,5.882352941176471e-01,32019371
2.699465199717456e+03,2.697700493835103e+03,5.882352941176471e-01,32019372
2.700776449416531e+03,2.695482331769472e+03,1.764705882352941e+00,32019370
2.701490906559939e+03,2.699726200677586e+03,5.882352941176471e-01,32019373
2.702026073889403e+03,2.700261368007050e+03,5.882352941176471e-01,32019374
2.703997164843523e+03,2.702232458961170e+03,5.882352941176471e-01,32019375
2.704277088434705e+03,2.702512382552352e+03,5.882352941176471e-01,32019376
2.706192296390694e+03,2.704427590508341e+03,5.882352941176471e-01,32019377
2.708182158007905e+03,2.706417452125552e+03,5.882352941176471e-01,32019379
2.708239399464218e+03,2.706474693581865e+03,5.882352941176471e-01,32019380
2.709975484618415e+03,2.707550810905394e+03,5.882352941176471e-01,32019383
2.709975484618415e+03,2.707514829500627e+03,5.882352941176471e-01,32019382
2.712609207225691e+03,2.710844501343338e+03,5.882352941176471e-01,32019384
2.713126062722374e+03,2.706854945621519e+03,1.764705882352941e+00,32019381
2.713126062722374e+03,2.705688405532216e+03,1.764705882352941e+00,32019378
2.715583067518516e+03,2.713818361636163e+03,5.882352941176471e-01,32019386
2.715779594750195e+03,2.714014888867842e+03,5.882352941176471e-01,32019387
2.717347773400869e+03,2.715135651719898e+03,5.882352941176471e-01,32019388
2.717903324872750e+03,2.710908651055661e+03,1.764705882352941e+00,32019385
2.718472908361725e+03,2.716708202479373e+03,5.882352941176471e-01,32019389
2.719112479283222e+03,2.716709004059437e+03,5.882352941176471e-01,32019390
2.722443532489918e+03,2.720678826607565e+03,5.882352941176471e-01,32019393
2.723627307429629e+03,2.718333189782570e+03,1.764705882352941e+00,32019391
2.723983887026184e+03,2.718689769379125e+03,1.764705882352941e+00,32019392
2.726020993148609e+03,2.724256287266256e+03,5.882352941176471e-01,32019396
2.728057618318897e+03,2.725173447650533e+03,5.882352941176471e-01,32019397
2.728329537606833e+03,2.721596779022815e+03,1.764705882352941e+00,32019395
2.728329537606833e+03,2.720881873636181e+03,1.764705882352941e+00,32019394
2.730003603726540e+03,2.726847544964961e+03,5.882352941176471e-01,32019399
2.730003603726540e+03,2.727689429283435e+03,5.882352941176471e-01,32019400
2.730003603726540e+03,2.728020873896065e+03,5.882352941176471e-01,32019401
2.731768309608893e+03,2.729398252762367e+03,5.882352941176471e-01,32019403
2.731768309608893e+03,2.728499810671782e+03,5.882352941176471e-01,32019402
2.733096681709793e+03,2.731331975827440e+03,5.882352941176471e-01,32019404
2.735264853463317e+03,2.733500147580964e+03,5.882352941176471e-01,32019407
2.736116071054391e+03,2.733864840601758e+03,5.882352941176471e-01,32019408
2.737055376875210e+03,2.735244118092926e+03,5.882352941176471e-01,32019409
2.737212428411647e+03,2.731918310764588e+03,1.764705882352941e+00,32019405
2.737880776936744e+03,2.735316488522397e+03,5.882352941176471e-01,32019411
2.738820082757562e+03,2.732586659289685e+03,1.176470588235294e+00,32019406
2.739470007063068e+03,2.737705301180715e+03,5.882352941176471e-01,32019412
2.739682914641225e+03,2.737918208758872e+03,5.882352941176471e-01,32019413
2.743245074951111e+03,2.741480369068758e+03,5.882352941176471e-01,32019414
2.747558146003045e+03,2.742264028355986e+03,1.764705882352941e+00,32019415
2.747711725789433e+03,2.742417608142374e+03,1.764705882352941e+00,32019416
2.749476431671786e+03,2.744702374546644e+03,1.176470588235294e+00,32019417
2.751910317405365e+03,2.745721693391111e+03,1.176470588235294e+00,32019419
2.753675023287718e+03,2.745265267784797e+03,1.764705882352941e+00,32019418
2.755476270868539e+03,2.748854824695134e+03,1.764705882352941e+00,32019422
2.756354497455561e+03,2.752228989236564e+03,1.176470588235294e+00,32019425
2.757204435052424e+03,2.751060379808502e+03,1.764705882352941e+00,32019424
2.758281581441046e+03,2.756516875558693e+03,5.882352941176471e-01,32019427
2.758987411784011e+03,2.756943427785494e+03,5.882352941176471e-01,32019429
2.758987411784011e+03,2.756784508649863e+03,5.882352941176471e-01,32019428
2.760166370177605e+03,2.757481496392588e+03,5.882352941176471e-01,32019430
2.760752117666364e+03,2.758521747149459e+03,5.882352941176471e-01,32019432
2.761931076059958e+03,2.754948947059119e+03,1.176470588235294e+00,32019426
2.762516823548717e+03,2.758920703358457e+03,1.176470588235294e+00,32019433
2.764283892148391e+03,2.762519186266038e+03,5.882352941176471e-01,32019434
2.765383351676398e+03,2.763618645794045e+03,5.882352941176471e-01,32019435
2.765612003733716e+03,2.763847297851363e+03,5.882352941176471e-01,32019436
2.766184170482299e+03,2.764419464599947e+03,5.882352941176471e-01,32019437
2.767262383587410e+03,2.764571649851495e+03,5.882352941176471e-01,32019438
2.770791795352116e+03,2.764835745515826e+03,1.764705882352941e+00,32019439
2.770908076234832e+03,2.769143370352479e+03,5.882352941176471e-01,32019440
2.771985977504354e+03,2.770221271622001e+03,5.882352941176471e-01,32019441
2.772648125077829e+03,2.770883419195476e+03,5.882352941176471e-01,32019442
2.773846761388816e+03,2.772082055506463e+03,5.882352941176471e-01,32019443
2.776120729405263e+03,2.774356023522910e+03,5.882352941176471e-01,32019444
2.777338324014765e+03,2.775573618132413e+03,5.882352941176471e-01,32019445
2.781990469653295e+03,2.776696352006236e+03,1.764705882352941e+00,32019446
2.782583000270771e+03,2.779893154292324e+03,5.882352941176471e-01,32019450
2.783755175535648e+03,2.781888100639246e+03,5.882352941176471e-01,32019453
2.784738431241416e+03,2.779016194920659e+03,1.176470588235294e+00,32019447
2.784738431241416e+03,2.779345993465451e+03,1.176470588235294e+00,32019449
2.786503137123769e+03,2.784694559166901e+03,5.882352941176470e-01,32019454
2.786503137123769e+03,2.779066053034533e+03,1.764705882352941e+00,32019448
2.787285648735864e+03,2.785520942853511e+03,5.882352941176471e-01,32019455
2.790089518842946e+03,2.786560107078240e+03,1.176470588235294e+00,32019456
2.791937264914471e+03,2.786643147267413e+03,1.764705882352941e+00,32019457
2.792309172014445e+03,2.790389496248002e+03,5.882352941176471e-01,32019461
2.796094153401819e+03,2.788779760249739e+03,1.764705882352941e+00,32019458
2.797245512525042e+03,2.794222952947942e+03,5.882352941176471e-01,32019467
2.800774924289748e+03,2.796675659929912e+03,1.176470588235294e+00,32019472
2.802361676875477e+03,2.791691678597818e+03,1.764705882352941e+00,32019462
2.802539630172101e+03,2.800340160673383e+03,5.882352941176470e-01,32019473
2.802539630172101e+03,2.796261432088778e+03,1.764705882352941e+00,32019471
2.810623700414159e+03,2.808858994531806e+03,5.882352941176471e-01,32019476
2.812454139550822e+03,2.807160021903763e+03,1.764705882352941e+00,32019475
2.814185978806019e+03,2.811588632144096e+03,5.882352941176471e-01,32019479
2.814913420109770e+03,2.809619302462711e+03,1.764705882352941e+00,32019477
2.815950684688372e+03,2.813893838898385e+03,5.882352941176471e-01,32019482
2.818961464163777e+03,2.811852821826687e+03,1.764705882352941e+00,32019480
2.818961464163777e+03,2.809690526414223e+03,1.764705882352941e+00,32019478
2.819480096453078e+03,2.812741476650163e+03,1.764705882352941e+00,32019481
2.822490875928483e+03,2.817258450292121e+03,1.176470588235294e+00,32019483
2.824979029671848e+03,2.819684912024790e+03,1.764705882352941e+00,32019484
2.825033102715867e+03,2.821503690951161e+03,1.176470588235294e+00,32019485
2.825609312907571e+03,2.823844607025218e+03,5.882352941176471e-01,32019486
2.827986874580476e+03,2.826222168698123e+03,5.882352941176471e-01,32019488
2.828508441436554e+03,2.824683668630308e+03,1.176470588235294e+00,32019487
2.830786017143773e+03,2.829021311261420e+03,5.882352941176471e-01,32019489
2.831316061161354e+03,2.829551355279001e+03,5.882352941176471e-01,32019490
2.834178621706050e+03,2.832413915823697e+03,5.882352941176471e-01,32019492
2.834766621874740e+03,2.833001915992387e+03,5.882352941176471e-01,32019493
2.835595942315474e+03,2.830301824668415e+03,1.764705882352941e+00,32019491
2.836335327700863e+03,2.833631253429122e+03,5.882352941176471e-01,32019495
2.836335327700863e+03,2.833016796288442e+03,5.882352941176471e-01,32019494
2.839508609306923e+03,2.837743903424570e+03,5.882352941176471e-01,32019499
2.840260521875813e+03,2.838309703711812e+03,5.882352941176471e-01,32019500
2.840890059962533e+03,2.834959995427698e+03,1.764705882352941e+00,32019497
2.842141352327246e+03,2.839844738442666e+03,5.882352941176471e-01,32019502
2.843906058209599e+03,2.841606573583493e+03,5.882352941176471e-01,32019506
2.844925863613499e+03,2.843161157731146e+03,5.882352941176471e-01,32019508
2.846533187359408e+03,2.844588798150089e+03,5.882352941176471e-01,32019511
2.848655879180022e+03,2.846029551920233e+03,5.882352941176471e-01,32019513
2.848655879180022e+03,2.846269963920256e+03,5.882352941176471e-01,32019514
2.851302938003551e+03,2.843701392036794e+03,1.176470588235294e+00,32019509
2.853067643885904e+03,2.844440540436526e+03,1.764705882352941e+00,32019510
2.853067643885904e+03,2.842829740261990e+03,1.764705882352941e+00,32019507
2.854832349768257e+03,2.851556012300152e+03,5.882352941176471e-01,32019517
2.854832349768257e+03,2.852075399876777e+03,5.882352941176471e-01,32019519
2.856645719551911e+03,2.853242458853091e+03,5.882352941176471e-01,32019521
2.856645719551911e+03,2.853979807888717e+03,5.882352941176471e-01,32019522
2.856645719551911e+03,2.854071463137261e+03,5.882352941176471e-01,32019523
2.858545862875819e+03,2.854929677570859e+03,5.882352941176471e-01,32019527
2.860310568758172e+03,2.857187469318131e+03,5.882352941176471e-01,32019531
2.863487039346407e+03,2.848165796210079e+03,1.764705882352941e+00,32019515
2.863487039346407e+03,2.850764846129944e+03,1.764705882352941e+00,32019516
2.863487039346407e+03,2.851654405429109e+03,1.764705882352941e+00,32019518
2.865567909878189e+03,2.861113284541792e+03,5.882352941176471e-01,32019533
2.865567909878189e+03,2.862064411078161e+03,5.882352941176471e-01,32019535
2.867332615760542e+03,2.865394454108596e+03,5.882352941176471e-01,32019538
2.867332615760542e+03,2.864751697944123e+03,5.882352941176471e-01,32019537
2.869097321642895e+03,2.866538228450777e+03,5.882352941176471e-01,32019539
2.869582480929189e+03,2.858343341151294e+03,1.764705882352941e+00,32019532
2.871640075937097e+03,2.869875370054744e+03,5.882352941176471e-01,32019542
2.873404781819450e+03,2.871135121047241e+03,5.882352941176471e-01,32019544
2.873434045485380e+03,2.868139927838321e+03,1.764705882352941e+00,32019540
2.875169487701803e+03,2.873222400767386e+03,5.882352941176471e-01,32019545
2.875198751367733e+03,2.870258258660159e+03,1.176470588235294e+00,32019543
2.876319238650744e+03,2.869260415121333e+03,1.764705882352941e+00,32019541
2.876948825417121e+03,2.874569458588428e+03,5.882352941176471e-01,32019547
2.878503669044015e+03,2.875318906901201e+03,5.882352941176471e-01,32019548
2.878503669044015e+03,2.875328161633489e+03,5.882352941176471e-01,32019549
2.880485125729813e+03,2.877413071488824e+03,5.882352941176471e-01,32019552
2.882559637593694e+03,2.879370672257794e+03,5.882352941176471e-01,32019555
2.882559637593694e+03,2.879494000062088e+03,5.882352941176471e-01,32019556
2.882559637593694e+03,2.879988202158023e+03,5.882352941176471e-01,32019557
2.886746246371914e+03,2.875367321003522e+03,1.764705882352941e+00,32019550
2.886746246371914e+03,2.873603860367027e+03,1.764705882352941e+00,32019546
2.888083102900876e+03,2.884966245249079e+03,5.882352941176471e-01,32019561
2.890944086401101e+03,2.883874031620722e+03,1.764705882352941e+00,32019560
2.890944086401101e+03,2.881724349655925e+03,1.764705882352941e+00,32019559
2.892040364018973e+03,2.886433070848584e+03,1.764705882352941e+00,32019564
2.893256931092390e+03,2.889057560917520e+03,5.882352941176471e-01,32019565
2.893256931092390e+03,2.889321560622410e+03,5.882352941176471e-01,32019566
2.896786342857095e+03,2.889355657514341e+03,1.764705882352941e+00,32019567
2.898551048739448e+03,2.892853882571304e+03,1.764705882352941e+00,32019570
2.898551048739448e+03,2.892323625530095e+03,1.764705882352941e+00,32019569
2.900315754621801e+03,2.897269987156225e+03,5.882352941176471e-01,32019575
2.900315754621801e+03,2.898484215147688e+03,5.882352941176471e-01,32019576
2.902666813219368e+03,2.898999238864243e+03,5.882352941176471e-01,32019579
2.904450602734807e+03,2.901781636409835e+03,5.882352941176471e-01,32019582
2.906215308617160e+03,2.902743147751715e+03,5.882352941176471e-01,32019586
2.907376368266876e+03,2.896997801632847e+03,1.176470588235294e+00,32019574
2.907980014499513e+03,2.906192192209381e+03,5.882352941176471e-01,32019587
2.909141074149229e+03,2.906783301637592e+03,5.882352941176470e-01,32019588
2.909141074149229e+03,2.895182400479982e+03,1.764705882352941e+00,32019571
2.912206211093612e+03,2.910441505211259e+03,5.882352941176471e-01,32019591
2.913072249840111e+03,2.911307543957758e+03,5.882352941176471e-01,32019592
2.915270173052067e+03,2.909976055405008e+03,1.764705882352941e+00,32019590
2.915317912654236e+03,2.913553206771883e+03,5.882352941176471e-01,32019593
2.919322879203882e+03,2.914028761556823e+03,1.764705882352941e+00,32019594
2.919346543675772e+03,2.917121572823631e+03,5.882352941176471e-01,32019599
2.921249640821518e+03,2.919484934939165e+03,5.882352941176471e-01,32019602
2.922372343526084e+03,2.920162172617155e+03,5.882352941176471e-01,32019603
2.922973832770050e+03,2.920643700312269e+03,5.882352941176471e-01,32019605
2.924738538652403e+03,2.922890129458802e+03,5.882352941176471e-01,32019608
2.926200815491471e+03,2.914667085496513e+03,1.764705882352941e+00,32019595
2.926503244534756e+03,2.924665828160660e+03,5.882352941176471e-01,32019609
2.927478095760801e+03,2.918286909498834e+03,1.764705882352941e+00,32019600
2.928116735895466e+03,2.925513480224647e+03,5.882352941176471e-01,32019611
2.928116735895466e+03,2.925236013294272e+03,5.882352941176471e-01,32019610
2.929438660918190e+03,2.927673955035837e+03,5.882352941176471e-01,32019612
2.931981779673884e+03,2.928452367909178e+03,1.176470588235294e+00,32019613
2.932014835398735e+03,2.930250129516382e+03,5.882352941176471e-01,32019615
2.934022640002965e+03,2.932257934120612e+03,5.882352941176471e-01,32019616
2.935086373207537e+03,2.929792255560478e+03,1.764705882352941e+00,32019614
2.935760915815216e+03,2.933996209932863e+03,5.882352941176471e-01,32019617
2.936010784080015e+03,2.934246078197662e+03,5.882352941176471e-01,32019618
2.937427089209987e+03,2.935662383327634e+03,5.882352941176471e-01,32019619
2.937525621697569e+03,2.935690727066770e+03,5.882352941176471e-01,32019620
2.940274057233930e+03,2.938509351351577e+03,5.882352941176471e-01,32019621
2.940598072901573e+03,2.938833367019220e+03,5.882352941176471e-01,32019622
2.940899476137386e+03,2.939134770255033e+03,5.882352941176471e-01,32019623
2.944554722905512e+03,2.942790017023159e+03,5.882352941176471e-01,32019625
2.944828134361650e+03,2.943063428479297e+03,5.882352941176471e-01,32019626
2.946319428787865e+03,2.944538327873986e+03,5.882352941176471e-01,32019628
2.946592840244003e+03,2.942735015117888e+03,1.176470588235294e+00,32019624
2.948084134670218e+03,2.946293379665107e+03,5.882352941176471e-01,32019630
2.948980321432962e+03,2.946377359888865e+03,5.882352941176471e-01,32019631
2.949793838647300e+03,2.947838390857215e+03,5.882352941176471e-01,32019633
2.950745027315315e+03,2.948390547094059e+03,5.882352941176471e-01,32019635
2.953350751364641e+03,2.945289450028011e+03,1.764705882352941e+00,32019629
2.953350751364641e+03,2.943665454210736e+03,1.764705882352941e+00,32019627
2.954274439080021e+03,2.948353886691091e+03,1.764705882352941e+00,32019634
2.955423353152121e+03,2.951159346904429e+03,5.882352941176471e-01,32019636
2.955423353152121e+03,2.951854622774801e+03,5.882352941176471e-01,32019637
2.955423353152121e+03,2.952037657949165e+03,5.882352941176471e-01,32019638
2.957188059034474e+03,2.954449953290411e+03,5.882352941176471e-01,32019639
2.957692994093635e+03,2.955928288211282e+03,5.882352941176471e-01,32019640
2.960465971522969e+03,2.958701265640616e+03,5.882352941176471e-01,32019642
2.961268530469864e+03,2.955974412822805e+03,1.764705882352941e+00,32019641
2.961358421613564e+03,2.959593715731211e+03,5.882352941176471e-01,32019643
2.964473237449360e+03,2.962708531567007e+03,5.882352941176471e-01,32019646
2.965771655109288e+03,2.960477537462230e+03,1.764705882352941e+00,32019644
2.966237943331713e+03,2.964280021863095e+03,5.882352941176471e-01,32019647
2.966598747705654e+03,2.961304630058596e+03,1.764705882352941e+00,32019645
2.967536360991641e+03,2.965391634547735e+03,5.882352941176471e-01,32019648
2.968002649214066e+03,2.965948507865631e+03,5.882352941176471e-01,32019649
2.969534210985207e+03,2.967470643985033e+03,5.882352941176471e-01,32019653
2.971298916867560e+03,2.968926445125317e+03,5.882352941176471e-01,32019655
2.971298916867560e+03,2.968788488418961e+03,5.882352941176471e-01,32019654
2.972020871074676e+03,2.966241104368595e+03,1.764705882352941e+00,32019650
2.974828328632265e+03,2.966854759149579e+03,1.764705882352941e+00,32019652
2.975346286792685e+03,2.973581580910332e+03,5.882352941176471e-01,32019656
2.976823912906998e+03,2.975059207024645e+03,5.882352941176471e-01,32019657
2.977456038342765e+03,2.975691332460412e+03,5.882352941176471e-01,32019658
2.981136410991120e+03,2.979371705108767e+03,5.882352941176471e-01,32019660
2.981532842620699e+03,2.979768136738346e+03,5.882352941176471e-01,32019661
2.982090798628606e+03,2.976796680981547e+03,1.764705882352941e+00,32019659
2.982972147478179e+03,2.980674071391685e+03,5.882352941176471e-01,32019662
2.983297548503052e+03,2.981278472200533e+03,5.882352941176471e-01,32019664
2.985680858972233e+03,2.982151447207527e+03,1.176470588235294e+00,32019665
2.985759175209050e+03,2.983994469326697e+03,5.882352941176471e-01,32019667
2.988328517862208e+03,2.986563811979855e+03,5.882352941176471e-01,32019669
2.989210270736939e+03,2.982966200610758e+03,1.764705882352941e+00,32019666
2.991785853398397e+03,2.984702706685650e+03,1.764705882352941e+00,32019668
2.991867753118460e+03,2.986573635471402e+03,1.764705882352941e+00,32019670
2.992188031154206e+03,2.990423325271853e+03,5.882352941176471e-01,32019671
2.997079971045456e+03,2.991347700622893e+03,1.764705882352941e+00,32019672
2.998165654862053e+03,2.992871537214994e+03,1.764705882352941e+00,32019673
2.999821096067448e+03,2.994526978420390e+03,1.764705882352941e+00,32019674
2.999930360744406e+03,2.997219252062910e+03,5.882352941176471e-01,32019676
3.003405140170633e+03,2.998778037785248e+03,1.176470588235294e+00,32019677
3.003459772509112e+03,2.996445252459280e+03,1.764705882352941e+00,32019675
3.004138794574868e+03,3.001835162222947e+03,5.882352941176471e-01,32019680
3.006934551935339e+03,3.000316313608156e+03,1.764705882352941e+00,32019679
3.008713848050357e+03,3.006949142168004e+03,5.882352941176471e-01,32019682
3.009564605907583e+03,3.006035194142877e+03,1.176470588235294e+00,32019681
3.013200358219737e+03,3.011435652337384e+03,5.882352941176471e-01,32019688
3.013958455766199e+03,3.007307939153207e+03,1.764705882352941e+00,32019683
3.014416272613836e+03,3.012038513996737e+03,5.882352941176471e-01,32019689
3.014965064102090e+03,3.012975227646909e+03,5.882352941176471e-01,32019690
3.015992926031160e+03,3.009122154966777e+03,1.176470588235294e+00,32019685
3.016729769984443e+03,3.010585072738656e+03,1.176470588235294e+00,32019687
3.017757631913513e+03,3.015738987002477e+03,5.882352941176470e-01,32019691
3.017757631913513e+03,3.007960452760607e+03,1.764705882352941e+00,32019684
3.020946877571915e+03,3.019182171689562e+03,5.882352941176471e-01,32019693
3.023782446823927e+03,3.022017740941574e+03,5.882352941176471e-01,32019695
3.024096828902078e+03,3.018802711255019e+03,1.764705882352941e+00,32019692
3.024634105111248e+03,3.021104693346542e+03,1.176470588235294e+00,32019694
3.025704343745355e+03,3.023365373316728e+03,5.882352941176471e-01,32019697
3.027896949078357e+03,3.026132243196004e+03,5.882352941176471e-01,32019698
3.029233755510061e+03,3.023267799045927e+03,1.764705882352941e+00,32019696
3.032753124189547e+03,3.030988418307194e+03,5.882352941176471e-01,32019699
3.034516211947326e+03,3.032751506064973e+03,5.882352941176471e-01,32019700
3.035035441816619e+03,3.033270735934266e+03,5.882352941176471e-01,32019701
3.036517815968921e+03,3.034753110086569e+03,5.882352941176471e-01,32019702
3.038745465609961e+03,3.036980759727608e+03,5.882352941176471e-01,32019703
3.038847965124653e+03,3.037083259242300e+03,5.882352941176471e-01,32019704
3.040150473383373e+03,3.038385767501020e+03,5.882352941176471e-01,32019705
3.045281774792463e+03,3.043517068910110e+03,5.882352941176471e-01,32019706
3.045772523762859e+03,3.044007817880506e+03,5.882352941176471e-01,32019707
3.047046480674816e+03,3.045072077922702e+03,5.882352941176471e-01,32019709
3.049111062783180e+03,3.047346356900827e+03,5.882352941176471e-01,32019710
3.049564235560471e+03,3.044270117913412e+03,1.764705882352941e+00,32019708
3.050996909807806e+03,3.048503368871325e+03,5.882352941176471e-01,32019713
3.052859299618835e+03,3.051094593736482e+03,5.882352941176471e-01,32019715
3.053093647325177e+03,3.047588639185373e+03,1.764705882352941e+00,32019711
3.054591444191629e+03,3.051306972540878e+03,5.882352941176471e-01,32019716
3.056525375161206e+03,3.047731113351064e+03,1.764705882352941e+00,32019712
3.058177264318743e+03,3.054944252427332e+03,5.882352941176471e-01,32019722
3.058467230257079e+03,3.050781939916610e+03,1.176470588235294e+00,32019714
3.060119172558462e+03,3.058341296401106e+03,5.882352941176471e-01,32019725
3.061996642021785e+03,3.056589760793756e+03,1.764705882352941e+00,32019723
3.063716293328586e+03,3.061951587446233e+03,5.882352941176471e-01,32019728
3.065406828805240e+03,3.058634443134764e+03,1.764705882352941e+00,32019726
3.065406828805240e+03,3.057000467583205e+03,1.764705882352941e+00,32019724
3.068936240569946e+03,3.067035351780246e+03,5.882352941176471e-01,32019734
3.069229149052721e+03,3.067464443170368e+03,5.882352941176471e-01,32019735
3.069365668534394e+03,3.067528659896043e+03,5.882352941176471e-01,32019736
3.070798582613224e+03,3.062320424718649e+03,1.176470588235294e+00,32019729
3.072563288495577e+03,3.064426808446084e+03,1.764705882352941e+00,32019731
3.072895080299100e+03,3.065719608751907e+03,1.764705882352941e+00,32019733
3.074327994377930e+03,3.071013986619036e+03,5.882352941176471e-01,32019738
3.074389182787282e+03,3.072624476904929e+03,5.882352941176471e-01,32019739
3.076424492063806e+03,3.072734497087780e+03,1.176470588235294e+00,32019740
3.077796217733284e+03,3.070110551026953e+03,1.764705882352941e+00,32019737
3.080314769288150e+03,3.078550063405797e+03,5.882352941176471e-01,32019742
3.081723303557742e+03,3.076429185910683e+03,1.764705882352941e+00,32019741
3.082949160667033e+03,3.080440591554227e+03,5.882352941176471e-01,32019745
3.083488009440095e+03,3.079419748902327e+03,1.176470588235294e+00,32019743
3.085453830164401e+03,3.083689124282048e+03,5.882352941176471e-01,32019747
3.085608886935209e+03,3.079862629079494e+03,1.764705882352941e+00,32019744
3.086624294376548e+03,3.083094882611842e+03,1.176470588235294e+00,32019746
3.087218536046754e+03,3.085345147357749e+03,5.882352941176471e-01,32019748
3.087986778585887e+03,3.086222072703534e+03,5.882352941176471e-01,32019749
3.089971716370733e+03,3.088207010488380e+03,5.882352941176471e-01,32019751
3.092778137181285e+03,3.087484019534226e+03,1.764705882352941e+00,32019750
3.094841276601885e+03,3.091311864837179e+03,1.176470588235294e+00,32019752
3.096457567947011e+03,3.094593718616128e+03,5.882352941176471e-01,32019755
3.096659971612134e+03,3.094895265729781e+03,5.882352941176471e-01,32019756
3.097423287776959e+03,3.092129170129900e+03,1.764705882352941e+00,32019753
3.098323475661925e+03,3.095935458108916e+03,5.882352941176471e-01,32019758
3.098323475661925e+03,3.095041194658040e+03,5.882352941176471e-01,32019757
3.099187993659312e+03,3.096825656539234e+03,5.882352941176471e-01,32019759
3.100088181544278e+03,3.097985453521039e+03,5.882352941176471e-01,32019761
3.100088181544278e+03,3.097794361412165e+03,5.882352941176471e-01,32019760
3.103563604181089e+03,3.092928156182305e+03,1.764705882352941e+00,32019754
3.104482111306370e+03,3.098751507169165e+03,1.764705882352941e+00,32019762
3.105355304627389e+03,3.102509504513817e+03,5.882352941176471e-01,32019764
3.105382299191337e+03,3.100078447895858e+03,1.764705882352941e+00,32019763
3.108872384185635e+03,3.107107678303282e+03,5.882352941176471e-01,32019767
3.110185907993037e+03,3.108421202110684e+03,5.882352941176471e-01,32019768
3.110437206462376e+03,3.105143088815318e+03,1.764705882352941e+00,32019766
3.112123274906537e+03,3.110358569024185e+03,5.882352941176471e-01,32019770
3.113494122590094e+03,3.111038797292188e+03,5.882352941176471e-01,32019773
3.115260659247218e+03,3.113495953364866e+03,5.882352941176471e-01,32019775
3.116284284106153e+03,3.109570852626591e+03,1.764705882352941e+00,32019769
3.117024449742186e+03,3.114608932136891e+03,5.882352941176471e-01,32019776
3.119301425747699e+03,3.114839817813382e+03,1.176470588235294e+00,32019777
3.120552030732120e+03,3.110837796994354e+03,1.764705882352941e+00,32019772
3.121066131630052e+03,3.116120579028038e+03,1.176470588235294e+00,32019778
3.121066131630052e+03,3.113307832338165e+03,1.764705882352941e+00,32019774
3.122316736614473e+03,3.119572015047222e+03,5.882352941176471e-01,32019779
3.124007185138568e+03,3.122242479256215e+03,5.882352941176471e-01,32019781
3.125539880971876e+03,3.122010469207171e+03,1.176470588235294e+00,32019780
3.126198759112829e+03,3.124434053230476e+03,5.882352941176471e-01,32019782
3.126949166775786e+03,3.125184460893433e+03,5.882352941176471e-01,32019783
3.127967344327947e+03,3.125612134165414e+03,5.882352941176471e-01,32019786
3.129732050210300e+03,3.125190068729910e+03,1.176470588235294e+00,32019784
3.132850259867728e+03,3.126653304228348e+03,1.764705882352941e+00,32019789
3.132850259867728e+03,3.126206517778359e+03,1.764705882352941e+00,32019788
3.134203763642804e+03,3.128247583648869e+03,1.764705882352941e+00,32019790
3.134736133332430e+03,3.131553299941228e+03,5.882352941176471e-01,32019792
3.134736133332430e+03,3.131225813003901e+03,5.882352941176471e-01,32019791
3.136229829003068e+03,3.133213762614774e+03,5.882352941176471e-01,32019794
3.136500839214783e+03,3.134726482598627e+03,5.882352941176471e-01,32019796
3.137457766042303e+03,3.135693060159950e+03,5.882352941176471e-01,32019797
3.137994534885421e+03,3.136006263732626e+03,5.882352941176471e-01,32019798
3.139064129604645e+03,3.137299423722292e+03,5.882352941176471e-01,32019799
3.139222471924656e+03,3.137378121925825e+03,5.882352941176471e-01,32019800
3.139759240767774e+03,3.137985318366479e+03,5.882352941176471e-01,32019801
3.142373328056705e+03,3.140608622174352e+03,5.882352941176471e-01,32019802
3.143039494857881e+03,3.141274788975528e+03,5.882352941176471e-01,32019804
3.144138033939058e+03,3.142242255325386e+03,5.882352941176471e-01,32019805
3.144661963940203e+03,3.141019970497051e+03,1.176470588235294e+00,32019803
3.144691619061788e+03,3.142926913179435e+03,5.882352941176471e-01,32019806
3.147774270214718e+03,3.146009564332365e+03,5.882352941176471e-01,32019809
3.149432151586117e+03,3.143730430968505e+03,1.764705882352941e+00,32019807
3.150807751385785e+03,3.145513633738726e+03,1.764705882352941e+00,32019808
3.151711508529868e+03,3.149946802647515e+03,5.882352941176471e-01,32019810
3.152082241925890e+03,3.150317536043538e+03,5.882352941176471e-01,32019811
3.152634600118232e+03,3.150869894235879e+03,5.882352941176471e-01,32019812
3.154626944637095e+03,3.152103846334822e+03,5.882352941176471e-01,32019815
3.155240920294574e+03,3.153089877391253e+03,5.882352941176471e-01,32019817
3.157766357987375e+03,3.151773717716480e+03,1.764705882352941e+00,32019814
3.157766357987375e+03,3.151154648057789e+03,1.764705882352941e+00,32019813
3.159531063869728e+03,3.157696257663839e+03,5.882352941176471e-01,32019819
3.159573744073661e+03,3.157809038191308e+03,5.882352941176471e-01,32019820
3.160691435761378e+03,3.155397318114319e+03,1.764705882352941e+00,32019818
3.162556829009564e+03,3.160792123127211e+03,5.882352941176471e-01,32019822
3.164321534891917e+03,3.162341525015928e+03,5.882352941176471e-01,32019824
3.165053564457568e+03,3.159759446810509e+03,1.764705882352941e+00,32019821
3.166086240774270e+03,3.163914284202286e+03,5.882352941176471e-01,32019825
3.166692501706653e+03,3.161398384059594e+03,1.764705882352941e+00,32019823
3.167872200611952e+03,3.165285045032764e+03,5.882352941176471e-01,32019827
3.168536381497347e+03,3.166398517932119e+03,5.882352941176471e-01,32019831
3.170534644201120e+03,3.168769938318768e+03,5.882352941176471e-01,32019834
3.171825855505561e+03,3.165086143640982e+03,1.176470588235294e+00,32019826
3.172299350083473e+03,3.170386859130833e+03,5.882352941176471e-01,32019836
3.175284485926622e+03,3.173519780044269e+03,5.882352941176471e-01,32019837
3.175324549708198e+03,3.167477373290817e+03,1.764705882352941e+00,32019833
3.175324549708198e+03,3.167337591402067e+03,1.764705882352941e+00,32019832
3.178315515179420e+03,3.176550809297067e+03,5.882352941176471e-01,32019839
3.178668863057999e+03,3.176904157175646e+03,5.882352941176471e-01,32019840
3.180080221061773e+03,3.177995888901041e+03,5.882352941176471e-01,32019841
3.180578603573681e+03,3.174662594184559e+03,1.764705882352941e+00,32019838
3.180803130369701e+03,3.179038424487348e+03,5.882352941176471e-01,32019842
3.182177181952064e+03,3.179442725498367e+03,5.882352941176471e-01,32019844
3.182177181952064e+03,3.179104664058970e+03,5.882352941176471e-01,32019843
3.182666373132113e+03,3.180901667249760e+03,5.882352941176471e-01,32019846
3.185002142836836e+03,3.183237436954483e+03,5.882352941176471e-01,32019847
3.186963312843755e+03,3.185198606961402e+03,5.882352941176471e-01,32019849
3.189341339367213e+03,3.184047221720154e+03,1.764705882352941e+00,32019848
3.190781827731525e+03,3.189017121849172e+03,5.882352941176471e-01,32019850
3.191261949968536e+03,3.189497244086183e+03,5.882352941176471e-01,32019851
3.191631593250782e+03,3.189866887368429e+03,5.882352941176471e-01,32019852
3.192546533613878e+03,3.190352163205846e+03,5.882352941176471e-01,32019853
3.196487687885441e+03,3.194722982003088e+03,5.882352941176471e-01,32019854
3.198503900294091e+03,3.196739194411738e+03,5.882352941176471e-01,32019855
3.201165835613600e+03,3.199401129731247e+03,5.882352941176471e-01,32019857
3.202721562367284e+03,3.199192150602578e+03,1.176470588235294e+00,32019856
3.202738286774213e+03,3.200973580891860e+03,5.882352941176471e-01,32019858
3.205361591244480e+03,3.201832179479774e+03,1.176470588235294e+00,32019859
3.206250974131990e+03,3.204233440985716e+03,5.882352941176471e-01,32019862
3.206912094504731e+03,3.204692563993711e+03,5.882352941176471e-01,32019863
3.208676800387084e+03,3.206717491184407e+03,5.882352941176471e-01,32019865
3.209160907728994e+03,3.202547951864624e+03,1.764705882352941e+00,32019860
3.212040932058604e+03,3.209917793079794e+03,5.882352941176471e-01,32019870
3.212690319493700e+03,3.205901400684096e+03,1.764705882352941e+00,32019864
3.213967984799731e+03,3.211218475905597e+03,5.882352941176471e-01,32019871
3.214130331658505e+03,3.207164386059730e+03,1.764705882352941e+00,32019866
3.214699697736893e+03,3.212934991854540e+03,5.882352941176471e-01,32019873
3.216127855293025e+03,3.214363149410672e+03,5.882352941176471e-01,32019874
3.216409802273501e+03,3.214645096391149e+03,5.882352941176471e-01,32019875
3.219981047574047e+03,3.218216341691694e+03,5.882352941176471e-01,32019878
3.220670323357988e+03,3.215376205710929e+03,1.764705882352941e+00,32019876
3.221801588130380e+03,3.219356717732346e+03,5.882352941176471e-01,32019880
3.224334815761103e+03,3.222269145582653e+03,5.882352941176471e-01,32019885
3.225497238302018e+03,3.216535387820311e+03,1.764705882352941e+00,32019877
3.226325964835081e+03,3.224561258952728e+03,5.882352941176471e-01,32019887
3.227095705777439e+03,3.224572379928725e+03,5.882352941176471e-01,32019888
3.229503653358224e+03,3.220805403996397e+03,1.764705882352941e+00,32019883
3.229503653358224e+03,3.219401769073092e+03,1.764705882352941e+00,32019881
3.230625117542144e+03,3.222988365149079e+03,1.764705882352941e+00,32019886
3.231642180635217e+03,3.227511757572880e+03,5.882352941176471e-01,32019889
3.231642180635217e+03,3.228003165544631e+03,5.882352941176471e-01,32019890
3.231642180635217e+03,3.229271788676209e+03,5.882352941176471e-01,32019891
3.236334069757616e+03,3.232804657992910e+03,1.176470588235294e+00,32019892
3.237834486467827e+03,3.236069780585474e+03,5.882352941176471e-01,32019893
3.244294788377155e+03,3.242530082494802e+03,5.882352941176471e-01,32019894
3.245258470917913e+03,3.243493765035560e+03,5.882352941176471e-01,32019895
3.246871276036246e+03,3.245106570153893e+03,5.882352941176471e-01,32019896
3.246889744510378e+03,3.245125038628025e+03,5.882352941176471e-01,32019897
3.248993174364129e+03,3.245463762599423e+03,1.176470588235294e+00,32019898
3.250574831813793e+03,3.248241500056384e+03,5.882352941176471e-01,32019901
3.250757880246482e+03,3.247045420049087e+03,1.176470588235294e+00,32019899
3.251752946491281e+03,3.249208465644847e+03,5.882352941176471e-01,32019902
3.254104243578499e+03,3.248223534726575e+03,1.764705882352941e+00,32019900
3.254854111325529e+03,3.252384949938326e+03,5.882352941176471e-01,32019905
3.255741678491392e+03,3.253811589256593e+03,5.882352941176471e-01,32019906
3.256161848599152e+03,3.251324699560823e+03,1.176470588235294e+00,32019903
3.256618817207882e+03,3.254690041855100e+03,5.882352941176471e-01,32019907
3.259384699790204e+03,3.257619993907851e+03,5.882352941176471e-01,32019911
3.261058173948243e+03,3.255231960622773e+03,1.764705882352941e+00,32019908
3.261455966246211e+03,3.255786434110976e+03,1.764705882352941e+00,32019910
3.263011128313324e+03,3.260418360405160e+03,5.882352941176471e-01,32019914
3.263011128313324e+03,3.260219521016157e+03,5.882352941176471e-01,32019913
3.264775834195677e+03,3.262828436291104e+03,5.882352941176471e-01,32019916
3.264775834195677e+03,3.262025724735056e+03,5.882352941176471e-01,32019915
3.264985378010917e+03,3.259669965031345e+03,1.764705882352941e+00,32019912
3.268240110271579e+03,3.266475404389226e+03,5.882352941176471e-01,32019919
3.269027201630286e+03,3.266888793456980e+03,5.882352941176471e-01,32019920
3.270004816153931e+03,3.268201596236171e+03,5.882352941176471e-01,32019921
3.270069951842735e+03,3.264488344526112e+03,1.764705882352941e+00,32019917
3.271792332829492e+03,3.269063472814062e+03,5.882352941176471e-01,32019923
3.272634644015181e+03,3.270869938132828e+03,5.882352941176471e-01,32019926
3.275321744594198e+03,3.272781775775193e+03,5.882352941176471e-01,32019930
3.275598616855233e+03,3.265497789865580e+03,1.764705882352941e+00,32019918
3.276662036068222e+03,3.274289156844655e+03,5.882352941176471e-01,32019932
3.276662036068222e+03,3.273984908701989e+03,5.882352941176471e-01,32019931
3.277363322737586e+03,3.275423686570763e+03,5.882352941176471e-01,32019933
3.278426741950575e+03,3.276110217109665e+03,5.882352941176471e-01,32019934
3.278894266396817e+03,3.271217365165797e+03,1.176470588235294e+00,32019927
3.278894266396817e+03,3.270050437740347e+03,1.176470588235294e+00,32019925
3.280425210056049e+03,3.277440052811580e+03,5.882352941176471e-01,32019935
3.283954621820755e+03,3.278105944131066e+03,1.764705882352941e+00,32019936
3.285937227318107e+03,3.282407815553401e+03,1.176470588235294e+00,32019937
3.287786503115662e+03,3.286021797233309e+03,5.882352941176471e-01,32019939
3.288473966292839e+03,3.286709260410486e+03,5.882352941176471e-01,32019940
3.290072440212769e+03,3.284778322565710e+03,1.764705882352941e+00,32019938
3.293080620762720e+03,3.287397198895327e+03,1.764705882352941e+00,32019941
3.293768083939897e+03,3.288396871721774e+03,1.764705882352941e+00,32019942
3.295117075201757e+03,3.292160037531352e+03,5.882352941176471e-01,32019946
3.295532789822250e+03,3.293624117876088e+03,5.882352941176471e-01,32019948
3.295723908161785e+03,3.293959202279432e+03,5.882352941176471e-01,32019949
3.298622398676529e+03,3.296857692794177e+03,5.882352941176471e-01,32019950
3.298804468408987e+03,3.290786708924588e+03,1.764705882352941e+00,32019944
3.298804468408987e+03,3.290264745909562e+03,1.764705882352941e+00,32019943
3.302242845307464e+03,3.298176008491454e+03,1.176470588235294e+00,32019952
3.302242845307464e+03,3.297733132074698e+03,1.176470588235294e+00,32019951
3.304007551189817e+03,3.302149993841283e+03,5.882352941176471e-01,32019955
3.306395109692703e+03,3.301352924472855e+03,1.176470588235294e+00,32019954
3.307451226084768e+03,3.300693876706625e+03,1.764705882352941e+00,32019953
3.307536962954523e+03,3.304951782279615e+03,5.882352941176471e-01,32019958
3.309330653833244e+03,3.307565947950891e+03,5.882352941176471e-01,32019960
3.309924521457409e+03,3.302546348607106e+03,1.764705882352941e+00,32019957
3.311095359715597e+03,3.309270784545447e+03,5.882352941176471e-01,32019963
3.311858863774409e+03,3.309560237466462e+03,5.882352941176471e-01,32019964
3.312817846600978e+03,3.310263794326703e+03,5.882352941176471e-01,32019966
3.312860065597950e+03,3.311075679008619e+03,5.882352941176471e-01,32019969
3.314582552483331e+03,3.312538097714864e+03,5.882352941176471e-01,32019970
3.314907722214879e+03,3.313143016332526e+03,5.882352941176471e-01,32019971
3.315727892509342e+03,3.307269776232705e+03,1.764705882352941e+00,32019959
3.316876057547414e+03,3.315111351665061e+03,5.882352941176471e-01,32019972
3.317492598391695e+03,3.315503717953482e+03,5.882352941176471e-01,32019974
3.319703368435337e+03,3.317938662552984e+03,5.882352941176471e-01,32019976
3.320711221160395e+03,3.315417103513336e+03,1.764705882352941e+00,32019973
3.322712276982722e+03,3.320947571100369e+03,5.882352941176471e-01,32019979
3.323232780200043e+03,3.316554934781808e+03,1.764705882352941e+00,32019975
3.324087757000963e+03,3.317964013593659e+03,1.764705882352941e+00,32019977
3.324476982865075e+03,3.321478342797496e+03,5.882352941176471e-01,32019980
3.326088857188738e+03,3.324324151306386e+03,5.882352941176471e-01,32019982
3.326741942283070e+03,3.324977236400717e+03,5.882352941176471e-01,32019983
3.327853563071091e+03,3.326072680095879e+03,5.882352941176471e-01,32019984
3.328506648165422e+03,3.326470534119273e+03,5.882352941176471e-01,32019985
3.328633197588408e+03,3.323339079941350e+03,1.764705882352941e+00,32019981
3.331382974835797e+03,3.329224021696193e+03,5.882352941176471e-01,32019989
3.333474223265316e+03,3.331246724621902e+03,5.882352941176471e-01,32019993
3.334454202073735e+03,3.332230213984209e+03,5.882352941176471e-01,32019994
3.335799907309246e+03,3.328049715789813e+03,1.176470588235294e+00,32019987
3.337564613191599e+03,3.327409827951482e+03,1.764705882352941e+00,32019986
3.338147409971392e+03,3.336382704089039e+03,5.882352941176471e-01,32019999
3.340927092411505e+03,3.334819560618115e+03,1.176470588235294e+00,32019998
3.341370347787844e+03,3.329972242557994e+03,1.764705882352941e+00,32019990
3.341676821736098e+03,3.339556432145929e+03,5.882352941176471e-01,32020002
3.344456504176211e+03,3.338127309226916e+03,1.764705882352941e+00,32020001
3.344527381341876e+03,3.342762675459523e+03,5.882352941176471e-01,32020003
3.346126937870743e+03,3.344362231988390e+03,5.882352941176471e-01,32020004
3.347891643753096e+03,3.345784283343030e+03,5.882352941176471e-01,32020007
3.349010271083467e+03,3.346793466114649e+03,5.882352941176471e-01,32020009
3.349657287053189e+03,3.347466873402812e+03,5.882352941176471e-01,32020010
3.349838734010536e+03,3.347893049879706e+03,5.882352941176471e-01,32020013
3.351206320945635e+03,3.348484982349892e+03,5.882352941176471e-01,32020015
3.351616627623370e+03,3.349851921741017e+03,5.882352941176471e-01,32020017
3.352971026827988e+03,3.350925055121852e+03,5.882352941176471e-01,32020018
3.354659227436735e+03,3.344481298820353e+03,1.764705882352941e+00,32020005
3.356700771437904e+03,3.353635968295166e+03,5.882352941176471e-01,32020020
3.356839190497311e+03,3.346309322245830e+03,1.764705882352941e+00,32020008
3.356839190497311e+03,3.345480859318761e+03,1.764705882352941e+00,32020006
3.358465477320257e+03,3.356051923191200e+03,5.882352941176471e-01,32020023
3.358603896379664e+03,3.351812269981753e+03,1.176470588235294e+00,32020019
3.361851085804434e+03,3.358321674039728e+03,1.176470588235294e+00,32020024
3.363613769425132e+03,3.361849063542779e+03,5.882352941176471e-01,32020026
3.364559351380142e+03,3.359265233733084e+03,1.764705882352941e+00,32020025
3.366208750727705e+03,3.364444044845352e+03,5.882352941176471e-01,32020028
3.368502433448904e+03,3.363208315801845e+03,1.764705882352941e+00,32020027
3.370135890094587e+03,3.364841772447528e+03,1.764705882352941e+00,32020029
3.370267139331257e+03,3.368120931878724e+03,5.882352941176471e-01,32020034
3.371750890598741e+03,3.367567010662292e+03,1.176470588235294e+00,32020031
3.373515596481094e+03,3.365212985881863e+03,1.764705882352941e+00,32020030
3.375055503960063e+03,3.373290798077710e+03,5.882352941176471e-01,32020036
3.377134531539174e+03,3.375369825656821e+03,5.882352941176471e-01,32020038
3.378377859005891e+03,3.376233292466893e+03,5.882352941176471e-01,32020039
3.378463859237621e+03,3.373169741590562e+03,1.764705882352941e+00,32020035
3.380199898376064e+03,3.377811374626723e+03,5.882352941176471e-01,32020041
3.380663943303880e+03,3.374848447241185e+03,1.764705882352941e+00,32020037
3.381964604258417e+03,3.379159249904369e+03,5.882352941176471e-01,32020043
3.384193355068586e+03,3.377345395059461e+03,1.764705882352941e+00,32020040
3.385517336001197e+03,3.382077464189360e+03,5.882352941176471e-01,32020047
3.387980145947037e+03,3.386215440064684e+03,5.882352941176471e-01,32020053
3.391064957362276e+03,3.388660448182624e+03,5.882352941176471e-01,32020055
3.391318461076297e+03,3.381119320343188e+03,1.764705882352941e+00,32020045
3.391318461076297e+03,3.379796236036515e+03,1.764705882352941e+00,32020044
3.392829663244629e+03,3.390000977612136e+03,5.882352941176471e-01,32020057
3.393586901014760e+03,3.384397350881321e+03,1.176470588235294e+00,32020051
3.393586901014760e+03,3.386652052939595e+03,1.176470588235294e+00,32020054
3.395351606897113e+03,3.385102833255004e+03,1.764705882352941e+00,32020052
3.397952779425144e+03,3.396188073542791e+03,5.882352941176471e-01,32020059
3.399579126261644e+03,3.397814420379291e+03,5.882352941176471e-01,32020060
3.399877987728335e+03,3.394583870081277e+03,1.764705882352941e+00,32020058
3.401609113797857e+03,3.399844407915504e+03,5.882352941176471e-01,32020061
3.403373819680210e+03,3.401090037939244e+03,5.882352941176471e-01,32020064
3.404006856124788e+03,3.401962932424096e+03,5.882352941176471e-01,32020065
3.405210406580066e+03,3.399916288933008e+03,1.764705882352941e+00,32020062
3.405771562007140e+03,3.403452292528719e+03,5.882352941176471e-01,32020067
3.406903231444916e+03,3.404223824026153e+03,5.882352941176471e-01,32020068
3.408844166692789e+03,3.406433528336902e+03,5.882352941176471e-01,32020069
3.409020396058309e+03,3.402344831432963e+03,1.764705882352941e+00,32020066
3.409020396058309e+03,3.400477444360082e+03,1.764705882352941e+00,32020063
3.412373578457495e+03,3.410177058454817e+03,5.882352941176471e-01,32020074
3.414138284339848e+03,3.412256626102108e+03,5.882352941176471e-01,32020075
3.415235875173260e+03,3.409787423477938e+03,1.764705882352941e+00,32020072
3.415235875173260e+03,3.407916671223951e+03,1.764705882352941e+00,32020071
3.416495031495690e+03,3.412862537519907e+03,5.882352941176471e-01,32020076
3.417000581055613e+03,3.410096091574465e+03,1.176470588235294e+00,32020073
3.418414685992650e+03,3.415866151280217e+03,5.882352941176471e-01,32020080
3.418765286937966e+03,3.416804928724905e+03,5.882352941176471e-01,32020082
3.420529992820319e+03,3.418685662650239e+03,5.882352941176470e-01,32020084
3.420529992820319e+03,3.415026346250082e+03,1.764705882352941e+00,32020079
3.422294698702672e+03,3.420305496502679e+03,5.882352941176471e-01,32020086
3.422361219889622e+03,3.420596514007269e+03,5.882352941176471e-01,32020087
3.425406988335112e+03,3.417327463327505e+03,1.764705882352941e+00,32020083
3.425824110467378e+03,3.420001637352960e+03,1.764705882352941e+00,32020085
3.427058643435207e+03,3.423679770562135e+03,5.882352941176471e-01,32020090
3.427588816349731e+03,3.425780839505733e+03,5.882352941176471e-01,32020093
3.428823349317560e+03,3.426439258854966e+03,5.882352941176471e-01,32020094
3.429033993056935e+03,3.427269287174582e+03,5.882352941176471e-01,32020095
3.431136771302049e+03,3.423190079323728e+03,1.764705882352941e+00,32020088
3.432417288639416e+03,3.430652582757063e+03,5.882352941176471e-01,32020097
3.432901477184402e+03,3.430774257476817e+03,5.882352941176471e-01,32020098
3.434117466964619e+03,3.427836546464331e+03,1.764705882352941e+00,32020096
3.434181994521769e+03,3.432316243223441e+03,5.882352941176471e-01,32020099
3.434687537304142e+03,3.432607910879022e+03,5.882352941176471e-01,32020100
3.435930568514835e+03,3.432944185659175e+03,5.882352941176471e-01,32020102
3.439459980279540e+03,3.433031735937144e+03,1.764705882352941e+00,32020103
3.440380564597512e+03,3.436385591426847e+03,1.176470588235294e+00,32020106
3.441224686161893e+03,3.438806936645476e+03,5.882352941176471e-01,32020109
3.443444414956259e+03,3.437637661550286e+03,1.764705882352941e+00,32020108
3.443894078728575e+03,3.442129372846222e+03,5.882352941176471e-01,32020110
3.446219529234789e+03,3.444454823352436e+03,5.882352941176471e-01,32020113
3.446306168560237e+03,3.442776756795531e+03,1.176470588235294e+00,32020111
3.447244702801222e+03,3.444930894123806e+03,5.882352941176471e-01,32020114
3.447984235117142e+03,3.445523851477504e+03,5.882352941176471e-01,32020116
3.449326048274824e+03,3.446869509191157e+03,5.882352941176471e-01,32020118
3.449748940999495e+03,3.447877981983721e+03,5.882352941176471e-01,32020120
3.449835580324943e+03,3.443671436477881e+03,1.176470588235294e+00,32020112
3.451090754157177e+03,3.446360702425805e+03,1.176470588235294e+00,32020117
3.451908045788596e+03,3.450143339906243e+03,5.882352941176471e-01,32020122
3.453856037790631e+03,3.452091331908278e+03,5.882352941176471e-01,32020123
3.455007183270049e+03,3.453242477387696e+03,5.882352941176471e-01,32020124
3.455304360763396e+03,3.450010243116337e+03,1.764705882352941e+00,32020121
3.456994772272412e+03,3.454035388614123e+03,5.882352941176471e-01,32020127
3.456994772272412e+03,3.453957559884585e+03,5.882352941176471e-01,32020126
3.459033955248020e+03,3.457269249365667e+03,5.882352941176471e-01,32020130
3.459150155437690e+03,3.453353881697778e+03,1.764705882352941e+00,32020125
3.460013977075750e+03,3.458249271193397e+03,5.882352941176471e-01,32020131
3.460876127923486e+03,3.458703631572251e+03,5.882352941176471e-01,32020133
3.460876127923486e+03,3.458425782771095e+03,5.882352941176471e-01,32020132
3.462209758381971e+03,3.459410774869337e+03,5.882352941176471e-01,32020135
3.465739170146677e+03,3.460011829412563e+03,1.764705882352941e+00,32020136
3.466667991681194e+03,3.464903285798841e+03,5.882352941176471e-01,32020138
3.468432697563547e+03,3.466065078965605e+03,5.882352941176471e-01,32020140
3.469268581911383e+03,3.463598263305560e+03,1.764705882352941e+00,32020137
3.470657086834972e+03,3.464944620344870e+03,1.764705882352941e+00,32020139
3.471964188857304e+03,3.468434777092598e+03,1.176470588235294e+00,32020141
3.473031715476458e+03,3.471267009594105e+03,5.882352941176471e-01,32020142
3.474874491799069e+03,3.471345080034363e+03,1.176470588235294e+00,32020143
3.475107016198788e+03,3.473342310316435e+03,5.882352941176471e-01,32020145
3.476633895327187e+03,3.473912661018769e+03,5.882352941176471e-01,32020147
3.478398601209540e+03,3.473346899514607e+03,1.176470588235294e+00,32020146
3.478636427963494e+03,3.473093878854011e+03,1.764705882352941e+00,32020144
3.480187855160774e+03,3.478211039458507e+03,5.882352941176471e-01,32020151
3.482023653938152e+03,3.479197777904821e+03,5.882352941176471e-01,32020152
3.482165839728200e+03,3.476682991464950e+03,1.764705882352941e+00,32020149
3.483788359820504e+03,3.481624503866371e+03,5.882352941176471e-01,32020155
3.483859452715529e+03,3.478199727303435e+03,1.176470588235294e+00,32020150
3.485624158597882e+03,3.479917856878151e+03,1.764705882352941e+00,32020153
3.490837918198405e+03,3.489073212316052e+03,5.882352941176471e-01,32020157
3.491040211327181e+03,3.485746093680122e+03,1.764705882352941e+00,32020156
3.491120843834691e+03,3.489356137952338e+03,5.882352941176471e-01,32020158
3.492703770645146e+03,3.490258114164322e+03,5.882352941176471e-01,32020159
3.494468476527499e+03,3.492138001554867e+03,5.882352941176471e-01,32020163
3.494468476527499e+03,3.492001975920895e+03,5.882352941176471e-01,32020162
3.497502498696881e+03,3.491712991454498e+03,1.764705882352941e+00,32020161
3.497502498696881e+03,3.490760297665598e+03,1.764705882352941e+00,32020160
3.499267204579234e+03,3.497351187085882e+03,5.882352941176471e-01,32020165
3.499621272098088e+03,3.497856566215735e+03,5.882352941176471e-01,32020166
3.500017219425787e+03,3.496487807661081e+03,1.176470588235294e+00,32020164
3.502289270826040e+03,3.499651939238745e+03,5.882352941176471e-01,32020169
3.506694055563781e+03,3.498621536380792e+03,1.764705882352941e+00,32020167
3.506694055563781e+03,3.499313726037245e+03,1.764705882352941e+00,32020168
3.506694055563781e+03,3.499913140808672e+03,1.764705882352941e+00,32020170
3.508518527678539e+03,3.504059506282429e+03,5.882352941176471e-01,32020174
3.510283233560892e+03,3.506843471144794e+03,5.882352941176471e-01,32020178
3.512047939443245e+03,3.510175874020742e+03,5.882352941176471e-01,32020181
3.512047939443245e+03,3.509442983177650e+03,5.882352941176471e-01,32020180
3.512664243109319e+03,3.501344339380717e+03,1.764705882352941e+00,32020172
3.515194463944135e+03,3.513429758061783e+03,5.882352941176471e-01,32020183
3.515577351207951e+03,3.507063898698061e+03,1.764705882352941e+00,32020179
3.516959169826488e+03,3.514371548594921e+03,5.882352941176471e-01,32020184
3.517342057090304e+03,3.515344469665935e+03,5.882352941176471e-01,32020185
3.517342057090304e+03,3.511194703794196e+03,1.764705882352941e+00,32020182
3.520222767981274e+03,3.518458062098921e+03,5.882352941176471e-01,32020187
3.520488581591194e+03,3.516358279137995e+03,1.176470588235294e+00,32020186
3.523605645494031e+03,3.521840939611678e+03,5.882352941176471e-01,32020189
3.523683508804274e+03,3.521918802921921e+03,5.882352941176471e-01,32020190
3.525067571627118e+03,3.522168477520143e+03,5.882352941176471e-01,32020191
3.525409283031505e+03,3.523598156468277e+03,5.882352941176471e-01,32020196
3.525409283031505e+03,3.523455874371476e+03,5.882352941176471e-01,32020195
3.527060085112396e+03,3.524333258054178e+03,5.882352941176471e-01,32020197
3.527060085112396e+03,3.524420369797901e+03,5.882352941176471e-01,32020198
3.528824790994749e+03,3.525924234402822e+03,5.882352941176471e-01,32020200
3.530589496877102e+03,3.524902387134919e+03,1.764705882352941e+00,32020199
3.530589496877102e+03,3.521079133982277e+03,1.764705882352941e+00,32020188
3.532354202759455e+03,3.530567840292079e+03,5.882352941176471e-01,32020203
3.532354202759455e+03,3.529734996873691e+03,5.882352941176471e-01,32020202
3.534142022055193e+03,3.531223876551531e+03,5.882352941176471e-01,32020204
3.534142022055193e+03,3.531365557535799e+03,5.882352941176471e-01,32020205
3.534188248881965e+03,3.528894131234906e+03,1.764705882352941e+00,32020201
3.535906727937546e+03,3.532673702967552e+03,5.882352941176471e-01,32020207
3.535922950448553e+03,3.534158244566200e+03,5.882352941176471e-01,32020208
3.539663516401803e+03,3.534369398754744e+03,1.764705882352941e+00,32020209
3.540406880440262e+03,3.538642174557909e+03,5.882352941176471e-01,32020210
3.543618735848867e+03,3.540710305314224e+03,5.882352941176471e-01,32020215
3.545383441731220e+03,3.543015103359764e+03,5.882352941176471e-01,32020216
3.545847983216441e+03,3.540089324084161e+03,1.764705882352941e+00,32020212
3.545847983216441e+03,3.538862652251590e+03,1.764705882352941e+00,32020211
3.547148147613573e+03,3.545315686851408e+03,5.882352941176471e-01,32020217
3.549377394981147e+03,3.540545256620597e+03,1.764705882352941e+00,32020214
3.549814003644382e+03,3.548049297762029e+03,5.882352941176471e-01,32020219
3.551241976058080e+03,3.548862531468711e+03,5.882352941176471e-01,32020220
3.551489275440682e+03,3.546195157793623e+03,1.764705882352941e+00,32020218
3.553006681940433e+03,3.550672726544814e+03,5.882352941176471e-01,32020224
3.553253981323035e+03,3.551488249409273e+03,5.882352941176471e-01,32020225
3.553898749046171e+03,3.552134043163818e+03,5.882352941176471e-01,32020226
3.554874403089345e+03,3.549577145370308e+03,1.176470588235294e+00,32020222
3.555663454928524e+03,3.553528165550344e+03,5.882352941176471e-01,32020228
3.558319111516668e+03,3.556014738982109e+03,5.882352941176471e-01,32020231
3.558403814854051e+03,3.553024993869609e+03,1.764705882352941e+00,32020227
3.560083817399021e+03,3.558002572352822e+03,5.882352941176471e-01,32020234
3.560706649541480e+03,3.555079017013482e+03,1.176470588235294e+00,32020230
3.560706649541480e+03,3.554428662193555e+03,1.176470588235294e+00,32020229
3.563613229163727e+03,3.556615597202215e+03,1.764705882352941e+00,32020232
3.564093968699157e+03,3.562329262816804e+03,5.882352941176471e-01,32020235
3.565085495303223e+03,3.563320789420870e+03,5.882352941176471e-01,32020236
3.568167413326505e+03,3.566402707444152e+03,5.882352941176471e-01,32020238
3.568537242881783e+03,3.565007831117077e+03,1.176470588235294e+00,32020237
3.568877066109308e+03,3.567112360226955e+03,5.882352941176471e-01,32020239
3.573461530973564e+03,3.567930771583636e+03,1.764705882352941e+00,32020240
3.573831360528842e+03,3.568177317500257e+03,1.764705882352941e+00,32020241
3.575273205491497e+03,3.571743793726791e+03,1.176470588235294e+00,32020242
3.579151932016745e+03,3.577387226134392e+03,5.882352941176471e-01,32020245
3.580809948698551e+03,3.575515831051492e+03,1.764705882352941e+00,32020243
3.580954595771089e+03,3.578114397528436e+03,5.882352941176471e-01,32020246
3.580967248395085e+03,3.575673130748027e+03,1.764705882352941e+00,32020244
3.582671085962595e+03,3.580000988326917e+03,5.882352941176471e-01,32020251
3.582671085962595e+03,3.579429728371718e+03,5.882352941176471e-01,32020250
3.583604257125734e+03,3.581839551243381e+03,5.882352941176471e-01,32020253
3.584617236278551e+03,3.582852530396198e+03,5.882352941176471e-01,32020255
3.585368963008086e+03,3.583344068793469e+03,5.882352941176471e-01,32020256
3.586345653274183e+03,3.583785311460899e+03,5.882352941176471e-01,32020258
3.588898374772792e+03,3.582658969136527e+03,1.764705882352941e+00,32020254
3.588918960555377e+03,3.587154254673024e+03,5.882352941176471e-01,32020262
3.589875065038889e+03,3.583754646679109e+03,1.764705882352941e+00,32020257
3.592438079428791e+03,3.587238950605199e+03,1.176470588235294e+00,32020263
3.593073216462873e+03,3.591308510580520e+03,5.882352941176471e-01,32020265
3.594202785311144e+03,3.587867528936204e+03,1.764705882352941e+00,32020264
3.594626210000532e+03,3.591474670224223e+03,5.882352941176471e-01,32020266
3.595967491193497e+03,3.594041539929435e+03,5.882352941176471e-01,32020269
3.597079763902632e+03,3.595315058020279e+03,5.882352941176471e-01,32020270
3.598155621765238e+03,3.591546656952660e+03,1.764705882352941e+00,32020267
3.598201815427014e+03,3.596437109544661e+03,5.882352941176471e-01,32020271
3.598844469784984e+03,3.596739978416676e+03,5.882352941176471e-01,32020272
3.601181409852400e+03,3.599416703970047e+03,5.882352941176471e-01,32020273
3.601957258491654e+03,3.600192552609301e+03,5.882352941176471e-01,32020274
3.601961754359038e+03,3.600197048476685e+03,5.882352941176471e-01,32020275
3.606559760198252e+03,3.604749329185812e+03,5.882352941176471e-01,32020281
3.607957121929310e+03,3.600576121584758e+03,1.764705882352941e+00,32020276
3.608145654752430e+03,3.605784491163739e+03,5.882352941176471e-01,32020282
3.609721827811663e+03,3.607711118934506e+03,5.882352941176471e-01,32020284
3.609910360634783e+03,3.608026931304915e+03,5.882352941176471e-01,32020285
3.611486533694016e+03,3.609464855148092e+03,5.882352941176471e-01,32020287
3.612269688220717e+03,3.610070660600422e+03,5.882352941176471e-01,32020288
3.613383138546312e+03,3.610821335735122e+03,5.882352941176471e-01,32020289
3.613449088031283e+03,3.602672725777196e+03,1.764705882352941e+00,32020277
3.615147844428665e+03,3.612763235112163e+03,5.882352941176471e-01,32020293
3.615799099985423e+03,3.613778310499197e+03,5.882352941176471e-01,32020294
3.616978499795989e+03,3.608740276456011e+03,1.764705882352941e+00,32020286
3.618721222516685e+03,3.616208435531913e+03,5.882352941176471e-01,32020299
3.618721222516685e+03,3.615937638383485e+03,5.882352941176471e-01,32020298
3.621765429206010e+03,3.611908262805960e+03,1.764705882352941e+00,32020292
3.624015340163744e+03,3.618537488628553e+03,1.764705882352941e+00,32020301
3.626107781557439e+03,3.624343075675086e+03,5.882352941176471e-01,32020303
3.628166930146229e+03,3.622872812499170e+03,1.764705882352941e+00,32020302
3.630516887525296e+03,3.628752181642943e+03,5.882352941176471e-01,32020304
3.631429696638063e+03,3.629664990755711e+03,5.882352941176471e-01,32020305
3.635430153415934e+03,3.633665447533582e+03,5.882352941176471e-01,32020307
3.637194859298287e+03,3.634328756246045e+03,5.882352941176471e-01,32020309
3.637316326733136e+03,3.632022209086077e+03,1.764705882352941e+00,32020306
3.639040543470539e+03,3.635729244815657e+03,5.882352941176471e-01,32020310
3.639040543470539e+03,3.636156571070619e+03,5.882352941176471e-01,32020311
3.639086988971897e+03,3.633792871324838e+03,1.764705882352941e+00,32020308
3.640840083478910e+03,3.637423559921429e+03,5.882352941176471e-01,32020313
3.640840083478910e+03,3.637456675886399e+03,5.882352941176471e-01,32020315
3.642604789361263e+03,3.640209006849687e+03,5.882352941176471e-01,32020321
3.642604789361263e+03,3.640593848264956e+03,5.882352941176471e-01,32020323
3.644369495243616e+03,3.642016850265104e+03,5.882352941176471e-01,32020325
3.644369495243616e+03,3.640845196203350e+03,5.882352941176471e-01,32020324
3.646193285958742e+03,3.642663874194036e+03,1.176470588235294e+00,32020326
3.647869364591935e+03,3.640421024524221e+03,1.764705882352941e+00,32020322
3.647869364591935e+03,3.637452034137719e+03,1.764705882352941e+00,32020314
3.651487403605801e+03,3.644736758505224e+03,1.764705882352941e+00,32020327
3.652561585320636e+03,3.649627945153121e+03,5.882352941176471e-01,32020330
3.653454484276206e+03,3.649010730749200e+03,1.176470588235294e+00,32020328
3.654623924188179e+03,3.651892153181906e+03,5.882352941176471e-01,32020332
3.656388630070532e+03,3.650746237783382e+03,1.176470588235294e+00,32020331
3.658153335952885e+03,3.655320074706547e+03,5.882352941176470e-01,32020335
3.658153335952885e+03,3.652323240177989e+03,1.764705882352941e+00,32020334
3.658153335952885e+03,3.652023155145222e+03,1.764705882352941e+00,32020333
3.659918041835238e+03,3.656886156520603e+03,5.882352941176471e-01,32020336
3.661682747717591e+03,3.659125375180874e+03,5.882352941176471e-01,32020339
3.664329806541120e+03,3.657978246608995e+03,1.764705882352941e+00,32020338
3.664329806541120e+03,3.657443105930542e+03,1.764705882352941e+00,32020337
3.665212159482296e+03,3.659888856499907e+03,1.764705882352941e+00,32020340
3.666388630070532e+03,3.661917945621115e+03,5.882352941176471e-01,32020341
3.666388630070532e+03,3.662675150228466e+03,5.882352941176471e-01,32020342
3.666388630070532e+03,3.663581093787264e+03,5.882352941176471e-01,32020343
3.668153335952885e+03,3.666185111314781e+03,5.882352941176471e-01,32020344
3.670183982703904e+03,3.666654570939198e+03,1.176470588235294e+00,32020346
3.671863115978068e+03,3.666568998331009e+03,1.764705882352941e+00,32020345
3.674784147705356e+03,3.673019441823003e+03,5.882352941176471e-01,32020348
3.674825256267612e+03,3.673060550385259e+03,5.882352941176471e-01,32020349
3.676590343292618e+03,3.674825637410265e+03,5.882352941176471e-01,32020350
3.676948811546598e+03,3.671654693899539e+03,1.764705882352941e+00,32020347
3.678393789565007e+03,3.674864377800301e+03,1.176470588235294e+00,32020351
3.679218221954904e+03,3.677453516072551e+03,5.882352941176471e-01,32020352
3.679963550757867e+03,3.678198844875514e+03,5.882352941176471e-01,32020353
3.680687947779824e+03,3.678923241897471e+03,5.882352941176471e-01,32020354
3.681728256640219e+03,3.679899462236120e+03,5.882352941176471e-01,32020356
3.682452653662177e+03,3.680360552811234e+03,5.882352941176471e-01,32020357
3.683155102049343e+03,3.680916844524340e+03,5.882352941176471e-01,32020359
3.684217359544530e+03,3.682071260852605e+03,5.882352941176471e-01,32020360
3.685018020916302e+03,3.683253315033949e+03,5.882352941176471e-01,32020361
3.687166536069339e+03,3.680792467285143e+03,1.764705882352941e+00,32020358
3.687166536069339e+03,3.679287829811408e+03,1.764705882352941e+00,32020355
3.688892838156778e+03,3.685812619904830e+03,5.882352941176471e-01,32020364
3.690657544039131e+03,3.687374473710809e+03,5.882352941176471e-01,32020366
3.690657544039131e+03,3.688074610043955e+03,5.882352941176471e-01,32020367
3.692422249921484e+03,3.689179304821337e+03,5.882352941176471e-01,32020369
3.693190163548406e+03,3.685704023629851e+03,1.176470588235294e+00,32020363
3.693190163548406e+03,3.685286618802244e+03,1.176470588235294e+00,32020362
3.694698898221785e+03,3.692414338310134e+03,5.882352941176471e-01,32020372
3.696463604104138e+03,3.692369900283396e+03,1.176470588235294e+00,32020371
3.697713232374378e+03,3.695948526492025e+03,5.882352941176471e-01,32020373
3.698228309986490e+03,3.696158620565559e+03,5.882352941176470e-01,32020374
3.698228309986490e+03,3.692193371292974e+03,1.764705882352941e+00,32020370
3.699477938256731e+03,3.696730076565248e+03,5.882352941176471e-01,32020375
3.700167633349223e+03,3.698402927466870e+03,5.882352941176471e-01,32020376
3.700710567966032e+03,3.698945862083679e+03,5.882352941176471e-01,32020377
3.701247577958482e+03,3.699482872076129e+03,5.882352941176471e-01,32020378
3.703440525587322e+03,3.700894538842175e+03,5.882352941176471e-01,32020382
3.704239979730738e+03,3.702383014582871e+03,5.882352941176471e-01,32020383
3.705355252643633e+03,3.700497956268697e+03,1.176470588235294e+00,32020380
3.707119958525986e+03,3.700339355569104e+03,1.764705882352941e+00,32020379
3.707177555080764e+03,3.704251676453717e+03,5.882352941176471e-01,32020385
3.707825835117379e+03,3.705470445753190e+03,5.882352941176471e-01,32020387
3.708913462685728e+03,3.706101746721703e+03,5.882352941176471e-01,32020391
3.708913462685728e+03,3.706089351045993e+03,5.882352941176471e-01,32020390
3.709633912101303e+03,3.707375280911406e+03,5.882352941176471e-01,32020392
3.710678168568081e+03,3.708589534727142e+03,5.882352941176471e-01,32020395
3.710678168568081e+03,3.707912577320521e+03,5.882352941176471e-01,32020394
3.711436013265585e+03,3.709671307383232e+03,5.882352941176471e-01,32020396
3.712405479168504e+03,3.703890589109195e+03,1.176470588235294e+00,32020384
3.712836490449435e+03,3.711071784567082e+03,5.882352941176471e-01,32020397
3.713455594078307e+03,3.711690888195955e+03,5.882352941176471e-01,32020398
3.714621672074445e+03,3.712856966192092e+03,5.882352941176471e-01,32020399
3.714943680409670e+03,3.713178974527317e+03,5.882352941176471e-01,32020400
3.716133793294805e+03,3.714369087412452e+03,5.882352941176471e-01,32020401
3.716386377956798e+03,3.714567717762697e+03,5.882352941176471e-01,32020402
3.718490819616677e+03,3.716726113734324e+03,5.882352941176471e-01,32020405
3.720231477954500e+03,3.717399702985755e+03,5.882352941176471e-01,32020406
3.720559075551940e+03,3.715264957904881e+03,1.764705882352941e+00,32020403
3.721996183836853e+03,3.720103837452103e+03,5.882352941176471e-01,32020409
3.722159982635573e+03,3.717447684711655e+03,1.176470588235294e+00,32020407
3.723924688517926e+03,3.716653971100735e+03,1.764705882352941e+00,32020404
3.725004003850588e+03,3.723239297968235e+03,5.882352941176471e-01,32020410
3.726054969129130e+03,3.724290263246777e+03,5.882352941176471e-01,32020411
3.730299450445277e+03,3.728534744562924e+03,5.882352941176471e-01,32020413
3.731103855342909e+03,3.729339149460556e+03,5.882352941176471e-01,32020414
3.732549290261422e+03,3.730784584379069e+03,5.882352941176471e-01,32020415
3.733268586361503e+03,3.727974468714444e+03,1.764705882352941e+00,32020412
3.733465549210099e+03,3.731700843327746e+03,5.882352941176471e-01,32020416
3.735327451561351e+03,3.733562745678998e+03,5.882352941176471e-01,32020418
3.735801925525819e+03,3.734037219643466e+03,5.882352941176471e-01,32020419
3.737019389943147e+03,3.734303303818575e+03,5.882352941176471e-01,32020420
3.737092157443704e+03,3.733489978178441e+03,1.176470588235294e+00,32020417
3.737566631408172e+03,3.735764358791545e+03,5.882352941176471e-01,32020421
3.738832607492538e+03,3.735983062007517e+03,5.882352941176471e-01,32020423
3.738832607492538e+03,3.735883177721313e+03,5.882352941176471e-01,32020422
3.741090351348477e+03,3.739325645466124e+03,5.882352941176471e-01,32020425
3.744838868011581e+03,3.742985991421009e+03,5.882352941176471e-01,32020430
3.745427187397590e+03,3.743276492344580e+03,5.882352941176471e-01,32020431
3.746029412956522e+03,3.740095627470864e+03,1.764705882352941e+00,32020426
3.751595985136403e+03,3.741309456246875e+03,1.764705882352941e+00,32020428
3.751595985136403e+03,3.740772737589131e+03,1.764705882352941e+00,32020427
3.752002796809883e+03,3.748500691337263e+03,5.882352941176471e-01,32020437
3.753564096855496e+03,3.748353357027841e+03,1.176470588235294e+00,32020436
3.755328802737849e+03,3.746256529109537e+03,1.764705882352941e+00,32020435
3.756890102783462e+03,3.750343196196422e+03,1.764705882352941e+00,32020439
3.757156252802072e+03,3.754763961711861e+03,5.882352941176471e-01,32020442
3.760552589557473e+03,3.758273380917215e+03,5.882352941176471e-01,32020447
3.760552589557473e+03,3.757928037014882e+03,5.882352941176471e-01,32020446
3.762656669782193e+03,3.753689585219236e+03,1.764705882352941e+00,32020440
3.764372385996089e+03,3.757039878634787e+03,1.176470588235294e+00,32020444
3.766137091878442e+03,3.755467285801809e+03,1.764705882352941e+00,32020443
3.767901797760795e+03,3.765591654290820e+03,5.882352941176471e-01,32020456
3.767924236297643e+03,3.762630118650584e+03,1.764705882352941e+00,32020453
3.769666503643148e+03,3.763872073942610e+03,1.176470588235294e+00,32020454
3.771431209525501e+03,3.764658747523582e+03,1.764705882352941e+00,32020455
3.773634161677420e+03,3.771869455795067e+03,5.882352941176471e-01,32020458
3.774296097648774e+03,3.772531391766421e+03,5.882352941176471e-01,32020459
3.776895274629464e+03,3.775130568747111e+03,5.882352941176471e-01,32020460
3.777818405828611e+03,3.776053699946258e+03,5.882352941176471e-01,32020461
3.780200252033159e+03,3.778435546150806e+03,5.882352941176471e-01,32020463
3.781383584129274e+03,3.776089466482215e+03,1.764705882352941e+00,32020462
3.782237524928343e+03,3.780472819045990e+03,5.882352941176471e-01,32020464
3.783054866863202e+03,3.781290160980849e+03,5.882352941176471e-01,32020465
3.786604701385014e+03,3.784839995502661e+03,5.882352941176471e-01,32020468
3.786844201799222e+03,3.783314790034516e+03,1.176470588235294e+00,32020466
3.788365946032799e+03,3.785569452734626e+03,5.882352941176471e-01,32020469
3.790150223020259e+03,3.787628616930389e+03,5.882352941176471e-01,32020473
3.790373613563928e+03,3.784829611798958e+03,1.764705882352941e+00,32020467
3.791915758344849e+03,3.789924439845900e+03,5.882352941176471e-01,32020476
3.793680464227202e+03,3.791611628611440e+03,5.882352941176471e-01,32020480
3.795658671110098e+03,3.792618641283643e+03,5.882352941176471e-01,32020482
3.795658671110098e+03,3.792841904302665e+03,5.882352941176471e-01,32020483
3.795658671110098e+03,3.793575466883371e+03,5.882352941176471e-01,32020484
3.797659477529831e+03,3.785664118129589e+03,1.176470588235294e+00,32020470
3.799188082874804e+03,3.796112785793338e+03,5.882352941176471e-01,32020487
3.801864420236033e+03,3.792556261346480e+03,1.764705882352941e+00,32020481
3.801864420236033e+03,3.790546866652105e+03,1.764705882352941e+00,32020479
3.803146779660363e+03,3.799668982993245e+03,5.882352941176471e-01,32020491
3.803629126118386e+03,3.801395753143442e+03,5.882352941176471e-01,32020495
3.804931630033331e+03,3.802425396566352e+03,5.882352941176471e-01,32020497
3.809731118453611e+03,3.799200224790532e+03,1.764705882352941e+00,32020489
3.809731118453611e+03,3.797718970723122e+03,1.764705882352941e+00,32020488
3.811931304655308e+03,3.805765107543702e+03,1.176470588235294e+00,32020502
3.813156627045360e+03,3.810602079092299e+03,5.882352941176471e-01,32020510
3.813260530218317e+03,3.811423495161381e+03,5.882352941176471e-01,32020513
3.815762135672006e+03,3.807632491631837e+03,1.764705882352941e+00,32020506
3.818532052288842e+03,3.812534143159293e+03,1.176470588235294e+00,32020514
3.819794152803953e+03,3.814983580882594e+03,1.176470588235294e+00,32020517
3.820296758171194e+03,3.813278588439994e+03,1.764705882352941e+00,32020515
3.821558858686306e+03,3.815161891957512e+03,1.764705882352941e+00,32020518
3.823470507444167e+03,3.821705801561814e+03,5.882352941176471e-01,32020521
3.825088270451012e+03,3.819636658035212e+03,1.764705882352941e+00,32020519
3.825235213326520e+03,3.822981555891983e+03,5.882352941176471e-01,32020524
3.826385111259809e+03,3.820098430558898e+03,1.176470588235294e+00,32020520
3.826852976333365e+03,3.824954594899794e+03,5.882352941176471e-01,32020525
3.828813906944292e+03,3.827049201061939e+03,5.882352941176471e-01,32020527
3.829126552775486e+03,3.827361846893133e+03,5.882352941176471e-01,32020528
3.830667761462029e+03,3.827579138649370e+03,5.882352941176471e-01,32020529
3.830756910097414e+03,3.825462792450355e+03,1.764705882352941e+00,32020526
3.830891258657839e+03,3.829110996430620e+03,5.882352941176471e-01,32020531
3.832477041662075e+03,3.830622668477824e+03,5.882352941176471e-01,32020533
3.834241747544428e+03,3.832085583423779e+03,5.882352941176471e-01,32020535
3.834420670422545e+03,3.832513785564584e+03,5.882352941176471e-01,32020537
3.836113807153651e+03,3.832669043819268e+03,5.882352941176471e-01,32020538
3.836113807153651e+03,3.832835279523150e+03,5.882352941176471e-01,32020539
3.836113807153651e+03,3.833112053443064e+03,5.882352941176471e-01,32020540
3.837878513036004e+03,3.834557320503416e+03,5.882352941176471e-01,32020543
3.837878513036004e+03,3.835730387564776e+03,5.882352941176471e-01,32020544
3.837878513036004e+03,3.835845537270080e+03,5.882352941176471e-01,32020545
3.839757017008128e+03,3.836137881463439e+03,5.882352941176471e-01,32020546
3.839757017008128e+03,3.836158695384323e+03,5.882352941176471e-01,32020547
3.842404075831658e+03,3.832382394715913e+03,1.176470588235294e+00,32020536
3.844168781714011e+03,3.841830605995432e+03,5.882352941176470e-01,32020551
3.844168781714011e+03,3.830828477881784e+03,1.764705882352941e+00,32020534
3.844168781714011e+03,3.829480496586327e+03,1.764705882352941e+00,32020532
3.845933487596364e+03,3.844089004913126e+03,5.882352941176471e-01,32020553
3.845933487596364e+03,3.842770596388042e+03,5.882352941176471e-01,32020552
3.845987848197862e+03,3.844223142315509e+03,5.882352941176471e-01,32020554
3.847643832877218e+03,3.838333705395090e+03,1.176470588235294e+00,32020550
3.847698193478717e+03,3.845245745909994e+03,5.882352941176471e-01,32020555
3.849687954580385e+03,3.847923248698032e+03,5.882352941176471e-01,32020557
3.851547557459051e+03,3.849782851576698e+03,5.882352941176471e-01,32020558
3.851693457522105e+03,3.846399339875047e+03,1.764705882352941e+00,32020556
3.852979687087453e+03,3.851214981205100e+03,5.882352941176471e-01,32020559
3.853925325211995e+03,3.852160619329642e+03,5.882352941176471e-01,32020560
3.855655732743893e+03,3.853891026861540e+03,5.882352941176471e-01,32020561
3.856127268765681e+03,3.854362562883328e+03,5.882352941176471e-01,32020562
3.856254656471754e+03,3.854489950589401e+03,5.882352941176471e-01,32020563
3.857656206637140e+03,3.855479549561148e+03,5.882352941176471e-01,32020565
3.859783645155194e+03,3.858018939272841e+03,5.882352941176471e-01,32020566
3.861185618401846e+03,3.854705922247985e+03,1.764705882352941e+00,32020564
3.861548351037547e+03,3.858355689869422e+03,5.882352941176471e-01,32020568
3.863449740240979e+03,3.858155622593920e+03,1.764705882352941e+00,32020567
3.866661102366755e+03,3.861077034025932e+03,1.764705882352941e+00,32020570
3.866661102366755e+03,3.860080666109232e+03,1.764705882352941e+00,32020569
3.868238210172699e+03,3.864920813895074e+03,5.882352941176471e-01,32020572
3.868425808249108e+03,3.866488589132791e+03,5.882352941176471e-01,32020575
3.870190514131461e+03,3.864678628723102e+03,1.764705882352941e+00,32020571
3.873532327819757e+03,3.867064631839248e+03,1.764705882352941e+00,32020576
3.874269421096401e+03,3.868975303449342e+03,1.764705882352941e+00,32020577
3.876034126978754e+03,3.873773901765501e+03,5.882352941176471e-01,32020580
3.877061739584463e+03,3.871352492036492e+03,1.764705882352941e+00,32020578
3.877941271103958e+03,3.875666310826727e+03,5.882352941176471e-01,32020583
3.878826445466816e+03,3.877041589579975e+03,5.882352941176471e-01,32020586
3.880383586398713e+03,3.878104450979998e+03,5.882352941176471e-01,32020588
3.881163035655770e+03,3.872285333286455e+03,1.176470588235294e+00,32020579
3.882148292281066e+03,3.879744539367399e+03,5.882352941176471e-01,32020590
3.882970723535973e+03,3.880825209178386e+03,5.882352941176471e-01,32020591
3.883574193457218e+03,3.881248999651470e+03,5.882352941176471e-01,32020593
3.884797583003145e+03,3.882353009063752e+03,5.882352941176471e-01,32020595
3.885338899339571e+03,3.883160311604852e+03,5.882352941176471e-01,32020599
3.885338899339571e+03,3.883063953913202e+03,5.882352941176471e-01,32020598
3.886923166443115e+03,3.877687442427904e+03,1.176470588235294e+00,32020587
3.886923166443115e+03,3.879684271926718e+03,1.176470588235294e+00,32020589
3.888687872325468e+03,3.881271961808220e+03,1.764705882352941e+00,32020594
3.890054421098862e+03,3.888289715216509e+03,5.882352941176471e-01,32020600
3.890504732152535e+03,3.888538211209895e+03,5.882352941176471e-01,32020602
3.893769231743993e+03,3.888475114096934e+03,1.764705882352941e+00,32020601
3.895153273412143e+03,3.893388567529791e+03,5.882352941176471e-01,32020605
3.895348538745921e+03,3.888792180214895e+03,1.764705882352941e+00,32020604
3.899311833649965e+03,3.897547127767612e+03,5.882352941176471e-01,32020607
3.900302018437926e+03,3.898537312555573e+03,5.882352941176471e-01,32020608
3.901786380358010e+03,3.896492262710951e+03,1.764705882352941e+00,32020606
3.903360426197509e+03,3.901595720315156e+03,5.882352941176471e-01,32020610
3.905186444040890e+03,3.899892326393831e+03,1.764705882352941e+00,32020609
3.905612371043593e+03,3.903718919243363e+03,5.882352941176471e-01,32020614
3.906920493942729e+03,3.904796426369588e+03,5.882352941176471e-01,32020615
3.908928819306947e+03,3.903279385794812e+03,1.764705882352941e+00,32020612
3.908928819306947e+03,3.902082959278888e+03,1.764705882352941e+00,32020611
3.910719421953452e+03,3.908954716071100e+03,5.882352941176471e-01,32020619
3.911095416452314e+03,3.909330710569961e+03,5.882352941176471e-01,32020620
3.912377024577698e+03,3.906025311137382e+03,1.764705882352941e+00,32020616
3.913500926397359e+03,3.910723219251358e+03,5.882352941176471e-01,32020623
3.914250732367111e+03,3.909655472092894e+03,1.176470588235294e+00,32020621
3.916015438249464e+03,3.913981719850780e+03,5.882352941176471e-01,32020626
3.917030338162065e+03,3.910988388416077e+03,1.764705882352941e+00,32020624
3.917293819545880e+03,3.915074287721742e+03,5.882352941176471e-01,32020627
3.917780144131817e+03,3.913764407781174e+03,1.176470588235294e+00,32020625
3.919286529860740e+03,3.917521823978387e+03,5.882352941176471e-01,32020628
3.919421716045930e+03,3.917657010163577e+03,5.882352941176471e-01,32020629
3.920035380541810e+03,3.918270674659457e+03,5.882352941176471e-01,32020630
3.921051235743093e+03,3.918823769325448e+03,5.882352941176471e-01,32020631
3.921318718302209e+03,3.919554012419856e+03,5.882352941176471e-01,32020632
3.922965666466428e+03,3.921200960584075e+03,5.882352941176471e-01,32020633
3.924254219717647e+03,3.922489513835294e+03,5.882352941176471e-01,32020634
3.924730423279926e+03,3.922965717397574e+03,5.882352941176471e-01,32020635
3.927783631482353e+03,3.923572464144870e+03,1.176470588235294e+00,32020637
3.928747313674058e+03,3.923453196026999e+03,1.764705882352941e+00,32020636
3.930885727765157e+03,3.929121021882804e+03,5.882352941176471e-01,32020638
3.934007152387369e+03,3.930477740622663e+03,1.176470588235294e+00,32020639
3.935556856884620e+03,3.932027445119914e+03,1.176470588235294e+00,32020641
3.936849288066759e+03,3.931555170419701e+03,1.764705882352941e+00,32020640
3.937553122522030e+03,3.934733816607638e+03,5.882352941176471e-01,32020644
3.939317828404382e+03,3.937029162882532e+03,5.882352941176471e-01,32020646
3.940378699831465e+03,3.934139490634852e+03,1.764705882352941e+00,32020642
3.941082534286735e+03,3.938106731311171e+03,5.882352941176470e-01,32020647
3.941082534286735e+03,3.934384080885952e+03,1.764705882352941e+00,32020643
3.942143405713818e+03,3.939689193832850e+03,5.882352941176471e-01,32020648
3.942847240169088e+03,3.940640597000422e+03,5.882352941176471e-01,32020649
3.943908111596171e+03,3.941841300171905e+03,5.882352941176471e-01,32020651
3.945022808015660e+03,3.942889597206972e+03,5.882352941176471e-01,32020656
3.945672817478524e+03,3.943500171270683e+03,5.882352941176471e-01,32020657
3.948362672687463e+03,3.942388440408772e+03,1.764705882352941e+00,32020652
3.948362672687463e+03,3.941493396250954e+03,1.764705882352941e+00,32020650
3.949471710647119e+03,3.945996635438862e+03,5.882352941176471e-01,32020661
3.950127378569816e+03,3.947927603028312e+03,5.882352941176471e-01,32020664
3.950127378569816e+03,3.947760607528430e+03,5.882352941176471e-01,32020663
3.951236416529472e+03,3.948759657756465e+03,5.882352941176471e-01,32020665
3.953656790334522e+03,3.945401531994967e+03,1.764705882352941e+00,32020658
3.958123732397139e+03,3.956359026514786e+03,5.882352941176471e-01,32020667
3.960399722948425e+03,3.955105605301366e+03,1.764705882352941e+00,32020666
3.961029312636955e+03,3.959264606754602e+03,5.882352941176471e-01,32020669
3.962164428830778e+03,3.959532821363230e+03,5.882352941176471e-01,32020670
3.962595303289890e+03,3.960766364310462e+03,5.882352941176471e-01,32020671
3.964558724401661e+03,3.959065891525184e+03,1.764705882352941e+00,32020668
3.965957694771340e+03,3.963764613726099e+03,5.882352941176471e-01,32020674
3.968088136166367e+03,3.964240066559908e+03,1.176470588235294e+00,32020675
3.969096384245286e+03,3.963411544307468e+03,1.764705882352941e+00,32020673
3.969096384245286e+03,3.962428283006634e+03,1.764705882352941e+00,32020672
3.970861090127639e+03,3.968864323928846e+03,5.882352941176471e-01,32020679
3.970861090127639e+03,3.968157902895588e+03,5.882352941176471e-01,32020678
3.972889576399340e+03,3.969939437613669e+03,5.882352941176471e-01,32020681
3.972889576399340e+03,3.970657405354162e+03,5.882352941176471e-01,32020683
3.974654282281693e+03,3.972038314615557e+03,5.882352941176471e-01,32020685
3.974654282281693e+03,3.971950936304583e+03,5.882352941176471e-01,32020684
3.974856255806109e+03,3.973091549923756e+03,5.882352941176471e-01,32020686
3.976486312672185e+03,3.974390584878567e+03,5.882352941176471e-01,32020689
3.978374891148274e+03,3.966633538487816e+03,1.176470588235294e+00,32020676
3.980139597030627e+03,3.969867609372868e+03,1.764705882352941e+00,32020680
3.981904302912980e+03,3.977071408407642e+03,1.176470588235294e+00,32020691
3.983005861391946e+03,3.973601241283619e+03,1.764705882352941e+00,32020688
3.983005861391946e+03,3.973374422301834e+03,1.764705882352941e+00,32020687
3.987814049931751e+03,3.984284638167045e+03,1.176470588235294e+00,32020692
3.989578755814104e+03,3.987502149556956e+03,5.882352941176471e-01,32020697
3.990223204151735e+03,3.987977951403629e+03,5.882352941176471e-01,32020699
3.991343461696457e+03,3.988851190473762e+03,5.882352941176471e-01,32020700
3.991971010753620e+03,3.985023500159694e+03,1.176470588235294e+00,32020694
3.993735716635973e+03,3.984800874288723e+03,1.764705882352941e+00,32020693
3.995500422518326e+03,3.990759581743014e+03,1.176470588235294e+00,32020701
3.996258527068453e+03,3.986822004602982e+03,1.764705882352941e+00,32020696
3.996258527068453e+03,3.986249266259261e+03,1.764705882352941e+00,32020695
3.998023232950806e+03,3.996231214987767e+03,5.882352941176471e-01,32020704
3.998085255702584e+03,3.996320549820231e+03,5.882352941176471e-01,32020705
3.999482316685114e+03,3.997717610802761e+03,5.882352941176471e-01,32020706
4.001434061722441e+03,3.999196530741696e+03,5.882352941176471e-01,32020708
4.001527581299929e+03,3.994224802108141e+03,1.764705882352941e+00,32020702
4.003268907287910e+03,4.001028848332418e+03,5.882352941176471e-01,32020712
4.003317350597864e+03,3.997893521965777e+03,1.764705882352941e+00,32020707
4.005834558442894e+03,4.004069852560541e+03,5.882352941176471e-01,32020716
4.006798319052616e+03,3.999965517368158e+03,1.764705882352941e+00,32020711
4.008563024934968e+03,4.001597828012916e+03,1.764705882352941e+00,32020715
4.010329321388393e+03,4.008564615506040e+03,5.882352941176471e-01,32020719
4.011879560700550e+03,4.009401188885507e+03,5.882352941176471e-01,32020721
4.011879560700550e+03,4.009192923243993e+03,5.882352941176471e-01,32020720
4.012555945850741e+03,4.007261828203683e+03,1.764705882352941e+00,32020717
4.014320651733094e+03,4.011888262571029e+03,5.882352941176471e-01,32020724
4.015491079982427e+03,4.012870157115980e+03,5.882352941176471e-01,32020726
4.016085357615447e+03,4.013808481617245e+03,5.882352941176471e-01,32020729
4.017659686861874e+03,4.010351123331393e+03,1.176470588235294e+00,32020722
4.017659686861874e+03,4.008135682365648e+03,1.176470588235294e+00,32020718
4.019187720657820e+03,4.015658308893114e+03,1.176470588235294e+00,32020730
4.022286840738941e+03,4.020522134856588e+03,5.882352941176471e-01,32020732
4.023600424933103e+03,4.018306307286044e+03,1.764705882352941e+00,32020731
4.024051546621294e+03,4.022192423189159e+03,5.882352941176471e-01,32020734
4.025365130815456e+03,4.023106333631457e+03,5.882352941176471e-01,32020736
4.026616354605767e+03,4.024781494908244e+03,5.882352941176471e-01,32020737
4.027580958386000e+03,4.021322236958708e+03,1.764705882352941e+00,32020733
4.028894542580162e+03,4.022732512277355e+03,1.764705882352941e+00,32020735
4.034895980794021e+03,4.033131274911668e+03,5.882352941176471e-01,32020739
4.036056990046535e+03,4.034292284164182e+03,5.882352941176471e-01,32020740
4.037436781892788e+03,4.032142664245729e+03,1.764705882352941e+00,32020738
4.037519314580154e+03,4.035754608697801e+03,5.882352941176471e-01,32020741
4.039360263616798e+03,4.037595557734445e+03,5.882352941176471e-01,32020743
4.040955727159106e+03,4.039191021276753e+03,5.882352941176471e-01,32020744
4.042347558166842e+03,4.037053440519783e+03,1.764705882352941e+00,32020742
4.044529591473703e+03,4.042764885591350e+03,5.882352941176471e-01,32020746
4.046294297356056e+03,4.043403026804846e+03,5.882352941176471e-01,32020748
4.046613449141036e+03,4.041319331493978e+03,1.764705882352941e+00,32020745
4.048773709967467e+03,4.047009004085114e+03,5.882352941176471e-01,32020752
4.050036476977415e+03,4.047418079718361e+03,5.882352941176471e-01,32020753
4.050142860905742e+03,4.043345259713944e+03,1.764705882352941e+00,32020747
4.050538415849820e+03,4.048740988064854e+03,5.882352941176471e-01,32020756
4.051835901482121e+03,4.044551755814219e+03,1.176470588235294e+00,32020749
4.052403643987809e+03,4.050638938105456e+03,5.882352941176471e-01,32020758
4.055230072368839e+03,4.045235300197278e+03,1.764705882352941e+00,32020751
4.055365313246827e+03,4.049085897679965e+03,1.764705882352941e+00,32020757
4.055384673143132e+03,4.053619967260779e+03,5.882352941176471e-01,32020759
4.059582139297772e+03,4.057573031292731e+03,5.882352941176471e-01,32020765
4.060625620674389e+03,4.054785047393407e+03,1.764705882352941e+00,32020761
4.060625620674389e+03,4.054768166600339e+03,1.764705882352941e+00,32020760
4.062653719337960e+03,4.060889013455607e+03,5.882352941176471e-01,32020767
4.063111551062478e+03,4.056052727533066e+03,1.764705882352941e+00,32020764
4.064574668512617e+03,4.062809962630264e+03,5.882352941176471e-01,32020768
4.065919738321448e+03,4.059811531178947e+03,1.764705882352941e+00,32020766
4.068490691507389e+03,4.066725985625036e+03,5.882352941176471e-01,32020769
4.068545493868563e+03,4.066780787986210e+03,5.882352941176471e-01,32020770
4.069187307774300e+03,4.067422601891948e+03,5.882352941176471e-01,32020771
4.070436183732949e+03,4.068671477850596e+03,5.882352941176471e-01,32020772
4.071234712528578e+03,4.069470006646225e+03,5.882352941176471e-01,32020773
4.074793128337309e+03,4.069499010690250e+03,1.764705882352941e+00,32020774
4.074867502357824e+03,4.071338090593118e+03,1.176470588235294e+00,32020775
4.076712783109310e+03,4.074948077226957e+03,5.882352941176471e-01,32020777
4.076896596765739e+03,4.075131890883386e+03,5.882352941176471e-01,32020778
4.077725511801258e+03,4.074196100036552e+03,1.176470588235294e+00,32020776
4.081579709651824e+03,4.079815003769471e+03,5.882352941176471e-01,32020781
4.083811884800438e+03,4.078517767153379e+03,1.764705882352941e+00,32020779
4.085109121416530e+03,4.079793195967490e+03,1.764705882352941e+00,32020780
4.085576590682791e+03,4.080944490252628e+03,1.176470588235294e+00,32020782
4.087467723235053e+03,4.085703017352700e+03,5.882352941176471e-01,32020784
4.088616725379254e+03,4.082610476548047e+03,1.764705882352941e+00,32020783
4.090322159763912e+03,4.088557453881559e+03,5.882352941176471e-01,32020786
4.091630498706562e+03,4.089865792824209e+03,5.882352941176471e-01,32020787
4.093524626927326e+03,4.088230509280267e+03,1.764705882352941e+00,32020785
4.094227271826630e+03,4.092462565944278e+03,5.882352941176471e-01,32020788
4.094360525697339e+03,4.092595819814986e+03,5.882352941176471e-01,32020789
4.095991977708983e+03,4.093740980749074e+03,5.882352941176471e-01,32020794
4.097216304058343e+03,4.092630544236711e+03,1.176470588235294e+00,32020790
4.100167605932193e+03,4.098402900049840e+03,5.882352941176471e-01,32020796
4.101866355391659e+03,4.096572237744600e+03,1.764705882352941e+00,32020795
4.104652072354556e+03,4.102887366472203e+03,5.882352941176471e-01,32020797
4.104764369417956e+03,4.102999663535603e+03,5.882352941176471e-01,32020798
4.105505878561994e+03,4.103741172679641e+03,5.882352941176471e-01,32020799
4.107270584444347e+03,4.104971469385156e+03,5.882352941176471e-01,32020802
4.108237632650962e+03,4.106161588535319e+03,5.882352941176471e-01,32020803
4.108299049372056e+03,4.106534343489703e+03,5.882352941176471e-01,32020804
4.111252811951813e+03,4.104154273981081e+03,1.764705882352941e+00,32020801
4.111252811951813e+03,4.103997615256991e+03,1.764705882352941e+00,32020800
4.113494575470669e+03,4.109965163705964e+03,1.176470588235294e+00,32020805
4.115029267897782e+03,4.113264562015429e+03,5.882352941176471e-01,32020807
4.115486651544528e+03,4.111957239779822e+03,1.176470588235294e+00,32020806
4.116793973780135e+03,4.114688911790576e+03,5.882352941176471e-01,32020809
4.118150833835736e+03,4.114621422071030e+03,1.176470588235294e+00,32020808
4.119915539718089e+03,4.118117216117261e+03,5.882352941176471e-01,32020812
4.120780769191587e+03,4.115106601504878e+03,1.764705882352941e+00,32020810
4.121595920122855e+03,4.118894797395949e+03,5.882352941176471e-01,32020813
4.123402788744002e+03,4.121377457474611e+03,5.882352941176471e-01,32020815
4.123444951482795e+03,4.118066508358150e+03,1.764705882352941e+00,32020811
4.124489373767307e+03,4.122288109202739e+03,5.882352941176471e-01,32020817
4.125188575995751e+03,4.123292498232722e+03,5.882352941176471e-01,32020820
4.126374164550238e+03,4.123549770027431e+03,5.882352941176471e-01,32020821
4.126953281878104e+03,4.124729543568464e+03,5.882352941176471e-01,32020823
4.127500242884976e+03,4.120143264016204e+03,1.176470588235294e+00,32020814
4.128138870432591e+03,4.126282498009495e+03,5.882352941176471e-01,32020824
4.129372755640136e+03,4.127608049757783e+03,5.882352941176471e-01,32020825
4.129638020906078e+03,4.127873315023725e+03,5.882352941176471e-01,32020826
4.130429833105728e+03,4.128665127223375e+03,5.882352941176471e-01,32020827
4.131137461522489e+03,4.128722278031746e+03,5.882352941176471e-01,32020828
4.132398168158551e+03,4.130633462276198e+03,5.882352941176471e-01,32020829
4.134071447014905e+03,4.132306741132552e+03,5.882352941176471e-01,32020830
4.134855059582175e+03,4.133090353699822e+03,5.882352941176471e-01,32020831
4.137101192744710e+03,4.135336486862357e+03,5.882352941176471e-01,32020834
4.139478001427419e+03,4.137427464401541e+03,5.882352941176471e-01,32020837
4.140483740115411e+03,4.133945902668946e+03,1.764705882352941e+00,32020832
4.141652054341877e+03,4.137878506929294e+03,5.882352941176471e-01,32020839
4.142248445997764e+03,4.140296695491629e+03,5.882352941176471e-01,32020843
4.143615551238699e+03,4.141850845356346e+03,5.882352941176471e-01,32020845
4.144204811291559e+03,4.142440105409206e+03,5.882352941176471e-01,32020846
4.145181466106583e+03,4.143378952876887e+03,5.882352941176471e-01,32020847
4.147538280960511e+03,4.135857472945303e+03,1.764705882352941e+00,32020835
4.147538280960511e+03,4.134275000497770e+03,1.764705882352941e+00,32020833
4.151787817023133e+03,4.144279255563559e+03,1.764705882352941e+00,32020848
4.151787817023133e+03,4.140614708742699e+03,1.764705882352941e+00,32020844
4.155450965430512e+03,4.153686259548159e+03,5.882352941176471e-01,32020856
4.156838693747336e+03,4.147481475359047e+03,1.764705882352941e+00,32020851
4.156838693747336e+03,4.146037264392453e+03,1.764705882352941e+00,32020849
4.158164622776764e+03,4.149322183784165e+03,1.176470588235294e+00,32020852
4.158164622776764e+03,4.149989628517572e+03,1.176470588235294e+00,32020854
4.159929328659117e+03,4.149976018798837e+03,1.764705882352941e+00,32020853
4.161694034541470e+03,4.156867161584886e+03,1.176470588235294e+00,32020857
4.161694034541470e+03,4.156876890384621e+03,1.176470588235294e+00,32020858
4.161694034541470e+03,4.158209564212822e+03,5.882352941176471e-01,32020860
4.163458740423823e+03,4.161517626250210e+03,5.882352941176471e-01,32020861
4.165401365159680e+03,4.163636659277327e+03,5.882352941176471e-01,32020864
4.166988152188528e+03,4.161587353538266e+03,1.764705882352941e+00,32020862
4.168844928329909e+03,4.166602365625252e+03,5.882352941176471e-01,32020867
4.168930776924385e+03,4.163596845812364e+03,1.764705882352941e+00,32020863
4.172374340094615e+03,4.165619520682549e+03,1.764705882352941e+00,32020866
4.172374340094615e+03,4.164390844191430e+03,1.764705882352941e+00,32020865
4.173383536943787e+03,4.171618831061434e+03,5.882352941176471e-01,32020869
4.175299928312593e+03,4.173535222430241e+03,5.882352941176471e-01,32020871
4.176310612300192e+03,4.174545906417839e+03,5.882352941176471e-01,32020872
4.177087203489978e+03,4.175322497607625e+03,5.882352941176471e-01,32020873
4.177668457741674e+03,4.171930696569306e+03,1.764705882352941e+00,32020870
4.178075318182545e+03,4.175327413683292e+03,5.882352941176471e-01,32020874
4.182290716493277e+03,4.179893774426818e+03,5.882352941176471e-01,32020878
4.185319067731718e+03,4.178749040445554e+03,1.764705882352941e+00,32020875
4.185820128257983e+03,4.182497535473293e+03,5.882352941176470e-01,32020881
4.185820128257983e+03,4.180145215689174e+03,1.764705882352941e+00,32020879
4.187584834140336e+03,4.185601655569244e+03,5.882352941176471e-01,32020882
4.188848479496424e+03,4.182057322032078e+03,1.764705882352941e+00,32020880
4.188979871236078e+03,4.187215165353725e+03,5.882352941176471e-01,32020883
4.189349540022689e+03,4.187473407809475e+03,5.882352941176471e-01,32020884
4.191086103867625e+03,4.189321397985272e+03,5.882352941176471e-01,32020885
4.191808656137607e+03,4.190043950255254e+03,5.882352941176471e-01,32020886
4.195395197278490e+03,4.193630491396137e+03,5.882352941176471e-01,32020887
4.199084044464671e+03,4.197319338582318e+03,5.882352941176471e-01,32020888
4.199197487829620e+03,4.197432781947267e+03,5.882352941176471e-01,32020889
4.202291634151942e+03,4.200526928269589e+03,5.882352941176471e-01,32020892
4.203368144555810e+03,4.198074026908751e+03,1.764705882352941e+00,32020890
4.203784676514276e+03,4.201450085844409e+03,5.882352941176471e-01,32020893
4.205821045916648e+03,4.200255264749570e+03,1.764705882352941e+00,32020891
4.207159637219655e+03,4.205394931337303e+03,5.882352941176471e-01,32020895
4.209364393290088e+03,4.204070275643029e+03,1.764705882352941e+00,32020894
4.209895177517514e+03,4.206365765752808e+03,1.176470588235294e+00,32020896
4.211490621637776e+03,4.209725915755423e+03,5.882352941176471e-01,32020898
4.213050262261449e+03,4.207756144614390e+03,1.764705882352941e+00,32020897
4.215555871181367e+03,4.210261753534308e+03,1.764705882352941e+00,32020899
4.218265311214498e+03,4.216500605332145e+03,5.882352941176471e-01,32020901
4.218376447193633e+03,4.213082329546574e+03,1.764705882352941e+00,32020900
4.218623486448417e+03,4.216858780566064e+03,5.882352941176471e-01,32020902
4.220080588384413e+03,4.216960470595180e+03,5.882352941176471e-01,32020903
4.221905858958339e+03,4.220105219512160e+03,5.882352941176471e-01,32020910
4.223646440276842e+03,4.221492927153516e+03,5.882352941176471e-01,32020915
4.223646440276842e+03,4.221423073255644e+03,5.882352941176471e-01,32020914
4.225217977211809e+03,4.218404444031953e+03,1.176470588235294e+00,32020906
4.226982683094162e+03,4.224595042709558e+03,5.882352941176470e-01,32020916
4.226982683094162e+03,4.218809160393978e+03,1.764705882352941e+00,32020908
4.226982683094162e+03,4.218366453789621e+03,1.764705882352941e+00,32020905
4.228747388976515e+03,4.225829218739118e+03,5.882352941176471e-01,32020917
4.228747388976515e+03,4.226303795083875e+03,5.882352941176471e-01,32020919
4.230512094858868e+03,4.227349480682271e+03,5.882352941176471e-01,32020920
4.230512094858868e+03,4.228032394286777e+03,5.882352941176471e-01,32020922
4.232276800741221e+03,4.230481351302798e+03,5.882352941176471e-01,32020925
4.232276800741221e+03,4.230255120814639e+03,5.882352941176471e-01,32020924
4.232370406805508e+03,4.230605700923155e+03,5.882352941176471e-01,32020926
4.235806212505927e+03,4.227903272310739e+03,1.764705882352941e+00,32020921
4.235806212505927e+03,4.225968987733648e+03,1.764705882352941e+00,32020918
4.235822527394593e+03,4.234057821512240e+03,5.882352941176471e-01,32020928
4.237579075832613e+03,4.234190287701270e+03,5.882352941176471e-01,32020929
4.237579075832613e+03,4.234474449821390e+03,5.882352941176471e-01,32020930
4.237579075832613e+03,4.235509625954257e+03,5.882352941176471e-01,32020931
4.239484322689135e+03,4.237719616806782e+03,5.882352941176471e-01,32020933
4.240228673497990e+03,4.238463967615637e+03,5.882352941176471e-01,32020934
4.241092172708653e+03,4.231949771574350e+03,1.764705882352941e+00,32020927
4.241621203975915e+03,4.239045179287384e+03,5.882352941176471e-01,32020935
4.243385909858268e+03,4.241306832303780e+03,5.882352941176471e-01,32020941
4.247128189665058e+03,4.240386648444353e+03,1.764705882352941e+00,32020937
4.247128189665058e+03,4.239342395658527e+03,1.764705882352941e+00,32020936
4.248598140993794e+03,4.244919053683505e+03,5.882352941176471e-01,32020944
4.248892895547411e+03,4.246962677714810e+03,5.882352941176471e-01,32020951
4.250510224152955e+03,4.248067829303868e+03,5.882352941176471e-01,32020953
4.252274930035308e+03,4.249337977738534e+03,5.882352941176471e-01,32020954
4.252719028772866e+03,4.242260695054489e+03,1.764705882352941e+00,32020942
4.254039635917661e+03,4.252205467243072e+03,5.882352941176471e-01,32020957
4.254039635917661e+03,4.252063259628978e+03,5.882352941176471e-01,32020956
4.255804341800014e+03,4.252812690380506e+03,5.882352941176471e-01,32020959
4.257924381888049e+03,4.247239846930716e+03,1.764705882352941e+00,32020952
4.259493027355351e+03,4.257064089381968e+03,5.882352941176471e-01,32020964
4.261404778548992e+03,4.254278546603607e+03,1.764705882352941e+00,32020960
4.261404778548992e+03,4.252493169011517e+03,1.764705882352941e+00,32020958
4.263355864818961e+03,4.261591158936608e+03,5.882352941176471e-01,32020967
4.263798638991289e+03,4.262033933108936e+03,5.882352941176471e-01,32020968
4.264934190313698e+03,4.262155010011650e+03,5.882352941176471e-01,32020969
4.266775593595242e+03,4.260159544238159e+03,1.764705882352941e+00,32020965
4.266958867987374e+03,4.265194162105021e+03,5.882352941176471e-01,32020970
4.267328050755995e+03,4.261163626470585e+03,1.764705882352941e+00,32020966
4.268740946849504e+03,4.266976240967151e+03,5.882352941176471e-01,32020971
4.273752504469991e+03,4.271987798587638e+03,5.882352941176471e-01,32020975
4.273825084018299e+03,4.268530966371240e+03,1.764705882352941e+00,32020972
4.275360601827879e+03,4.272335055216366e+03,5.882352941176471e-01,32020976
4.275425873174610e+03,4.270131755527551e+03,1.176470588235294e+00,32020973
4.277125307710232e+03,4.274079743754031e+03,5.882352941176471e-01,32020979
4.278890013592585e+03,4.277079213989969e+03,5.882352941176471e-01,32020980
4.278955284939316e+03,4.271831190063173e+03,1.764705882352941e+00,32020974
4.279246531533224e+03,4.273808863536457e+03,1.764705882352941e+00,32020977
4.280719990821669e+03,4.278906904611656e+03,5.882352941176471e-01,32020983
4.281294003569692e+03,4.279529297687339e+03,5.882352941176471e-01,32020984
4.282427870866826e+03,4.279740019221704e+03,5.882352941176471e-01,32020985
4.283776868565790e+03,4.282012162683437e+03,5.882352941176471e-01,32020986
4.284249402586374e+03,4.277135785026824e+03,1.764705882352941e+00,32020981
4.285732357749450e+03,4.282900464276802e+03,5.882352941176471e-01,32020988
4.286014108468727e+03,4.284063043517750e+03,5.882352941176471e-01,32020991
4.287824927872543e+03,4.286060221990190e+03,5.882352941176471e-01,32020992
4.288031735108522e+03,4.282737617461464e+03,1.764705882352941e+00,32020987
4.289817062296545e+03,4.288052356414192e+03,5.882352941176471e-01,32020993
4.289956520901175e+03,4.288191815018822e+03,5.882352941176471e-01,32020994
4.290384086000101e+03,4.288619380117748e+03,5.882352941176471e-01,32020995
4.291581768178898e+03,4.289247043565368e+03,5.882352941176471e-01,32020996
4.291728953426732e+03,4.289964247544379e+03,5.882352941176471e-01,32020997
4.292908848947625e+03,4.291144143065272e+03,5.882352941176471e-01,32020998
4.293924589036720e+03,4.292159883154367e+03,5.882352941176471e-01,32021000
4.294673554829978e+03,4.292768710265359e+03,5.882352941176471e-01,32021001
4.295318750963348e+03,4.293001962615902e+03,5.882352941176471e-01,32021002
4.295689294919073e+03,4.291789339198642e+03,1.176470588235294e+00,32020999
4.297280647057185e+03,4.295515941174832e+03,5.882352941176471e-01,32021003
4.297321765899288e+03,4.295557060016935e+03,5.882352941176471e-01,32021004
4.302865953560688e+03,4.301101247678335e+03,5.882352941176471e-01,32021007
4.304048045725829e+03,4.298753928078770e+03,1.764705882352941e+00,32021005
4.305517943228746e+03,4.300223825581687e+03,1.764705882352941e+00,32021006
4.307730883427086e+03,4.305966177544733e+03,5.882352941176471e-01,32021009
4.309495589309439e+03,4.307321153699275e+03,5.882352941176471e-01,32021012
4.310099880040663e+03,4.307904576953797e+03,5.882352941176471e-01,32021013
4.311824049714998e+03,4.305159311936782e+03,1.176470588235294e+00,32021008
4.312341032486547e+03,4.310576326604194e+03,5.882352941176471e-01,32021017
4.313373383818837e+03,4.306369977355045e+03,1.176470588235294e+00,32021010
4.314105738368900e+03,4.311933675852712e+03,5.882352941176471e-01,32021018
4.315138089701190e+03,4.312831740261010e+03,5.882352941176470e-01,32021019
4.315138089701190e+03,4.306964554027154e+03,1.764705882352941e+00,32021011
4.317054880077543e+03,4.315290174195190e+03,5.882352941176471e-01,32021021
4.317635150133606e+03,4.309423148289377e+03,1.764705882352941e+00,32021016
4.318667501465896e+03,4.315877065252052e+03,5.882352941176471e-01,32021022
4.319831459187454e+03,4.318066753305101e+03,5.882352941176471e-01,32021023
4.320584291842249e+03,4.314514086616330e+03,1.764705882352941e+00,32021020
4.321091381133483e+03,4.319326675251130e+03,5.882352941176471e-01,32021024
4.322926323293118e+03,4.321161617410765e+03,5.882352941176471e-01,32021026
4.324689527716498e+03,4.322201801841589e+03,5.882352941176471e-01,32021028
4.325594917222518e+03,4.323163739663760e+03,5.882352941176471e-01,32021029
4.326455735057824e+03,4.321160115951792e+03,1.764705882352941e+00,32021025
4.328218939481204e+03,4.322065505457812e+03,1.764705882352941e+00,32021027
4.331790029016756e+03,4.330025323134403e+03,5.882352941176471e-01,32021032
4.332091751358588e+03,4.326797633711529e+03,1.764705882352941e+00,32021030
4.333856457240941e+03,4.329641141227951e+03,1.176470588235294e+00,32021031
4.335585994168668e+03,4.333821288286315e+03,5.882352941176471e-01,32021036
4.337791993129078e+03,4.331777675942073e+03,1.764705882352941e+00,32021034
4.337791993129078e+03,4.330773382464863e+03,1.764705882352941e+00,32021033
4.339115405933373e+03,4.333103650668379e+03,1.764705882352941e+00,32021035
4.339712150325342e+03,4.336487112581022e+03,5.882352941176471e-01,32021038
4.339712150325342e+03,4.336262187032572e+03,5.882352941176471e-01,32021037
4.340880111815726e+03,4.338258347070812e+03,5.882352941176471e-01,32021040
4.343241562090048e+03,4.339213112415075e+03,1.176470588235294e+00,32021041
4.345006267972401e+03,4.339511094144152e+03,1.764705882352941e+00,32021042
4.346770973854754e+03,4.344711162325135e+03,5.882352941176471e-01,32021047
4.347549614848343e+03,4.340568498221703e+03,1.176470588235294e+00,32021043
4.349314320730696e+03,4.342016849405528e+03,1.764705882352941e+00,32021044
4.350300385619460e+03,4.343261875932718e+03,1.764705882352941e+00,32021046
4.351079026613049e+03,4.347872814297946e+03,5.882352941176471e-01,32021051
4.352065091501813e+03,4.349785524312420e+03,5.882352941176471e-01,32021054
4.352843732495402e+03,4.347693804355856e+03,1.176470588235294e+00,32021050
4.353829797384166e+03,4.351769003604675e+03,5.882352941176471e-01,32021055
4.354608438377755e+03,4.352760985600182e+03,5.882352941176470e-01,32021056
4.354608438377755e+03,4.347069704832300e+03,1.764705882352941e+00,32021048
4.355594503266519e+03,4.353791262002002e+03,5.882352941176471e-01,32021057
4.356616734439933e+03,4.354852028557580e+03,5.882352941176471e-01,32021058
4.358882563226343e+03,4.357117857343990e+03,5.882352941176471e-01,32021060
4.360178780975906e+03,4.358414075093553e+03,5.882352941176471e-01,32021061
4.360647269108696e+03,4.358764238900565e+03,5.882352941176471e-01,32021062
4.361894788712023e+03,4.356600671064964e+03,1.764705882352941e+00,32021059
4.362118725476860e+03,4.360354019594507e+03,5.882352941176471e-01,32021063
4.363279193232355e+03,4.361514487350002e+03,5.882352941176471e-01,32021064
4.363771462976795e+03,4.361558598271834e+03,5.882352941176471e-01,32021065
4.365536168859148e+03,4.361839430924830e+03,1.176470588235294e+00,32021066
4.367300874741500e+03,4.365199663608775e+03,5.882352941176471e-01,32021069
4.368150406125606e+03,4.365776914185490e+03,5.882352941176471e-01,32021071
4.369065580623853e+03,4.366892699610683e+03,5.882352941176471e-01,32021072
4.369915112007959e+03,4.367984562481681e+03,5.882352941176471e-01,32021073
4.372289934222477e+03,4.364729705417071e+03,1.764705882352941e+00,32021068
4.372289934222477e+03,4.364512283304729e+03,1.764705882352941e+00,32021067
4.375064759334306e+03,4.373300053451953e+03,5.882352941176471e-01,32021076
4.376470319457137e+03,4.374353948083294e+03,5.882352941176471e-01,32021078
4.378235025339490e+03,4.375829689675697e+03,5.882352941176471e-01,32021080
4.378790707312457e+03,4.372714408300296e+03,1.764705882352941e+00,32021074
4.379999731221842e+03,4.377887571090897e+03,5.882352941176471e-01,32021082
4.379999731221842e+03,4.377094417909792e+03,5.882352941176471e-01,32021081
4.380555413194810e+03,4.378668160417511e+03,5.882352941176471e-01,32021084
4.381776415511503e+03,4.380011709629150e+03,5.882352941176471e-01,32021086
4.383535132190202e+03,4.381400071132827e+03,5.882352941176471e-01,32021089
4.384217772933071e+03,4.382453067050718e+03,5.882352941176471e-01,32021090
4.385299838072555e+03,4.382491699076737e+03,5.882352941176471e-01,32021091
4.385982478815424e+03,4.383790030899938e+03,5.882352941176471e-01,32021092
4.387064543954908e+03,4.384337536591563e+03,5.882352941176471e-01,32021093
4.387119530119345e+03,4.374304972192285e+03,1.764705882352941e+00,32021077
4.387785584888555e+03,4.385515963602476e+03,5.882352941176471e-01,32021094
4.388829249837261e+03,4.386059279196981e+03,5.882352941176471e-01,32021096
4.391092978396858e+03,4.380480629670575e+03,1.764705882352941e+00,32021087
4.391092978396858e+03,4.379086053349742e+03,1.764705882352941e+00,32021085
4.392141813980859e+03,4.390377108098506e+03,5.882352941176471e-01,32021097
4.393592340867492e+03,4.391827634985139e+03,5.882352941176471e-01,32021099
4.395044068068345e+03,4.393175939577171e+03,5.882352941176471e-01,32021101
4.395357046749845e+03,4.393295978303708e+03,5.882352941176471e-01,32021102
4.396132850257866e+03,4.394368144375513e+03,5.882352941176471e-01,32021103
4.398603275680437e+03,4.392350051506432e+03,1.764705882352941e+00,32021100
4.398603275680437e+03,4.391514656303639e+03,1.764705882352941e+00,32021098
4.398903355961064e+03,4.397138650078711e+03,5.882352941176471e-01,32021104
4.405745053168374e+03,4.403580864748433e+03,5.882352941176471e-01,32021108
4.406911254812849e+03,4.401617137165790e+03,1.764705882352941e+00,32021105
4.407783866330486e+03,4.402763855963186e+03,1.176470588235294e+00,32021107
4.407783866330486e+03,4.402215641403668e+03,1.176470588235294e+00,32021106
4.410440666577555e+03,4.404328709901969e+03,1.764705882352941e+00,32021109
4.411829733678711e+03,4.409038668284332e+03,5.882352941176471e-01,32021112
4.413719652488130e+03,4.409195681581097e+03,1.176470588235294e+00,32021113
4.415484358370483e+03,4.412802562388576e+03,5.882352941176470e-01,32021116
4.415484358370483e+03,4.408319268103221e+03,1.764705882352941e+00,32021111
4.415484358370483e+03,4.408262429535574e+03,1.764705882352941e+00,32021110
4.417249064252836e+03,4.415348689817707e+03,5.882352941176471e-01,32021118
4.417249064252836e+03,4.414266543235860e+03,5.882352941176471e-01,32021117
4.419013770135189e+03,4.410135125412470e+03,1.764705882352941e+00,32021115
4.420778476017542e+03,4.418145135093798e+03,5.882352941176471e-01,32021122
4.422727943332276e+03,4.419807587843281e+03,5.882352941176471e-01,32021123
4.422841872180215e+03,4.416857129695123e+03,1.764705882352941e+00,32021120
4.422841872180215e+03,4.416323436494463e+03,1.764705882352941e+00,32021119
4.424492649214629e+03,4.421055618166114e+03,5.882352941176471e-01,32021126
4.424976345586606e+03,4.423211639704254e+03,5.882352941176471e-01,32021127
4.426970093071449e+03,4.425205387189097e+03,5.882352941176471e-01,32021130
4.428261751121705e+03,4.424732339356999e+03,1.176470588235294e+00,32021128
4.428891963691108e+03,4.427127257808755e+03,5.882352941176471e-01,32021131
4.430187006974950e+03,4.424892889327891e+03,1.764705882352941e+00,32021129
4.430565857748721e+03,4.428801151866368e+03,5.882352941176471e-01,32021132
4.432818921007081e+03,4.431054215124728e+03,5.882352941176471e-01,32021133
4.435124385512227e+03,4.433359679629874e+03,5.882352941176471e-01,32021134
4.435440343881783e+03,4.433675637999430e+03,5.882352941176471e-01,32021135
4.440101674851732e+03,4.438127684969886e+03,5.882352941176471e-01,32021143
4.441044586180614e+03,4.435261064775362e+03,1.176470588235294e+00,32021139
4.441321721519707e+03,4.434807557204674e+03,1.764705882352941e+00,32021136
4.441866380734085e+03,4.439876880520099e+03,5.882352941176471e-01,32021144
4.443829865768851e+03,4.442065159886498e+03,5.882352941176471e-01,32021146
4.443930218124891e+03,4.442165512242538e+03,5.882352941176471e-01,32021147
4.445644747829224e+03,4.443570337658363e+03,5.882352941176471e-01,32021151
4.447098759068225e+03,4.445334053185872e+03,5.882352941176471e-01,32021152
4.448863464950577e+03,4.446793899083757e+03,5.882352941176471e-01,32021153
4.449091802663946e+03,4.442994775407757e+03,1.764705882352941e+00,32021148
4.449091802663946e+03,4.441552849112800e+03,1.764705882352941e+00,32021145
4.450856508546299e+03,4.449054131397331e+03,5.882352941176471e-01,32021154
4.452392876715283e+03,4.443491711891950e+03,1.764705882352941e+00,32021150
4.452713888371039e+03,4.450949182488686e+03,5.882352941176471e-01,32021155
4.453685354969364e+03,4.451920649087011e+03,5.882352941176471e-01,32021156
4.455013252305821e+03,4.453248546423468e+03,5.882352941176471e-01,32021158
4.455463578098151e+03,4.453698872215798e+03,5.882352941176471e-01,32021159
4.456281047873839e+03,4.452751636109133e+03,1.176470588235294e+00,32021157
4.458196308053125e+03,4.456431602170773e+03,5.882352941176471e-01,32021161
4.458786343689168e+03,4.457021637806815e+03,5.882352941176471e-01,32021162
4.460307369952880e+03,4.454747131478197e+03,1.764705882352941e+00,32021160
4.462072075835233e+03,4.460260309834300e+03,5.882352941176471e-01,32021167
4.462378559409033e+03,4.460613853526680e+03,5.882352941176471e-01,32021168
4.463549522906750e+03,4.457244952788597e+03,1.176470588235294e+00,32021163
4.463836781717586e+03,4.461938637473745e+03,5.882352941176471e-01,32021169
4.465314228789103e+03,4.462835584345420e+03,5.882352941176471e-01,32021170
4.466136483641932e+03,4.458440110376576e+03,1.764705882352941e+00,32021165
4.468714691276944e+03,4.466949985394591e+03,5.882352941176471e-01,32021173
4.468750295305242e+03,4.465220883540536e+03,1.176470588235294e+00,32021171
4.469824682651922e+03,4.467259070689702e+03,5.882352941176471e-01,32021175
4.469824682651922e+03,4.467160859459757e+03,5.882352941176471e-01,32021174
4.472279707069948e+03,4.465640556379842e+03,1.764705882352941e+00,32021172
4.474600280079878e+03,4.472835574197525e+03,5.882352941176471e-01,32021178
4.475342737887688e+03,4.470048620240629e+03,1.764705882352941e+00,32021176
4.475876900650366e+03,4.472347488885660e+03,1.176470588235294e+00,32021177
4.480128637824608e+03,4.474834520177549e+03,1.764705882352941e+00,32021179
4.481048005328231e+03,4.479283299445878e+03,5.882352941176471e-01,32021180
4.481861966358628e+03,4.480097260476276e+03,5.882352941176471e-01,32021181
4.483626672240981e+03,4.481669514237970e+03,5.882352941176471e-01,32021185
4.485391378123334e+03,4.480504155622870e+03,1.176470588235294e+00,32021183
4.485587591549108e+03,4.480293473902050e+03,1.764705882352941e+00,32021182
4.487858236863268e+03,4.486093530980915e+03,5.882352941176471e-01,32021187
4.488417583312512e+03,4.482780188989639e+03,1.764705882352941e+00,32021186
4.489091912776900e+03,4.487327206894547e+03,5.882352941176471e-01,32021188
4.491511748247795e+03,4.489747042365442e+03,5.882352941176471e-01,32021190
4.493238795898827e+03,4.487944678251768e+03,1.764705882352941e+00,32021189
4.494302860445381e+03,4.492538154563028e+03,5.882352941176471e-01,32021193
4.496662715407647e+03,4.490630298193468e+03,1.764705882352941e+00,32021191
4.496768207663532e+03,4.494805642275990e+03,5.882352941176471e-01,32021195
4.497832272210087e+03,4.491126044726233e+03,1.764705882352941e+00,32021192
4.498497749460590e+03,4.495761467834120e+03,5.882352941176471e-01,32021196
4.500262455342943e+03,4.496166544190402e+03,1.176470588235294e+00,32021197
4.501361683974793e+03,4.493151270534857e+03,1.764705882352941e+00,32021194
4.501567561431762e+03,4.499802855549409e+03,5.882352941176471e-01,32021199
4.503172144397922e+03,4.500270371117323e+03,5.882352941176471e-01,32021201
4.505556572990002e+03,4.499842737659740e+03,1.764705882352941e+00,32021200
4.506701556162628e+03,4.504362263545862e+03,5.882352941176471e-01,32021206
4.506861679078821e+03,4.501430315785957e+03,1.764705882352941e+00,32021204
4.509085984754708e+03,4.502315204634974e+03,1.764705882352941e+00,32021205
4.510203696778959e+03,4.508438990896606e+03,5.882352941176471e-01,32021208
4.510850690637061e+03,4.509014830223186e+03,5.882352941176471e-01,32021209
4.512291899590363e+03,4.509768387603379e+03,5.882352941176471e-01,32021211
4.512291899590363e+03,4.509655126443579e+03,5.882352941176471e-01,32021210
4.512635199035854e+03,4.507341081388796e+03,1.764705882352941e+00,32021207
4.514171038621213e+03,4.512042578814937e+03,5.882352941176471e-01,32021213
4.515935744503566e+03,4.513723219568646e+03,5.882352941176471e-01,32021216
4.515935744503566e+03,4.513125860196159e+03,5.882352941176471e-01,32021215
4.517740808071125e+03,4.515469051617871e+03,5.882352941176471e-01,32021218
4.517905804598127e+03,4.511774070216513e+03,1.764705882352941e+00,32021212
4.519505513953477e+03,4.517688348764964e+03,5.882352941176471e-01,32021221
4.519505513953477e+03,4.516056817559183e+03,5.882352941176471e-01,32021220
4.519763018036366e+03,4.517998312154013e+03,5.882352941176471e-01,32021222
4.521177712279945e+03,4.514581747045630e+03,1.176470588235294e+00,32021217
4.521933277775251e+03,4.520168571892899e+03,5.882352941176471e-01,32021224
4.522988671940241e+03,4.520687734068242e+03,5.882352941176471e-01,32021226
4.524081015242417e+03,4.521516302346862e+03,5.882352941176471e-01,32021227
4.524753377822594e+03,4.522699340944877e+03,5.882352941176471e-01,32021229
4.526181902414858e+03,4.523925924632787e+03,5.882352941176471e-01,32021231
4.526181902414858e+03,4.523634808088852e+03,5.882352941176471e-01,32021230
4.526841151779252e+03,4.518571266344130e+03,1.764705882352941e+00,32021223
4.530055182962216e+03,4.525179550068861e+03,1.176470588235294e+00,32021232
4.531504508262826e+03,4.529539337143279e+03,5.882352941176471e-01,32021237
4.531819888844569e+03,4.525756685699854e+03,1.764705882352941e+00,32021233
4.533584594726922e+03,4.526267367017585e+03,1.764705882352941e+00,32021235
4.539483173824103e+03,4.534189056177044e+03,1.764705882352941e+00,32021238
4.539580666981212e+03,4.534286549334153e+03,1.764705882352941e+00,32021239
4.541312875144529e+03,4.538415551936854e+03,5.882352941176471e-01,32021241
4.541740254963516e+03,4.539844875195140e+03,5.882352941176471e-01,32021244
4.543077581026882e+03,4.538676761197286e+03,1.176470588235294e+00,32021242
4.544842286909234e+03,4.538210843198810e+03,1.764705882352941e+00,32021240
4.545306441027580e+03,4.543541735145227e+03,5.882352941176471e-01,32021246
4.546839069850760e+03,4.544313510388887e+03,5.882352941176471e-01,32021249
4.548625064668207e+03,4.546860358785854e+03,5.882352941176471e-01,32021251
4.549621574500897e+03,4.542376798057879e+03,1.764705882352941e+00,32021245
4.552133187497819e+03,4.544275946197230e+03,1.764705882352941e+00,32021248
4.553150986265603e+03,4.546278115649798e+03,1.764705882352941e+00,32021250
4.553897893380172e+03,4.550848792424191e+03,5.882352941176471e-01,32021254
4.557053851587594e+03,4.550234719832728e+03,1.764705882352941e+00,32021253
4.557053851587594e+03,4.547573033480758e+03,1.764705882352941e+00,32021252
4.557427305144878e+03,4.550876135597145e+03,1.764705882352941e+00,32021255
4.558818557469946e+03,4.556563290050282e+03,5.882352941176471e-01,32021260
4.560230352352482e+03,4.558465646470129e+03,5.882352941176471e-01,32021261
4.560583263352299e+03,4.558554391234932e+03,5.882352941176471e-01,32021263
4.563322319066412e+03,4.561557613184060e+03,5.882352941176471e-01,32021264
4.563797348409073e+03,4.558503230762014e+03,1.764705882352941e+00,32021262
4.568696856677351e+03,4.563402739030292e+03,1.764705882352941e+00,32021265
4.568915767036397e+03,4.567151061154044e+03,5.882352941176471e-01,32021266
4.569909702277153e+03,4.568144996394800e+03,5.882352941176471e-01,32021267
4.570461562559704e+03,4.568196206926665e+03,5.882352941176471e-01,32021268
4.570680472918750e+03,4.568773179421050e+03,5.882352941176471e-01,32021269
4.571674408159505e+03,4.569812986874304e+03,5.882352941176471e-01,32021270
4.572335723621580e+03,4.570265517453643e+03,5.882352941176471e-01,32021272
4.574311711293398e+03,4.572547005411045e+03,5.882352941176471e-01,32021274
4.575268620532752e+03,4.571739208768046e+03,1.176470588235294e+00,32021273
4.575865135386286e+03,4.569924214504999e+03,1.764705882352941e+00,32021271
4.576203546205032e+03,4.573696221042814e+03,5.882352941176471e-01,32021275
4.577041521791988e+03,4.574565969351960e+03,5.882352941176471e-01,32021277
4.577855448481136e+03,4.575408610640729e+03,5.882352941176471e-01,32021280
4.579676699692287e+03,4.577911993809934e+03,5.882352941176471e-01,32021283
4.581384860245842e+03,4.575285011286519e+03,1.764705882352941e+00,32021279
4.581441405574640e+03,4.579172079601805e+03,5.882352941176471e-01,32021284
4.582335639439047e+03,4.576787397061261e+03,1.764705882352941e+00,32021282
4.583187263014060e+03,4.579737095773378e+03,5.882352941176471e-01,32021285
4.586716674778766e+03,4.579956979407106e+03,1.764705882352941e+00,32021286
4.589918064441184e+03,4.583893956261378e+03,1.176470588235294e+00,32021288
4.591682770323537e+03,4.585414213245891e+03,1.764705882352941e+00,32021289
4.592838492922640e+03,4.586016875068068e+03,1.764705882352941e+00,32021291
4.593447476205890e+03,4.591457012644587e+03,5.882352941176471e-01,32021295
4.595212182088243e+03,4.589674537305271e+03,1.764705882352941e+00,32021294
4.596114794253170e+03,4.594350088370817e+03,5.882352941176471e-01,32021296
4.599638375349429e+03,4.597873669467076e+03,5.882352941176471e-01,32021298
4.600267241755321e+03,4.594973124108262e+03,1.764705882352941e+00,32021297
4.600695215031617e+03,4.598930509149264e+03,5.882352941176471e-01,32021299
4.604084094596933e+03,4.602319388714580e+03,5.882352941176471e-01,32021301
4.606577386082497e+03,4.601283268435438e+03,1.764705882352941e+00,32021300
4.606670047571328e+03,4.604905341688976e+03,5.882352941176471e-01,32021303
4.608856705114391e+03,4.607091999232038e+03,5.882352941176471e-01,32021304
4.609916786650114e+03,4.604622669003056e+03,1.764705882352941e+00,32021302
4.610703561180211e+03,4.608938855297858e+03,5.882352941176471e-01,32021305
4.611697338034895e+03,4.609932632152542e+03,5.882352941176471e-01,32021306
4.611881405530397e+03,4.610116699648044e+03,5.882352941176471e-01,32021307
4.612850963845921e+03,4.611086257963568e+03,5.882352941176471e-01,32021308
4.613966501898705e+03,4.612201796016352e+03,5.882352941176471e-01,32021309
4.615152871174441e+03,4.613388165292088e+03,5.882352941176471e-01,32021311
4.617598994528105e+03,4.615704289658673e+03,5.882352941176471e-01,32021314
4.618181267990131e+03,4.612887150343073e+03,1.764705882352941e+00,32021310
4.618682282939147e+03,4.616362201217358e+03,5.882352941176471e-01,32021315
4.620196481346992e+03,4.618050781823691e+03,5.882352941176471e-01,32021317
4.621323376032688e+03,4.614069582763399e+03,1.764705882352941e+00,32021312
4.623725893111698e+03,4.617988934007859e+03,1.764705882352941e+00,32021316
4.626070049650177e+03,4.624305343767824e+03,5.882352941176471e-01,32021319
4.627233873748015e+03,4.621939756100957e+03,1.764705882352941e+00,32021318
4.628998579630368e+03,4.626452617132890e+03,5.882352941176471e-01,32021323
4.631831666409713e+03,4.624544017007417e+03,1.764705882352941e+00,32021320
4.631831666409713e+03,4.624569843179614e+03,1.764705882352941e+00,32021321
4.631831666409713e+03,4.624790801870043e+03,1.764705882352941e+00,32021322
4.633596372292066e+03,4.630099729440758e+03,5.882352941176471e-01,32021325
4.635361078174419e+03,4.632424746285485e+03,5.882352941176471e-01,32021327
4.637125784056772e+03,4.630518125327916e+03,1.764705882352941e+00,32021326
4.637125784056772e+03,4.630085207312208e+03,1.764705882352941e+00,32021324
4.638893150133652e+03,4.635369058758001e+03,5.882352941176471e-01,32021331
4.638893150133652e+03,4.635668349265097e+03,5.882352941176471e-01,32021333
4.640657856016005e+03,4.637140364784057e+03,5.882352941176471e-01,32021335
4.642422561898358e+03,4.639093777730530e+03,5.882352941176470e-01,32021336
4.642422561898358e+03,4.635615668911255e+03,1.764705882352941e+00,32021332
4.642422561898358e+03,4.633989878487478e+03,1.764705882352941e+00,32021328
4.644187267780711e+03,4.642105206649328e+03,5.882352941176471e-01,32021340
4.645286081911202e+03,4.643521376028849e+03,5.882352941176471e-01,32021341
4.647397014885985e+03,4.645632309003632e+03,5.882352941176471e-01,32021343
4.648306297034800e+03,4.646541591152447e+03,5.882352941176471e-01,32021344
4.649262360250933e+03,4.643968242603874e+03,1.764705882352941e+00,32021342
4.650498714783922e+03,4.648270535908682e+03,5.882352941176471e-01,32021347
4.650498714783922e+03,4.648185034068511e+03,5.882352941176471e-01,32021346
4.652791772015639e+03,4.647165385877215e+03,1.764705882352941e+00,32021345
4.652797760919967e+03,4.651033055037614e+03,5.882352941176471e-01,32021349
4.655792832430981e+03,4.650358918327449e+03,1.764705882352941e+00,32021348
4.657684446491706e+03,4.655919740609353e+03,5.882352941176471e-01,32021351
4.658719731366875e+03,4.653425613719816e+03,1.764705882352941e+00,32021350
4.660338550519487e+03,4.658573844637135e+03,5.882352941176471e-01,32021352
4.664704946791170e+03,4.662940240908817e+03,5.882352941176471e-01,32021354
4.666187341409391e+03,4.664422635527038e+03,5.882352941176471e-01,32021355
4.666622379810141e+03,4.664857673927788e+03,5.882352941176471e-01,32021356
4.667886870782537e+03,4.662592753135478e+03,1.764705882352941e+00,32021353
4.668540664947303e+03,4.666775959064950e+03,5.882352941176471e-01,32021358
4.669716753174097e+03,4.665921723026638e+03,1.176470588235294e+00,32021357
4.670329802615031e+03,4.668565096732678e+03,5.882352941176471e-01,32021359
4.672337630854241e+03,4.670572924971888e+03,5.882352941176471e-01,32021360
4.673082343016016e+03,4.671317637133663e+03,5.882352941176471e-01,32021361
4.677019251846779e+03,4.675254545964426e+03,5.882352941176471e-01,32021364
4.677482092285106e+03,4.672187974638047e+03,1.764705882352941e+00,32021362
4.677962647237503e+03,4.672668529590444e+03,1.764705882352941e+00,32021363
4.680677719253928e+03,4.678573405333825e+03,5.882352941176471e-01,32021370
4.682040448852299e+03,4.679926487736207e+03,5.882352941176471e-01,32021372
4.682609317534223e+03,4.675854087201288e+03,1.176470588235294e+00,32021365
4.684374023416576e+03,4.677212835310444e+03,1.764705882352941e+00,32021368
4.685854294957967e+03,4.679530609422109e+03,1.764705882352941e+00,32021371
4.685854294957967e+03,4.678511037087593e+03,1.764705882352941e+00,32021369
4.686138729298929e+03,4.682612162311457e+03,5.882352941176471e-01,32021373
4.687619000840320e+03,4.684462425965018e+03,5.882352941176471e-01,32021374
4.687853558948543e+03,4.686088853066190e+03,5.882352941176471e-01,32021375
4.688066694302999e+03,4.686301988420646e+03,5.882352941176471e-01,32021376
4.689383706722673e+03,4.686888295805977e+03,5.882352941176471e-01,32021377
4.689769732940734e+03,4.688005027058381e+03,5.882352941176471e-01,32021378
4.690783172873856e+03,4.689018466991503e+03,5.882352941176471e-01,32021379
4.692026158638357e+03,4.690261452756004e+03,5.882352941176471e-01,32021380
4.692635529362052e+03,4.690870823479699e+03,5.882352941176471e-01,32021381
4.693134201556244e+03,4.691369495673891e+03,5.882352941176471e-01,32021382
4.693796779499145e+03,4.691622052171582e+03,5.882352941176471e-01,32021383
4.694732683373866e+03,4.692154878518015e+03,5.882352941176471e-01,32021387
4.694732683373866e+03,4.692035031106009e+03,5.882352941176471e-01,32021386
4.697220392506840e+03,4.695455686624487e+03,5.882352941176471e-01,32021391
4.697956443030680e+03,4.694427031265974e+03,1.176470588235294e+00,32021389
4.698262095138572e+03,4.696451681468871e+03,5.882352941176471e-01,32021392
4.698985098389193e+03,4.697048296290580e+03,5.882352941176471e-01,32021393
4.700232028860714e+03,4.698467322978361e+03,5.882352941176471e-01,32021394
4.701485854795386e+03,4.694499295787631e+03,1.764705882352941e+00,32021390
4.704276012647452e+03,4.702511306765099e+03,5.882352941176471e-01,32021397
4.704476010663283e+03,4.699181893016224e+03,1.764705882352941e+00,32021395
4.706240716545636e+03,4.701389098830910e+03,1.176470588235294e+00,32021396
4.707615443962991e+03,4.705001808044916e+03,5.882352941176471e-01,32021401
4.709380149845344e+03,4.707357905942934e+03,5.882352941176471e-01,32021405
4.709429965858350e+03,4.707665259975997e+03,5.882352941176471e-01,32021406
4.712434713799929e+03,4.702818831060881e+03,1.764705882352941e+00,32021399
4.712434713799929e+03,4.702797647626307e+03,1.764705882352941e+00,32021398
4.712959377623056e+03,4.706218915805097e+03,1.764705882352941e+00,32021404
4.715238674227614e+03,4.713473968345261e+03,5.882352941176471e-01,32021409
4.716879750106362e+03,4.713350338341656e+03,1.176470588235294e+00,32021408
4.717728831446988e+03,4.709917851839295e+03,1.764705882352941e+00,32021407
4.717744426476745e+03,4.715979720594393e+03,5.882352941176471e-01,32021410
4.719493537329341e+03,4.717131281748636e+03,5.882352941176471e-01,32021413
4.720161261789019e+03,4.718396555906666e+03,5.882352941176471e-01,32021414
4.720534927692205e+03,4.718576096598237e+03,5.882352941176471e-01,32021415
4.721925967671372e+03,4.719814663043754e+03,5.882352941176471e-01,32021418
4.723955691122231e+03,4.722190985239878e+03,5.882352941176471e-01,32021419
4.724064339456911e+03,4.716124959871171e+03,1.764705882352941e+00,32021411
4.724948217833607e+03,4.719312007121665e+03,1.764705882352941e+00,32021416
4.725774721171924e+03,4.723902056552975e+03,5.882352941176471e-01,32021421
4.725774721171924e+03,4.723378014388980e+03,5.882352941176471e-01,32021420
4.726863795908156e+03,4.724186142376509e+03,5.882352941176471e-01,32021422
4.727539427054277e+03,4.725174526121902e+03,5.882352941176471e-01,32021425
4.729439248219740e+03,4.727674542337387e+03,5.882352941176471e-01,32021426
4.731594709744623e+03,4.728065297979917e+03,1.176470588235294e+00,32021427
4.732790409447299e+03,4.731025703564946e+03,5.882352941176471e-01,32021428
4.733920342766029e+03,4.732155636883677e+03,5.882352941176471e-01,32021430
4.736384580048435e+03,4.734239948261420e+03,5.882352941176471e-01,32021434
4.737278893696304e+03,4.732855168283730e+03,1.176470588235294e+00,32021431
4.739043599578657e+03,4.731643054380382e+03,1.764705882352941e+00,32021429
4.739053906524978e+03,4.736627434266721e+03,5.882352941176471e-01,32021436
4.739913991813141e+03,4.737294354115785e+03,5.882352941176471e-01,32021439
4.740877007681929e+03,4.739112301799576e+03,5.882352941176471e-01,32021441
4.742578164816523e+03,4.736236602535329e+03,1.176470588235294e+00,32021435
4.744342870698876e+03,4.742051311526763e+03,5.882352941176470e-01,32021444
4.744342870698876e+03,4.733620863647391e+03,1.764705882352941e+00,32021433
4.746107576581229e+03,4.744327218968145e+03,5.882352941176471e-01,32021446
4.746107576581229e+03,4.744079948865516e+03,5.882352941176471e-01,32021445
4.747397178867666e+03,4.738970386414337e+03,1.764705882352941e+00,32021440
4.748387072945341e+03,4.744382771349027e+03,5.882352941176471e-01,32021447
4.749161884750019e+03,4.747137157544747e+03,5.882352941176471e-01,32021451
4.750151778827694e+03,4.744403290897097e+03,1.176470588235294e+00,32021448
4.750926590632372e+03,4.748724930289040e+03,5.882352941176471e-01,32021453
4.751916484710047e+03,4.748189567306812e+03,1.176470588235294e+00,32021452
4.752514784020711e+03,4.750750078138358e+03,5.882352941176471e-01,32021454
4.754059219747642e+03,4.752294513865289e+03,5.882352941176471e-01,32021455
4.754914220647847e+03,4.753149514765494e+03,5.882352941176471e-01,32021456
4.755133053935143e+03,4.753368348052790e+03,5.882352941176471e-01,32021457
4.756504204925354e+03,4.754739499043001e+03,5.882352941176471e-01,32021458
4.757651114239878e+03,4.755886408357525e+03,5.882352941176471e-01,32021459
4.758695963232649e+03,4.756931257350296e+03,5.882352941176471e-01,32021460
4.760460669115002e+03,4.757937567664135e+03,5.882352941176471e-01,32021463
4.762281803116398e+03,4.756987685469340e+03,1.764705882352941e+00,32021461
4.762945231886937e+03,4.757043440064138e+03,1.764705882352941e+00,32021462
4.764046508998751e+03,4.761775267156751e+03,5.882352941176471e-01,32021465
4.764709937769290e+03,4.762450528680562e+03,5.882352941176471e-01,32021466
4.764893567219587e+03,4.761364155454881e+03,1.176470588235294e+00,32021464
4.766474643651643e+03,4.764266581417566e+03,5.882352941176471e-01,32021468
4.768399446508491e+03,4.766634740626138e+03,5.882352941176471e-01,32021469
4.768548343061708e+03,4.766783637179355e+03,5.882352941176471e-01,32021470
4.769340626645810e+03,4.763928271163683e+03,1.764705882352941e+00,32021467
4.770313048944061e+03,4.768461848393379e+03,5.882352941176471e-01,32021472
4.771105332528163e+03,4.768744855310662e+03,5.882352941176471e-01,32021473
4.771928858273197e+03,4.769609677002036e+03,5.882352941176471e-01,32021474
4.773693564155550e+03,4.771417488384295e+03,5.882352941176471e-01,32021476
4.773842460708767e+03,4.766899476871838e+03,1.764705882352941e+00,32021471
4.774842597740597e+03,4.771948450211254e+03,5.882352941176471e-01,32021477
4.775458270037903e+03,4.773285745305972e+03,5.882352941176471e-01,32021479
4.776717614187496e+03,4.774952908305143e+03,5.882352941176471e-01,32021480
4.777222975920256e+03,4.775138170324232e+03,5.882352941176471e-01,32021481
4.777371872473473e+03,4.771041949635077e+03,1.764705882352941e+00,32021475
4.780193118758922e+03,4.778428412876569e+03,5.882352941176471e-01,32021483
4.780722484440632e+03,4.778957778558279e+03,5.882352941176471e-01,32021484
4.781984778237915e+03,4.779770012723364e+03,5.882352941176471e-01,32021485
4.782011731834555e+03,4.776637745164265e+03,1.764705882352941e+00,32021482
4.782865284811703e+03,4.780250808400237e+03,5.882352941176471e-01,32021487
4.785099044614499e+03,4.783334338732146e+03,5.882352941176471e-01,32021492
4.786068236900324e+03,4.781478673418067e+03,1.176470588235294e+00,32021489
4.787080307723126e+03,4.785011305629573e+03,5.882352941176471e-01,32021495
4.787080307723126e+03,4.784839608851248e+03,5.882352941176471e-01,32021494
4.787832942782677e+03,4.785574291642758e+03,5.882352941176471e-01,32021496
4.788845013605479e+03,4.786093471883406e+03,5.882352941176471e-01,32021497
4.790103684076431e+03,4.787110093759604e+03,5.882352941176471e-01,32021499
4.791868389958784e+03,4.787220299655912e+03,1.176470588235294e+00,32021500
4.792977708416847e+03,4.783344674502345e+03,1.764705882352941e+00,32021493
4.793633095841137e+03,4.791441366176061e+03,5.882352941176471e-01,32021503
4.793633095841137e+03,4.790913426712151e+03,5.882352941176471e-01,32021502
4.796507120181553e+03,4.790051579698803e+03,1.764705882352941e+00,32021501
4.797162507605843e+03,4.793596964142967e+03,1.176470588235294e+00,32021504
4.798616064828619e+03,4.796851358946266e+03,5.882352941176471e-01,32021505
4.799327892681636e+03,4.797563186799283e+03,5.882352941176471e-01,32021506
4.799369542822578e+03,4.797604836940225e+03,5.882352941176471e-01,32021507
4.800380770710972e+03,4.798388179923987e+03,5.882352941176471e-01,32021508
4.802199119074879e+03,4.800434413192526e+03,5.882352941176471e-01,32021511
4.802857304446342e+03,4.800766344366872e+03,5.882352941176471e-01,32021512
4.803278053536372e+03,4.801513347654019e+03,5.882352941176471e-01,32021513
4.803963824957232e+03,4.801632736123910e+03,5.882352941176471e-01,32021514
4.804902509722048e+03,4.802716760944554e+03,5.882352941176471e-01,32021516
4.804902509722048e+03,4.802243564780627e+03,5.882352941176471e-01,32021515
4.805812271166598e+03,4.804047565284245e+03,5.882352941176471e-01,32021518
4.806611266504525e+03,4.799720483898926e+03,1.176470588235294e+00,32021510
4.808375972386878e+03,4.798699845684482e+03,1.764705882352941e+00,32021509
4.809665603027385e+03,4.807900897145032e+03,5.882352941176471e-01,32021520
4.812738952721689e+03,4.810726253135074e+03,5.882352941176471e-01,32021525
4.813195014792091e+03,4.807444835074631e+03,1.764705882352941e+00,32021519
4.814959720674444e+03,4.813075988281963e+03,5.882352941176471e-01,32021526
4.816070205960927e+03,4.808854158374281e+03,1.764705882352941e+00,32021523
4.816070205960927e+03,4.808317899911351e+03,1.764705882352941e+00,32021521
4.817834911843280e+03,4.815685833477422e+03,5.882352941176471e-01,32021529
4.820510306339487e+03,4.818745600457134e+03,5.882352941176471e-01,32021530
4.820616894722992e+03,4.814498564032082e+03,1.764705882352941e+00,32021527
4.822298663179615e+03,4.819695572476032e+03,5.882352941176471e-01,32021532
4.822381600605345e+03,4.820557608255038e+03,5.882352941176471e-01,32021534
4.824104837774833e+03,4.821751232309740e+03,5.882352941176471e-01,32021537
4.826284594714910e+03,4.819225771185499e+03,1.764705882352941e+00,32021531
4.827634249539539e+03,4.821413353355827e+03,1.764705882352941e+00,32021536
4.827634249539539e+03,4.821062470438286e+03,1.764705882352941e+00,32021535
4.828724128009578e+03,4.826040047669489e+03,5.882352941176471e-01,32021539
4.829655526010503e+03,4.827890820128150e+03,5.882352941176471e-01,32021540
4.832253539774283e+03,4.825744594291002e+03,1.764705882352941e+00,32021538
4.832652418912299e+03,4.830887713029946e+03,5.882352941176471e-01,32021541
4.833744722518630e+03,4.831980016636277e+03,5.882352941176471e-01,32021542
4.837422843028771e+03,4.834546545030806e+03,5.882352941176471e-01,32021546
4.837547657421342e+03,4.832177264757170e+03,1.764705882352941e+00,32021543
4.837743997457543e+03,4.833893431264065e+03,1.176470588235294e+00,32021544
4.839508703339896e+03,4.837661258191784e+03,5.882352941176471e-01,32021550
4.841093316380602e+03,4.839328610498249e+03,5.882352941176471e-01,32021552
4.843111903352415e+03,4.841347197470062e+03,5.882352941176471e-01,32021557
4.846500973982847e+03,4.843494157133938e+03,5.882352941176471e-01,32021560
4.846766621887937e+03,4.836140813071132e+03,1.764705882352941e+00,32021547
4.850220134251189e+03,4.838781249596588e+03,1.764705882352941e+00,32021551
4.850220134251189e+03,4.839446331950206e+03,1.764705882352941e+00,32021553
4.850220134251189e+03,4.839653109334610e+03,1.764705882352941e+00,32021554
4.851984840133542e+03,4.850110023428620e+03,5.882352941176471e-01,32021563
4.853825209894249e+03,4.852060504011896e+03,5.882352941176471e-01,32021564
4.854323364485323e+03,4.852558658602970e+03,5.882352941176471e-01,32021565
4.858414712643966e+03,4.853120594996907e+03,1.764705882352941e+00,32021566
4.859233905928771e+03,4.857243282770729e+03,5.882352941176471e-01,32021570
4.860398854357512e+03,4.858634148475159e+03,5.882352941176471e-01,32021571
4.862342287539430e+03,4.855704494164065e+03,1.764705882352941e+00,32021568
4.862342287539430e+03,4.855081869687165e+03,1.764705882352941e+00,32021567
4.864062311596892e+03,4.861248817714617e+03,5.882352941176471e-01,32021574
4.865827017479245e+03,4.862725117961041e+03,5.882352941176471e-01,32021577
4.865827017479245e+03,4.862736579558522e+03,5.882352941176471e-01,32021578
4.865827017479245e+03,4.863015750615556e+03,5.882352941176471e-01,32021579
4.867591723361597e+03,4.864338317435122e+03,5.882352941176471e-01,32021580
4.867591723361597e+03,4.864883255676471e+03,5.882352941176471e-01,32021581
4.869526563050091e+03,4.867761857167738e+03,5.882352941176471e-01,32021583
4.869703978107459e+03,4.859468851331105e+03,1.176470588235294e+00,32021572
4.871379976461128e+03,4.869475675990565e+03,5.882352941176471e-01,32021585
4.871468683989812e+03,4.855747110392261e+03,1.764705882352941e+00,32021569
4.873144682343481e+03,4.870639336276053e+03,5.882352941176471e-01,32021586
4.873825376851139e+03,4.872060670968786e+03,5.882352941176471e-01,32021587
4.874909388225834e+03,4.868227682736158e+03,1.764705882352941e+00,32021584
4.875363184564273e+03,4.872334671120612e+03,5.882352941176471e-01,32021589
4.876976625000479e+03,4.873933326751852e+03,5.882352941176471e-01,32021591
4.878741330882832e+03,4.872210084651238e+03,1.176470588235294e+00,32021588
4.880506036765185e+03,4.877312082924512e+03,5.882352941176470e-01,32021594
4.880506036765185e+03,4.874509272784616e+03,1.764705882352941e+00,32021593
4.880506036765185e+03,4.874158074990093e+03,1.764705882352941e+00,32021592
4.882270742647538e+03,4.879846820803933e+03,5.882352941176471e-01,32021595
4.883411009830371e+03,4.881646303948018e+03,5.882352941176471e-01,32021596
4.889833770373587e+03,4.884539652726528e+03,1.764705882352941e+00,32021597
4.890140888402548e+03,4.886611476637842e+03,1.176470588235294e+00,32021598
4.891613093003481e+03,4.889490674956714e+03,5.882352941176471e-01,32021601
4.891613093003481e+03,4.888786005545371e+03,5.882352941176471e-01,32021600
4.893377798885834e+03,4.891504345214475e+03,5.882352941176471e-01,32021602
4.893670300167254e+03,4.888098297986315e+03,1.764705882352941e+00,32021599
4.895476412504094e+03,4.893711706621741e+03,5.882352941176471e-01,32021605
4.898004058228235e+03,4.892709940581176e+03,1.764705882352941e+00,32021603
4.898790596599200e+03,4.893496478952142e+03,1.764705882352941e+00,32021604
4.901444423914656e+03,4.899679718032304e+03,5.882352941176471e-01,32021607
4.902620921454678e+03,4.897326803807619e+03,1.764705882352941e+00,32021606
4.903155631516453e+03,4.901390925634100e+03,5.882352941176471e-01,32021608
4.903582953045679e+03,4.901818247163326e+03,5.882352941176471e-01,32021609
4.904834488094978e+03,4.903069782212625e+03,5.882352941176471e-01,32021610
4.908213277350362e+03,4.906448571468010e+03,5.882352941176471e-01,32021612
4.908405124509064e+03,4.904875712744358e+03,1.176470588235294e+00,32021611
4.910946387834269e+03,4.909181681951916e+03,5.882352941176471e-01,32021614
4.911046625990056e+03,4.909281920107703e+03,5.882352941176471e-01,32021615
4.912694178823995e+03,4.909164767059289e+03,1.176470588235294e+00,32021613
4.912721716833117e+03,4.910957010950764e+03,5.882352941176471e-01,32021616
4.912811381627492e+03,4.911046675745140e+03,5.882352941176471e-01,32021617
4.915282757455498e+03,4.913518051573145e+03,5.882352941176471e-01,32021620
4.916223590588701e+03,4.913688542939877e+03,5.882352941176471e-01,32021621
4.916774628514638e+03,4.914843330964033e+03,5.882352941176471e-01,32021622
4.917382662592857e+03,4.911834472436032e+03,1.176470588235294e+00,32021618
4.918038262419251e+03,4.915953155965510e+03,5.882352941176471e-01,32021623
4.918539334396991e+03,4.916290211852964e+03,5.882352941176471e-01,32021627
4.920315978865106e+03,4.918551272982753e+03,5.882352941176471e-01,32021630
4.921239874270760e+03,4.919182494358075e+03,5.882352941176471e-01,32021632
4.923004580153113e+03,4.920796070129484e+03,5.882352941176471e-01,32021633
4.924085436262001e+03,4.916967047506680e+03,1.764705882352941e+00,32021628
4.924769286035466e+03,4.922057405782483e+03,5.882352941176470e-01,32021634
4.924769286035466e+03,4.918858906994197e+03,1.764705882352941e+00,32021631
4.926533991917819e+03,4.924193147112458e+03,5.882352941176471e-01,32021640
4.927701016707072e+03,4.923208154981779e+03,1.176470588235294e+00,32021635
4.928298697800172e+03,4.926496729190569e+03,5.882352941176471e-01,32021642
4.931572464611296e+03,4.926278346964237e+03,1.764705882352941e+00,32021641
4.932780846181683e+03,4.931016140299330e+03,5.882352941176471e-01,32021645
4.933337170493648e+03,4.931422543092837e+03,5.882352941176471e-01,32021646
4.933357033004645e+03,4.928062915357586e+03,1.764705882352941e+00,32021643
4.934545552064036e+03,4.932195974834430e+03,5.882352941176471e-01,32021647
4.935191400505354e+03,4.933426694623001e+03,5.882352941176471e-01,32021648
4.936842600920555e+03,4.929227453079178e+03,1.764705882352941e+00,32021644
4.936956106387707e+03,4.934814822997225e+03,5.882352941176471e-01,32021653
4.938442111915771e+03,4.935734614373658e+03,5.882352941176471e-01,32021655
4.940206817798124e+03,4.937261845041513e+03,5.882352941176471e-01,32021656
4.940485518152413e+03,4.933757238980015e+03,1.764705882352941e+00,32021649
4.941971523680477e+03,4.935351195758571e+03,1.764705882352941e+00,32021654
4.942180548946193e+03,4.938744906818357e+03,5.882352941176471e-01,32021657
4.944010413638044e+03,4.942245707755691e+03,5.882352941176471e-01,32021662
4.945605448078041e+03,4.943510862999163e+03,5.882352941176471e-01,32021663
4.945709960710899e+03,4.938824127820383e+03,1.764705882352941e+00,32021658
4.947448538435037e+03,4.944636935788258e+03,5.882352941176471e-01,32021665
4.947448538435037e+03,4.944952713463786e+03,5.882352941176471e-01,32021666
4.947539825402749e+03,4.941038751276827e+03,1.764705882352941e+00,32021661
4.949213244317390e+03,4.946647113730086e+03,5.882352941176471e-01,32021669
4.952251419267111e+03,4.950486713384758e+03,5.882352941176471e-01,32021671
4.952400925470540e+03,4.950636219588187e+03,5.882352941176471e-01,32021672
4.953337239158765e+03,4.948043121511706e+03,1.764705882352941e+00,32021670
4.957062270776186e+03,4.955297564893833e+03,5.882352941176471e-01,32021674
4.957305933309872e+03,4.955541227427519e+03,5.882352941176471e-01,32021675
4.957863628338707e+03,4.952569510691648e+03,1.764705882352941e+00,32021673
4.960965937847755e+03,4.959201231965402e+03,5.882352941176471e-01,32021677
4.962308058176848e+03,4.960543352294496e+03,5.882352941176471e-01,32021678
4.962356388423245e+03,4.956491776128673e+03,1.764705882352941e+00,32021676
4.965152346321134e+03,4.963387640438781e+03,5.882352941176471e-01,32021680
4.968681758085840e+03,4.962918521657798e+03,1.764705882352941e+00,32021679
4.968691665102054e+03,4.963397547454995e+03,1.764705882352941e+00,32021681
4.970344828197223e+03,4.967141405768583e+03,5.882352941176471e-01,32021687
4.970344828197223e+03,4.966694250624614e+03,5.882352941176471e-01,32021686
4.971282952531991e+03,4.964241934281861e+03,1.176470588235294e+00,32021682
4.972298448932191e+03,4.970533743049838e+03,5.882352941176471e-01,32021689
4.973047658414344e+03,4.965359091790075e+03,1.764705882352941e+00,32021683
4.973143417293470e+03,4.970707166610314e+03,5.882352941176471e-01,32021690
4.974063154814544e+03,4.971474470290242e+03,5.882352941176471e-01,32021692
4.974860243736260e+03,4.972742419731618e+03,5.882352941176471e-01,32021694
4.975827860696897e+03,4.973424725926244e+03,5.882352941176471e-01,32021695
4.978389655500966e+03,4.972343455711737e+03,1.764705882352941e+00,32021693
4.979875792082697e+03,4.978111086200344e+03,5.882352941176471e-01,32021696
4.980313940542182e+03,4.978549234659829e+03,5.882352941176471e-01,32021697
4.980534851885323e+03,4.978770146002971e+03,5.882352941176471e-01,32021698
4.981662284965250e+03,4.979068963163504e+03,5.882352941176471e-01,32021699
4.982189102096106e+03,4.979919366083098e+03,5.882352941176471e-01,32021701
4.983690399413031e+03,4.980969682785715e+03,5.882352941176471e-01,32021703
4.985718513860812e+03,4.980155171292753e+03,1.764705882352941e+00,32021702
4.987219811177737e+03,4.983925302745504e+03,5.882352941176470e-01,32021706
4.987219811177737e+03,4.981006817259325e+03,1.764705882352941e+00,32021704
4.987616817235033e+03,4.985852111352680e+03,5.882352941176471e-01,32021707
4.988984517060090e+03,4.987044644301253e+03,5.882352941176471e-01,32021708
4.990615625450574e+03,4.982496660519053e+03,1.764705882352941e+00,32021705
4.992933919101028e+03,4.987639801453969e+03,1.764705882352941e+00,32021709
5.001698059861621e+03,4.999933353979269e+03,5.882352941176471e-01,32021711
5.001896730954916e+03,5.000132025072563e+03,5.882352941176471e-01,32021712
5.002693980994957e+03,5.000325443002847e+03,5.882352941176471e-01,32021713
5.005227471626327e+03,4.999164569230251e+03,1.764705882352941e+00,32021710
5.005419914757942e+03,5.003655208875589e+03,5.882352941176471e-01,32021715
5.006826936119638e+03,5.004002638429326e+03,5.882352941176471e-01,32021716
5.008591642001991e+03,5.005820299112846e+03,5.882352941176471e-01,32021720
5.008756883391033e+03,5.006910836834564e+03,5.882352941176471e-01,32021721
5.008949326522647e+03,5.003205786574438e+03,1.764705882352941e+00,32021714
5.010438968578865e+03,5.008517822771870e+03,5.882352941176471e-01,32021723
5.010438968578865e+03,5.007789251140681e+03,5.882352941176471e-01,32021722
5.012478738287353e+03,5.005108099127532e+03,1.764705882352941e+00,32021719
5.014920935441005e+03,5.013156229558652e+03,5.882352941176471e-01,32021727
5.016008150052059e+03,5.009213410665748e+03,1.764705882352941e+00,32021724
5.017476489350753e+03,5.011370220918775e+03,1.764705882352941e+00,32021725
5.017957545876519e+03,5.015507788849345e+03,5.882352941176471e-01,32021729
5.018519985667296e+03,5.016377529936272e+03,5.882352941176471e-01,32021731
5.019241195233106e+03,5.016824918246528e+03,5.882352941176471e-01,32021733
5.021768177536613e+03,5.014160208618978e+03,1.764705882352941e+00,32021728
5.021768177536613e+03,5.011988276595230e+03,1.764705882352941e+00,32021726
5.023151745208389e+03,5.019292479781782e+03,5.882352941176471e-01,32021735
5.025107020196030e+03,5.022329649872477e+03,5.882352941176471e-01,32021737
5.025297589301319e+03,5.018786575645729e+03,1.764705882352941e+00,32021734
5.026967010631028e+03,5.022487697818030e+03,1.176470588235294e+00,32021738
5.028731716513381e+03,5.019983837618299e+03,1.764705882352941e+00,32021736
5.029018047005495e+03,5.027253341123142e+03,5.882352941176471e-01,32021742
5.030401137843089e+03,5.024108852445628e+03,1.764705882352941e+00,32021741
5.030496422395734e+03,5.027337671674448e+03,5.882352941176471e-01,32021743
5.032165843725442e+03,5.029604908263280e+03,5.882352941176471e-01,32021745
5.034471827002733e+03,5.029177709355674e+03,1.764705882352941e+00,32021744
5.036632163651848e+03,5.034867457769496e+03,5.882352941176471e-01,32021746
5.038532842124489e+03,5.036768136242136e+03,5.882352941176471e-01,32021748
5.040470714306806e+03,5.038706008424453e+03,5.882352941176471e-01,32021749
5.040836500566192e+03,5.039071794683839e+03,5.882352941176471e-01,32021750
5.041182450096003e+03,5.035888332448944e+03,1.764705882352941e+00,32021747
5.042601206448545e+03,5.040741973025101e+03,5.882352941176471e-01,32021752
5.044000126071512e+03,5.039351285156848e+03,1.176470588235294e+00,32021751
5.044365912330898e+03,5.042540920848599e+03,5.882352941176471e-01,32021754
5.045281857938795e+03,5.042806807901871e+03,5.882352941176471e-01,32021755
5.045764831953865e+03,5.043760358341213e+03,5.882352941176471e-01,32021757
5.048061384167257e+03,5.041509239889318e+03,1.176470588235294e+00,32021753
5.049181301035892e+03,5.046480487513961e+03,5.882352941176471e-01,32021763
5.049181301035892e+03,5.046462738356557e+03,5.882352941176471e-01,32021762
5.050386048483927e+03,5.044732337689141e+03,1.176470588235294e+00,32021759
5.051105911325050e+03,5.049341205442697e+03,5.882352941176471e-01,32021765
5.052150754366280e+03,5.045570149872858e+03,1.764705882352941e+00,32021761
5.054238813538318e+03,5.052474107655966e+03,5.882352941176471e-01,32021766
5.055203651694110e+03,5.053438945811757e+03,5.882352941176471e-01,32021767
5.058791513454556e+03,5.053497395807498e+03,1.764705882352941e+00,32021768
5.059673348867564e+03,5.057701631035424e+03,5.882352941176471e-01,32021771
5.060060812847397e+03,5.054766695200338e+03,1.764705882352941e+00,32021769
5.062320925219262e+03,5.056143937102858e+03,1.764705882352941e+00,32021770
5.062377784999351e+03,5.060613079116998e+03,5.882352941176471e-01,32021772
5.064085631101615e+03,5.062175013994820e+03,5.882352941176471e-01,32021774
5.064456585667248e+03,5.062691879784895e+03,5.882352941176471e-01,32021775
5.064786006454918e+03,5.062705225127726e+03,5.882352941176471e-01,32021776
5.067615042866321e+03,5.061256594690212e+03,1.764705882352941e+00,32021773
5.068152338061140e+03,5.066387632178787e+03,5.882352941176471e-01,32021778
5.069484469534766e+03,5.067580136664168e+03,5.882352941176471e-01,32021780
5.069484469534766e+03,5.067166799039290e+03,5.882352941176471e-01,32021779
5.071681749825846e+03,5.068112698967934e+03,1.176470588235294e+00,32021781
5.071878176714713e+03,5.070113470832360e+03,5.882352941176471e-01,32021782
5.073013881299471e+03,5.066059778556151e+03,1.764705882352941e+00,32021777
5.073446455708199e+03,5.070729449867531e+03,5.882352941176471e-01,32021783
5.073732581144167e+03,5.071967875261814e+03,5.882352941176471e-01,32021784
5.075211161590552e+03,5.073154544767387e+03,5.882352941176471e-01,32021787
5.076016624244227e+03,5.074251918361874e+03,5.882352941176471e-01,32021788
5.078378330680488e+03,5.071985580071187e+03,1.764705882352941e+00,32021785
5.079050326960719e+03,5.077285621078366e+03,5.882352941176471e-01,32021790
5.080505279237611e+03,5.075130983612619e+03,1.764705882352941e+00,32021789
5.080815032843072e+03,5.078870589781885e+03,5.882352941176471e-01,32021792
5.082466721393624e+03,5.080702015511271e+03,5.882352941176471e-01,32021793
5.083672448327547e+03,5.077930756405845e+03,1.764705882352941e+00,32021791
5.084231427275977e+03,5.081766684551735e+03,5.882352941176471e-01,32021795
5.084610244579259e+03,5.081080832814553e+03,1.176470588235294e+00,32021794
5.086755834719171e+03,5.084991128836818e+03,5.882352941176471e-01,32021797
5.087622385441702e+03,5.085857679559349e+03,5.882352941176471e-01,32021798
5.088385923255213e+03,5.084856511490508e+03,1.176470588235294e+00,32021796
5.089047468935039e+03,5.087282763052686e+03,5.882352941176471e-01,32021799
5.089387091324055e+03,5.087388475712764e+03,5.882352941176471e-01,32021800
5.090812174817392e+03,5.088693136278771e+03,5.882352941176471e-01,32021803
5.091682506223973e+03,5.089917800341620e+03,5.882352941176471e-01,32021804
5.092576880699744e+03,5.090769434398281e+03,5.882352941176471e-01,32021805
5.093833647414051e+03,5.087727471809378e+03,1.764705882352941e+00,32021801
5.097430594536907e+03,5.095665888654554e+03,5.882352941176471e-01,32021806
5.099928318642837e+03,5.098163612760484e+03,5.882352941176471e-01,32021807
5.101110616094057e+03,5.099345910211704e+03,5.882352941176471e-01,32021809
5.102659435474197e+03,5.100588578083890e+03,5.882352941176471e-01,32021812
5.102659435474197e+03,5.100439055043440e+03,5.882352941176471e-01,32021811
5.103457730407543e+03,5.101598385154506e+03,5.882352941176471e-01,32021813
5.104823288823223e+03,5.098914137207277e+03,1.176470588235294e+00,32021808
5.106388420972239e+03,5.103892717327568e+03,5.882352941176471e-01,32021815
5.106388420972239e+03,5.104232650311798e+03,5.882352941176471e-01,32021816
5.106587994705576e+03,5.099422192275267e+03,1.764705882352941e+00,32021810
5.108153126854592e+03,5.102240606703023e+03,1.176470588235294e+00,32021814
5.108732101713623e+03,5.106967395831270e+03,5.882352941176471e-01,32021818
5.110078152816103e+03,5.107788413107311e+03,5.882352941176471e-01,32021820
5.110078152816103e+03,5.107347173912545e+03,5.882352941176471e-01,32021819
5.113887069245069e+03,5.110830406224609e+03,5.882352941176471e-01,32021825
5.113887069245069e+03,5.111063970326405e+03,5.882352941176471e-01,32021826
5.113887069245069e+03,5.111446187664915e+03,5.882352941176471e-01,32021827
5.115651775127422e+03,5.112404157740491e+03,5.882352941176471e-01,32021829
5.115651775127422e+03,5.112984109542055e+03,5.882352941176471e-01,32021830
5.115651775127422e+03,5.113807310223315e+03,5.882352941176471e-01,32021831
5.117605156821970e+03,5.114174791466604e+03,5.882352941176471e-01,32021833
5.117605156821970e+03,5.114305157604270e+03,5.882352941176471e-01,32021834
5.119369862704323e+03,5.116406478376203e+03,5.882352941176471e-01,32021836
5.121134568586676e+03,5.117643603917732e+03,5.882352941176471e-01,32021839
5.121134568586676e+03,5.118753593631325e+03,5.882352941176471e-01,32021840
5.122899274469029e+03,5.119396293265796e+03,5.882352941176471e-01,32021842
5.122899274469029e+03,5.119456937249090e+03,5.882352941176471e-01,32021843
5.122899274469029e+03,5.120916543627195e+03,5.882352941176471e-01,32021844
5.126290621398604e+03,5.106709061130556e+03,1.764705882352941e+00,32021817
5.127611268401856e+03,5.108870166548754e+03,1.764705882352941e+00,32021821
5.130549389082501e+03,5.124250796946882e+03,1.764705882352941e+00,32021846
5.130549389082501e+03,5.121985705013731e+03,1.764705882352941e+00,32021845
5.131584739045663e+03,5.126038011942830e+03,1.764705882352941e+00,32021847
5.132659211619241e+03,5.128322613229205e+03,5.882352941176471e-01,32021848
5.132659211619241e+03,5.130543394695422e+03,5.882352941176471e-01,32021850
5.136188623383947e+03,5.129038237491837e+03,1.764705882352941e+00,32021849
5.136231050068252e+03,5.134466344185899e+03,5.882352941176471e-01,32021853
5.137740257682955e+03,5.134917862715981e+03,5.882352941176471e-01,32021855
5.137740257682955e+03,5.134816971906580e+03,5.882352941176471e-01,32021854
5.139718035148653e+03,5.132064634872537e+03,1.764705882352941e+00,32021851
5.141269669447661e+03,5.138067224695063e+03,5.882352941176471e-01,32021858
5.141411717169891e+03,5.137014144695558e+03,1.176470588235294e+00,32021856
5.143121845397977e+03,5.141357139515624e+03,5.882352941176471e-01,32021859
5.143176423052244e+03,5.141371980618569e+03,5.882352941176470e-01,32021860
5.143176423052244e+03,5.133997774334904e+03,1.764705882352941e+00,32021852
5.145934820044775e+03,5.144170114162422e+03,5.882352941176471e-01,32021861
5.148455312105663e+03,5.146690606223310e+03,5.882352941176471e-01,32021862
5.151577798418619e+03,5.149813092536266e+03,5.882352941176471e-01,32021865
5.153358423877344e+03,5.148064306230285e+03,1.764705882352941e+00,32021863
5.155107210183325e+03,5.148541156545706e+03,1.764705882352941e+00,32021864
5.155599980075117e+03,5.150032906127399e+03,1.764705882352941e+00,32021866
5.156871916065678e+03,5.154965775540639e+03,5.882352941176471e-01,32021868
5.157696494412577e+03,5.155931788530225e+03,5.882352941176471e-01,32021869
5.157987207528473e+03,5.156222501646120e+03,5.882352941176471e-01,32021870
5.160278819810956e+03,5.154335287744340e+03,1.764705882352941e+00,32021867
5.167031618900793e+03,5.165266913018440e+03,5.882352941176471e-01,32021872
5.168705297511122e+03,5.166940591628769e+03,5.882352941176471e-01,32021873
5.170359693260869e+03,5.165065575613810e+03,1.764705882352941e+00,32021871
5.171637565640017e+03,5.168108153875311e+03,1.176470588235294e+00,32021874
5.173522453852332e+03,5.171757747969979e+03,5.882352941176471e-01,32021876
5.173679443058782e+03,5.171914737176429e+03,5.882352941176471e-01,32021877
5.174516947076832e+03,5.169222829429773e+03,1.764705882352941e+00,32021875
5.175291033191951e+03,5.172151008536666e+03,5.882352941176471e-01,32021878
5.176960478380520e+03,5.175195772498167e+03,5.882352941176471e-01,32021883
5.177208854823488e+03,5.173527618462020e+03,1.176470588235294e+00,32021882
5.178850697355098e+03,5.177085991472745e+03,5.882352941176471e-01,32021885
5.179524241888421e+03,5.177759536006068e+03,5.882352941176471e-01,32021886
5.180371965672335e+03,5.178428903966112e+03,5.882352941176471e-01,32021887
5.180615403237451e+03,5.178822811940527e+03,5.882352941176471e-01,32021888
5.182969729205493e+03,5.181205023323140e+03,5.882352941176471e-01,32021889
5.183053653653127e+03,5.176842553907629e+03,1.764705882352941e+00,32021884
5.183486345560433e+03,5.181721639678080e+03,5.882352941176471e-01,32021890
5.184776397311663e+03,5.182853420735354e+03,5.882352941176471e-01,32021892
5.184776397311663e+03,5.181969145981244e+03,5.882352941176471e-01,32021891
5.187651545042961e+03,5.185886839160608e+03,5.882352941176471e-01,32021894
5.189790368136932e+03,5.188025662254579e+03,5.882352941176471e-01,32021896
5.190576826325111e+03,5.185282708678052e+03,1.764705882352941e+00,32021893
5.191936563371797e+03,5.186642445724739e+03,1.764705882352941e+00,32021895
5.192345900729071e+03,5.190078375504902e+03,5.882352941176471e-01,32021900
5.193653898144017e+03,5.190582286977119e+03,5.882352941176471e-01,32021905
5.195570840182172e+03,5.193223478210278e+03,5.882352941176471e-01,32021910
5.195875312493777e+03,5.189308335518413e+03,1.764705882352941e+00,32021897
5.197335546064525e+03,5.190713766414391e+03,1.176470588235294e+00,32021906
5.198492770381182e+03,5.196728064498829e+03,5.882352941176471e-01,32021912
5.199100251946878e+03,5.192644673105541e+03,1.764705882352941e+00,32021909
5.199191055995318e+03,5.197426350112965e+03,5.882352941176471e-01,32021913
5.200257476263535e+03,5.198490453698255e+03,5.882352941176471e-01,32021914
5.200864957829231e+03,5.199079069223169e+03,5.882352941176471e-01,32021915
5.201569558762742e+03,5.199804852880389e+03,5.882352941176471e-01,32021916
5.202791882086906e+03,5.201027176204553e+03,5.882352941176471e-01,32021917
5.204583454790771e+03,5.202818748908418e+03,5.882352941176471e-01,32021918
5.205633656937114e+03,5.203868951054761e+03,5.882352941176471e-01,32021919
5.205726935616426e+03,5.203962229734073e+03,5.882352941176471e-01,32021920
5.208445625283579e+03,5.206680919401226e+03,5.882352941176471e-01,32021921
5.209417696103503e+03,5.207652990221150e+03,5.882352941176471e-01,32021922
5.215697583781561e+03,5.213932877899208e+03,5.882352941176471e-01,32021923
5.219157193101288e+03,5.217392487218935e+03,5.882352941176471e-01,32021925
5.219657051015918e+03,5.214362933368859e+03,1.764705882352941e+00,32021924
5.221902058504097e+03,5.220137352621744e+03,5.882352941176471e-01,32021928
5.222511231573460e+03,5.220221125130500e+03,5.882352941176471e-01,32021929
5.225130388701104e+03,5.219535189486347e+03,1.764705882352941e+00,32021927
5.225130388701104e+03,5.218981819808754e+03,1.764705882352941e+00,32021926
5.226895094583457e+03,5.221918919090790e+03,1.176470588235294e+00,32021930
5.226895094583457e+03,5.224857244859131e+03,5.882352941176471e-01,32021937
5.228659800465810e+03,5.226727297860478e+03,5.882352941176471e-01,32021938
5.229968447851035e+03,5.222780579189720e+03,1.764705882352941e+00,32021935
5.234075357138922e+03,5.228781239491863e+03,1.764705882352941e+00,32021939
5.237141680327331e+03,5.235376974444978e+03,5.882352941176471e-01,32021942
5.238256578617121e+03,5.235544264342867e+03,5.882352941176471e-01,32021943
5.238906386209684e+03,5.237098300675720e+03,5.882352941176471e-01,32021945
5.240021284499474e+03,5.237647328438324e+03,5.882352941176471e-01,32021946
5.242219195443535e+03,5.234743536514740e+03,1.764705882352941e+00,32021941
5.242219195443535e+03,5.234710797190090e+03,1.764705882352941e+00,32021940
5.243911700482270e+03,5.240579748180810e+03,5.882352941176471e-01,32021949
5.243911700482270e+03,5.240960337485101e+03,5.882352941176471e-01,32021950
5.243911700482270e+03,5.241312171142517e+03,5.882352941176471e-01,32021951
5.245676406364623e+03,5.243551918353509e+03,5.882352941176471e-01,32021953
5.247441112246976e+03,5.244870774720178e+03,5.882352941176470e-01,32021954
5.247441112246976e+03,5.245583830385923e+03,5.882352941176470e-01,32021955
5.247441112246976e+03,5.239114375565697e+03,1.764705882352941e+00,32021947
5.250970524011682e+03,5.243284324330500e+03,1.764705882352941e+00,32021952
5.253592214831722e+03,5.251827508949369e+03,5.882352941176471e-01,32021956
5.255295716148088e+03,5.253531010265735e+03,5.882352941176471e-01,32021958
5.255699174453741e+03,5.253934468571388e+03,5.882352941176471e-01,32021959
5.258814004422686e+03,5.253519886775627e+03,1.764705882352941e+00,32021957
5.259941222549628e+03,5.256896955937650e+03,5.882352941176471e-01,32021962
5.260333994531754e+03,5.258264798322805e+03,5.882352941176471e-01,32021963
5.261902314423044e+03,5.259836526059377e+03,5.882352941176471e-01,32021965
5.262735331613744e+03,5.256411810784922e+03,1.764705882352941e+00,32021960
5.264716452025614e+03,5.261916920347945e+03,5.882352941176471e-01,32021969
5.265436594829384e+03,5.263168160672777e+03,5.882352941176471e-01,32021971
5.266132970215106e+03,5.261093357801306e+03,1.176470588235294e+00,32021966
5.267897676097458e+03,5.259597835275390e+03,1.764705882352941e+00,32021964
5.268008418148857e+03,5.266243712266504e+03,5.882352941176471e-01,32021972
5.269030892211663e+03,5.267266186329310e+03,5.882352941176471e-01,32021973
5.270169239701010e+03,5.268404533818657e+03,5.882352941176471e-01,32021974
5.271675664666801e+03,5.269910958784448e+03,5.882352941176471e-01,32021975
5.273898717263366e+03,5.272134011381013e+03,5.882352941176471e-01,32021978
5.274101944179224e+03,5.272287144656511e+03,5.882352941176471e-01,32021979
5.275392645285488e+03,5.272394791253081e+03,5.882352941176471e-01,32021980
5.277281107887742e+03,5.275516402005389e+03,5.882352941176471e-01,32021982
5.278276706497061e+03,5.271592455660550e+03,1.764705882352941e+00,32021977
5.278276706497061e+03,5.270572532414518e+03,1.764705882352941e+00,32021976
5.280150678489522e+03,5.278385972607169e+03,5.882352941176471e-01,32021984
5.280686762932546e+03,5.273327148463040e+03,1.764705882352941e+00,32021981
5.281878962335172e+03,5.279485268194252e+03,5.882352941176471e-01,32021986
5.282451468814899e+03,5.280524343462050e+03,5.882352941176471e-01,32021988
5.283643668217525e+03,5.280720066349170e+03,5.882352941176471e-01,32021989
5.283765126381696e+03,5.282000420499343e+03,5.882352941176471e-01,32021990
5.284216174697252e+03,5.282121753690351e+03,5.882352941176471e-01,32021991
5.287173079982231e+03,5.278437784760104e+03,1.764705882352941e+00,32021985
5.287173079982231e+03,5.277910186597485e+03,1.764705882352941e+00,32021983
5.288311631341372e+03,5.286546925459019e+03,5.882352941176471e-01,32021992
5.289707591466729e+03,5.287942885584376e+03,5.882352941176471e-01,32021993
5.291323570986132e+03,5.289558865103779e+03,5.882352941176471e-01,32021995
5.294675462644113e+03,5.289381344997054e+03,1.764705882352941e+00,32021994
5.296992282380804e+03,5.295227576498451e+03,5.882352941176471e-01,32021996
5.297319644353990e+03,5.295554938471637e+03,5.882352941176471e-01,32021997
5.298328100638051e+03,5.296563394755698e+03,5.882352941176471e-01,32021998
5.298940647201894e+03,5.297175941319541e+03,5.882352941176471e-01,32021999
5.299737485371310e+03,5.297972779488957e+03,5.882352941176471e-01,32022000
5.306402002826278e+03,5.301858909710014e+03,1.176470588235294e+00,32022003
5.307084283980334e+03,5.301721422956536e+03,1.764705882352941e+00,32022002
5.307084283980334e+03,5.300659575524367e+03,1.764705882352941e+00,32022001
5.308507849285659e+03,5.305085606598778e+03,5.882352941176471e-01,32022005
5.311351586595576e+03,5.309586880713223e+03,5.882352941176471e-01,32022008
5.312037261050365e+03,5.305774636325119e+03,1.764705882352941e+00,32022006
5.312641207288846e+03,5.309979677919505e+03,5.882352941176471e-01,32022009
5.314880998360282e+03,5.309111795524140e+03,1.764705882352941e+00,32022007
5.317373380176612e+03,5.315608674294259e+03,5.882352941176471e-01,32022011
5.319961348250169e+03,5.314667230603110e+03,1.764705882352941e+00,32022010
5.320164251208069e+03,5.318399545325717e+03,5.882352941176471e-01,32022013
5.321726054132522e+03,5.319887026819929e+03,5.882352941176471e-01,32022014
5.322316640920314e+03,5.320551935037961e+03,5.882352941176471e-01,32022015
5.323212763274490e+03,5.317918645627432e+03,1.764705882352941e+00,32022012
5.323786053408771e+03,5.320565056631594e+03,5.882352941176471e-01,32022016
5.326797185611399e+03,5.323267773846693e+03,1.176470588235294e+00,32022018
5.327315465173477e+03,5.320958528922456e+03,1.764705882352941e+00,32022017
5.328788911561691e+03,5.325259499796985e+03,1.176470588235294e+00,32022019
5.329283861473839e+03,5.327519155591486e+03,5.882352941176471e-01,32022020
5.330578735786615e+03,5.328014114111809e+03,5.882352941176471e-01,32022022
5.331056237426484e+03,5.328839148246833e+03,5.882352941176471e-01,32022024
5.332343441668968e+03,5.330234568293108e+03,5.882352941176471e-01,32022027
5.334346898371255e+03,5.332142034864123e+03,5.882352941176471e-01,32022029
5.335363994658243e+03,5.327997719158245e+03,1.764705882352941e+00,32022021
5.336111604253608e+03,5.332214981452836e+03,1.176470588235294e+00,32022030
5.337128700540596e+03,5.335123607890394e+03,5.882352941176471e-01,32022031
5.337876310135961e+03,5.330663470387826e+03,1.764705882352941e+00,32022028
5.337917095231022e+03,5.335380952452774e+03,5.882352941176471e-01,32022032
5.339391812819859e+03,5.336225043634157e+03,5.882352941176471e-01,32022035
5.339391812819859e+03,5.336193174443731e+03,5.882352941176471e-01,32022034
5.342996390816767e+03,5.341231684934414e+03,5.882352941176471e-01,32022042
5.344506998856409e+03,5.342367822694926e+03,5.882352941176471e-01,32022044
5.344506998856409e+03,5.341301957874204e+03,5.882352941176471e-01,32022043
5.345038456487738e+03,5.343273750605385e+03,5.882352941176471e-01,32022045
5.346271704738762e+03,5.344474337325251e+03,5.882352941176471e-01,32022047
5.346271704738762e+03,5.343482888001402e+03,5.882352941176471e-01,32022046
5.348565909458838e+03,5.339033949598842e+03,1.764705882352941e+00,32022037
5.349977616116042e+03,5.346892505514882e+03,5.882352941176471e-01,32022049
5.350065865922329e+03,5.339895206813957e+03,1.764705882352941e+00,32022040
5.351801155202586e+03,5.348799352831464e+03,5.882352941176471e-01,32022052
5.352095321223543e+03,5.345211781307739e+03,1.764705882352941e+00,32022048
5.353663916425258e+03,5.351476965530303e+03,5.882352941176471e-01,32022056
5.357399875769188e+03,5.350618767718648e+03,1.764705882352941e+00,32022055
5.357399875769188e+03,5.348894378002775e+03,1.764705882352941e+00,32022053
5.359086505033640e+03,5.355934992265035e+03,5.882352941176471e-01,32022060
5.360890249224943e+03,5.358704780736872e+03,5.882352941176471e-01,32022067
5.360890249224943e+03,5.358300936509892e+03,5.882352941176471e-01,32022066
5.362713983293950e+03,5.359833419687132e+03,5.882352941176471e-01,32022069
5.362800541215006e+03,5.361008305598251e+03,5.882352941176471e-01,32022073
5.364478689176303e+03,5.361430834173896e+03,5.882352941176471e-01,32022074
5.366396137558207e+03,5.363853939952954e+03,5.882352941176471e-01,32022077
5.366701622557309e+03,5.352620665102115e+03,1.764705882352941e+00,32022058
5.368160843440560e+03,5.365857908375157e+03,5.882352941176471e-01,32022079
5.368486925047051e+03,5.366722219164698e+03,5.882352941176471e-01,32022080
5.369925549322913e+03,5.367886687342851e+03,5.882352941176471e-01,32022081
5.370762354244574e+03,5.357364622805061e+03,1.764705882352941e+00,32022064
5.372531802503779e+03,5.370767096621426e+03,5.882352941176471e-01,32022083
5.373806178229997e+03,5.370276766465291e+03,1.176470588235294e+00,32022082
5.373822580507198e+03,5.372057874624845e+03,5.882352941176471e-01,32022084
5.375253260041471e+03,5.373488554159118e+03,5.882352941176471e-01,32022085
5.377764568702488e+03,5.375999862820135e+03,5.882352941176471e-01,32022087
5.379100295877056e+03,5.373739917469151e+03,1.764705882352941e+00,32022086
5.380610184603092e+03,5.378845478720739e+03,5.882352941176471e-01,32022088
5.381563268692072e+03,5.379798562809719e+03,5.882352941176471e-01,32022089
5.382183151566840e+03,5.380418445684487e+03,5.882352941176471e-01,32022090
5.385162369599882e+03,5.383397663717529e+03,5.882352941176471e-01,32022092
5.385766978456549e+03,5.384002272574196e+03,5.882352941176471e-01,32022093
5.388691781364587e+03,5.383150982127381e+03,1.764705882352941e+00,32022091
5.390209805656792e+03,5.384637400077179e+03,1.764705882352941e+00,32022094
5.390456487246940e+03,5.388638854488554e+03,5.882352941176471e-01,32022098
5.392736637709723e+03,5.390971931827370e+03,5.882352941176471e-01,32022099
5.393536664139307e+03,5.387196436156069e+03,1.764705882352941e+00,32022096
5.393536664139307e+03,5.385870180763321e+03,1.764705882352941e+00,32022095
5.395034694545132e+03,5.391060428535343e+03,5.882352941176471e-01,32022100
5.395034694545132e+03,5.392654654407566e+03,5.882352941176471e-01,32022102
5.396799400427485e+03,5.394036989441630e+03,5.882352941176471e-01,32022103
5.396799400427485e+03,5.394770316516808e+03,5.882352941176471e-01,32022104
5.396799400427485e+03,5.394979464556877e+03,5.882352941176471e-01,32022105
5.398564106309838e+03,5.396742026487648e+03,5.882352941176471e-01,32022107
5.398564106309838e+03,5.396058670533551e+03,5.882352941176471e-01,32022106
5.400328812192191e+03,5.392536818249632e+03,1.764705882352941e+00,32022101
5.402093518074544e+03,5.398924125709273e+03,5.882352941176471e-01,32022110
5.403858223956896e+03,5.401261294795739e+03,5.882352941176470e-01,32022111
5.403858223956896e+03,5.397686243807938e+03,1.764705882352941e+00,32022109
5.403858223956896e+03,5.397333969409496e+03,1.764705882352941e+00,32022108
5.407074360314790e+03,5.405309654432437e+03,5.882352941176471e-01,32022116
5.409152341603955e+03,5.402539760285156e+03,1.764705882352941e+00,32022114
5.409218047194883e+03,5.403923929547824e+03,1.764705882352941e+00,32022115
5.409258296729868e+03,5.407493590847515e+03,5.882352941176471e-01,32022117
5.410949900281772e+03,5.408725037637436e+03,5.882352941176471e-01,32022119
5.410949900281772e+03,5.407914026731377e+03,5.882352941176471e-01,32022118
5.412714606164125e+03,5.410704475236110e+03,5.882352941176471e-01,32022121
5.413163850333167e+03,5.411399144450814e+03,5.882352941176471e-01,32022122
5.415311861844583e+03,5.410017744197524e+03,1.764705882352941e+00,32022120
5.416020760495516e+03,5.414256054613163e+03,5.882352941176471e-01,32022124
5.418008723811184e+03,5.412639049074734e+03,1.764705882352941e+00,32022123
5.419625997874462e+03,5.417861291992109e+03,5.882352941176471e-01,32022127
5.420876293198301e+03,5.415582175551242e+03,1.764705882352941e+00,32022125
5.421390703756815e+03,5.419506744386279e+03,5.882352941176471e-01,32022128
5.421462309961650e+03,5.416004620732711e+03,1.764705882352941e+00,32022126
5.424405704963007e+03,5.420133163223392e+03,1.176470588235294e+00,32022129
5.424680581537060e+03,5.422915875654707e+03,5.882352941176471e-01,32022130
5.426904107363926e+03,5.425139401481573e+03,5.882352941176471e-01,32022133
5.429601013483789e+03,5.427043469253866e+03,5.882352941176471e-01,32022137
5.430462052109095e+03,5.428697346226742e+03,5.882352941176471e-01,32022143
5.431365719366142e+03,5.428759209031989e+03,5.882352941176471e-01,32022144
5.433399249512683e+03,5.424741900358668e+03,1.176470588235294e+00,32022132
5.433466455578730e+03,5.424193133431888e+03,1.764705882352941e+00,32022131
5.435756169756154e+03,5.430441074875832e+03,1.764705882352941e+00,32022145
5.435794860691564e+03,5.434030154809211e+03,5.882352941176471e-01,32022147
5.437124895954164e+03,5.434981968551656e+03,5.882352941176471e-01,32022148
5.437520875638507e+03,5.435556424748586e+03,5.882352941176471e-01,32022150
5.438889601836517e+03,5.436486767683932e+03,5.882352941176471e-01,32022151
5.439324272456270e+03,5.433126561758217e+03,1.764705882352941e+00,32022146
5.441088978338623e+03,5.439120438838305e+03,5.882352941176471e-01,32022154
5.442201308917907e+03,5.439569672971663e+03,5.882352941176471e-01,32022155
5.442968777004029e+03,5.441204071121677e+03,5.882352941176471e-01,32022157
5.445673174291086e+03,5.438738755149764e+03,1.764705882352941e+00,32022153
5.445673174291086e+03,5.438454192469887e+03,1.764705882352941e+00,32022152
5.446696227855064e+03,5.443081485168723e+03,5.882352941176471e-01,32022159
5.447437880173439e+03,5.444971129789977e+03,5.882352941176471e-01,32022165
5.447509982796935e+03,5.445745276914582e+03,5.882352941176471e-01,32022166
5.448460933737417e+03,5.445854974122924e+03,5.882352941176471e-01,32022167
5.450447516300147e+03,5.447797540118314e+03,5.882352941176471e-01,32022168
5.450967291938145e+03,5.442309367203335e+03,1.764705882352941e+00,32022158
5.450967291938145e+03,5.439597380875635e+03,1.764705882352941e+00,32022156
5.452212222182500e+03,5.448904687098171e+03,5.882352941176471e-01,32022170
5.453453725465578e+03,5.451689019583225e+03,5.882352941176471e-01,32022172
5.454649283710910e+03,5.452884577828557e+03,5.882352941176471e-01,32022173
5.456413989593263e+03,5.454579056143542e+03,5.882352941176471e-01,32022175
5.456541752522351e+03,5.451247634875292e+03,1.764705882352941e+00,32022171
5.458087877755391e+03,5.454857260239295e+03,5.882352941176471e-01,32022176
5.458178695475616e+03,5.454558465990685e+03,1.176470588235294e+00,32022174
5.461617289520097e+03,5.458037781359337e+03,1.176470588235294e+00,32022178
5.462779434314860e+03,5.457485316667801e+03,1.764705882352941e+00,32022177
5.463587032857734e+03,5.461822326975381e+03,5.882352941176471e-01,32022180
5.466574512516610e+03,5.461280394869551e+03,1.764705882352941e+00,32022179
5.468719580650332e+03,5.463425463003273e+03,1.764705882352941e+00,32022181
5.469794729119511e+03,5.468030023237158e+03,5.882352941176471e-01,32022182
5.477481799471023e+03,5.475717093588670e+03,5.882352941176471e-01,32022184
5.478349579265738e+03,5.473055461618679e+03,1.764705882352941e+00,32022183
5.479724511630390e+03,5.477959805748037e+03,5.882352941176471e-01,32022185
5.480214479809053e+03,5.478449773926700e+03,5.882352941176471e-01,32022186
5.480469121164174e+03,5.478704415281821e+03,5.882352941176471e-01,32022187
5.481719093287235e+03,5.479066972881655e+03,5.882352941176471e-01,32022188
5.482233827046527e+03,5.480442194182525e+03,5.882352941176471e-01,32022191
5.483483799169588e+03,5.480812478460357e+03,5.882352941176471e-01,32022192
5.485508597456112e+03,5.480184263179375e+03,1.764705882352941e+00,32022190
5.485757268961759e+03,5.483992563079406e+03,5.882352941176471e-01,32022194
5.487439084342230e+03,5.484159592882391e+03,5.882352941176471e-01,32022195
5.487439084342230e+03,5.484482576385641e+03,5.882352941176471e-01,32022196
5.487527944693585e+03,5.482144796021366e+03,1.764705882352941e+00,32022193
5.489203790224583e+03,5.486534579695027e+03,5.882352941176471e-01,32022199
5.491031030932406e+03,5.488695875904304e+03,5.882352941176471e-01,32022202
5.491031030932406e+03,5.488096163450870e+03,5.882352941176471e-01,32022201
5.491409762825400e+03,5.489391394700995e+03,5.882352941176471e-01,32022204
5.492879056302503e+03,5.491114350420150e+03,5.882352941176471e-01,32022205
5.492943443017384e+03,5.487880351060694e+03,1.176470588235294e+00,32022200
5.494708148899737e+03,5.485830901837498e+03,1.764705882352941e+00,32022198
5.495770726856048e+03,5.494006020973695e+03,5.882352941176471e-01,32022207
5.496408468067209e+03,5.494281104094958e+03,5.882352941176471e-01,32022208
5.497535432738401e+03,5.495485962976879e+03,5.882352941176471e-01,32022209
5.498237560664443e+03,5.492150751743728e+03,1.764705882352941e+00,32022206
5.499300138620754e+03,5.497268430104168e+03,5.882352941176471e-01,32022211
5.499998302390099e+03,5.497794097480018e+03,5.882352941176471e-01,32022212
5.501064844503107e+03,5.499280550273816e+03,5.882352941176471e-01,32022213
5.501763008272452e+03,5.499490069040175e+03,5.882352941176471e-01,32022214
5.501766972429149e+03,5.496468890625393e+03,1.764705882352941e+00,32022210
5.503527714154805e+03,5.501735479069386e+03,5.882352941176471e-01,32022216
5.506766030275823e+03,5.501471912628764e+03,1.764705882352941e+00,32022215
5.508246722276715e+03,5.506482016394362e+03,5.882352941176471e-01,32022217
5.510866807728728e+03,5.509102101846375e+03,5.882352941176471e-01,32022219
5.513557248923502e+03,5.511418856895770e+03,5.882352941176471e-01,32022223
5.513557248923502e+03,5.511401877760396e+03,5.882352941176471e-01,32022222
5.514396219493434e+03,5.508636521669706e+03,1.764705882352941e+00,32022218
5.517086660688207e+03,5.515319273049271e+03,5.882352941176471e-01,32022226
5.517736909362133e+03,5.512488276170129e+03,1.176470588235294e+00,32022224
5.518387158036058e+03,5.509654446765532e+03,1.764705882352941e+00,32022220
5.519296189331524e+03,5.517531483449171e+03,5.882352941176471e-01,32022227
5.520755266288599e+03,5.518990560406246e+03,5.882352941176471e-01,32022228
5.521719292671278e+03,5.519954586788925e+03,5.882352941176471e-01,32022229
5.523289047400256e+03,5.521524341517903e+03,5.882352941176471e-01,32022230
5.524472536555095e+03,5.522707830672743e+03,5.882352941176471e-01,32022231
5.527467986262545e+03,5.523938574497839e+03,1.176470588235294e+00,32022233
5.528254653183540e+03,5.522960535536481e+03,1.764705882352941e+00,32022232
5.530019359065893e+03,5.528196907123093e+03,5.882352941176471e-01,32022237
5.532852107870232e+03,5.530535357580726e+03,5.882352941176471e-01,32022240
5.533774031670864e+03,5.525652606522006e+03,1.764705882352941e+00,32022234
5.535140542017615e+03,5.529322696105526e+03,1.764705882352941e+00,32022238
5.535538737553217e+03,5.533501335438032e+03,5.882352941176471e-01,32022244
5.537303443435570e+03,5.535438933066077e+03,5.882352941176471e-01,32022246
5.538495377693977e+03,5.534682902051418e+03,1.176470588235294e+00,32022245
5.538669953782321e+03,5.532591667070246e+03,1.764705882352941e+00,32022241
5.539068149317923e+03,5.537239207898113e+03,5.882352941176471e-01,32022247
5.541805578612011e+03,5.540040872729658e+03,5.882352941176471e-01,32022251
5.543905879399932e+03,5.538329126938745e+03,1.764705882352941e+00,32022249
5.543905879399932e+03,5.538302833581998e+03,1.764705882352941e+00,32022248
5.545359145309316e+03,5.542254386868772e+03,5.882352941176471e-01,32022253
5.545670585282285e+03,5.543600478160113e+03,5.882352941176471e-01,32022258
5.547123851191669e+03,5.545072763279955e+03,5.882352941176471e-01,32022259
5.547435291164638e+03,5.541550270217148e+03,1.764705882352941e+00,32022252
5.547974583037310e+03,5.546209877154957e+03,5.882352941176471e-01,32022260
5.549449823537929e+03,5.547685117655577e+03,5.882352941176471e-01,32022261
5.552796381839579e+03,5.551031675957226e+03,5.882352941176471e-01,32022263
5.554814700436378e+03,5.549520582789319e+03,1.764705882352941e+00,32022262
5.556922336637120e+03,5.555157630754767e+03,5.882352941176471e-01,32022264
5.559849972990924e+03,5.558085267108571e+03,5.882352941176471e-01,32022266
5.562057193339720e+03,5.558297755651304e+03,1.176470588235294e+00,32022267
5.562057193339720e+03,5.556993101616371e+03,1.176470588235294e+00,32022265
5.564482994930028e+03,5.558459152714700e+03,1.176470588235294e+00,32022268
5.566247700812381e+03,5.564424110687551e+03,5.882352941176470e-01,32022273
5.566247700812381e+03,5.559769465353090e+03,1.764705882352941e+00,32022269
5.568199590987827e+03,5.561811500518170e+03,1.176470588235294e+00,32022271
5.569202071087541e+03,5.566895307910069e+03,5.882352941176471e-01,32022275
5.569964296870180e+03,5.561109047545089e+03,1.764705882352941e+00,32022270
5.570973533170314e+03,5.569208827287962e+03,5.882352941176471e-01,32022277
5.571729002752533e+03,5.569299136551565e+03,5.882352941176471e-01,32022278
5.573486952434465e+03,5.565672659322835e+03,1.764705882352941e+00,32022274
5.573493708634886e+03,5.571667369820339e+03,5.882352941176471e-01,32022279
5.574502944935020e+03,5.567719272842963e+03,1.764705882352941e+00,32022276
5.575256162450432e+03,5.572969879885169e+03,5.882352941176471e-01,32022281
5.575256162450432e+03,5.571774546817376e+03,5.882352941176471e-01,32022280
5.576268990414858e+03,5.573542755985435e+03,5.882352941176471e-01,32022283
5.577020868332785e+03,5.574674988294970e+03,5.882352941176471e-01,32022288
5.577020868332785e+03,5.574504731065000e+03,5.882352941176471e-01,32022287
5.578534948242495e+03,5.575312011408878e+03,5.882352941176471e-01,32022289
5.578534948242495e+03,5.575877257518362e+03,5.882352941176471e-01,32022290
5.578534948242495e+03,5.576152197946854e+03,5.882352941176471e-01,32022291
5.581035807394341e+03,5.579271101511988e+03,5.882352941176471e-01,32022292
5.585094089915449e+03,5.583329384033096e+03,5.882352941176471e-01,32022294
5.587263482117324e+03,5.585498776234972e+03,5.882352941176471e-01,32022296
5.588058770722325e+03,5.582764653075267e+03,1.764705882352941e+00,32022293
5.588939858931559e+03,5.585410447166854e+03,1.176470588235294e+00,32022295
5.589633272142986e+03,5.587868566260633e+03,5.882352941176471e-01,32022297
5.590704564813912e+03,5.588585918941093e+03,5.882352941176471e-01,32022299
5.592354692258600e+03,5.590589986376247e+03,5.882352941176471e-01,32022300
5.593673127631576e+03,5.588379009984517e+03,1.764705882352941e+00,32022298
5.594119398140953e+03,5.591769713897794e+03,5.882352941176471e-01,32022302
5.596125298919331e+03,5.590831181272272e+03,1.764705882352941e+00,32022301
5.597167720040981e+03,5.595403014158628e+03,5.882352941176471e-01,32022304
5.599032311057408e+03,5.593738193410349e+03,1.764705882352941e+00,32022303
5.599378052267511e+03,5.597613346385158e+03,5.882352941176471e-01,32022305
5.599412463224760e+03,5.597647757342407e+03,5.882352941176471e-01,32022306
5.600969887544812e+03,5.597740251679079e+03,5.882352941176471e-01,32022308
5.601450368613444e+03,5.599685662731092e+03,5.882352941176471e-01,32022309
5.604979780378150e+03,5.597738443688459e+03,1.764705882352941e+00,32022307
5.606264005191871e+03,5.603559366140620e+03,5.882352941176471e-01,32022313
5.606504245726187e+03,5.599700855916143e+03,1.764705882352941e+00,32022310
5.608028711074224e+03,5.605608975926964e+03,5.882352941176471e-01,32022314
5.608500419813001e+03,5.606735713930648e+03,5.882352941176471e-01,32022315
5.608509192142856e+03,5.602335074589821e+03,1.764705882352941e+00,32022312
5.609793416956577e+03,5.607103469491785e+03,5.882352941176471e-01,32022316
5.610803063195730e+03,5.609038357313377e+03,5.882352941176471e-01,32022317
5.611196014876741e+03,5.609431308994388e+03,5.882352941176471e-01,32022318
5.612915050999121e+03,5.611150345116769e+03,5.882352941176471e-01,32022319
5.613317625085336e+03,5.611552919202984e+03,5.882352941176471e-01,32022320
5.614716986368368e+03,5.612952280486015e+03,5.882352941176471e-01,32022322
5.615127098318476e+03,5.611597686553770e+03,1.176470588235294e+00,32022321
5.617382905091281e+03,5.615618199208928e+03,5.882352941176471e-01,32022324
5.618126905171211e+03,5.614597493406505e+03,1.176470588235294e+00,32022323
5.618478687865735e+03,5.616713981983382e+03,5.882352941176471e-01,32022325
5.619264027796295e+03,5.617499321913942e+03,5.882352941176471e-01,32022326
5.620067502400826e+03,5.617988590441408e+03,5.882352941176471e-01,32022328
5.621028733678648e+03,5.618810893565268e+03,5.882352941176471e-01,32022329
5.621832208283179e+03,5.617801013013519e+03,1.176470588235294e+00,32022327
5.622368221455919e+03,5.620603515573566e+03,5.882352941176471e-01,32022330
5.622793439561001e+03,5.620916682939440e+03,5.882352941176471e-01,32022331
5.625025945240172e+03,5.623261239357819e+03,5.882352941176471e-01,32022332
5.627248764431532e+03,5.625484058549179e+03,5.882352941176471e-01,32022334
5.629051438109544e+03,5.623757320462486e+03,1.764705882352941e+00,32022333
5.630816143991897e+03,5.625891685348423e+03,1.176470588235294e+00,32022336
5.631141595919818e+03,5.625847478272759e+03,1.764705882352941e+00,32022335
5.632577685891279e+03,5.630009719377502e+03,5.882352941176471e-01,32022341
5.632577685891279e+03,5.629741456886950e+03,5.882352941176471e-01,32022340
5.634773788834626e+03,5.633009082952273e+03,5.882352941176471e-01,32022345
5.636107097655985e+03,5.628495521357840e+03,1.764705882352941e+00,32022339
5.636435713566877e+03,5.630894304702625e+03,1.764705882352941e+00,32022344
5.639800817376137e+03,5.637992921794744e+03,5.882352941176471e-01,32022352
5.640389648141255e+03,5.633179374442836e+03,1.764705882352941e+00,32022346
5.641565523258490e+03,5.638466519060856e+03,5.882352941176471e-01,32022353
5.643624644523402e+03,5.637103643827848e+03,1.176470588235294e+00,32022351
5.645389350405755e+03,5.635865613798582e+03,1.764705882352941e+00,32022350
5.645389350405755e+03,5.635256401323981e+03,1.764705882352941e+00,32022349
5.647154056288107e+03,5.640275066710850e+03,1.176470588235294e+00,32022355
5.647154056288107e+03,5.644770019060596e+03,5.882352941176471e-01,32022358
5.647726743556705e+03,5.645686712301861e+03,5.882352941176471e-01,32022359
5.650683468052813e+03,5.642250975301002e+03,1.764705882352941e+00,32022356
5.653240126316626e+03,5.651475420434273e+03,5.882352941176471e-01,32022360
5.657078630251148e+03,5.655313924368795e+03,5.882352941176471e-01,32022363
5.657743641064459e+03,5.652449523417401e+03,1.764705882352941e+00,32022361
5.658648244703881e+03,5.655692776356685e+03,5.882352941176471e-01,32022365
5.658648244703881e+03,5.655318644549196e+03,5.882352941176471e-01,32022364
5.660699651333878e+03,5.658194172178478e+03,5.882352941176471e-01,32022367
5.660699651333878e+03,5.658271060423798e+03,5.882352941176471e-01,32022368
5.662464357216231e+03,5.660649824676539e+03,5.882352941176471e-01,32022371
5.662464357216231e+03,5.660320667942780e+03,5.882352941176471e-01,32022370
5.664729178827871e+03,5.654923741509554e+03,1.764705882352941e+00,32022362
5.665564641723301e+03,5.663799935840948e+03,5.882352941176471e-01,32022373
5.666243826845580e+03,5.663861738823897e+03,5.882352941176471e-01,32022374
5.668301227118153e+03,5.666536521235801e+03,5.882352941176471e-01,32022378
5.669433646049146e+03,5.667408262528559e+03,5.882352941176471e-01,32022380
5.669433646049146e+03,5.667374955081225e+03,5.882352941176471e-01,32022379
5.671198351931499e+03,5.669182426889522e+03,5.882352941176471e-01,32022383
5.671198351931499e+03,5.668376317039578e+03,5.882352941176471e-01,32022382
5.672963057813852e+03,5.671174535705681e+03,5.882352941176471e-01,32022385
5.673623018316508e+03,5.661449824927808e+03,1.764705882352941e+00,32022372
5.674881649610266e+03,5.671630325424063e+03,5.882352941176471e-01,32022387
5.675387724198861e+03,5.673193886684943e+03,5.882352941176471e-01,32022392
5.676646355492619e+03,5.673989620437289e+03,5.882352941176471e-01,32022393
5.678613491210410e+03,5.675525910633635e+03,5.882352941176471e-01,32022394
5.678815921045848e+03,5.665475635207034e+03,1.764705882352941e+00,32022377
5.678815921045848e+03,5.664755545901183e+03,1.764705882352941e+00,32022376
5.680490845164105e+03,5.678726139281752e+03,5.882352941176471e-01,32022396
5.680980502529748e+03,5.679215796647395e+03,5.882352941176471e-01,32022398
5.682304189221196e+03,5.679423523536122e+03,5.882352941176471e-01,32022399
5.682385629178102e+03,5.680563802426212e+03,5.882352941176471e-01,32022402
5.684108103350308e+03,5.681153088369683e+03,5.882352941176471e-01,32022404
5.684150335060455e+03,5.682363001591335e+03,5.882352941176471e-01,32022407
5.685904483015271e+03,5.683195820923242e+03,5.882352941176471e-01,32022409
5.686274620176806e+03,5.684217473550480e+03,5.882352941176471e-01,32022413
5.687669188897624e+03,5.685745862227887e+03,5.882352941176471e-01,32022415
5.687669188897624e+03,5.685077334817769e+03,5.882352941176471e-01,32022414
5.689433894779977e+03,5.686727583220192e+03,5.882352941176471e-01,32022419
5.689433894779977e+03,5.686444998713217e+03,5.882352941176471e-01,32022418
5.689983111039053e+03,5.688218405156700e+03,5.882352941176471e-01,32022420
5.691619195703724e+03,5.680728687314790e+03,1.176470588235294e+00,32022403
5.691619195703724e+03,5.678856217413396e+03,1.176470588235294e+00,32022397
5.692963306544683e+03,5.690759763902826e+03,5.882352941176471e-01,32022422
5.694052349608433e+03,5.692287643726080e+03,5.882352941176471e-01,32022423
5.694728012427036e+03,5.692438560083239e+03,5.882352941176471e-01,32022424
5.695148607468430e+03,5.689366941156005e+03,1.764705882352941e+00,32022421
5.695929188047343e+03,5.694164482164990e+03,5.882352941176471e-01,32022425
5.696653074844475e+03,5.694888368962122e+03,5.882352941176471e-01,32022426
5.696913313350782e+03,5.695082793552729e+03,5.882352941176471e-01,32022427
5.699820543210614e+03,5.697267656931684e+03,5.882352941176471e-01,32022431
5.700131634163051e+03,5.695810334475242e+03,1.176470588235294e+00,32022429
5.701896340045404e+03,5.695281146797265e+03,1.764705882352941e+00,32022428
5.703349954975320e+03,5.696762406080505e+03,1.764705882352941e+00,32022430
5.703661045927757e+03,5.700014977377211e+03,1.176470588235294e+00,32022432
5.706879366740026e+03,5.702204640142049e+03,1.176470588235294e+00,32022434
5.707190457692463e+03,5.700568829484654e+03,1.764705882352941e+00,32022433
5.707636770618734e+03,5.705872064736381e+03,5.882352941176471e-01,32022435
5.709286416818640e+03,5.707521710936287e+03,5.882352941176471e-01,32022436
5.709939822489310e+03,5.708175116606957e+03,5.882352941176471e-01,32022437
5.711159915233922e+03,5.709395209351569e+03,5.882352941176471e-01,32022439
5.712554121798273e+03,5.710789415915920e+03,5.882352941176471e-01,32022440
5.714029080567185e+03,5.708734962920126e+03,1.764705882352941e+00,32022438
5.715146612202563e+03,5.711617200437857e+03,1.176470588235294e+00,32022441
5.717474329766467e+03,5.715709623884114e+03,5.882352941176471e-01,32022445
5.718763431262133e+03,5.716413001954650e+03,5.882352941176471e-01,32022446
5.719300570077785e+03,5.717210829615850e+03,5.882352941176471e-01,32022447
5.719717597834022e+03,5.713869034147072e+03,1.764705882352941e+00,32022442
5.720796706552312e+03,5.717701776003221e+03,5.882352941176471e-01,32022450
5.720796706552312e+03,5.717597398624398e+03,5.882352941176471e-01,32022449
5.722638729863647e+03,5.720874023981294e+03,5.882352941176471e-01,32022451
5.723786563957873e+03,5.715234019497427e+03,1.764705882352941e+00,32022444
5.723786563957873e+03,5.714499364041653e+03,1.764705882352941e+00,32022443
5.725551269840226e+03,5.723746317745114e+03,5.882352941176471e-01,32022456
5.727315975722579e+03,5.725542537464775e+03,5.882352941176471e-01,32022459
5.727315975722579e+03,5.725054383045817e+03,5.882352941176471e-01,32022458
5.730202098205357e+03,5.727585203360818e+03,5.882352941176471e-01,32022463
5.730845387487285e+03,5.728961970367477e+03,5.882352941176471e-01,32022465
5.730845387487285e+03,5.728481621714228e+03,5.882352941176471e-01,32022464
5.731966804087710e+03,5.729879959270420e+03,5.882352941176471e-01,32022466
5.734053154611027e+03,5.731806505602270e+03,5.882352941176471e-01,32022469
5.734053154611027e+03,5.731711253602613e+03,5.882352941176471e-01,32022468
5.734873834339244e+03,5.721675404276415e+03,1.764705882352941e+00,32022452
5.736638540221597e+03,5.734358772043360e+03,5.882352941176471e-01,32022473
5.737797377742395e+03,5.735416235085782e+03,5.882352941176471e-01,32022475
5.738403246103950e+03,5.736145610749261e+03,5.882352941176471e-01,32022478
5.739562083624748e+03,5.737002174773835e+03,5.882352941176471e-01,32022479
5.741846105245576e+03,5.726760913299572e+03,1.764705882352941e+00,32022461
5.741846105245576e+03,5.726672686440651e+03,1.764705882352941e+00,32022460
5.743091495389454e+03,5.740179953121863e+03,5.882352941176471e-01,32022481
5.744905352818424e+03,5.742569538156374e+03,5.882352941176471e-01,32022483
5.745375517010282e+03,5.743189798482688e+03,5.882352941176470e-01,32022485
5.745375517010282e+03,5.739199527401048e+03,1.764705882352941e+00,32022480
5.746983501495349e+03,5.744129288451940e+03,5.882352941176471e-01,32022486
5.746983501495349e+03,5.744751920640531e+03,5.882352941176471e-01,32022487
5.746983501495349e+03,5.744860441673413e+03,5.882352941176471e-01,32022488
5.748748207377702e+03,5.746721666638400e+03,5.882352941176471e-01,32022489
5.749272321209393e+03,5.747507615327040e+03,5.882352941176471e-01,32022490
5.750512913260055e+03,5.741743472332905e+03,1.764705882352941e+00,32022482
5.751657323117077e+03,5.749130461497671e+03,5.882352941176471e-01,32022493
5.751657323117077e+03,5.748871476543454e+03,5.882352941176471e-01,32022492
5.753422028999430e+03,5.751642954452639e+03,5.882352941176471e-01,32022494
5.754042325024761e+03,5.748727929351403e+03,1.764705882352941e+00,32022491
5.755006323810295e+03,5.753241617927942e+03,5.882352941176471e-01,32022495
5.755186734881783e+03,5.753404304847052e+03,5.882352941176471e-01,32022496
5.760165667333697e+03,5.758400961451344e+03,5.882352941176471e-01,32022499
5.760296947331207e+03,5.755002829684148e+03,1.764705882352941e+00,32022497
5.761225167370088e+03,5.755931049723029e+03,1.764705882352941e+00,32022498
5.761930373216050e+03,5.759000385714318e+03,5.882352941176471e-01,32022500
5.762691688693550e+03,5.760926982811197e+03,5.882352941176471e-01,32022501
5.763118474382062e+03,5.761353768499709e+03,5.882352941176471e-01,32022502
5.767970791364652e+03,5.764441379599946e+03,1.176470588235294e+00,32022504
5.768016877887086e+03,5.762722760240027e+03,1.764705882352941e+00,32022503
5.770500689230349e+03,5.766971277465643e+03,1.176470588235294e+00,32022505
5.776749604953053e+03,5.774984899070700e+03,5.882352941176471e-01,32022507
5.777759278486119e+03,5.775412884850455e+03,5.882352941176471e-01,32022509
5.778543416900543e+03,5.776070967570526e+03,5.882352941176471e-01,32022510
5.779916053575684e+03,5.775043111200974e+03,1.176470588235294e+00,32022508
5.781680759458037e+03,5.774229866721413e+03,1.764705882352941e+00,32022506
5.782072828665249e+03,5.776644729280948e+03,1.764705882352941e+00,32022511
5.782327260457004e+03,5.780562554574651e+03,5.882352941176471e-01,32022512
5.786974877105096e+03,5.781177450224718e+03,1.764705882352941e+00,32022513
5.787366946312308e+03,5.782023742316339e+03,1.764705882352941e+00,32022514
5.787595523416483e+03,5.784723831183133e+03,5.882352941176471e-01,32022516
5.789618375889594e+03,5.787853670007241e+03,5.882352941176471e-01,32022519
5.790896358077014e+03,5.783913634487341e+03,1.764705882352941e+00,32022515
5.791615003477816e+03,5.788782328865000e+03,5.882352941176471e-01,32022521
5.794201048857648e+03,5.792190443405134e+03,5.882352941176471e-01,32022527
5.794640895061837e+03,5.792534399091930e+03,5.882352941176471e-01,32022528
5.796070480644897e+03,5.793701849704309e+03,5.882352941176471e-01,32022532
5.796778714025891e+03,5.794392569121368e+03,5.882352941176471e-01,32022537
5.796778714025891e+03,5.794340683397510e+03,5.882352941176471e-01,32022536
5.797835186527250e+03,5.795464957207176e+03,5.882352941176471e-01,32022538
5.799599892409603e+03,5.797793754338184e+03,5.882352941176471e-01,32022539
5.800226489979949e+03,5.788217638788209e+03,1.764705882352941e+00,32022520
5.800226489979949e+03,5.785983294698566e+03,1.764705882352941e+00,32022518
5.801991195862302e+03,5.800017443456623e+03,5.882352941176471e-01,32022545
5.803755901744655e+03,5.801745233892702e+03,5.882352941176471e-01,32022547
5.804316058672552e+03,5.790082219301332e+03,1.764705882352941e+00,32022523
5.805228050894278e+03,5.802573335572126e+03,5.882352941176471e-01,32022548
5.806992756776631e+03,5.804641073329595e+03,5.882352941176471e-01,32022549
5.807565391973309e+03,5.800973365883813e+03,1.764705882352941e+00,32022546
5.807565391973309e+03,5.797967200593736e+03,1.764705882352941e+00,32022540
5.809901346261546e+03,5.808136640379193e+03,5.882352941176471e-01,32022553
5.810756695671083e+03,5.808434158386749e+03,5.882352941176471e-01,32022554
5.811380427940957e+03,5.807461811036122e+03,1.176470588235294e+00,32022552
5.812521401553435e+03,5.810425146222308e+03,5.882352941176471e-01,32022555
5.813145133823310e+03,5.805907256547016e+03,1.764705882352941e+00,32022550
5.814597973570726e+03,5.812153244949956e+03,5.882352941176471e-01,32022559
5.814597973570726e+03,5.811458494942139e+03,5.882352941176471e-01,32022558
5.816713579088607e+03,5.811117286985004e+03,1.764705882352941e+00,32022556
5.818989766317122e+03,5.815460354552416e+03,1.176470588235294e+00,32022560
5.820323515286551e+03,5.818558809404198e+03,5.882352941176471e-01,32022562
5.820997067446057e+03,5.819232361563704e+03,5.882352941176471e-01,32022563
5.822048349056031e+03,5.816754231408972e+03,1.764705882352941e+00,32022561
5.823852927051257e+03,5.820191978728933e+03,1.176470588235294e+00,32022564
5.825659384341895e+03,5.823894678459542e+03,5.882352941176471e-01,32022567
5.826752428120295e+03,5.821458310473236e+03,1.764705882352941e+00,32022565
5.827285740823558e+03,5.824387247294614e+03,5.882352941176471e-01,32022569
5.827285740823558e+03,5.824368809148139e+03,5.882352941176471e-01,32022568
5.830281839885001e+03,5.826438618834401e+03,1.176470588235294e+00,32022571
5.830815152588264e+03,5.823479630257473e+03,1.764705882352941e+00,32022566
5.832046545767354e+03,5.829747278376241e+03,5.882352941176471e-01,32022573
5.834225639623228e+03,5.828931521976169e+03,1.764705882352941e+00,32022572
5.836362622736486e+03,5.834597916854133e+03,5.882352941176471e-01,32022575
5.836598093421646e+03,5.834833387539293e+03,5.882352941176471e-01,32022576
5.837591722579282e+03,5.834062310814576e+03,1.176470588235294e+00,32022574
5.839375322561984e+03,5.837610616679631e+03,5.882352941176471e-01,32022577
5.843066032174105e+03,5.841301326291752e+03,5.882352941176471e-01,32022580
5.844030628142601e+03,5.838736510495542e+03,1.764705882352941e+00,32022578
5.845221471996116e+03,5.842305992041173e+03,5.882352941176471e-01,32022582
5.846390755951711e+03,5.840454258475547e+03,1.176470588235294e+00,32022579
5.847513082004958e+03,5.845654194347942e+03,5.882352941176471e-01,32022586
5.848155461834064e+03,5.843652133083591e+03,1.176470588235294e+00,32022585
5.848155461834064e+03,5.841734585287723e+03,1.764705882352941e+00,32022581
5.849714323865114e+03,5.847949617982762e+03,5.882352941176471e-01,32022587
5.851826521313427e+03,5.850061815431074e+03,5.882352941176471e-01,32022588
5.852639777697137e+03,5.850875071814784e+03,5.882352941176471e-01,32022589
5.857391676930218e+03,5.853862265165512e+03,1.176470588235294e+00,32022591
5.857487197593070e+03,5.852193079946011e+03,1.764705882352941e+00,32022590
5.861076847157850e+03,5.859312141275497e+03,5.882352941176471e-01,32022593
5.861133791474196e+03,5.859369085591843e+03,5.882352941176471e-01,32022594
5.862441290724268e+03,5.860676584841915e+03,5.882352941176471e-01,32022595
5.863523180581160e+03,5.861758474698807e+03,5.882352941176471e-01,32022596
5.864487609251895e+03,5.858793229288902e+03,1.764705882352941e+00,32022592
5.868072400458358e+03,5.862778282811299e+03,1.764705882352941e+00,32022597
5.868733268965750e+03,5.866968563083397e+03,5.882352941176471e-01,32022600
5.868817298228219e+03,5.862803557389034e+03,1.764705882352941e+00,32022598
5.869837106340711e+03,5.867658569583555e+03,5.882352941176471e-01,32022601
5.870411205256450e+03,5.865117087609391e+03,1.176470588235294e+00,32022599
5.870807549603124e+03,5.869042843720771e+03,5.882352941176471e-01,32022602
5.871888861680934e+03,5.869800073165238e+03,5.882352941176471e-01,32022604
5.873258041734293e+03,5.871493335851940e+03,5.882352941176471e-01,32022605
5.875418273445639e+03,5.869190516740705e+03,1.764705882352941e+00,32022603
5.875601730494324e+03,5.873346884132548e+03,5.882352941176471e-01,32022608
5.876985216413495e+03,5.873849600179394e+03,5.882352941176471e-01,32022609
5.878646648739375e+03,5.872720650197396e+03,1.176470588235294e+00,32022607
5.879447260660071e+03,5.877431194344746e+03,5.882352941176471e-01,32022612
5.880411354621728e+03,5.872072318729618e+03,1.764705882352941e+00,32022606
5.881302444869645e+03,5.879537738987292e+03,5.882352941176471e-01,32022615
5.883067150751998e+03,5.881195242487672e+03,5.882352941176471e-01,32022617
5.883940766386433e+03,5.881870813943802e+03,5.882352941176471e-01,32022618
5.884287471155795e+03,5.874825759654777e+03,1.764705882352941e+00,32022610
5.884831856634351e+03,5.882723876446558e+03,5.882352941176471e-01,32022619
5.887977432200556e+03,5.879707821520603e+03,1.764705882352941e+00,32022616
5.887977432200556e+03,5.877792126065812e+03,1.764705882352941e+00,32022614
5.889458170951938e+03,5.884164053304879e+03,1.764705882352941e+00,32022620
5.890935225666470e+03,5.889170519784117e+03,5.882352941176471e-01,32022622
5.891506843965262e+03,5.887204400468374e+03,1.176470588235294e+00,32022621
5.893261802256754e+03,5.891497096374401e+03,5.882352941176471e-01,32022623
5.894863615295187e+03,5.893098909412834e+03,5.882352941176471e-01,32022625
5.896796557625537e+03,5.891502439978478e+03,1.764705882352941e+00,32022624
5.898850647790884e+03,5.893556530143825e+03,1.764705882352941e+00,32022626
5.901178455910173e+03,5.899413750027820e+03,5.882352941176471e-01,32022628
5.901466840473355e+03,5.899702134591002e+03,5.882352941176471e-01,32022629
5.902663982889144e+03,5.897369865242085e+03,1.764705882352941e+00,32022627
5.904396526470137e+03,5.902631820587784e+03,5.882352941176471e-01,32022631
5.905953464032194e+03,5.904188758149841e+03,5.882352941176471e-01,32022632
5.906320799721917e+03,5.904556093839564e+03,5.882352941176471e-01,32022633
5.907797545957953e+03,5.904789862100517e+03,5.882352941176471e-01,32022634
5.907876922001358e+03,5.902582804354299e+03,1.764705882352941e+00,32022630
5.908085505604270e+03,5.906185101330951e+03,5.882352941176471e-01,32022636
5.909562251840306e+03,5.907335815221829e+03,5.882352941176471e-01,32022637
5.909700792183263e+03,5.907936086300910e+03,5.882352941176471e-01,32022638
5.910656775237062e+03,5.908892069354709e+03,5.882352941176471e-01,32022639
5.912347170138521e+03,5.910582464256168e+03,5.882352941176471e-01,32022641
5.912421481119415e+03,5.910624028100565e+03,5.882352941176471e-01,32022642
5.914623522562901e+03,5.912858816680548e+03,5.882352941176471e-01,32022643
5.915006546067369e+03,5.909712428420310e+03,1.764705882352941e+00,32022640
5.918936911285103e+03,5.917172205402750e+03,5.882352941176471e-01,32022645
5.919320700616822e+03,5.915791288852116e+03,1.176470588235294e+00,32022644
5.920798426104654e+03,5.918170525458161e+03,5.882352941176471e-01,32022647
5.921079395947868e+03,5.919130529159500e+03,5.882352941176471e-01,32022649
5.922750445215816e+03,5.919851565673754e+03,5.882352941176471e-01,32022651
5.922750445215816e+03,5.919717374143045e+03,5.882352941176471e-01,32022650
5.922850112381528e+03,5.917549984183162e+03,1.764705882352941e+00,32022646
5.924548373486740e+03,5.922599156229905e+03,5.882352941176471e-01,32022654
5.926313079369093e+03,5.924259367695711e+03,5.882352941176471e-01,32022656
5.928077785251446e+03,5.924397502167929e+03,1.176470588235294e+00,32022657
5.928077785251446e+03,5.925331890631339e+03,5.882352941176471e-01,32022658
5.928469543823746e+03,5.922013673543463e+03,1.764705882352941e+00,32022653
5.929842491133799e+03,5.927953835140975e+03,5.882352941176471e-01,32022659
5.930556637456859e+03,5.928791931574506e+03,5.882352941176471e-01,32022660
5.931851937565321e+03,5.930087231682968e+03,5.882352941176471e-01,32022662
5.932451294926218e+03,5.930100996866626e+03,5.882352941176471e-01,32022663
5.934216000808571e+03,5.932145393496912e+03,5.882352941176471e-01,32022667
5.935980706690923e+03,5.933843414817012e+03,5.882352941176471e-01,32022669
5.936368497227599e+03,5.929051834748517e+03,1.764705882352941e+00,32022661
5.937519097875726e+03,5.935067713424637e+03,5.882352941176471e-01,32022670
5.939283803758079e+03,5.937012962081877e+03,5.882352941176471e-01,32022673
5.939283803758079e+03,5.936822096742763e+03,5.882352941176471e-01,32022672
5.940124708749887e+03,5.931477331198686e+03,1.764705882352941e+00,32022665
5.941468962136336e+03,5.937972061537508e+03,5.882352941176471e-01,32022674
5.944998373901042e+03,5.935139642369160e+03,1.764705882352941e+00,32022671
5.945067369266223e+03,5.938109172968378e+03,1.764705882352941e+00,32022675
5.946797577465985e+03,5.944851066219738e+03,5.882352941176471e-01,32022681
5.947063258887515e+03,5.941577827895195e+03,1.176470588235294e+00,32022678
5.950856726175122e+03,5.946019713616499e+03,1.176470588235294e+00,32022683
5.952621432057475e+03,5.945489866350422e+03,1.764705882352941e+00,32022682
5.952621432057475e+03,5.944674861577404e+03,1.764705882352941e+00,32022680
5.954646543512612e+03,5.952364734948615e+03,5.882352941176471e-01,32022686
5.954646543512612e+03,5.952531479724107e+03,5.882352941176471e-01,32022687
5.954646543512612e+03,5.952547145632748e+03,5.882352941176471e-01,32022688
5.956775361618652e+03,5.955010655736299e+03,5.882352941176471e-01,32022689
5.958175955277317e+03,5.951637942893472e+03,1.764705882352941e+00,32022685
5.961298524021673e+03,5.959533818139320e+03,5.882352941176471e-01,32022691
5.963869353687146e+03,5.958575236040087e+03,1.764705882352941e+00,32022690
5.964237000055251e+03,5.962472294172898e+03,5.882352941176471e-01,32022692
5.964883985117409e+03,5.963119279235056e+03,5.882352941176471e-01,32022693
5.966234170725527e+03,5.964469464843175e+03,5.882352941176471e-01,32022695
5.967882641583485e+03,5.965743038016636e+03,5.882352941176471e-01,32022697
5.968780899352647e+03,5.965251487587941e+03,1.176470588235294e+00,32022696
5.969647347465838e+03,5.967675309445396e+03,5.882352941176471e-01,32022698
5.969763582490233e+03,5.964353229818779e+03,1.764705882352941e+00,32022694
5.972971458097586e+03,5.969442046332880e+03,1.176470588235294e+00,32022699
5.974580517771816e+03,5.971051106007110e+03,1.176470588235294e+00,32022700
5.976984331221818e+03,5.975219625339465e+03,5.882352941176471e-01,32022703
5.977588881973742e+03,5.972294764326683e+03,1.764705882352941e+00,32022701
5.978749037104171e+03,5.976799712183336e+03,5.882352941176471e-01,32022704
5.979599194281102e+03,5.974305076634043e+03,1.764705882352941e+00,32022702
5.980513742986523e+03,5.978019211437353e+03,5.882352941176471e-01,32022706
5.982973675121122e+03,5.977679557474063e+03,1.764705882352941e+00,32022705
5.984823615520154e+03,5.981294203755448e+03,1.176470588235294e+00,32022707
5.986416781777598e+03,5.984652075895245e+03,5.882352941176471e-01,32022708
5.986591710222651e+03,5.984827004340298e+03,5.882352941176471e-01,32022709
5.987544129803016e+03,5.985779423920663e+03,5.882352941176471e-01,32022710
5.988744843635641e+03,5.986980137753288e+03,5.882352941176471e-01,32022712
5.991330727855191e+03,5.989566021972838e+03,5.882352941176471e-01,32022714
5.991969586640407e+03,5.986675468993348e+03,1.764705882352941e+00,32022711
5.992857126008235e+03,5.990015820561007e+03,5.882352941176471e-01,32022716
5.992857126008235e+03,5.989579282343312e+03,5.882352941176471e-01,32022715
5.994621831890588e+03,5.992232790174416e+03,5.882352941176471e-01,32022717
5.995498998405113e+03,5.989089406514219e+03,1.764705882352941e+00,32022713
5.997746876706283e+03,5.995982170823930e+03,5.882352941176471e-01,32022720
5.998403884858820e+03,5.993109767211761e+03,1.764705882352941e+00,32022718
5.999511582588636e+03,5.997250451472456e+03,5.882352941176471e-01,32022721
6.000168590741173e+03,5.997780581869598e+03,5.882352941176471e-01,32022722
6.000221253119473e+03,5.994927135472414e+03,1.764705882352941e+00,32022719
6.001604792547257e+03,5.999106765385092e+03,5.882352941176471e-01,32022724
6.002125787778142e+03,6.000361081895789e+03,5.882352941176471e-01,32022725
6.003629996045052e+03,6.000904296342306e+03,5.882352941176471e-01,32022728
6.007159407809758e+03,6.004949454675741e+03,5.882352941176471e-01,32022732
6.008039046896884e+03,5.999093951389775e+03,1.764705882352941e+00,32022723
6.008924113692111e+03,6.005565972071998e+03,5.882352941176471e-01,32022734
6.011275245632548e+03,6.003502103032996e+03,1.764705882352941e+00,32022731
6.011275245632548e+03,6.002933518238039e+03,1.764705882352941e+00,32022730
6.015613203586585e+03,6.010319085939526e+03,1.764705882352941e+00,32022735
6.016162742875401e+03,6.014398036993048e+03,5.882352941176471e-01,32022736
6.017247179464656e+03,6.015482473582303e+03,5.882352941176471e-01,32022737
6.018067299152039e+03,6.016302593269687e+03,5.882352941176471e-01,32022738
6.018573520179143e+03,6.016808814296790e+03,5.882352941176471e-01,32022739
6.019832005034392e+03,6.017773367646673e+03,5.882352941176471e-01,32022741
6.020710187859730e+03,6.018945481977377e+03,5.882352941176471e-01,32022742
6.022919682568564e+03,6.017625564921505e+03,1.764705882352941e+00,32022740
6.023407597930534e+03,6.021642892048181e+03,5.882352941176471e-01,32022743
6.023441228407762e+03,6.021676522525409e+03,5.882352941176471e-01,32022744
6.024789895259203e+03,6.023025189376851e+03,5.882352941176471e-01,32022745
6.025946770825531e+03,6.024182064943178e+03,5.882352941176471e-01,32022746
6.028693941962433e+03,6.026929236080080e+03,5.882352941176471e-01,32022748
6.028801262946309e+03,6.027036557063956e+03,5.882352941176471e-01,32022749
6.029809157946070e+03,6.024515040299011e+03,1.764705882352941e+00,32022747
6.030512308336724e+03,6.027883585917716e+03,5.882352941176471e-01,32022751
6.031925439023750e+03,6.029606866433115e+03,5.882352941176471e-01,32022753
6.031925439023750e+03,6.029433799545389e+03,5.882352941176471e-01,32022752
6.033690144906103e+03,6.031727947345870e+03,5.882352941176471e-01,32022754
6.033753193515743e+03,6.031988487633390e+03,5.882352941176471e-01,32022755
6.034041720101430e+03,6.027081403337354e+03,1.764705882352941e+00,32022750
6.035764078306852e+03,6.033999372424499e+03,5.882352941176471e-01,32022757
6.038984262553162e+03,6.032197604388686e+03,1.764705882352941e+00,32022756
6.040077429532312e+03,6.038312723649959e+03,5.882352941176471e-01,32022759
6.041069613016802e+03,6.038762791202110e+03,5.882352941176471e-01,32022761
6.041069613016802e+03,6.038397184964783e+03,5.882352941176471e-01,32022760
6.043606841297018e+03,6.037860845833382e+03,1.764705882352941e+00,32022758
6.045474597472897e+03,6.043364355100838e+03,5.882352941176471e-01,32022766
6.046875817590126e+03,6.044373975939498e+03,5.882352941176471e-01,32022768
6.048290218443172e+03,6.041218214177943e+03,1.176470588235294e+00,32022762
6.048290218443172e+03,6.042329451015964e+03,1.176470588235294e+00,32022764
6.050054924325525e+03,6.042048236001718e+03,1.764705882352941e+00,32022763
6.050152955736798e+03,6.048388249854445e+03,5.882352941176471e-01,32022770
6.051721598796604e+03,6.044075812775514e+03,1.176470588235294e+00,32022767
6.053682367501504e+03,6.047309756352271e+03,1.764705882352941e+00,32022769
6.057179102129119e+03,6.050636688684459e+03,1.764705882352941e+00,32022772
6.057179102129119e+03,6.048447630030473e+03,1.764705882352941e+00,32022771
6.058780422326016e+03,6.056738318231182e+03,5.882352941176471e-01,32022776
6.060708513893825e+03,6.054974475717726e+03,1.764705882352941e+00,32022775
6.060708513893825e+03,6.052408789371002e+03,1.764705882352941e+00,32022774
6.061286496564333e+03,6.059521790681980e+03,5.882352941176471e-01,32022777
6.062822730799214e+03,6.061058024916861e+03,5.882352941176471e-01,32022778
6.064903140697267e+03,6.063138434814914e+03,5.882352941176471e-01,32022781
6.066303455501339e+03,6.063340407408092e+03,5.882352941176471e-01,32022782
6.066555784999918e+03,6.064791079117565e+03,5.882352941176471e-01,32022783
6.068068161383692e+03,6.066072937236393e+03,5.882352941176471e-01,32022784
6.068965894754778e+03,6.062774043736633e+03,1.764705882352941e+00,32022779
6.069832867266045e+03,6.067214668626737e+03,5.882352941176471e-01,32022786
6.070711919900951e+03,6.066735656379784e+03,1.176470588235294e+00,32022785
6.073629767343803e+03,6.071865061461450e+03,5.882352941176471e-01,32022789
6.073813160645376e+03,6.068519042998317e+03,1.764705882352941e+00,32022787
6.075516735427204e+03,6.072992630107717e+03,5.882352941176471e-01,32022790
6.076284471460588e+03,6.070990353813530e+03,1.764705882352941e+00,32022788
6.077742082929588e+03,6.074151218140453e+03,5.882352941176471e-01,32022793
6.079506788811941e+03,6.077482109876735e+03,5.882352941176471e-01,32022799
6.082447965282529e+03,6.073297648058249e+03,1.764705882352941e+00,32022791
6.082447965282529e+03,6.074978621341333e+03,1.764705882352941e+00,32022794
6.082447965282529e+03,6.075065624941165e+03,1.764705882352941e+00,32022795
6.084212671164882e+03,6.080564176149856e+03,5.882352941176471e-01,32022800
6.084212671164882e+03,6.081154643064058e+03,5.882352941176471e-01,32022801
6.084212671164882e+03,6.082188334917510e+03,5.882352941176471e-01,32022802
6.087742082929588e+03,6.076796855284696e+03,1.764705882352941e+00,32022798
6.089506788811941e+03,6.086870402726131e+03,5.882352941176471e-01,32022812
6.091271494694294e+03,6.087896226795312e+03,5.882352941176471e-01,32022814
6.091721678066184e+03,6.083120627504463e+03,1.176470588235294e+00,32022803
6.093267138745298e+03,6.090182063869776e+03,5.882352941176471e-01,32022815
6.093486383948537e+03,6.091617901947271e+03,5.882352941176470e-01,32022818
6.093486383948537e+03,6.083761470242737e+03,1.764705882352941e+00,32022804
6.095141467229270e+03,6.091967951200122e+03,5.882352941176471e-01,32022819
6.096376414915395e+03,6.094611709033042e+03,5.882352941176471e-01,32022821
6.098670878993976e+03,6.092201215733428e+03,1.764705882352941e+00,32022820
6.100370502648925e+03,6.098374428834756e+03,5.882352941176471e-01,32022824
6.100577416876265e+03,6.098812710993912e+03,5.882352941176471e-01,32022825
6.101445416863311e+03,6.099226594723391e+03,5.882352941176471e-01,32022826
6.103613806210969e+03,6.101849100328616e+03,5.882352941176471e-01,32022827
6.103758082413695e+03,6.096841090884220e+03,1.764705882352941e+00,32022822
6.104106828640971e+03,6.097916005098605e+03,1.764705882352941e+00,32022823
6.105378512093322e+03,6.103056640692697e+03,5.882352941176471e-01,32022828
6.105522788296048e+03,6.103670353201024e+03,5.882352941176471e-01,32022829
6.105871534523324e+03,6.103848906480174e+03,5.882352941176471e-01,32022830
6.107143217975675e+03,6.104897829752217e+03,5.882352941176471e-01,32022831
6.107446645837542e+03,6.105681939955189e+03,5.882352941176471e-01,32022832
6.111727681510044e+03,6.109962975627691e+03,5.882352941176471e-01,32022834
6.111820542869617e+03,6.110055836987264e+03,5.882352941176471e-01,32022835
6.113483624254070e+03,6.111268890727460e+03,5.882352941176471e-01,32022837
6.115282204969056e+03,6.112655161481592e+03,5.882352941176471e-01,32022839
6.115349954634323e+03,6.109945449351037e+03,1.764705882352941e+00,32022833
6.117046910851409e+03,6.114164556109042e+03,5.882352941176471e-01,32022841
6.118845491566395e+03,6.112654937197304e+03,1.764705882352941e+00,32022838
6.118845491566395e+03,6.110909306999733e+03,1.764705882352941e+00,32022836
6.120605963094669e+03,6.118302179825096e+03,5.882352941176471e-01,32022847
6.122370668977022e+03,6.117301748331929e+03,1.176470588235294e+00,32022846
6.122370668977022e+03,6.120553839523786e+03,5.882352941176471e-01,32022848
6.122374903331101e+03,6.115503956113821e+03,1.764705882352941e+00,32022842
6.124135374859375e+03,6.121202101580500e+03,5.882352941176471e-01,32022849
6.126076402496535e+03,6.124311696614182e+03,5.882352941176471e-01,32022850
6.126675038999404e+03,6.124910333117051e+03,5.882352941176471e-01,32022851
6.128181228740336e+03,6.126416522857983e+03,5.882352941176471e-01,32022853
6.129909797738141e+03,6.128145091855789e+03,5.882352941176471e-01,32022854
6.131006339970003e+03,6.125712222322944e+03,1.764705882352941e+00,32022852
6.135103082859592e+03,6.129808965212533e+03,1.764705882352941e+00,32022855
6.138072519996925e+03,6.136307814114572e+03,5.882352941176471e-01,32022857
6.138696274885944e+03,6.136931569003591e+03,5.882352941176471e-01,32022858
6.141074864317115e+03,6.139064259695177e+03,5.882352941176471e-01,32022862
6.142164432540832e+03,6.140399726658479e+03,5.882352941176471e-01,32022865
6.142839570199468e+03,6.140973359290452e+03,5.882352941176471e-01,32022866
6.143803826755839e+03,6.137243278826874e+03,1.176470588235294e+00,32022859
6.145568532638192e+03,6.135723484190708e+03,1.764705882352941e+00,32022856
6.146368981964174e+03,6.139367420914110e+03,1.764705882352941e+00,32022864
6.146661551874921e+03,6.144896845992568e+03,5.882352941176471e-01,32022867
6.149097944402898e+03,6.145203006067362e+03,1.176470588235294e+00,32022868
6.152725520910004e+03,6.150960815027651e+03,5.882352941176471e-01,32022869
6.153225633050987e+03,6.151460927168634e+03,5.882352941176471e-01,32022871
6.154618530413550e+03,6.151937883121337e+03,5.882352941176471e-01,32022873
6.154618530413550e+03,6.151937233223262e+03,5.882352941176471e-01,32022872
6.156755044815692e+03,6.151217422270038e+03,1.764705882352941e+00,32022870
6.159002828078856e+03,6.157238122196503e+03,5.882352941176471e-01,32022875
6.159010321976678e+03,6.157245616094325e+03,5.882352941176471e-01,32022876
6.159912648060609e+03,6.154199239942533e+03,1.764705882352941e+00,32022874
6.160767533961209e+03,6.158788504511567e+03,5.882352941176471e-01,32022877
6.161214642577237e+03,6.159449936694884e+03,5.882352941176471e-01,32022878
6.163352896665976e+03,6.161588190783623e+03,5.882352941176471e-01,32022879
6.163731387207461e+03,6.161966681325108e+03,5.882352941176471e-01,32022880
6.165669294582229e+03,6.162139882817523e+03,1.176470588235294e+00,32022881
6.168476940882740e+03,6.166712235000387e+03,5.882352941176471e-01,32022884
6.169258437266678e+03,6.165729025501972e+03,1.176470588235294e+00,32022882
6.170090747549067e+03,6.167851183987863e+03,5.882352941176471e-01,32022885
6.171930903039433e+03,6.169925799103108e+03,5.882352941176471e-01,32022887
6.172006352647446e+03,6.166561335784361e+03,1.764705882352941e+00,32022883
6.172787849031384e+03,6.168698760706375e+03,1.176470588235294e+00,32022886
6.174397759561441e+03,6.172633053679088e+03,5.882352941176471e-01,32022889
6.179334982508864e+03,6.177570276626511e+03,5.882352941176471e-01,32022890
6.180048526793153e+03,6.178283820910800e+03,5.882352941176471e-01,32022891
6.183541752342009e+03,6.181777046459656e+03,5.882352941176471e-01,32022893
6.184776808104968e+03,6.183012102222616e+03,5.882352941176471e-01,32022894
6.185845488483905e+03,6.180551370836846e+03,1.764705882352941e+00,32022892
6.187199073082958e+03,6.185434367200605e+03,5.882352941176471e-01,32022895
6.187262120698293e+03,6.185497414815940e+03,5.882352941176471e-01,32022896
6.187852275896418e+03,6.186087570014065e+03,5.882352941176471e-01,32022897
6.189026826580646e+03,6.187261945035281e+03,5.882352941176471e-01,32022899
6.190728484847663e+03,6.186158069102520e+03,1.176470588235294e+00,32022898
6.192640406986101e+03,6.190875701103748e+03,5.882352941176471e-01,32022900
6.193096480960318e+03,6.191331775077965e+03,5.882352941176471e-01,32022902
6.194520334662540e+03,6.191824155484403e+03,5.882352941176471e-01,32022903
6.194861186842671e+03,6.191201888538199e+03,1.176470588235294e+00,32022901
6.196425684305136e+03,6.194158965987859e+03,5.882352941176471e-01,32022907
6.196425684305136e+03,6.193720565426538e+03,5.882352941176471e-01,32022906
6.198521195014828e+03,6.194991783250122e+03,1.176470588235294e+00,32022909
6.199824499662391e+03,6.192870850574272e+03,1.764705882352941e+00,32022905
6.199832107374558e+03,6.198067401492205e+03,5.882352941176471e-01,32022910
6.200463230885644e+03,6.198137492259632e+03,5.882352941176471e-01,32022911
6.201594911328869e+03,6.198875854991755e+03,5.882352941176471e-01,32022913
6.203431186291816e+03,6.201666480409464e+03,5.882352941176471e-01,32022919
6.205195892174169e+03,6.202914735739848e+03,5.882352941176471e-01,32022923
6.206363508337728e+03,6.204597959506044e+03,5.882352941176471e-01,32022925
6.206960598056522e+03,6.204888699645241e+03,5.882352941176471e-01,32022926
6.208128214220081e+03,6.206298912124963e+03,5.882352941176471e-01,32022928
6.209892920102434e+03,6.207274341800238e+03,5.882352941176471e-01,32022929
6.210330853967601e+03,6.200216006058459e+03,1.176470588235294e+00,32022917
6.210418440740634e+03,6.199012808632445e+03,1.764705882352941e+00,32022914
6.212817553744204e+03,6.211052847861851e+03,5.882352941176471e-01,32022932
6.215187037749493e+03,6.208872032438566e+03,1.764705882352941e+00,32022930
6.215915752398831e+03,6.214151046516478e+03,5.882352941176471e-01,32022933
6.216341269333585e+03,6.211047151686527e+03,1.764705882352941e+00,32022931
6.220618691290575e+03,6.218853985408222e+03,5.882352941176471e-01,32022935
6.221131193720756e+03,6.215837076073697e+03,1.764705882352941e+00,32022934
6.224904252155568e+03,6.219610134508509e+03,1.764705882352941e+00,32022936
6.226597455628284e+03,6.224832749745931e+03,5.882352941176471e-01,32022938
6.226767894015679e+03,6.221473776368620e+03,1.764705882352941e+00,32022937
6.227965626247139e+03,6.226200920364786e+03,5.882352941176471e-01,32022939
6.228362161510637e+03,6.226376020958296e+03,5.882352941176471e-01,32022940
6.231354292253225e+03,6.229589586370872e+03,5.882352941176471e-01,32022942
6.233666432734276e+03,6.231901726851923e+03,5.882352941176471e-01,32022944
6.234080867400336e+03,6.228786749753277e+03,1.764705882352941e+00,32022941
6.235431138616629e+03,6.232926964102420e+03,5.882352941176471e-01,32022945
6.236047318377022e+03,6.230753200729963e+03,1.764705882352941e+00,32022943
6.236127397850081e+03,6.234362691967728e+03,5.882352941176471e-01,32022946
6.237606631005911e+03,6.234718109205079e+03,5.882352941176471e-01,32022947
6.239371336888263e+03,6.235093946074527e+03,1.176470588235294e+00,32022948
6.239894767349005e+03,6.238130061466652e+03,5.882352941176471e-01,32022950
6.240043147890634e+03,6.238278442008281e+03,5.882352941176471e-01,32022951
6.241136042770616e+03,6.239079773562952e+03,5.882352941176471e-01,32022952
6.242554271194256e+03,6.240789565311903e+03,5.882352941176471e-01,32022953
6.247328446852900e+03,6.245563740970548e+03,5.882352941176471e-01,32022954
6.248291784633130e+03,6.246527078750777e+03,5.882352941176471e-01,32022955
6.249848876030626e+03,6.248084170148273e+03,5.882352941176471e-01,32022957
6.250246528438636e+03,6.246717116673930e+03,1.176470588235294e+00,32022956
6.253622849422532e+03,6.251858143540179e+03,5.882352941176471e-01,32022961
6.254069664763442e+03,6.248775547116384e+03,1.764705882352941e+00,32022958
6.255189631487136e+03,6.252342682405344e+03,5.882352941176471e-01,32022963
6.256954337369489e+03,6.251462295904682e+03,1.176470588235294e+00,32022960
6.257574247328241e+03,6.250068608457919e+03,1.764705882352941e+00,32022959
6.258719043251842e+03,6.251982326790035e+03,1.764705882352941e+00,32022962
6.261048465857872e+03,6.259283759975519e+03,5.882352941176471e-01,32022968
6.262270019589041e+03,6.255779400768908e+03,1.764705882352941e+00,32022964
6.262868364975300e+03,6.256986684228228e+03,1.764705882352941e+00,32022967
6.264386840613602e+03,6.262622134731249e+03,5.882352941176471e-01,32022970
6.264577877622577e+03,6.262786286576755e+03,5.882352941176471e-01,32022971
6.266151546495955e+03,6.263361768775615e+03,5.882352941176471e-01,32022972
6.266397776740006e+03,6.259858071197908e+03,1.764705882352941e+00,32022969
6.268100925061346e+03,6.265132563676916e+03,5.882352941176471e-01,32022975
6.268100925061346e+03,6.265116570763080e+03,5.882352941176471e-01,32022974
6.269865630943699e+03,6.266786571827451e+03,5.882352941176471e-01,32022978
6.269865630943699e+03,6.267288638461719e+03,5.882352941176471e-01,32022979
6.270079564013487e+03,6.264785446366428e+03,1.764705882352941e+00,32022973
6.271701647849315e+03,6.269283118764162e+03,5.882352941176471e-01,32022982
6.273466353731668e+03,6.271184209104528e+03,5.882352941176471e-01,32022984
6.273466353731668e+03,6.270439771592897e+03,5.882352941176471e-01,32022983
6.275231059614020e+03,6.273193779276363e+03,5.882352941176471e-01,32022985
6.275977125327544e+03,6.268595773591533e+03,1.764705882352941e+00,32022980
6.276995765496373e+03,6.274546030557849e+03,5.882352941176471e-01,32022987
6.277775177322192e+03,6.276010471439839e+03,5.882352941176471e-01,32022988
6.278760471378726e+03,6.273195344831433e+03,1.764705882352941e+00,32022986
6.279476643697928e+03,6.277711937815575e+03,5.882352941176471e-01,32022989
6.279811050790145e+03,6.278046344907792e+03,5.882352941176471e-01,32022990
6.280525177261079e+03,6.278457500475421e+03,5.882352941176471e-01,32022991
6.281808895288387e+03,6.280044189406034e+03,5.882352941176471e-01,32022992
6.282687809797591e+03,6.280923103915239e+03,5.882352941176471e-01,32022993
6.283468995541780e+03,6.281704289659427e+03,5.882352941176471e-01,32022994
6.285471075973201e+03,6.283706370090848e+03,5.882352941176471e-01,32022995
6.286690896978604e+03,6.284926191096251e+03,5.882352941176471e-01,32022997
6.289425451780031e+03,6.284131334132972e+03,1.764705882352941e+00,32022996
6.289585100928018e+03,6.287262682631765e+03,5.882352941176471e-01,32023000
6.290707270520038e+03,6.288109921694805e+03,5.882352941176471e-01,32023001
6.291269982236378e+03,6.286055689163312e+03,1.176470588235294e+00,32022998
6.293034688118731e+03,6.287177858755332e+03,1.764705882352941e+00,32022999
6.293413641017069e+03,6.291648935134716e+03,5.882352941176471e-01,32023002
6.295059396342163e+03,6.293294690459810e+03,5.882352941176471e-01,32023003
6.295810971043053e+03,6.294046265160700e+03,5.882352941176471e-01,32023005
6.298872903864408e+03,6.293578786217349e+03,1.764705882352941e+00,32023004
6.300353513989222e+03,6.294813720865713e+03,1.764705882352941e+00,32023006
6.300749617948012e+03,6.298501261115334e+03,5.882352941176471e-01,32023009
6.301539102481787e+03,6.299096920266909e+03,5.882352941176471e-01,32023011
6.302118219871575e+03,6.299804376346629e+03,5.882352941176471e-01,32023013
6.303238668156507e+03,6.296215005087534e+03,1.176470588235294e+00,32023007
6.303882925753928e+03,6.301694063230893e+03,5.882352941176471e-01,32023015
6.304564270877090e+03,6.302490217358879e+03,5.882352941176471e-01,32023016
6.306768079921213e+03,6.301034859112384e+03,1.764705882352941e+00,32023014
6.309370248902517e+03,6.307605543020164e+03,5.882352941176471e-01,32023018
6.310019682210834e+03,6.304725564563775e+03,1.764705882352941e+00,32023017
6.311020483978583e+03,6.309255778096230e+03,5.882352941176471e-01,32023019
6.313056566413963e+03,6.311291860531610e+03,5.882352941176471e-01,32023022
6.314169622710325e+03,6.311978281371703e+03,5.882352941176471e-01,32023023
6.314798154199769e+03,6.309504036552710e+03,1.764705882352941e+00,32023020
6.314942074023303e+03,6.313177368140950e+03,5.882352941176471e-01,32023024
6.316442058355134e+03,6.310640210945620e+03,1.176470588235294e+00,32023021
6.317087190776780e+03,6.315322484894427e+03,5.882352941176471e-01,32023026
6.317699034475031e+03,6.315749389907775e+03,5.882352941176471e-01,32023027
6.318206764237487e+03,6.315965848040965e+03,5.882352941176471e-01,32023028
6.320616602541486e+03,6.314064381571683e+03,1.764705882352941e+00,32023025
6.323392379747794e+03,6.319862967983088e+03,1.176470588235294e+00,32023030
6.323557433965601e+03,6.321792728083248e+03,5.882352941176471e-01,32023031
6.324919047086259e+03,6.319624929439200e+03,1.764705882352941e+00,32023029
6.325157085630147e+03,6.323368806047829e+03,5.882352941176471e-01,32023032
6.328024155696031e+03,6.326259449813678e+03,5.882352941176471e-01,32023034
6.329348321839312e+03,6.327583615956959e+03,5.882352941176471e-01,32023035
6.329788861578384e+03,6.327727112727602e+03,5.882352941176471e-01,32023036
6.330237278644393e+03,6.324943160997334e+03,1.764705882352941e+00,32023033
6.332289296213542e+03,6.330524590331189e+03,5.882352941176471e-01,32023038
6.332342176177433e+03,6.330577470295080e+03,5.882352941176471e-01,32023039
6.335804573546171e+03,6.329691643668202e+03,1.764705882352941e+00,32023037
6.336764601629690e+03,6.331470483982631e+03,1.764705882352941e+00,32023040
6.339184049020770e+03,6.337419343138417e+03,5.882352941176471e-01,32023041
6.341798390728012e+03,6.338268978963306e+03,1.176470588235294e+00,32023042
6.342083155336705e+03,6.340318449454352e+03,5.882352941176471e-01,32023044
6.342819569520470e+03,6.340415607157305e+03,5.882352941176471e-01,32023045
6.343563096610365e+03,6.341125607699836e+03,5.882352941176471e-01,32023047
6.345612567101411e+03,6.339219413694044e+03,1.764705882352941e+00,32023043
6.348414308700201e+03,6.344202197579656e+03,1.176470588235294e+00,32023049
6.349522444906101e+03,6.344272568988829e+03,1.176470588235294e+00,32023050
6.350179014582554e+03,6.348183175873809e+03,5.882352941176470e-01,32023053
6.350179014582554e+03,6.343712948788828e+03,1.764705882352941e+00,32023048
6.352389350901400e+03,6.350624645019047e+03,5.882352941176471e-01,32023055
6.354816562553160e+03,6.348650577445124e+03,1.764705882352941e+00,32023054
6.356488788219198e+03,6.354724082336845e+03,5.882352941176471e-01,32023057
6.356506377653593e+03,6.352976965888887e+03,1.176470588235294e+00,32023056
6.356960590540795e+03,6.355195884658442e+03,5.882352941176471e-01,32023058
6.358253494101551e+03,6.355620785922906e+03,5.882352941176471e-01,32023059
6.359473029953886e+03,6.357708324071533e+03,5.882352941176471e-01,32023060
6.361412187907141e+03,6.359151560166727e+03,5.882352941176471e-01,32023063
6.362671149292527e+03,6.358635993030853e+03,1.176470588235294e+00,32023062
6.364435855174880e+03,6.358057228213339e+03,1.764705882352941e+00,32023061
6.364941599671847e+03,6.359385731351188e+03,1.764705882352941e+00,32023064
6.365336094270506e+03,6.363571388388153e+03,5.882352941176471e-01,32023065
6.369097562722055e+03,6.367332856839702e+03,5.882352941176471e-01,32023068
6.370862268604407e+03,6.368194698154755e+03,5.882352941176471e-01,32023071
6.371382472688899e+03,6.365694182410625e+03,1.176470588235294e+00,32023066
6.372626974486760e+03,6.370327853269788e+03,5.882352941176471e-01,32023072
6.373147178571252e+03,6.366285441357448e+03,1.764705882352941e+00,32023067
6.374651782411359e+03,6.372509020475655e+03,5.882352941176471e-01,32023074
6.374911884453605e+03,6.367871343984527e+03,1.764705882352941e+00,32023070
6.376416488293712e+03,6.373756268198074e+03,5.882352941176471e-01,32023075
6.378181194176065e+03,6.376195915069165e+03,5.882352941176471e-01,32023078
6.378181194176065e+03,6.375438720171357e+03,5.882352941176471e-01,32023077
6.378441296218311e+03,6.372106555876834e+03,1.764705882352941e+00,32023073
6.379945900058418e+03,6.378072410531542e+03,5.882352941176471e-01,32023079
6.380055614835761e+03,6.378290908953408e+03,5.882352941176471e-01,32023080
6.381860993205674e+03,6.374429974983767e+03,1.764705882352941e+00,32023076
6.382511353014839e+03,6.380746647132486e+03,5.882352941176471e-01,32023081
6.383216809524886e+03,6.381452103642533e+03,5.882352941176471e-01,32023082
6.387633442523017e+03,6.384104030758311e+03,1.176470588235294e+00,32023083
6.387688473247206e+03,6.385923767364853e+03,5.882352941176471e-01,32023085
6.388984413177472e+03,6.386148262464228e+03,5.882352941176471e-01,32023086
6.390542687380751e+03,6.388777981498398e+03,5.882352941176471e-01,32023087
6.391162854287723e+03,6.385455001412766e+03,1.764705882352941e+00,32023084
6.391192190664138e+03,6.389427484781785e+03,5.882352941176471e-01,32023088
6.392411572079111e+03,6.390646866196758e+03,5.882352941176471e-01,32023089
6.393840018015127e+03,6.392075312132774e+03,5.882352941176471e-01,32023091
6.394474508523374e+03,6.392709802641021e+03,5.882352941176471e-01,32023092
6.396456971934781e+03,6.391086086561673e+03,1.764705882352941e+00,32023090
6.398142516758166e+03,6.396099846333993e+03,5.882352941176471e-01,32023096
6.399907222640519e+03,6.397155596805540e+03,5.882352941176471e-01,32023097
6.400442012141346e+03,6.394533943934491e+03,1.764705882352941e+00,32023093
6.401671928522872e+03,6.399064782442424e+03,5.882352941176470e-01,32023098
6.401671928522872e+03,6.396006987461212e+03,1.764705882352941e+00,32023095
6.403361844401174e+03,6.401597138518821e+03,5.882352941176471e-01,32023099
6.404029192770458e+03,6.402264486888105e+03,5.882352941176471e-01,32023100
6.406469388105600e+03,6.404704682223247e+03,5.882352941176471e-01,32023101
6.413084055128156e+03,6.410920348081650e+03,5.882352941176471e-01,32023105
6.413190144168840e+03,6.407896026521781e+03,1.764705882352941e+00,32023102
6.414404040060697e+03,6.410429907346181e+03,1.176470588235294e+00,32023104
6.414954850051193e+03,6.413088461796072e+03,5.882352941176471e-01,32023108
6.416168745943050e+03,6.409342465282080e+03,1.764705882352941e+00,32023103
6.417933451825403e+03,6.415458392275645e+03,5.882352941176471e-01,32023114
6.417933451825403e+03,6.415322767795546e+03,5.882352941176471e-01,32023113
6.420671549888353e+03,6.413784054233684e+03,1.764705882352941e+00,32023109
6.422436255770706e+03,6.420448558268752e+03,5.882352941176471e-01,32023118
6.423602769752960e+03,6.417380761441572e+03,1.764705882352941e+00,32023115
6.425220450197825e+03,6.423357854781019e+03,5.882352941176471e-01,32023125
6.425896971337941e+03,6.418797496605170e+03,1.176470588235294e+00,32023117
6.428191172922921e+03,6.421767096714123e+03,1.764705882352941e+00,32023123
6.430514567844884e+03,6.425021654570685e+03,1.764705882352941e+00,32023126
6.431407632879285e+03,6.429426177250039e+03,5.882352941176471e-01,32023129
6.431720584687627e+03,6.426113515232226e+03,1.764705882352941e+00,32023127
6.434043979609590e+03,6.427506696153142e+03,1.764705882352941e+00,32023128
6.435868531030186e+03,6.434103825147833e+03,5.882352941176471e-01,32023130
6.436295815300690e+03,6.434531109418337e+03,5.882352941176471e-01,32023131
6.436586059656440e+03,6.434821353774087e+03,5.882352941176471e-01,32023132
6.437633236912538e+03,6.435134721758300e+03,5.882352941176471e-01,32023133
6.438060521183043e+03,6.436213575215184e+03,5.882352941176471e-01,32023134
6.439836349744926e+03,6.438071643862573e+03,5.882352941176471e-01,32023135
6.443583210934934e+03,6.441772270652632e+03,5.882352941176471e-01,32023141
6.444801628311203e+03,6.439126257578642e+03,1.764705882352941e+00,32023137
6.444801628311203e+03,6.438289093287875e+03,1.764705882352941e+00,32023136
6.445814751550747e+03,6.441847896161781e+03,5.882352941176471e-01,32023142
6.446566334193556e+03,6.444516880401854e+03,5.882352941176471e-01,32023144
6.448331040075909e+03,6.446508759602761e+03,5.882352941176471e-01,32023145
6.448837601695681e+03,6.439941177754368e+03,1.764705882352941e+00,32023140
6.448837601695681e+03,6.439143120327960e+03,1.764705882352941e+00,32023138
6.450349026768148e+03,6.447543963653072e+03,5.882352941176471e-01,32023147
6.452113732650501e+03,6.449579379933070e+03,5.882352941176471e-01,32023149
6.453878438532854e+03,6.447001429594620e+03,1.764705882352941e+00,32023146
6.455184902479999e+03,6.452623703739244e+03,5.882352941176471e-01,32023153
6.457428598636014e+03,6.455663892753661e+03,5.882352941176471e-01,32023157
6.459395891332435e+03,6.449391357000630e+03,1.764705882352941e+00,32023148
6.461059303807754e+03,6.453461382494750e+03,1.764705882352941e+00,32023155
6.462824009690107e+03,6.461033039928974e+03,5.882352941176471e-01,32023161
6.464285441792722e+03,6.456339684026309e+03,1.764705882352941e+00,32023158
6.464690008979494e+03,6.459041113129665e+03,1.764705882352941e+00,32023160
6.466201784564944e+03,6.463419926129214e+03,5.882352941176471e-01,32023164
6.466201784564944e+03,6.463307050734570e+03,5.882352941176471e-01,32023163
6.468219420744199e+03,6.462627878409602e+03,1.764705882352941e+00,32023162
6.473709901620362e+03,6.470180489855656e+03,1.176470588235294e+00,32023166
6.473887749075535e+03,6.472123043193182e+03,5.882352941176471e-01,32023167
6.475406126678677e+03,6.470112009031619e+03,1.764705882352941e+00,32023165
6.481502497270817e+03,6.476208379623758e+03,1.764705882352941e+00,32023168
6.482255797694272e+03,6.476961680047213e+03,1.764705882352941e+00,32023169
6.482853550230398e+03,6.481088844348045e+03,5.882352941176471e-01,32023171
6.483446281759991e+03,6.481167939879606e+03,5.882352941176471e-01,32023172
6.485498098550661e+03,6.483134451507602e+03,5.882352941176471e-01,32023175
6.486362257025684e+03,6.479303433496272e+03,1.764705882352941e+00,32023170
6.487262804433014e+03,6.484252525002114e+03,5.882352941176471e-01,32023177
6.487550827242187e+03,6.481860654484459e+03,1.176470588235294e+00,32023174
6.489171521719954e+03,6.486801931431700e+03,5.882352941176471e-01,32023179
6.489891668790390e+03,6.486074144169008e+03,1.176470588235294e+00,32023178
6.492700933484659e+03,6.487168666959538e+03,1.764705882352941e+00,32023180
6.492815637730513e+03,6.491050931848160e+03,5.882352941176471e-01,32023182
6.494694090288485e+03,6.492929384406132e+03,5.882352941176471e-01,32023183
6.495783508696844e+03,6.490489391049785e+03,1.764705882352941e+00,32023181
6.496521323994128e+03,6.493363813886176e+03,5.882352941176471e-01,32023185
6.499312920461550e+03,6.493023176141068e+03,1.764705882352941e+00,32023184
6.500050735758834e+03,6.494126630646347e+03,1.764705882352941e+00,32023186
6.501815441641187e+03,6.496547490974492e+03,1.176470588235294e+00,32023188
6.502508757691354e+03,6.500573918243640e+03,5.882352941176471e-01,32023192
6.503732381512700e+03,6.501967675630347e+03,5.882352941176471e-01,32023194
6.505514510491650e+03,6.503749804609297e+03,5.882352941176471e-01,32023195
6.505962052461480e+03,6.497381014776997e+03,1.764705882352941e+00,32023190
6.505962052461480e+03,6.496950477770059e+03,1.764705882352941e+00,32023189
6.507279216374003e+03,6.503804960841439e+03,5.882352941176471e-01,32023196
6.508258128240330e+03,6.506493422357977e+03,5.882352941176471e-01,32023197
6.509474041129589e+03,6.500808020145016e+03,1.764705882352941e+00,32023193
6.509678193277745e+03,6.507913487395392e+03,5.882352941176471e-01,32023198
6.511787540005035e+03,6.508125306983014e+03,1.176470588235294e+00,32023199
6.512165805494984e+03,6.510401099612631e+03,5.882352941176471e-01,32023200
6.514702990704923e+03,6.512938284822570e+03,5.882352941176471e-01,32023201
6.515311591517339e+03,6.513546885634986e+03,5.882352941176471e-01,32023202
6.515658818228513e+03,6.513894112346160e+03,5.882352941176471e-01,32023203
6.517076297399691e+03,6.515209020327118e+03,5.882352941176471e-01,32023205
6.519188229993219e+03,6.515320805336341e+03,1.176470588235294e+00,32023206
6.519997108351982e+03,6.513938499741832e+03,1.764705882352941e+00,32023204
6.520952935875572e+03,6.518664566448729e+03,5.882352941176471e-01,32023208
6.521327185080376e+03,6.519562479198023e+03,5.882352941176471e-01,32023209
6.521727625833145e+03,6.517763584914480e+03,1.176470588235294e+00,32023207
6.522717641757925e+03,6.520665349783593e+03,5.882352941176471e-01,32023210
6.524482347640278e+03,6.522475419751123e+03,5.882352941176471e-01,32023213
6.526288488709240e+03,6.524523782826887e+03,5.882352941176471e-01,32023214
6.526785670821711e+03,6.521491553174652e+03,1.764705882352941e+00,32023211
6.527039966133891e+03,6.521745848486832e+03,1.764705882352941e+00,32023212
6.528053194591593e+03,6.525058651007167e+03,5.882352941176471e-01,32023215
6.529648310034196e+03,6.527883604151843e+03,5.882352941176471e-01,32023216
6.532248501431369e+03,6.530483795549017e+03,5.882352941176471e-01,32023217
6.533257286749991e+03,6.531492580867638e+03,5.882352941176471e-01,32023218
6.533430174093205e+03,6.531665468210852e+03,5.882352941176471e-01,32023219
6.535108436303951e+03,6.533076821235115e+03,5.882352941176471e-01,32023221
6.536308822968633e+03,6.533675456095934e+03,5.882352941176471e-01,32023223
6.536873142186304e+03,6.534885138694656e+03,5.882352941176471e-01,32023225
6.538355688459821e+03,6.535272731370545e+03,5.882352941176471e-01,32023226
6.541390918133355e+03,6.532779411203927e+03,1.764705882352941e+00,32023220
6.541390918133355e+03,6.533089858190312e+03,1.764705882352941e+00,32023222
6.541390918133355e+03,6.534777786396510e+03,1.764705882352941e+00,32023224
6.543155624015707e+03,6.538625318445122e+03,5.882352941176471e-01,32023229
6.543155624015707e+03,6.540288794656642e+03,5.882352941176471e-01,32023230
6.544920329898060e+03,6.538518845813445e+03,1.176470588235294e+00,32023228
6.544920329898060e+03,6.542489862969527e+03,5.882352941176471e-01,32023231
6.546685035780413e+03,6.544296457902067e+03,5.882352941176470e-01,32023232
6.546685035780413e+03,6.544524472800410e+03,5.882352941176470e-01,32023233
6.546685035780413e+03,6.535344276834561e+03,1.764705882352941e+00,32023227
6.548449741662766e+03,6.546510515088800e+03,5.882352941176471e-01,32023234
6.550910081360073e+03,6.549145375477721e+03,5.882352941176471e-01,32023236
6.551789058764967e+03,6.550024352882614e+03,5.882352941176471e-01,32023237
6.553832201149103e+03,6.548538083502044e+03,1.764705882352941e+00,32023235
6.555596907031456e+03,6.551321178398326e+03,1.176470588235294e+00,32023239
6.556204199007132e+03,6.550474673032592e+03,1.764705882352941e+00,32023238
6.558847882294379e+03,6.553107080301408e+03,1.764705882352941e+00,32023240
6.560891024678515e+03,6.555476923768590e+03,1.764705882352941e+00,32023241
6.561498316654191e+03,6.556047335022551e+03,1.764705882352941e+00,32023242
6.562211325092509e+03,6.560446619210157e+03,5.882352941176471e-01,32023243
6.564420436443221e+03,6.560638139672290e+03,1.176470588235294e+00,32023244
6.566833987659417e+03,6.565069281777064e+03,5.882352941176471e-01,32023247
6.568455109747364e+03,6.563160992100306e+03,1.764705882352941e+00,32023245
6.568598693541770e+03,6.566290143469680e+03,5.882352941176471e-01,32023249
6.569195584347149e+03,6.567430878464796e+03,5.882352941176471e-01,32023250
6.570291607526920e+03,6.568430252710237e+03,5.882352941176471e-01,32023252
6.570291607526920e+03,6.568091012636792e+03,5.882352941176471e-01,32023251
6.572056313409273e+03,6.569546255496402e+03,5.882352941176471e-01,32023253
6.572809156126568e+03,6.563719115580263e+03,1.764705882352941e+00,32023246
6.572939260735458e+03,6.571174554853105e+03,5.882352941176471e-01,32023254
6.575535125737415e+03,6.573770419855062e+03,5.882352941176471e-01,32023255
6.576061862232950e+03,6.574297156350597e+03,5.882352941176471e-01,32023256
6.576236313340302e+03,6.574471607457949e+03,5.882352941176471e-01,32023257
6.577563199867535e+03,6.575163445668333e+03,5.882352941176471e-01,32023259
6.578834910605457e+03,6.577070204723104e+03,5.882352941176471e-01,32023260
6.581092611632241e+03,6.574687174397293e+03,1.764705882352941e+00,32023258
6.581564023010141e+03,6.578034611245435e+03,1.176470588235294e+00,32023261
6.582259708655934e+03,6.580495002773581e+03,5.882352941176471e-01,32023262
6.584699122493217e+03,6.582934416610864e+03,5.882352941176471e-01,32023264
6.584701689119776e+03,6.582936983237423e+03,5.882352941176471e-01,32023265
6.586465111688849e+03,6.584131543335069e+03,5.882352941176471e-01,32023266
6.587129294706091e+03,6.581835177059032e+03,1.764705882352941e+00,32023263
6.588229817571202e+03,6.585783472999241e+03,5.882352941176471e-01,32023269
6.588229817571202e+03,6.585153687124017e+03,5.882352941176471e-01,32023268
6.589994523453555e+03,6.588081248813208e+03,5.882352941176471e-01,32023271
6.590658706470797e+03,6.584564767421751e+03,1.764705882352941e+00,32023267
6.591759229335908e+03,6.589008010780429e+03,5.882352941176471e-01,32023273
6.592423412353150e+03,6.587449368310782e+03,1.176470588235294e+00,32023270
6.593523935218261e+03,6.588282788561800e+03,1.176470588235294e+00,32023272
6.594937126628067e+03,6.593172420745714e+03,5.882352941176471e-01,32023275
6.598064533681755e+03,6.596299827799402e+03,5.882352941176471e-01,32023277
6.599241637994153e+03,6.595712226229447e+03,1.176470588235294e+00,32023276
6.599829239564108e+03,6.597867126945316e+03,5.882352941176471e-01,32023279
6.601006343876506e+03,6.599107284609269e+03,5.882352941176471e-01,32023281
6.601593945446461e+03,6.599775813291231e+03,5.882352941176471e-01,32023282
6.602411432892589e+03,6.600646727010236e+03,5.882352941176471e-01,32023283
6.604176138774942e+03,6.601921654050970e+03,5.882352941176471e-01,32023284
6.604780670993910e+03,6.598351738461556e+03,1.764705882352941e+00,32023280
6.604780670993910e+03,6.597019544380971e+03,1.764705882352941e+00,32023278
6.607132658107502e+03,6.605367952225149e+03,5.882352941176471e-01,32023286
6.608841092557375e+03,6.607076386675022e+03,5.882352941176471e-01,32023287
6.609180409622530e+03,6.607415703740178e+03,5.882352941176471e-01,32023288
6.609470256422001e+03,6.602923499898581e+03,1.764705882352941e+00,32023285
6.610775456972306e+03,6.608447553384155e+03,5.882352941176471e-01,32023290
6.610775456972306e+03,6.607557488672949e+03,5.882352941176471e-01,32023289
6.612540162854659e+03,6.610040433151836e+03,5.882352941176471e-01,32023292
6.614304868737012e+03,6.610459693116094e+03,1.176470588235294e+00,32023293
6.614764374069060e+03,6.609223290391573e+03,1.764705882352941e+00,32023291
6.618293785833766e+03,6.612775562053870e+03,1.764705882352941e+00,32023294
6.619716685983676e+03,6.616901587045831e+03,5.882352941176471e-01,32023299
6.621737746165361e+03,6.614422686642278e+03,1.764705882352941e+00,32023296
6.621737746165361e+03,6.613327550154428e+03,1.764705882352941e+00,32023295
6.623374274898048e+03,6.621296074915645e+03,5.882352941176471e-01,32023301
6.623502452047714e+03,6.619571200819925e+03,1.176470588235294e+00,32023300
6.625138980780401e+03,6.622831031490811e+03,5.882352941176471e-01,32023304
6.625138980780401e+03,6.622651704164972e+03,5.882352941176471e-01,32023303
6.625295220756878e+03,6.623530514874525e+03,5.882352941176471e-01,32023305
6.627075605514875e+03,6.625310899632522e+03,5.882352941176471e-01,32023307
6.628640329718295e+03,6.621467106734540e+03,1.764705882352941e+00,32023302
6.630433098427460e+03,6.624530286499642e+03,1.764705882352941e+00,32023306
6.631144768518721e+03,6.629380062636368e+03,5.882352941176471e-01,32023308
6.631421749054345e+03,6.629657043171992e+03,5.882352941176471e-01,32023309
6.632197804309813e+03,6.630198068868366e+03,5.882352941176471e-01,32023310
6.635651525502750e+03,6.632122113738044e+03,1.176470588235294e+00,32023311
6.636201365585638e+03,6.634436659703285e+03,5.882352941176471e-01,32023313
6.637101846244272e+03,6.635105365685403e+03,5.882352941176471e-01,32023314
6.637416231385103e+03,6.635468972432135e+03,5.882352941176471e-01,32023315
6.639730777350344e+03,6.633572434479566e+03,1.764705882352941e+00,32023312
6.644033856136284e+03,6.642269150253931e+03,5.882352941176471e-01,32023318
6.645855153541726e+03,6.640561035894667e+03,1.764705882352941e+00,32023316
6.648769250251679e+03,6.641305215395829e+03,1.764705882352941e+00,32023317
6.649384565306432e+03,6.643304771082972e+03,1.764705882352941e+00,32023320
6.650533956134032e+03,6.647667095113602e+03,5.882352941176471e-01,32023328
6.652911147494983e+03,6.646162541540220e+03,1.764705882352941e+00,32023323
6.652911147494983e+03,6.645645049813412e+03,1.764705882352941e+00,32023322
6.654537924605941e+03,6.650974109503816e+03,5.882352941176471e-01,32023334
6.656371594873992e+03,6.653592726956427e+03,5.882352941176471e-01,32023339
6.656440559259689e+03,6.649584700264930e+03,1.764705882352941e+00,32023329
6.658159288884910e+03,6.654874048681417e+03,5.882352941176471e-01,32023340
6.658159288884910e+03,6.655561244841128e+03,5.882352941176471e-01,32023341
6.658159288884910e+03,6.656043907043541e+03,5.882352941176471e-01,32023342
6.659923994767263e+03,6.657685830205824e+03,5.882352941176471e-01,32023343
6.661688700649616e+03,6.657773879851562e+03,1.176470588235294e+00,32023344
6.662139881240622e+03,6.652834435729277e+03,1.764705882352941e+00,32023337
6.663453406531969e+03,6.659061650066921e+03,1.176470588235294e+00,32023345
6.666648742636756e+03,6.664884036754403e+03,5.882352941176471e-01,32023347
6.668546692238485e+03,6.666781986356132e+03,5.882352941176471e-01,32023348
6.670151414416238e+03,6.664857296769179e+03,1.764705882352941e+00,32023346
6.672447137853621e+03,6.667153020206562e+03,1.764705882352941e+00,32023349
6.674034837884297e+03,6.671110633502452e+03,5.882352941176471e-01,32023354
6.674034837884297e+03,6.670885798426772e+03,5.882352941176471e-01,32023353
6.675314890942180e+03,6.669051467646180e+03,1.176470588235294e+00,32023350
6.677079596824533e+03,6.670534066828777e+03,1.764705882352941e+00,32023352
6.677079596824533e+03,6.669634480265243e+03,1.764705882352941e+00,32023351
6.678997668739060e+03,6.676005038086965e+03,5.882352941176471e-01,32023359
6.678997668739060e+03,6.676129841943768e+03,5.882352941176471e-01,32023361
6.680829558551916e+03,6.677922154859137e+03,5.882352941176471e-01,32023362
6.682594264434269e+03,6.679132036600065e+03,5.882352941176471e-01,32023368
6.683476617375445e+03,6.678078554933574e+03,1.176470588235294e+00,32023363
6.685241323257798e+03,6.676056771125038e+03,1.764705882352941e+00,32023360
6.685241323257798e+03,6.674240231698091e+03,1.764705882352941e+00,32023356
6.685246582461259e+03,6.683481876578906e+03,5.882352941176471e-01,32023369
6.687006029140151e+03,6.683686713850512e+03,5.882352941176471e-01,32023370
6.688624539740560e+03,6.686859833858207e+03,5.882352941176471e-01,32023371
6.691877786965380e+03,6.690113081083027e+03,5.882352941176471e-01,32023373
6.692025016829513e+03,6.690260310947160e+03,5.882352941176471e-01,32023374
6.692325637487793e+03,6.687031519840735e+03,1.764705882352941e+00,32023372
6.693642492847733e+03,6.690633527190347e+03,5.882352941176471e-01,32023375
6.694682912348492e+03,6.692918206466139e+03,5.882352941176471e-01,32023376
6.697103433464440e+03,6.695338727582087e+03,5.882352941176471e-01,32023378
6.698779281067076e+03,6.696733979719800e+03,5.882352941176471e-01,32023380
6.700632845229146e+03,6.695249869302370e+03,1.764705882352941e+00,32023377
6.702308692831782e+03,6.700284991281903e+03,5.882352941176471e-01,32023384
6.702747323230582e+03,6.696388942927387e+03,1.176470588235294e+00,32023379
6.703447766456799e+03,6.701157503407771e+03,5.882352941176471e-01,32023385
6.704073398714135e+03,6.702181878373442e+03,5.882352941176471e-01,32023386
6.704512029112935e+03,6.699737888708143e+03,1.176470588235294e+00,32023383
6.705352573769176e+03,6.703587867886823e+03,5.882352941176471e-01,32023387
6.706376455647515e+03,6.704611749765162e+03,5.882352941176471e-01,32023388
6.708007183754003e+03,6.706242477871650e+03,5.882352941176471e-01,32023390
6.708647490540898e+03,6.706736304732712e+03,5.882352941176471e-01,32023392
6.709838972451130e+03,6.707313303341667e+03,5.882352941176471e-01,32023393
6.710587972800890e+03,6.708823266918537e+03,5.882352941176471e-01,32023395
6.711515790144663e+03,6.706376643501197e+03,1.176470588235294e+00,32023391
6.713280496027016e+03,6.710736482768369e+03,5.882352941176470e-01,32023396
6.713280496027016e+03,6.705118078776192e+03,1.764705882352941e+00,32023389
6.714117384565596e+03,6.707425163224267e+03,1.764705882352941e+00,32023394
6.715045201909369e+03,6.713055055599684e+03,5.882352941176471e-01,32023397
6.715835391747274e+03,6.714070685864921e+03,5.882352941176471e-01,32023398
6.718085307800604e+03,6.716035464703631e+03,5.882352941176471e-01,32023404
6.718979422885861e+03,6.716461565617650e+03,5.882352941176471e-01,32023405
6.719607408597468e+03,6.717560443292639e+03,5.882352941176471e-01,32023407
6.721372114479821e+03,6.719319154587164e+03,5.882352941176471e-01,32023409
6.722149444700565e+03,6.714860432023219e+03,1.176470588235294e+00,32023400
6.723914150582918e+03,6.714555896035898e+03,1.764705882352941e+00,32023399
6.725067355693256e+03,6.717532563366237e+03,1.764705882352941e+00,32023406
6.727443562347624e+03,6.721703773377279e+03,1.764705882352941e+00,32023410
6.728096274304942e+03,6.726331568422589e+03,5.882352941176471e-01,32023413
6.731354057096926e+03,6.729589351214573e+03,5.882352941176471e-01,32023415
6.731709839342325e+03,6.729945133459972e+03,5.882352941176471e-01,32023416
6.732243032679887e+03,6.726948915032828e+03,1.764705882352941e+00,32023414
6.733385599663328e+03,6.730409991140115e+03,5.882352941176471e-01,32023418
6.735150305545681e+03,6.733347286918775e+03,5.882352941176471e-01,32023424
6.738394772231435e+03,6.732248606015159e+03,1.176470588235294e+00,32023423
6.740159478113788e+03,6.734736223184823e+03,1.176470588235294e+00,32023427
6.740159478113788e+03,6.731827525937429e+03,1.764705882352941e+00,32023421
6.740159478113788e+03,6.730282755999623e+03,1.764705882352941e+00,32023417
6.741924183996141e+03,6.739670572404982e+03,5.882352941176471e-01,32023429
6.743688889878494e+03,6.741668554958031e+03,5.882352941176471e-01,32023432
6.743761693824125e+03,6.741996987941772e+03,5.882352941176471e-01,32023433
6.745453595760847e+03,6.743234041193987e+03,5.882352941176471e-01,32023434
6.747218301643200e+03,6.739849819128019e+03,1.764705882352941e+00,32023430
6.747218301643200e+03,6.738563802548103e+03,1.764705882352941e+00,32023428
6.747229860607281e+03,6.743968690297333e+03,5.882352941176471e-01,32023435
6.748983007525553e+03,6.746088625268784e+03,5.882352941176471e-01,32023441
6.748983007525553e+03,6.745468044465948e+03,5.882352941176471e-01,32023440
6.748994566489634e+03,6.740298141137977e+03,1.176470588235294e+00,32023431
6.750751566395933e+03,6.748031848529337e+03,5.882352941176471e-01,32023442
6.750751566395933e+03,6.748615597260809e+03,5.882352941176471e-01,32023444
6.752516272278286e+03,6.749642971300119e+03,5.882352941176471e-01,32023445
6.752516272278286e+03,6.749676333388631e+03,5.882352941176471e-01,32023446
6.754466729684523e+03,6.748154262462405e+03,1.176470588235294e+00,32023443
6.756169518392248e+03,6.752887775326055e+03,5.882352941176471e-01,32023450
6.756169518392248e+03,6.753185961741678e+03,5.882352941176471e-01,32023451
6.756169518392248e+03,6.753487203712516e+03,5.882352941176471e-01,32023452
6.757934224274601e+03,6.755495431705692e+03,5.882352941176471e-01,32023456
6.759698930156954e+03,6.752096937158487e+03,1.764705882352941e+00,32023449
6.759698930156954e+03,6.751497102769779e+03,1.764705882352941e+00,32023448
6.760875400745189e+03,6.756404014761985e+03,5.882352941176471e-01,32023457
6.760875400745189e+03,6.756476232072448e+03,5.882352941176471e-01,32023458
6.760875400745189e+03,6.756965059178916e+03,5.882352941176471e-01,32023459
6.762640106627542e+03,6.760275778024745e+03,5.882352941176471e-01,32023461
6.762640106627542e+03,6.759920684896243e+03,5.882352941176471e-01,32023460
6.764404812509895e+03,6.762081701038989e+03,5.882352941176471e-01,32023463
6.765018591302365e+03,6.761489179537660e+03,1.176470588235294e+00,32023462
6.766169518392248e+03,6.763512293753176e+03,5.882352941176471e-01,32023465
6.766783297184718e+03,6.764810852774932e+03,5.882352941176471e-01,32023467
6.769612763267803e+03,6.762753270295979e+03,1.764705882352941e+00,32023464
6.770312708949424e+03,6.764604143067483e+03,1.764705882352941e+00,32023466
6.771377469150155e+03,6.769196782125465e+03,5.882352941176471e-01,32023470
6.771766356528512e+03,6.770001650646159e+03,5.882352941176471e-01,32023471
6.772452826487356e+03,6.766283987163523e+03,1.176470588235294e+00,32023468
6.773142175032508e+03,6.771166922192199e+03,5.882352941176471e-01,32023472
6.773531062410865e+03,6.771404512044144e+03,5.882352941176471e-01,32023473
6.777725978908497e+03,6.775961273026144e+03,5.882352941176471e-01,32023475
6.778861650141244e+03,6.773567532494185e+03,1.764705882352941e+00,32023474
6.779819565736317e+03,6.778054859853964e+03,5.882352941176471e-01,32023476
6.782970945870411e+03,6.781206239988058e+03,5.882352941176471e-01,32023479
6.784648040257772e+03,6.782153250929980e+03,5.882352941176471e-01,32023481
6.784957063230588e+03,6.779662945583530e+03,1.764705882352941e+00,32023477
6.786802198183850e+03,6.785037492301497e+03,5.882352941176471e-01,32023483
6.788177452022478e+03,6.782037213522377e+03,1.764705882352941e+00,32023480
6.788177452022478e+03,6.780943405503082e+03,1.764705882352941e+00,32023478
6.789254530985517e+03,6.786712899152564e+03,5.882352941176471e-01,32023485
6.791037436785591e+03,6.789272730903238e+03,5.882352941176471e-01,32023486
6.792783942750223e+03,6.785346031693800e+03,1.764705882352941e+00,32023484
6.792902815579077e+03,6.790545904717255e+03,5.882352941176471e-01,32023489
6.792902815579077e+03,6.790148809254694e+03,5.882352941176471e-01,32023488
6.794548648632576e+03,6.789474076725503e+03,1.176470588235294e+00,32023487
6.795737773063127e+03,6.793973067180774e+03,5.882352941176471e-01,32023490
6.796424396796143e+03,6.794659690913790e+03,5.882352941176471e-01,32023491
6.796426053171873e+03,6.794661347289520e+03,5.882352941176471e-01,32023492
6.800011916328845e+03,6.798247210446492e+03,5.882352941176471e-01,32023495
6.800578457435842e+03,6.798453156686626e+03,5.882352941176471e-01,32023496
6.802343163318195e+03,6.800342623799981e+03,5.882352941176471e-01,32023497
6.803432057042203e+03,6.798028668343796e+03,1.764705882352941e+00,32023494
6.803432057042203e+03,6.797049045671136e+03,1.764705882352941e+00,32023493
6.804107869200548e+03,6.801754185057178e+03,5.882352941176471e-01,32023498
6.806097664385838e+03,6.804332958503485e+03,5.882352941176471e-01,32023500
6.807862370268190e+03,6.805837203214031e+03,5.882352941176471e-01,32023502
6.808726174689262e+03,6.803264364875100e+03,1.764705882352941e+00,32023499
6.809269772970598e+03,6.807366296753449e+03,5.882352941176471e-01,32023503
6.809627076150543e+03,6.807832221344507e+03,5.882352941176471e-01,32023504
6.810490880571615e+03,6.808428531485562e+03,5.882352941176471e-01,32023505
6.812799184735304e+03,6.805740361205892e+03,1.764705882352941e+00,32023501
6.816505188092326e+03,6.811211070445268e+03,1.764705882352941e+00,32023506
6.816855933210920e+03,6.815091227328567e+03,5.882352941176471e-01,32023508
6.818346670178490e+03,6.815164851275437e+03,5.882352941176471e-01,32023509
6.820111376060843e+03,6.817344108308877e+03,5.882352941176471e-01,32023513
6.820385344975626e+03,6.814855646515689e+03,1.764705882352941e+00,32023507
6.821876081943195e+03,6.819221507276113e+03,5.882352941176471e-01,32023515
6.821876081943195e+03,6.819070569042486e+03,5.882352941176471e-01,32023514
6.825343246750476e+03,6.817328244344950e+03,1.764705882352941e+00,32023512
6.825343246750476e+03,6.815301795504064e+03,1.764705882352941e+00,32023510
6.825803956537535e+03,6.820509838890476e+03,1.764705882352941e+00,32023516
6.827135207996640e+03,6.824515789620381e+03,5.882352941176471e-01,32023517
6.827568662419888e+03,6.825425012841908e+03,5.882352941176471e-01,32023520
6.829581626763233e+03,6.827816920880880e+03,5.882352941176471e-01,32023522
6.830664619761346e+03,6.824844612836826e+03,1.764705882352941e+00,32023518
6.831131234201810e+03,6.828199591257745e+03,5.882352941176471e-01,32023523
6.833544985805107e+03,6.827386723993328e+03,1.176470588235294e+00,32023521
6.834660645966516e+03,6.832751221610382e+03,5.882352941176471e-01,32023527
6.835309691687460e+03,6.828615273158298e+03,1.764705882352941e+00,32023524
6.837632227650518e+03,6.830815011010808e+03,1.764705882352941e+00,32023526
6.837632227650518e+03,6.830332500474530e+03,1.764705882352941e+00,32023525
6.838996279640980e+03,6.835423827158882e+03,5.882352941176471e-01,32023530
6.839396933532871e+03,6.837331682211729e+03,5.882352941176471e-01,32023532
6.841161639415223e+03,6.834772962400671e+03,1.764705882352941e+00,32023528
6.842525691405685e+03,6.839880419013160e+03,5.882352941176471e-01,32023535
6.842960928318989e+03,6.841196222436636e+03,5.882352941176471e-01,32023536
6.845019420986097e+03,6.838186720953258e+03,1.764705882352941e+00,32023533
6.846055103170391e+03,6.839759886360451e+03,1.764705882352941e+00,32023534
6.850182881605300e+03,6.844888763958242e+03,1.764705882352941e+00,32023537
6.850505924257685e+03,6.848741218375332e+03,5.882352941176471e-01,32023539
6.851438008978497e+03,6.846143891331438e+03,1.764705882352941e+00,32023538
6.852109108813845e+03,6.849936784308458e+03,5.882352941176471e-01,32023541
6.852109108813845e+03,6.849115818966753e+03,5.882352941176471e-01,32023540
6.853202714860850e+03,6.850525255829976e+03,5.882352941176471e-01,32023542
6.854967420743203e+03,6.853010803847481e+03,5.882352941176471e-01,32023545
6.855638520578551e+03,6.853363836223456e+03,5.882352941176471e-01,32023546
6.858020256870266e+03,6.852249563585564e+03,1.764705882352941e+00,32023544
6.858020256870266e+03,6.851558549939358e+03,1.764705882352941e+00,32023543
6.859784962752619e+03,6.856538166609392e+03,5.882352941176471e-01,32023548
6.861549668634972e+03,6.859655300312351e+03,5.882352941176471e-01,32023551
6.861594356964062e+03,6.856300239317003e+03,1.764705882352941e+00,32023547
6.863336718681870e+03,6.857500585276588e+03,1.176470588235294e+00,32023549
6.865090252481950e+03,6.861852039130661e+03,5.882352941176471e-01,32023553
6.865090252481950e+03,6.861995263094078e+03,5.882352941176471e-01,32023554
6.865101424564223e+03,6.858214183965306e+03,1.764705882352941e+00,32023550
6.866854958364303e+03,6.864957614007579e+03,5.882352941176471e-01,32023556
6.866866130446576e+03,6.861443740722957e+03,1.176470588235294e+00,32023552
6.868619664246656e+03,6.866559170431425e+03,5.882352941176471e-01,32023558
6.870384370129009e+03,6.868360521700193e+03,5.882352941176471e-01,32023559
6.870395542211282e+03,6.864506481438631e+03,1.764705882352941e+00,32023555
6.872149076011362e+03,6.866092402831320e+03,1.764705882352941e+00,32023557
6.873634513417968e+03,6.871869807535615e+03,5.882352941176471e-01,32023560
6.877055611458311e+03,6.874683525444327e+03,5.882352941176471e-01,32023566
6.878013987185337e+03,6.875979740635972e+03,5.882352941176471e-01,32023567
6.878820317340664e+03,6.876619938880581e+03,5.882352941176471e-01,32023568
6.879178679169135e+03,6.877413973286782e+03,5.882352941176471e-01,32023569
6.879926608844351e+03,6.877488307487840e+03,5.882352941176471e-01,32023570
6.880609929042669e+03,6.878309818738659e+03,5.882352941176471e-01,32023572
6.881059774501675e+03,6.878857676070142e+03,5.882352941176471e-01,32023575
6.881691314726704e+03,6.879411458069508e+03,5.882352941176471e-01,32023577
6.882374634925022e+03,6.879961509996475e+03,5.882352941176471e-01,32023578
6.882824480384027e+03,6.881037478956603e+03,5.882352941176471e-01,32023579
6.883551340168512e+03,6.881786634286159e+03,5.882352941176471e-01,32023580
6.885039440502194e+03,6.872719869538278e+03,1.176470588235294e+00,32023561
6.886106533260673e+03,6.883552750412765e+03,5.882352941176471e-01,32023582
6.886804146384547e+03,6.884633321957307e+03,5.882352941176470e-01,32023583
6.886804146384547e+03,6.873417885969243e+03,1.764705882352941e+00,32023562
6.888220045704963e+03,6.885048898808798e+03,5.882352941176471e-01,32023584
6.888568852266900e+03,6.882577121495967e+03,1.176470588235294e+00,32023581
6.889984751587316e+03,6.885622402980513e+03,1.176470588235294e+00,32023585
6.890227505984111e+03,6.888462800101758e+03,5.882352941176471e-01,32023586
6.891287351304884e+03,6.889522645422531e+03,5.882352941176471e-01,32023587
6.892200187972682e+03,6.890435482090329e+03,5.882352941176471e-01,32023588
6.894888835706125e+03,6.893124129823772e+03,5.882352941176471e-01,32023589
6.896891830569908e+03,6.895127124687555e+03,5.882352941176471e-01,32023591
6.897561627260555e+03,6.895796921378202e+03,5.882352941176471e-01,32023592
6.898788816478726e+03,6.896396215681930e+03,5.882352941176471e-01,32023593
6.899200842744594e+03,6.893906725097535e+03,1.764705882352941e+00,32023590
6.899412824146874e+03,6.897090250609605e+03,5.882352941176471e-01,32023596
6.900753573758111e+03,6.897734609268488e+03,5.882352941176471e-01,32023598
6.900965548626947e+03,6.899188919272790e+03,5.882352941176471e-01,32023600
6.902323238717375e+03,6.900558532835022e+03,5.882352941176471e-01,32023601
6.902518279640464e+03,6.900642989675629e+03,5.882352941176471e-01,32023602
6.902766378718740e+03,6.901001672836387e+03,5.882352941176471e-01,32023603
6.904087944599728e+03,6.901478557622412e+03,5.882352941176471e-01,32023604
6.908339782208774e+03,6.903045664561715e+03,1.764705882352941e+00,32023605
6.910078563005482e+03,6.904784445358424e+03,1.764705882352941e+00,32023606
6.910572003141186e+03,6.907042591376480e+03,1.176470588235294e+00,32023607
6.911860552278265e+03,6.909259431920578e+03,5.882352941176471e-01,32023609
6.913625258160618e+03,6.911616913177534e+03,5.882352941176471e-01,32023613
6.914101414905892e+03,6.907474579166039e+03,1.764705882352941e+00,32023608
6.915548682958062e+03,6.913512753079457e+03,5.882352941176471e-01,32023616
6.917313388840415e+03,6.915043715333313e+03,5.882352941176471e-01,32023618
6.919078094722768e+03,6.917004460678766e+03,5.882352941176471e-01,32023620
6.921050191397641e+03,6.911564417586585e+03,1.764705882352941e+00,32023612
6.921050191397641e+03,6.909400349682716e+03,1.764705882352941e+00,32023610
6.922745767015820e+03,6.919902498399653e+03,5.882352941176471e-01,32023622
6.922745767015820e+03,6.920450271901158e+03,5.882352941176471e-01,32023624
6.924510472898173e+03,6.922219378484564e+03,5.882352941176471e-01,32023626
6.924510472898173e+03,6.922056005757585e+03,5.882352941176471e-01,32023625
6.928239885750685e+03,6.926475179868332e+03,5.882352941176471e-01,32023629
6.928267512456527e+03,6.915963464543102e+03,1.764705882352941e+00,32023619
6.928267512456527e+03,6.914737609048127e+03,1.764705882352941e+00,32023617
6.930004591633038e+03,6.927785393777021e+03,5.882352941176471e-01,32023630
6.931696923677330e+03,6.924074684440948e+03,1.764705882352941e+00,32023628
6.931696923677330e+03,6.923201022603116e+03,1.764705882352941e+00,32023627
6.932675976871132e+03,6.930911270988779e+03,5.882352941176471e-01,32023631
6.933461629559683e+03,6.930990638100210e+03,5.882352941176471e-01,32023633
6.934677116203230e+03,6.932447199147168e+03,5.882352941176471e-01,32023634
6.936926943612376e+03,6.935162237730023e+03,5.882352941176471e-01,32023637
6.936991041324389e+03,6.930931205153055e+03,1.764705882352941e+00,32023632
6.937121837025151e+03,6.935357131142798e+03,5.882352941176471e-01,32023638
6.939711388114438e+03,6.937946682232085e+03,5.882352941176471e-01,32023640
6.940325559676319e+03,6.933148843770622e+03,1.764705882352941e+00,32023636
6.943443715895184e+03,6.938247010174329e+03,1.176470588235294e+00,32023641
6.943854971441025e+03,6.937321663642682e+03,1.764705882352941e+00,32023639
6.946561872114048e+03,6.942591941756781e+03,1.176470588235294e+00,32023645
6.946973127659890e+03,6.940826008981257e+03,1.764705882352941e+00,32023644
6.949332622753459e+03,6.947567916871106e+03,5.882352941176471e-01,32023647
6.951257022892703e+03,6.949492317010351e+03,5.882352941176471e-01,32023649
6.951627706757247e+03,6.946333589110188e+03,1.764705882352941e+00,32023646
6.951760831122304e+03,6.948231419357598e+03,1.176470588235294e+00,32023648
6.953268851351419e+03,6.950316548642589e+03,5.882352941176471e-01,32023651
6.955087336128362e+03,6.951991818198235e+03,5.882352941176471e-01,32023654
6.955290242887010e+03,6.953430188035188e+03,5.882352941176471e-01,32023657
6.958684383479284e+03,6.956781675544564e+03,5.882352941176471e-01,32023661
6.961850027688929e+03,6.951645534935716e+03,1.764705882352941e+00,32023653
6.961850027688929e+03,6.950276574673061e+03,1.764705882352941e+00,32023650
6.962631694692001e+03,6.957337577044943e+03,1.764705882352941e+00,32023662
6.963614733571282e+03,6.961032909763668e+03,5.882352941176471e-01,32023664
6.963614733571282e+03,6.960452456654617e+03,5.882352941176471e-01,32023663
6.965379439453634e+03,6.963127777512247e+03,5.882352941176471e-01,32023666
6.967172856766691e+03,6.965328844398876e+03,5.882352941176471e-01,32023668
6.967925812339060e+03,6.962166949759291e+03,1.764705882352941e+00,32023665
6.970702268531397e+03,6.968902761403198e+03,5.882352941176471e-01,32023675
6.971455224103766e+03,6.964992388350842e+03,1.764705882352941e+00,32023667
6.972124602534676e+03,6.969001082822535e+03,5.882352941176471e-01,32023676
6.972466974413750e+03,6.970364124626136e+03,5.882352941176471e-01,32023678
6.975304620867611e+03,6.973539914985258e+03,5.882352941176471e-01,32023679
6.975430888155745e+03,6.966860838254107e+03,1.764705882352941e+00,32023673
6.975430888155745e+03,6.965436862315042e+03,1.764705882352941e+00,32023670
6.977164027216064e+03,6.974199409409640e+03,5.882352941176471e-01,32023680
6.978928733098417e+03,6.976016607018241e+03,5.882352941176471e-01,32023684
6.978928733098417e+03,6.976023415426388e+03,5.882352941176471e-01,32023685
6.980693438980770e+03,6.977557847531073e+03,5.882352941176471e-01,32023687
6.983046380157241e+03,6.974393908759211e+03,1.764705882352941e+00,32023681
6.983046380157241e+03,6.974971427366460e+03,1.764705882352941e+00,32023682
6.983046380157241e+03,6.976606735621032e+03,1.764705882352941e+00,32023686
6.986628609409428e+03,6.983152015132203e+03,5.882352941176471e-01,32023694
6.986685899590209e+03,6.984921193707856e+03,5.882352941176471e-01,32023695
6.989550689153089e+03,6.981467292680731e+03,1.764705882352941e+00,32023689
6.989550689153089e+03,6.981312835382164e+03,1.764705882352941e+00,32023688
6.991246410237113e+03,6.987821681897393e+03,5.882352941176471e-01,32023697
6.993011116119466e+03,6.988381338543298e+03,1.176470588235294e+00,32023698
6.993080100917795e+03,6.987648013674079e+03,1.764705882352941e+00,32023696
6.995240111518254e+03,6.993475405635901e+03,5.882352941176471e-01,32023700
6.995940208245002e+03,6.994175502362649e+03,5.882352941176471e-01,32023701
6.997439732921690e+03,6.992145615274631e+03,1.764705882352941e+00,32023699
6.998340024931128e+03,6.995898678506810e+03,5.882352941176471e-01,32023706
6.998340024931128e+03,6.995548530196167e+03,5.882352941176471e-01,32023705
7.000479991761788e+03,6.998715285879435e+03,5.882352941176471e-01,32023707
7.000570813901555e+03,6.998806108019202e+03,5.882352941176471e-01,32023708
7.000969144686396e+03,6.994676125746753e+03,1.764705882352941e+00,32023702
7.002244697644141e+03,6.999789540420887e+03,5.882352941176471e-01,32023709
7.009435173025229e+03,7.007598107865553e+03,5.882352941176471e-01,32023713
7.010198294448560e+03,7.004904176801501e+03,1.764705882352941e+00,32023710
7.010729368020374e+03,7.005435250373315e+03,1.764705882352941e+00,32023711
7.013727706213265e+03,7.005905761260523e+03,1.764705882352941e+00,32023712
7.014729290672288e+03,7.008016435099229e+03,1.764705882352941e+00,32023714
7.016023957186686e+03,7.013474141929457e+03,5.882352941176471e-01,32023718
7.019086594016566e+03,7.011617595014138e+03,1.764705882352941e+00,32023716
7.019086594016566e+03,7.011412555057554e+03,1.764705882352941e+00,32023715
7.020023408319346e+03,7.014525023849867e+03,1.764705882352941e+00,32023721
7.023145397416187e+03,7.021380691533834e+03,5.882352941176471e-01,32023727
7.023247402177462e+03,7.017743606977807e+03,1.176470588235294e+00,32023723
7.023247402177462e+03,7.016953865981705e+03,1.176470588235294e+00,32023722
7.024961105679177e+03,7.021971901900095e+03,5.882352941176471e-01,32023728
7.026776813942167e+03,7.019941964141080e+03,1.764705882352941e+00,32023726
7.028490517443883e+03,7.022707888582740e+03,1.764705882352941e+00,32023729
7.028516018634202e+03,7.025858778852255e+03,5.882352941176471e-01,32023731
7.030280724516555e+03,7.025960506938002e+03,1.176470588235294e+00,32023732
7.032019929208589e+03,7.029841688262663e+03,5.882352941176471e-01,32023734
7.032045430398908e+03,7.027264183713294e+03,1.176470588235294e+00,32023733
7.032045430398908e+03,7.023719478820694e+03,1.764705882352941e+00,32023730
7.033801635884488e+03,7.031405717081864e+03,5.882352941176471e-01,32023736
7.035566341766841e+03,7.032334261942103e+03,5.882352941176471e-01,32023738
7.037349717945794e+03,7.033984774082307e+03,5.882352941176471e-01,32023741
7.037349717945794e+03,7.034659655373246e+03,5.882352941176471e-01,32023742
7.037349717945794e+03,7.034997105081584e+03,5.882352941176471e-01,32023743
7.039114423828147e+03,7.036881106302400e+03,5.882352941176471e-01,32023746
7.039114423828147e+03,7.035641022953244e+03,5.882352941176471e-01,32023745
7.040437953239912e+03,7.031967314883517e+03,1.176470588235294e+00,32023737
7.042202659122265e+03,7.032347735081949e+03,1.764705882352941e+00,32023739
7.042202659122265e+03,7.031197441182494e+03,1.764705882352941e+00,32023735
7.043614423828147e+03,7.039552738150482e+03,5.882352941176471e-01,32023748
7.047143835592853e+03,7.040170510220972e+03,1.764705882352941e+00,32023749
7.047143835592853e+03,7.039453679205087e+03,1.764705882352941e+00,32023747
7.048092047582154e+03,7.044601441571360e+03,5.882352941176471e-01,32023753
7.048908541475206e+03,7.046441060038203e+03,5.882352941176471e-01,32023755
7.049856753464507e+03,7.048079424327498e+03,5.882352941176471e-01,32023757
7.050754018506484e+03,7.048165664491303e+03,5.882352941176471e-01,32023759
7.051649095012204e+03,7.049070083773055e+03,5.882352941176471e-01,32023762
7.052518724388837e+03,7.050678206802769e+03,5.882352941176471e-01,32023767
7.054730968524050e+03,7.048102917241077e+03,1.176470588235294e+00,32023758
7.056495674406403e+03,7.047060531046107e+03,1.764705882352941e+00,32023756
7.056495674406403e+03,7.044448917479046e+03,1.764705882352941e+00,32023752
7.057378027347579e+03,7.053968923616491e+03,5.882352941176471e-01,32023770
7.060025086171109e+03,7.051583855887165e+03,1.764705882352941e+00,32023768
7.060907439112285e+03,7.053873794185775e+03,1.764705882352941e+00,32023769
7.061348615582873e+03,7.057744773347644e+03,5.882352941176471e-01,32023772
7.063113321465226e+03,7.058931604221875e+03,1.176470588235294e+00,32023773
7.063224674472654e+03,7.061459968590301e+03,5.882352941176471e-01,32023774
7.064436850876991e+03,7.057320515715344e+03,1.764705882352941e+00,32023771
7.064933703851293e+03,7.062290697966963e+03,5.882352941176471e-01,32023776
7.064933703851293e+03,7.061719547373762e+03,5.882352941176471e-01,32023775
7.067935222008018e+03,7.066170516125665e+03,5.882352941176471e-01,32023778
7.069699927890371e+03,7.067822637815864e+03,5.882352941176471e-01,32023781
7.071575904760166e+03,7.069003141723375e+03,5.882352941176471e-01,32023783
7.071687175747608e+03,7.065325241590243e+03,1.764705882352941e+00,32023777
7.073396246136240e+03,7.066623315964076e+03,1.176470588235294e+00,32023780
7.075160952018593e+03,7.072838623786633e+03,5.882352941176470e-01,32023787
7.075160952018593e+03,7.068352984353182e+03,1.764705882352941e+00,32023782
7.078049112927181e+03,7.070026285613733e+03,1.764705882352941e+00,32023785
7.078690363783299e+03,7.076341285309818e+03,5.882352941176471e-01,32023790
7.079914706556271e+03,7.077349789868468e+03,5.882352941176471e-01,32023792
7.080455069665652e+03,7.078250888420655e+03,5.882352941176471e-01,32023794
7.083168573632127e+03,7.075558660725013e+03,1.764705882352941e+00,32023789
7.083168573632127e+03,7.074890631322944e+03,1.764705882352941e+00,32023788
7.083299191943096e+03,7.081534486060743e+03,5.882352941176471e-01,32023795
7.084933279514479e+03,7.081536424779501e+03,5.882352941176471e-01,32023796
7.085165003402380e+03,7.083400297520027e+03,5.882352941176471e-01,32023798
7.086697985396832e+03,7.083023593182571e+03,1.176470588235294e+00,32023797
7.086697985396832e+03,7.084061371172032e+03,5.882352941176471e-01,32023799
7.091734617638095e+03,7.088999695038856e+03,5.882352941176471e-01,32023803
7.092156347141016e+03,7.090006758403278e+03,5.882352941176471e-01,32023807
7.093574963654553e+03,7.090603636803119e+03,5.882352941176471e-01,32023810
7.095685758905722e+03,7.093729247959047e+03,5.882352941176471e-01,32023815
7.096340708914270e+03,7.088094665930780e+03,1.764705882352941e+00,32023800
7.097181517571506e+03,7.094407111348222e+03,5.882352941176471e-01,32023816
7.099238477228638e+03,7.096712587054287e+03,5.882352941176471e-01,32023819
7.099384604116027e+03,7.091885897906306e+03,1.764705882352941e+00,32023812
7.102914015880733e+03,7.096024625796920e+03,1.764705882352941e+00,32023817
7.104216887088361e+03,7.101163436317983e+03,5.882352941176471e-01,32023827
7.104563263094405e+03,7.097915850345985e+03,1.176470588235294e+00,32023822
7.106327968976757e+03,7.098139667958780e+03,1.764705882352941e+00,32023823
7.109870807602264e+03,7.104850870456071e+03,1.176470588235294e+00,32023830
7.110057422466087e+03,7.103347598826368e+03,1.764705882352941e+00,32023828
7.111448898620795e+03,7.109076284610198e+03,5.882352941176471e-01,32023833
7.111989457135677e+03,7.110224751253324e+03,5.882352941176471e-01,32023834
7.113400219366970e+03,7.106728052426006e+03,1.764705882352941e+00,32023832
7.117282899041168e+03,7.115518193158815e+03,5.882352941176471e-01,32023835
7.117451803004434e+03,7.115687097122081e+03,5.882352941176471e-01,32023836
7.119160207565699e+03,7.116752449894713e+03,5.882352941176471e-01,32023839
7.119160207565699e+03,7.116467325308500e+03,5.882352941176471e-01,32023838
7.121018180563473e+03,7.118087831656781e+03,5.882352941176471e-01,32023842
7.121111447678894e+03,7.115817330031835e+03,1.764705882352941e+00,32023837
7.122782886445826e+03,7.120909669724163e+03,5.882352941176471e-01,32023845
7.124547592328179e+03,7.117954248575564e+03,1.764705882352941e+00,32023841
7.126189436430195e+03,7.122660024665489e+03,1.176470588235294e+00,32023846
7.127189943292719e+03,7.125425237410366e+03,5.882352941176471e-01,32023847
7.130799562160733e+03,7.129034856278380e+03,5.882352941176471e-01,32023849
7.130819927916119e+03,7.129055222033766e+03,5.882352941176471e-01,32023850
7.131049425119699e+03,7.129284719237346e+03,5.882352941176471e-01,32023851
7.132574450920779e+03,7.129604114546667e+03,5.882352941176471e-01,32023852
7.132814131002051e+03,7.130992202689927e+03,5.882352941176471e-01,32023854
7.134339156803132e+03,7.132314149333664e+03,5.882352941176471e-01,32023855
7.134578836884404e+03,7.129773807004990e+03,1.176470588235294e+00,32023853
7.136073880844582e+03,7.127490031514091e+03,1.764705882352941e+00,32023848
7.136103862685485e+03,7.133591595922577e+03,5.882352941176471e-01,32023856
7.136343542766757e+03,7.134566793966072e+03,5.882352941176471e-01,32023857
7.137838586726935e+03,7.135461490366559e+03,5.882352941176471e-01,32023858
7.142097395751151e+03,7.138567983986445e+03,1.176470588235294e+00,32023859
7.142865949968581e+03,7.141101244086228e+03,5.882352941176471e-01,32023861
7.144032406659627e+03,7.142267700777274e+03,5.882352941176471e-01,32023863
7.145626807515857e+03,7.141537842951439e+03,1.176470588235294e+00,32023862
7.146306363064060e+03,7.140413996225694e+03,1.764705882352941e+00,32023860
7.147826959142282e+03,7.144297547377576e+03,1.176470588235294e+00,32023864
7.148400619597512e+03,7.146635913715159e+03,5.882352941176471e-01,32023865
7.149325507137558e+03,7.147560801255205e+03,5.882352941176471e-01,32023866
7.150350778790144e+03,7.148586072907791e+03,5.882352941176471e-01,32023867
7.151297193303760e+03,7.149532487421407e+03,5.882352941176471e-01,32023868
7.152889293400082e+03,7.151124587517729e+03,5.882352941176471e-01,32023869
7.154653999282435e+03,7.152702621154043e+03,5.882352941176471e-01,32023872
7.155463758388836e+03,7.151934346624130e+03,1.176470588235294e+00,32023870
7.156823584717988e+03,7.154294930033365e+03,5.882352941176471e-01,32023874
7.157487719984292e+03,7.152193602337233e+03,1.764705882352941e+00,32023871
7.158588290600341e+03,7.155867706932342e+03,5.882352941176471e-01,32023875
7.160352996482694e+03,7.154257421107182e+03,1.764705882352941e+00,32023873
7.162117702365047e+03,7.159521204852341e+03,5.882352941176471e-01,32023878
7.162781837631351e+03,7.157097134677948e+03,1.764705882352941e+00,32023876
7.163882408247400e+03,7.161615971291265e+03,5.882352941176471e-01,32023881
7.163882408247400e+03,7.160654583766215e+03,5.882352941176471e-01,32023880
7.166685742666737e+03,7.157947329256556e+03,1.764705882352941e+00,32023877
7.166875609584184e+03,7.165110903701831e+03,5.882352941176471e-01,32023883
7.169176525894459e+03,7.163530824172712e+03,1.764705882352941e+00,32023882
7.172705937659165e+03,7.167249753713060e+03,1.764705882352941e+00,32023884
7.173598237044510e+03,7.168304119397451e+03,1.764705882352941e+00,32023885
7.174308577242471e+03,7.168710170876440e+03,1.764705882352941e+00,32023886
7.174634578606456e+03,7.170975280016010e+03,5.882352941176471e-01,32023887
7.175718113025844e+03,7.172951840256573e+03,5.882352941176471e-01,32023890
7.176705900861247e+03,7.174941194978894e+03,5.882352941176471e-01,32023892
7.177482818908197e+03,7.173509682503800e+03,1.176470588235294e+00,32023891
7.177964673275308e+03,7.176199967392955e+03,5.882352941176471e-01,32023893
7.180836766357372e+03,7.179072060475019e+03,5.882352941176471e-01,32023894
7.181983450614729e+03,7.180218744732376e+03,5.882352941176471e-01,32023895
7.185082761392779e+03,7.181553349628073e+03,1.176470588235294e+00,32023896
7.185243615496062e+03,7.183478909613709e+03,5.882352941176471e-01,32023897
7.188676975617323e+03,7.186912269734971e+03,5.882352941176471e-01,32023899
7.190742844800493e+03,7.188019317002784e+03,5.882352941176471e-01,32023901
7.191044008101310e+03,7.185749890454251e+03,1.764705882352941e+00,32023898
7.192658132333255e+03,7.190719235805748e+03,5.882352941176471e-01,32023905
7.194425354069105e+03,7.192337209977438e+03,5.882352941176471e-01,32023908
7.194425354069105e+03,7.191809115804554e+03,5.882352941176471e-01,32023907
7.197441875516974e+03,7.187920791910776e+03,1.176470588235294e+00,32023900
7.197954765833811e+03,7.195976913754751e+03,5.882352941176471e-01,32023914
7.199206581399327e+03,7.196239648123474e+03,5.882352941176471e-01,32023915
7.199719471716164e+03,7.197531743043592e+03,5.882352941176471e-01,32023916
7.200554015426508e+03,7.193281530229675e+03,1.176470588235294e+00,32023911
7.202318721308861e+03,7.194392249094938e+03,1.764705882352941e+00,32023912
7.204486094653373e+03,7.202721388771020e+03,5.882352941176471e-01,32023917
7.204615525786806e+03,7.202850819904453e+03,5.882352941176471e-01,32023918
7.210103115297414e+03,7.204808997650355e+03,1.764705882352941e+00,32023919
7.211214091555762e+03,7.209449385673410e+03,5.882352941176471e-01,32023920
7.211435023830133e+03,7.209670317947780e+03,5.882352941176471e-01,32023921
7.212779277668966e+03,7.211014571786613e+03,5.882352941176471e-01,32023922
7.214967482640146e+03,7.213202776757793e+03,5.882352941176471e-01,32023923
7.215567321575149e+03,7.213802615692796e+03,5.882352941176471e-01,32023924
7.215946233303351e+03,7.214181527420999e+03,5.882352941176471e-01,32023925
7.218628959201524e+03,7.216864253319171e+03,5.882352941176471e-01,32023927
7.219571251727222e+03,7.216041839962517e+03,1.176470588235294e+00,32023926
7.220428364573718e+03,7.217961622195804e+03,5.882352941176471e-01,32023929
7.221448204191715e+03,7.219683498309362e+03,5.882352941176471e-01,32023932
7.222193070456071e+03,7.217986305326555e+03,1.176470588235294e+00,32023930
7.223845529756284e+03,7.216916302553933e+03,1.764705882352941e+00,32023928
7.226899267365483e+03,7.225134561483130e+03,5.882352941176471e-01,32023935
7.228286119693215e+03,7.222992002046156e+03,1.764705882352941e+00,32023933
7.228638858040803e+03,7.225586490918879e+03,5.882352941176471e-01,32023937
7.228638858040803e+03,7.225382051307869e+03,5.882352941176471e-01,32023936
7.230050825575568e+03,7.227406112622804e+03,5.882352941176471e-01,32023940
7.231090454595031e+03,7.229325748712678e+03,5.882352941176471e-01,32023941
7.232168269805509e+03,7.225034100654999e+03,1.764705882352941e+00,32023934
7.232592342032972e+03,7.230827636150619e+03,5.882352941176471e-01,32023942
7.233313984633578e+03,7.231549278751225e+03,5.882352941176471e-01,32023943
7.234243559642075e+03,7.232478853759722e+03,5.882352941176471e-01,32023944
7.234668803777140e+03,7.232547390624811e+03,5.882352941176471e-01,32023945
7.236008265524428e+03,7.234021193062201e+03,5.882352941176471e-01,32023948
7.237239153621190e+03,7.235474447738837e+03,5.882352941176471e-01,32023949
7.238315018409055e+03,7.236550312526702e+03,5.882352941176471e-01,32023950
7.238608102280637e+03,7.233215853756603e+03,1.764705882352941e+00,32023947
7.239003859503543e+03,7.236949473477479e+03,5.882352941176471e-01,32023951
7.241653359625054e+03,7.239888653742701e+03,5.882352941176471e-01,32023954
7.243185982577408e+03,7.240425983024330e+03,5.882352941176471e-01,32023955
7.243601344239876e+03,7.241453391066094e+03,5.882352941176471e-01,32023959
7.243784622972346e+03,7.238490505325287e+03,1.764705882352941e+00,32023952
7.246012776547802e+03,7.244248070665449e+03,5.882352941176471e-01,32023961
7.246715394342114e+03,7.239560227699588e+03,1.764705882352941e+00,32023953
7.247851732545306e+03,7.244751988398836e+03,5.882352941176471e-01,32023963
7.250244806106820e+03,7.244396570895750e+03,1.764705882352941e+00,32023962
7.251381144310011e+03,7.247850363016397e+03,1.176470588235294e+00,32023965
7.251381144310011e+03,7.245491813680541e+03,1.764705882352941e+00,32023964
7.254009467464887e+03,7.252244761582534e+03,5.882352941176471e-01,32023968
7.256107092855475e+03,7.250208696304010e+03,1.764705882352941e+00,32023967
7.256107092855475e+03,7.249777015617124e+03,1.764705882352941e+00,32023966
7.259470044866063e+03,7.252745591061607e+03,1.764705882352941e+00,32023969
7.263321187921470e+03,7.260436592110415e+03,5.882352941176471e-01,32023974
7.263653892686756e+03,7.258359775039697e+03,1.764705882352941e+00,32023971
7.265322584328455e+03,7.259791776156764e+03,1.764705882352941e+00,32023972
7.266968944948492e+03,7.263090599023096e+03,1.176470588235294e+00,32023975
7.267857035107308e+03,7.266092329224955e+03,5.882352941176471e-01,32023977
7.272219596013677e+03,7.266925478366618e+03,1.764705882352941e+00,32023978
7.272232533999237e+03,7.270467828116884e+03,5.882352941176471e-01,32023981
7.275661890474774e+03,7.268603066945362e+03,1.764705882352941e+00,32023979
7.275749007778383e+03,7.271991871512897e+03,1.176470588235294e+00,32023983
7.277155056936673e+03,7.269824693986807e+03,1.764705882352941e+00,32023980
7.279249380441886e+03,7.277182681040683e+03,5.882352941176471e-01,32023988
7.281355713066424e+03,7.274220315652869e+03,1.764705882352941e+00,32023984
7.284771249250402e+03,7.278167928043904e+03,1.764705882352941e+00,32023989
7.284771249250402e+03,7.275928880044015e+03,1.764705882352941e+00,32023987
7.287841839427425e+03,7.286077133545072e+03,5.882352941176471e-01,32023994
7.288093893871037e+03,7.281995856007961e+03,1.764705882352941e+00,32023993
7.288093893871037e+03,7.279876370050128e+03,1.764705882352941e+00,32023992
7.289774581605519e+03,7.286758041579496e+03,5.882352941176471e-01,32023995
7.289774581605519e+03,7.287014101202505e+03,5.882352941176471e-01,32023996
7.293303993370225e+03,7.287206886881258e+03,1.764705882352941e+00,32023997
7.295068699252578e+03,7.292608711886026e+03,5.882352941176471e-01,32024001
7.295068699252578e+03,7.292638903413841e+03,5.882352941176471e-01,32024002
7.295603411451655e+03,7.288569097994840e+03,1.764705882352941e+00,32023998
7.296833405134931e+03,7.293863246048013e+03,5.882352941176471e-01,32024004
7.298598111017284e+03,7.290552362967452e+03,1.764705882352941e+00,32024000
7.299612636969045e+03,7.297847931086692e+03,5.882352941176471e-01,32024005
7.300097695527633e+03,7.298332989645280e+03,5.882352941176471e-01,32024006
7.302020071610543e+03,7.300255365728190e+03,5.882352941176471e-01,32024007
7.303140889563885e+03,7.301376183681533e+03,5.882352941176471e-01,32024009
7.305014412225987e+03,7.302361567459502e+03,5.882352941176471e-01,32024011
7.305549483375248e+03,7.303358523123383e+03,5.882352941176471e-01,32024013
7.305661958992463e+03,7.300367841345405e+03,1.764705882352941e+00,32024008
7.307314189257601e+03,7.301851094482508e+03,1.176470588235294e+00,32024010
7.309407750204477e+03,7.307643044322124e+03,5.882352941176471e-01,32024015
7.310308529873046e+03,7.304383664457534e+03,1.764705882352941e+00,32024014
7.312897776342188e+03,7.311133070459835e+03,5.882352941176471e-01,32024017
7.313600399259504e+03,7.308306281612445e+03,1.764705882352941e+00,32024016
7.315589094874452e+03,7.313824388992099e+03,5.882352941176471e-01,32024019
7.317120334279821e+03,7.315355628397468e+03,5.882352941176471e-01,32024020
7.317569583398172e+03,7.312275465751113e+03,1.764705882352941e+00,32024018
7.318935165017948e+03,7.316310448564569e+03,5.882352941176471e-01,32024022
7.319334289280525e+03,7.317195521563482e+03,5.882352941176471e-01,32024025
7.321182376401936e+03,7.315888258754877e+03,1.764705882352941e+00,32024021
7.324596276725611e+03,7.321066864960905e+03,1.176470588235294e+00,32024027
7.324826674883157e+03,7.323061969000804e+03,5.882352941176471e-01,32024028
7.325224817976411e+03,7.319930700329352e+03,1.764705882352941e+00,32024026
7.327485697451859e+03,7.325720991569506e+03,5.882352941176471e-01,32024029
7.329215875051117e+03,7.327451169168764e+03,5.882352941176471e-01,32024031
7.330980580933469e+03,7.328556959653721e+03,5.882352941176471e-01,32024033
7.331160915291134e+03,7.325866797644075e+03,1.764705882352941e+00,32024030
7.332745286815822e+03,7.329796326068566e+03,5.882352941176471e-01,32024034
7.333026204517880e+03,7.327732086870821e+03,1.764705882352941e+00,32024032
7.333426986531402e+03,7.331662280649049e+03,5.882352941176471e-01,32024035
7.334523756746297e+03,7.332759050863944e+03,5.882352941176471e-01,32024036
7.335099699546397e+03,7.333334993664044e+03,5.882352941176471e-01,32024037
7.335497153733987e+03,7.333732447851634e+03,5.882352941176471e-01,32024038
7.336288462628650e+03,7.333904493481806e+03,5.882352941176471e-01,32024039
7.337426993132955e+03,7.335662287250602e+03,5.882352941176471e-01,32024040
7.338398039418620e+03,7.336633333536267e+03,5.882352941176471e-01,32024041
7.339351936150413e+03,7.337587230268060e+03,5.882352941176471e-01,32024042
7.343250054100137e+03,7.341485348217784e+03,5.882352941176471e-01,32024043
7.343591286149568e+03,7.341826580267215e+03,5.882352941176471e-01,32024044
7.345406919846390e+03,7.343642213964037e+03,5.882352941176471e-01,32024048
7.346950081889558e+03,7.345171917456688e+03,5.882352941176471e-01,32024049
7.348714531929319e+03,7.341877252239091e+03,1.764705882352941e+00,32024045
7.349378686683756e+03,7.342433710704591e+03,1.176470588235294e+00,32024046
7.350479365732968e+03,7.348413564511623e+03,5.882352941176471e-01,32024053
7.352244071615321e+03,7.350404400622682e+03,5.882352941176471e-01,32024055
7.352315209418099e+03,7.350550503535746e+03,5.882352941176471e-01,32024056
7.352908098448462e+03,7.350946281142766e+03,5.882352941176471e-01,32024057
7.355820284408370e+03,7.353323519057884e+03,5.882352941176471e-01,32024059
7.356200567592673e+03,7.346075832256991e+03,1.764705882352941e+00,32024051
7.356200567592673e+03,7.345423136230474e+03,1.764705882352941e+00,32024050
7.357775131882874e+03,7.354122998627685e+03,5.882352941176471e-01,32024060
7.358752555620127e+03,7.352290872643664e+03,1.176470588235294e+00,32024058
7.358752555620127e+03,7.349219522306552e+03,1.176470588235294e+00,32024054
7.361304543647580e+03,7.354795368478061e+03,1.764705882352941e+00,32024061
7.361726174128587e+03,7.359961468246234e+03,5.882352941176471e-01,32024063
7.364046673267185e+03,7.360094898891736e+03,1.176470588235294e+00,32024064
7.364521547789656e+03,7.362756841907304e+03,5.882352941176471e-01,32024065
7.364833955412286e+03,7.358264701746315e+03,1.764705882352941e+00,32024062
7.365864389972999e+03,7.364099684090646e+03,5.882352941176471e-01,32024066
7.371584178557627e+03,7.366290060910568e+03,1.764705882352941e+00,32024067
7.373067105672744e+03,7.367772988025685e+03,1.764705882352941e+00,32024068
7.374543765556527e+03,7.372667555542684e+03,5.882352941176471e-01,32024074
7.378217200320518e+03,7.370465136320955e+03,1.764705882352941e+00,32024070
7.378217200320518e+03,7.368994499607184e+03,1.764705882352941e+00,32024069
7.379184690579567e+03,7.376970308078224e+03,5.882352941176471e-01,32024078
7.379981906202871e+03,7.378036079543248e+03,5.882352941176471e-01,32024079
7.382472229779511e+03,7.373336273376601e+03,1.764705882352941e+00,32024075
7.382472229779511e+03,7.371269502094104e+03,1.764705882352941e+00,32024072
7.383874126814720e+03,7.380449576374203e+03,5.882352941176471e-01,32024082
7.383874126814720e+03,7.380175099328602e+03,5.882352941176471e-01,32024081
7.386001641544217e+03,7.379615622453715e+03,1.764705882352941e+00,32024080
7.389168244461779e+03,7.383452543895328e+03,1.764705882352941e+00,32024084
7.389168244461779e+03,7.382681781462161e+03,1.764705882352941e+00,32024083
7.390676506405269e+03,7.386948688588530e+03,5.882352941176471e-01,32024087
7.390676506405269e+03,7.387214197674559e+03,5.882352941176471e-01,32024088
7.392441212287622e+03,7.386634206762837e+03,1.176470588235294e+00,32024085
7.392441212287622e+03,7.386880468777351e+03,1.176470588235294e+00,32024086
7.392441212287622e+03,7.390063730546838e+03,5.882352941176471e-01,32024089
7.394205918169975e+03,7.391411066473470e+03,5.882352941176471e-01,32024090
7.395052842251612e+03,7.393288136369259e+03,5.882352941176471e-01,32024092
7.395970624052328e+03,7.393788738468239e+03,5.882352941176471e-01,32024093
7.396082286337244e+03,7.394317580454891e+03,5.882352941176471e-01,32024094
7.397044563592184e+03,7.394931460780276e+03,5.882352941176471e-01,32024095
7.397735329934681e+03,7.395506873168050e+03,5.882352941176471e-01,32024097
7.399154652645785e+03,7.396287036220987e+03,5.882352941176471e-01,32024098
7.399500035817034e+03,7.391920975444309e+03,1.764705882352941e+00,32024091
7.401336380718512e+03,7.399571674836159e+03,5.882352941176471e-01,32024101
7.402684064410491e+03,7.396857671936301e+03,1.764705882352941e+00,32024099
7.403101086600865e+03,7.401304291803661e+03,5.882352941176471e-01,32024103
7.406346296425640e+03,7.403561711862734e+03,5.882352941176471e-01,32024107
7.406840662179496e+03,7.399420293146670e+03,1.764705882352941e+00,32024100
7.408786125694662e+03,7.406501074788728e+03,5.882352941176471e-01,32024111
7.410135144511033e+03,7.407265078246687e+03,5.882352941176471e-01,32024114
7.410135144511033e+03,7.408133733782523e+03,5.882352941176471e-01,32024115
7.413875868391842e+03,7.401521510336985e+03,1.764705882352941e+00,32024104
7.413875868391842e+03,7.402637852040768e+03,1.764705882352941e+00,32024105
7.413875868391842e+03,7.403521414228716e+03,1.764705882352941e+00,32024106
7.415650808861996e+03,7.412063546770828e+03,5.882352941176471e-01,32024118
7.417415514744349e+03,7.410557768743239e+03,1.176470588235294e+00,32024116
7.417415514744349e+03,7.413916806743049e+03,5.882352941176471e-01,32024120
7.419180220626702e+03,7.411223495351289e+03,1.764705882352941e+00,32024117
7.419749265857511e+03,7.416484060801604e+03,5.882352941176471e-01,32024122
7.419749265857511e+03,7.416441094843774e+03,5.882352941176471e-01,32024121
7.421239179614974e+03,7.418553605205967e+03,5.882352941176471e-01,32024125
7.421960379775375e+03,7.420195673893022e+03,5.882352941176471e-01,32024129
7.423003885497327e+03,7.421182741158350e+03,5.882352941176471e-01,32024130
7.424768591379680e+03,7.422215024867043e+03,5.882352941176471e-01,32024132
7.425043383504570e+03,7.419621600285581e+03,1.764705882352941e+00,32024128
7.426808089386923e+03,7.424785404918926e+03,5.882352941176471e-01,32024136
7.428481197894312e+03,7.426287455874765e+03,5.882352941176471e-01,32024139
7.428481197894312e+03,7.426257415418272e+03,5.882352941176471e-01,32024138
7.431603201109378e+03,7.428844600076748e+03,5.882352941176471e-01,32024145
7.432907461361675e+03,7.422038137322484e+03,1.176470588235294e+00,32024131
7.433367906991731e+03,7.431474207628341e+03,5.882352941176471e-01,32024146
7.435936506664252e+03,7.434171800781899e+03,5.882352941176471e-01,32024147
7.436110808063307e+03,7.427808550878890e+03,1.764705882352941e+00,32024142
7.436110808063307e+03,7.427666380795033e+03,1.764705882352941e+00,32024141
7.438866873304901e+03,7.437102167422548e+03,5.882352941176471e-01,32024149
7.441230624311311e+03,7.435710658368763e+03,1.764705882352941e+00,32024148
7.441652791436512e+03,7.439888085554159e+03,5.882352941176471e-01,32024150
7.442077049813730e+03,7.440312343931377e+03,5.882352941176471e-01,32024151
7.443692364725875e+03,7.441927658843522e+03,5.882352941176471e-01,32024152
7.446919396049592e+03,7.445154690167239e+03,5.882352941176471e-01,32024154
7.448595079553743e+03,7.443300961906685e+03,1.764705882352941e+00,32024153
7.452214031986794e+03,7.446919914339736e+03,1.764705882352941e+00,32024155
7.452354147709776e+03,7.450558786819297e+03,5.882352941176471e-01,32024158
7.453158751565484e+03,7.451279374082437e+03,5.882352941176471e-01,32024159
7.455743443751500e+03,7.453534859509541e+03,5.882352941176471e-01,32024161
7.456285861402336e+03,7.449629339800778e+03,1.764705882352941e+00,32024157
7.456285861402336e+03,7.448824735945070e+03,1.764705882352941e+00,32024156
7.457779358459271e+03,7.454973174222106e+03,5.882352941176471e-01,32024162
7.458064735086915e+03,7.456300029204562e+03,5.882352941176471e-01,32024164
7.459544064341624e+03,7.457027758471990e+03,5.882352941176471e-01,32024166
7.461579979049395e+03,7.452104873072691e+03,1.764705882352941e+00,32024160
7.463073476106330e+03,7.456348074613275e+03,1.764705882352941e+00,32024165
7.463073476106330e+03,7.455235273399562e+03,1.764705882352941e+00,32024163
7.463344684931748e+03,7.460844678266710e+03,5.882352941176471e-01,32024167
7.464851650793446e+03,7.463086944911093e+03,5.882352941176471e-01,32024168
7.466992912249457e+03,7.465228206367104e+03,5.882352941176471e-01,32024169
7.468080429651683e+03,7.466315723769330e+03,5.882352941176471e-01,32024170
7.468258125013743e+03,7.466493419131390e+03,5.882352941176471e-01,32024171
7.468757618131810e+03,7.466976218808582e+03,5.882352941176471e-01,32024172
7.470860478460691e+03,7.469095772578338e+03,5.882352941176471e-01,32024174
7.473374547298742e+03,7.467884491459958e+03,1.764705882352941e+00,32024173
7.473860037315800e+03,7.472095331433447e+03,5.882352941176471e-01,32024176
7.474681421343391e+03,7.469387303696332e+03,1.764705882352941e+00,32024175
7.475139253181095e+03,7.473369394565506e+03,5.882352941176471e-01,32024177
7.480072050242141e+03,7.478307344359788e+03,5.882352941176471e-01,32024180
7.480894534561287e+03,7.475600416914228e+03,1.764705882352941e+00,32024178
7.482659240443640e+03,7.480491130509252e+03,5.882352941176471e-01,32024183
7.482878917062308e+03,7.477584799415250e+03,1.764705882352941e+00,32024179
7.483811002140402e+03,7.481865984091784e+03,5.882352941176471e-01,32024184
7.484423946325993e+03,7.482485673982024e+03,5.882352941176471e-01,32024185
7.485575708022755e+03,7.483225035229561e+03,5.882352941176471e-01,32024186
7.486408328827014e+03,7.479792407047612e+03,1.764705882352941e+00,32024181
7.487749043362169e+03,7.484731004055132e+03,5.882352941176471e-01,32024188
7.488173034709367e+03,7.483917819543652e+03,1.176470588235294e+00,32024187
7.490815421311802e+03,7.489050715429449e+03,5.882352941176471e-01,32024191
7.491185946556022e+03,7.489421240673669e+03,5.882352941176471e-01,32024192
7.491278455126875e+03,7.485164498581498e+03,1.764705882352941e+00,32024189
7.492580127194155e+03,7.489879881277487e+03,5.882352941176471e-01,32024193
7.494344833076508e+03,7.492422461886717e+03,5.882352941176471e-01,32024196
7.496480064203081e+03,7.490879907979638e+03,1.764705882352941e+00,32024194
7.496671920947496e+03,7.491377803300438e+03,1.764705882352941e+00,32024195
7.497124097118488e+03,7.495359391236135e+03,5.882352941176471e-01,32024197
7.498340698457642e+03,7.495587392866623e+03,5.882352941176471e-01,32024199
7.498997346718373e+03,7.497232640836020e+03,5.882352941176471e-01,32024200
7.500105404339995e+03,7.497266102771146e+03,5.882352941176471e-01,32024201
7.501706909317105e+03,7.499942203434752e+03,5.882352941176471e-01,32024202
7.501870110222348e+03,7.500088944912404e+03,5.882352941176470e-01,32024203
7.501870110222348e+03,7.495426007925724e+03,1.764705882352941e+00,32024198
7.503580415802953e+03,7.500746982876574e+03,5.882352941176471e-01,32024204
7.503580415802953e+03,7.501252607568335e+03,5.882352941176471e-01,32024206
7.505345121685306e+03,7.501089781967842e+03,1.176470588235294e+00,32024205
7.505345121685306e+03,7.501994658134897e+03,5.882352941176471e-01,32024208
7.507109827567659e+03,7.504591922008760e+03,5.882352941176471e-01,32024209
7.508111410658153e+03,7.506346704775800e+03,5.882352941176471e-01,32024210
7.508874533450012e+03,7.501920057126456e+03,1.764705882352941e+00,32024207
7.509876116540506e+03,7.507516899386551e+03,5.882352941176471e-01,32024212
7.512022383818788e+03,7.509263312206969e+03,5.882352941176471e-01,32024214
7.512403945214718e+03,7.506884918347527e+03,1.764705882352941e+00,32024211
7.513787089701141e+03,7.509830630507900e+03,1.176470588235294e+00,32024215
7.515551795583494e+03,7.508161879908675e+03,1.764705882352941e+00,32024213
7.515851584088453e+03,7.513190880057370e+03,5.882352941176471e-01,32024218
7.517466395718327e+03,7.515252956173096e+03,5.882352941176471e-01,32024220
7.517466395718327e+03,7.514396369490998e+03,5.882352941176471e-01,32024219
7.519306048726919e+03,7.512621960828707e+03,1.176470588235294e+00,32024216
7.521045772233859e+03,7.517825970660494e+03,5.882352941176471e-01,32024223
7.521070754609272e+03,7.512810957751550e+03,1.764705882352941e+00,32024217
7.524575183998565e+03,7.521562834582971e+03,5.882352941176471e-01,32024228
7.524575183998565e+03,7.522072051006020e+03,5.882352941176471e-01,32024229
7.524928219689777e+03,7.515857784165424e+03,1.764705882352941e+00,32024221
7.526516407726524e+03,7.519643302346331e+03,1.176470588235294e+00,32024226
7.528281113608877e+03,7.520948420746268e+03,1.764705882352941e+00,32024227
7.528300092446390e+03,7.526535386564037e+03,5.882352941176471e-01,32024232
7.529957560568427e+03,7.526929024142815e+03,5.882352941176471e-01,32024234
7.529957560568427e+03,7.526729559602739e+03,5.882352941176471e-01,32024233
7.531722266450780e+03,7.526049010806501e+03,1.176470588235294e+00,32024231
7.531810525373583e+03,7.523478660893017e+03,1.764705882352941e+00,32024230
7.536052942285907e+03,7.530758824638848e+03,1.764705882352941e+00,32024235
7.538322404802860e+03,7.536557698920507e+03,5.882352941176471e-01,32024237
7.539199983837716e+03,7.533905866190658e+03,1.764705882352941e+00,32024236
7.541964419710998e+03,7.536670302063939e+03,1.764705882352941e+00,32024238
7.543664226893259e+03,7.541899521010906e+03,5.882352941176471e-01,32024240
7.543780525337436e+03,7.542015819455083e+03,5.882352941176471e-01,32024241
7.545186411734461e+03,7.539892294087402e+03,1.764705882352941e+00,32024239
7.549892598649114e+03,7.548127892766761e+03,5.882352941176471e-01,32024244
7.549984607086198e+03,7.548219901203846e+03,5.882352941176471e-01,32024245
7.551649672730665e+03,7.549322601155758e+03,5.882352941176471e-01,32024247
7.553414378613017e+03,7.551274200619172e+03,5.882352941176471e-01,32024249
7.553418750834234e+03,7.546359927304822e+03,1.764705882352941e+00,32024242
7.555181270605979e+03,7.548104997364355e+03,1.764705882352941e+00,32024243
7.556438007080964e+03,7.554673301198611e+03,5.882352941176471e-01,32024253
7.558709953667148e+03,7.552461693159887e+03,1.764705882352941e+00,32024250
7.562020922299053e+03,7.559032809629966e+03,5.882352941176471e-01,32024257
7.562206002111570e+03,7.556878521144227e+03,1.764705882352941e+00,32024255
7.562206002111570e+03,7.556541724839476e+03,1.764705882352941e+00,32024254
7.563909014723084e+03,7.561467019034439e+03,5.882352941176471e-01,32024261
7.567611563303499e+03,7.565846857421146e+03,5.882352941176471e-01,32024266
7.569332984981924e+03,7.566404477676789e+03,5.882352941176471e-01,32024267
7.569332984981924e+03,7.566467585874277e+03,5.882352941176471e-01,32024268
7.569535691012847e+03,7.557617268224501e+03,1.764705882352941e+00,32024256
7.571097690864277e+03,7.568705942705197e+03,5.882352941176471e-01,32024272
7.574748726247537e+03,7.562402793405058e+03,1.764705882352941e+00,32024262
7.574748726247537e+03,7.563736350426028e+03,1.764705882352941e+00,32024263
7.574748726247537e+03,7.564070260267731e+03,1.764705882352941e+00,32024264
7.576513432129890e+03,7.572722993612848e+03,5.882352941176471e-01,32024275
7.578439784074817e+03,7.575183735188659e+03,5.882352941176471e-01,32024278
7.578439784074817e+03,7.575615451117401e+03,5.882352941176471e-01,32024279
7.580204489957170e+03,7.578089946432964e+03,5.882352941176471e-01,32024282
7.583637846335170e+03,7.569424504924477e+03,1.176470588235294e+00,32024273
7.585402552217523e+03,7.583541790948465e+03,5.882352941176470e-01,32024284
7.585402552217523e+03,7.573803744496022e+03,1.764705882352941e+00,32024276
7.585402552217523e+03,7.571470343365342e+03,1.764705882352941e+00,32024274
7.587265183676185e+03,7.585500477793832e+03,5.882352941176471e-01,32024286
7.587353943422827e+03,7.585589237540474e+03,5.882352941176471e-01,32024287
7.589171800801719e+03,7.587407094919366e+03,5.882352941176471e-01,32024290
7.590745632652737e+03,7.588247358361555e+03,5.882352941176471e-01,32024292
7.590979504132449e+03,7.589016589696912e+03,5.882352941176471e-01,32024293
7.594221892920903e+03,7.585170898938692e+03,1.764705882352941e+00,32024285
7.595494037834556e+03,7.585961626796100e+03,1.764705882352941e+00,32024288
7.596039750299795e+03,7.589257795698473e+03,1.764705882352941e+00,32024295
7.597337348326248e+03,7.595058544777847e+03,5.882352941176471e-01,32024298
7.599784736975615e+03,7.598020031093262e+03,5.882352941176471e-01,32024303
7.600866760090954e+03,7.598837364504293e+03,5.882352941176471e-01,32024304
7.601162743783104e+03,7.593599993776517e+03,1.764705882352941e+00,32024296
7.603314148740321e+03,7.601528602951014e+03,5.882352941176471e-01,32024307
7.604637046625892e+03,7.602872340743540e+03,5.882352941176471e-01,32024308
7.604839571883948e+03,7.595651247053235e+03,1.764705882352941e+00,32024300
7.606536769346949e+03,7.603556137539520e+03,5.882352941176471e-01,32024309
7.606536769346949e+03,7.604362362633994e+03,5.882352941176471e-01,32024310
7.606924594781082e+03,7.596218894414081e+03,1.764705882352941e+00,32024302
7.608301475229302e+03,7.605895312428471e+03,5.882352941176471e-01,32024313
7.610956434458450e+03,7.609191728576097e+03,5.882352941176471e-01,32024315
7.611830886994008e+03,7.605294197597068e+03,1.764705882352941e+00,32024312
7.612655331761419e+03,7.609703419694481e+03,5.882352941176471e-01,32024316
7.614420037643772e+03,7.612165203155370e+03,5.882352941176471e-01,32024321
7.615360298758714e+03,7.608862685679180e+03,1.764705882352941e+00,32024314
7.616184743526125e+03,7.612913832179863e+03,5.882352941176471e-01,32024323
7.617125004641067e+03,7.614925525953854e+03,5.882352941176471e-01,32024324
7.618075821485999e+03,7.615433846006523e+03,5.882352941176471e-01,32024325
7.618202193563519e+03,7.609980343496994e+03,1.764705882352941e+00,32024317
7.619840527368352e+03,7.617925924335974e+03,5.882352941176471e-01,32024329
7.621025522416410e+03,7.619260816534057e+03,5.882352941176471e-01,32024330
7.621054876253226e+03,7.616580555756601e+03,1.176470588235294e+00,32024327
7.621605233250705e+03,7.619581347951363e+03,5.882352941176471e-01,32024331
7.622790228298763e+03,7.621008107589243e+03,5.882352941176471e-01,32024332
7.622925223256302e+03,7.621160517373949e+03,5.882352941176471e-01,32024333
7.623369939133058e+03,7.621191074237613e+03,5.882352941176471e-01,32024334
7.626034284601559e+03,7.624269578719206e+03,5.882352941176471e-01,32024335
7.629038637744366e+03,7.625509225979660e+03,1.176470588235294e+00,32024336
7.631712496422687e+03,7.629947790540334e+03,5.882352941176471e-01,32024339
7.633082866431875e+03,7.630487924402356e+03,5.882352941176471e-01,32024340
7.634942978391639e+03,7.633178272509287e+03,5.882352941176471e-01,32024344
7.635162945778471e+03,7.633305020267311e+03,5.882352941176471e-01,32024345
7.637030460221677e+03,7.629553454667169e+03,1.764705882352941e+00,32024337
7.638608075989974e+03,7.635670596388361e+03,5.882352941176471e-01,32024347
7.638743761823604e+03,7.631324354412791e+03,1.764705882352941e+00,32024341
7.640559871986383e+03,7.633699263095236e+03,1.764705882352941e+00,32024346
7.644071235847919e+03,7.638777118200861e+03,1.764705882352941e+00,32024349
7.645078381553565e+03,7.641789366912380e+03,5.882352941176471e-01,32024352
7.645860247108270e+03,7.644095541225917e+03,5.882352941176471e-01,32024356
7.646843087435918e+03,7.644276019835443e+03,5.882352941176471e-01,32024357
7.647221867524272e+03,7.641198575685914e+03,1.176470588235294e+00,32024350
7.648986573406625e+03,7.641665767823174e+03,1.764705882352941e+00,32024351
7.650372499200624e+03,7.645937956103520e+03,1.176470588235294e+00,32024358
7.650751279288978e+03,7.642144353924649e+03,1.764705882352941e+00,32024353
7.651186779775970e+03,7.649422073893617e+03,5.882352941176471e-01,32024359
7.652573705638134e+03,7.650808999755781e+03,5.882352941176471e-01,32024360
7.653481095332156e+03,7.651716389449803e+03,5.882352941176471e-01,32024361
7.656256031893587e+03,7.652726620128881e+03,1.176470588235294e+00,32024362
7.658461104121706e+03,7.656696398239353e+03,5.882352941176471e-01,32024364
7.658725755355166e+03,7.653431637708107e+03,1.764705882352941e+00,32024363
7.661491729901854e+03,7.657962318137148e+03,1.176470588235294e+00,32024365
7.662877166075523e+03,7.661112460193170e+03,5.882352941176471e-01,32024367
7.663258957675908e+03,7.661494251793555e+03,5.882352941176471e-01,32024368
7.664832767758069e+03,7.662643488806933e+03,5.882352941176471e-01,32024370
7.664832767758069e+03,7.662560510217265e+03,5.882352941176471e-01,32024369
7.665837745090769e+03,7.660543627443710e+03,1.764705882352941e+00,32024366
7.666597473640422e+03,7.663413884689347e+03,5.882352941176471e-01,32024371
7.669835245409579e+03,7.668070539527226e+03,5.882352941176471e-01,32024377
7.671751603417680e+03,7.668954511532454e+03,5.882352941176471e-01,32024378
7.671903255543428e+03,7.666084598071954e+03,1.764705882352941e+00,32024373
7.671903255543428e+03,7.665016087289469e+03,1.764705882352941e+00,32024372
7.675372998824287e+03,7.673188072438471e+03,5.882352941176471e-01,32024387
7.675372998824287e+03,7.672827016275769e+03,5.882352941176471e-01,32024386
7.677381808687737e+03,7.674605447736835e+03,5.882352941176471e-01,32024388
7.677381808687737e+03,7.674801229024152e+03,5.882352941176471e-01,32024389
7.677666116346014e+03,7.666274412661160e+03,1.764705882352941e+00,32024374
7.679146514570090e+03,7.675861206786480e+03,5.882352941176471e-01,32024392
7.681834981594694e+03,7.670234062045065e+03,1.764705882352941e+00,32024380
7.682675926334796e+03,7.676384661493505e+03,1.764705882352941e+00,32024393
7.682763061140758e+03,7.680998355258405e+03,5.882352941176471e-01,32024395
7.684440632217149e+03,7.682109312239897e+03,5.882352941176471e-01,32024396
7.684527767023111e+03,7.682696107255349e+03,5.882352941176471e-01,32024397
7.685277258553437e+03,7.678625296571975e+03,1.764705882352941e+00,32024394
7.686270689203973e+03,7.682842692327172e+03,5.882352941176471e-01,32024399
7.686270689203973e+03,7.682787545921547e+03,5.882352941176471e-01,32024398
7.687041964435790e+03,7.684809876488386e+03,5.882352941176471e-01,32024402
7.692727416309549e+03,7.690962710427196e+03,5.882352941176471e-01,32024403
7.695899849201417e+03,7.694135143319064e+03,5.882352941176471e-01,32024404
7.696227212129947e+03,7.694462506247594e+03,5.882352941176471e-01,32024405
7.697664555083770e+03,7.695612868768770e+03,5.882352941176471e-01,32024407
7.700501497774942e+03,7.695207380127883e+03,1.764705882352941e+00,32024406
7.703371721080291e+03,7.701607015197938e+03,5.882352941176471e-01,32024414
7.704595518047791e+03,7.697835920100773e+03,1.176470588235294e+00,32024409
7.706360223930144e+03,7.698193977119246e+03,1.764705882352941e+00,32024410
7.706360223930144e+03,7.697261168529275e+03,1.764705882352941e+00,32024408
7.706508907254293e+03,7.703485168896872e+03,5.882352941176471e-01,32024415
7.708174490920546e+03,7.704892884696089e+03,5.882352941176471e-01,32024417
7.708174490920546e+03,7.705057167444471e+03,5.882352941176471e-01,32024419
7.709939196802899e+03,7.707181138723578e+03,5.882352941176471e-01,32024421
7.709939196802899e+03,7.707150016997775e+03,5.882352941176471e-01,32024420
7.710242134261468e+03,7.708477428379115e+03,5.882352941176471e-01,32024422
7.712006840143821e+03,7.710008624335427e+03,5.882352941176471e-01,32024425
7.713569587720461e+03,7.700105782365299e+03,1.176470588235294e+00,32024413
7.715334293602814e+03,7.700069443504869e+03,1.764705882352941e+00,32024412
7.717065339767548e+03,7.709554542636665e+03,1.764705882352941e+00,32024424
7.717065339767548e+03,7.708925092872685e+03,1.764705882352941e+00,32024423
7.717152326958403e+03,7.714111077200239e+03,5.882352941176471e-01,32024427
7.718830045649901e+03,7.716411992272295e+03,5.882352941176471e-01,32024430
7.718830045649901e+03,7.715440948549286e+03,5.882352941176471e-01,32024429
7.718932328440333e+03,7.717167622557980e+03,5.882352941176471e-01,32024431
7.720991924414837e+03,7.719227218532484e+03,5.882352941176471e-01,32024433
7.722558043855898e+03,7.719925499967809e+03,5.882352941176471e-01,32024436
7.722558043855898e+03,7.719551787220042e+03,5.882352941176471e-01,32024435
7.723245805560649e+03,7.717340674735941e+03,1.176470588235294e+00,32024432
7.724322749738251e+03,7.721918640224242e+03,5.882352941176471e-01,32024437
7.728844160381721e+03,7.723550042734662e+03,1.764705882352941e+00,32024438
7.729550022966714e+03,7.727118906224277e+03,5.882352941176471e-01,32024441
7.729583761106522e+03,7.724289643459463e+03,1.764705882352941e+00,32024439
7.731348466988875e+03,7.726020611202008e+03,1.176470588235294e+00,32024440
7.732590258718376e+03,7.730133091461464e+03,5.882352941176471e-01,32024445
7.733096303801324e+03,7.729277533525620e+03,1.176470588235294e+00,32024444
7.733096303801324e+03,7.727841811338777e+03,1.176470588235294e+00,32024442
7.736457033871714e+03,7.731654446432276e+03,1.176470588235294e+00,32024446
7.738221739754067e+03,7.735710444390549e+03,5.882352941176470e-01,32024449
7.738221739754067e+03,7.732402064308358e+03,1.764705882352941e+00,32024448
7.738221739754067e+03,7.731831140611777e+03,1.764705882352941e+00,32024447
7.739986445636420e+03,7.736816188047306e+03,5.882352941176471e-01,32024450
7.741749241812349e+03,7.739984535929996e+03,5.882352941176471e-01,32024452
7.744376797793594e+03,7.742612091911241e+03,5.882352941176471e-01,32024454
7.744610058570722e+03,7.739315940923663e+03,1.764705882352941e+00,32024451
7.745838403023967e+03,7.742758633234268e+03,5.882352941176471e-01,32024455
7.746141503675947e+03,7.744221362771257e+03,5.882352941176471e-01,32024457
7.746374764453075e+03,7.744496553861551e+03,5.882352941176471e-01,32024458
7.747933559381223e+03,7.746168853498870e+03,5.882352941176471e-01,32024460
7.749367814788673e+03,7.747057227383147e+03,5.882352941176471e-01,32024461
7.749876826394858e+03,7.742161325629617e+03,1.764705882352941e+00,32024453
7.751220880354084e+03,7.749456174471731e+03,5.882352941176471e-01,32024462
7.751462971145929e+03,7.745663231565438e+03,1.764705882352941e+00,32024459
7.753406238159564e+03,7.749576154990861e+03,1.176470588235294e+00,32024463
7.756253411359269e+03,7.754488705476916e+03,5.882352941176471e-01,32024465
7.757780062053563e+03,7.756015356171210e+03,5.882352941176471e-01,32024466
7.758403166979118e+03,7.753109049332059e+03,1.764705882352941e+00,32024464
7.759928378220047e+03,7.758163672337694e+03,5.882352941176471e-01,32024467
7.760467733451826e+03,7.758703027569473e+03,5.882352941176471e-01,32024468
7.763507534396924e+03,7.761742828514571e+03,5.882352941176471e-01,32024469
7.766888894385040e+03,7.765124188502687e+03,5.882352941176471e-01,32024472
7.766911726918312e+03,7.763382315153606e+03,1.176470588235294e+00,32024470
7.768408258794858e+03,7.765882085242020e+03,5.882352941176471e-01,32024474
7.770441138683018e+03,7.764633505557617e+03,1.764705882352941e+00,32024471
7.771937670559564e+03,7.769480859242691e+03,5.882352941176471e-01,32024478
7.771937670559564e+03,7.769244980189291e+03,5.882352941176471e-01,32024477
7.772329047629989e+03,7.770564341747636e+03,5.882352941176471e-01,32024479
7.773791767777186e+03,7.767609839134797e+03,1.176470588235294e+00,32024475
7.773791767777186e+03,7.768193278515610e+03,1.176470588235294e+00,32024476
7.775556473659539e+03,7.765355456302992e+03,1.764705882352941e+00,32024473
7.776830897862634e+03,7.775066191980282e+03,5.882352941176471e-01,32024480
7.778817669212826e+03,7.777052963330473e+03,5.882352941176471e-01,32024481
7.780009027686050e+03,7.778244321803697e+03,5.882352941176471e-01,32024482
7.781773733568403e+03,7.779706280114706e+03,5.882352941176471e-01,32024485
7.782688443199207e+03,7.780227722939145e+03,5.882352941176471e-01,32024486
7.784969896399688e+03,7.779342529819208e+03,1.764705882352941e+00,32024484
7.784969896399688e+03,7.779159031434501e+03,1.764705882352941e+00,32024483
7.786507042459672e+03,7.783807863272726e+03,5.882352941176471e-01,32024489
7.786734602282041e+03,7.782587257539992e+03,1.176470588235294e+00,32024487
7.790264014046746e+03,7.784757743495667e+03,1.764705882352941e+00,32024492
7.790585524450339e+03,7.787056112685633e+03,1.176470588235294e+00,32024494
7.791801160106731e+03,7.785602129091352e+03,1.764705882352941e+00,32024493
7.792430065410655e+03,7.790665359528302e+03,5.882352941176471e-01,32024495
7.795188911230809e+03,7.793424205348456e+03,5.882352941176471e-01,32024496
7.795342861477295e+03,7.793578155594942e+03,5.882352941176471e-01,32024497
7.795417592231050e+03,7.793652886348697e+03,5.882352941176471e-01,32024498
7.800915103641307e+03,7.799150397758954e+03,5.882352941176471e-01,32024499
7.801505622200739e+03,7.799740916318387e+03,5.882352941176471e-01,32024500
7.802965368791433e+03,7.801200662909080e+03,5.882352941176471e-01,32024502
7.804468473485393e+03,7.800939061720687e+03,1.176470588235294e+00,32024501
7.805124281430031e+03,7.803359575547678e+03,5.882352941176471e-01,32024503
7.805989385238613e+03,7.804224679356260e+03,5.882352941176471e-01,32024504
7.806233179367746e+03,7.804284183205826e+03,5.882352941176471e-01,32024505
7.807875988185532e+03,7.805900828819158e+03,5.882352941176471e-01,32024508
7.807875988185532e+03,7.805231439920889e+03,5.882352941176471e-01,32024507
7.809640694067885e+03,7.807395440471669e+03,5.882352941176471e-01,32024510
7.810418399077090e+03,7.804812212892393e+03,1.764705882352941e+00,32024506
7.811771598322077e+03,7.808688991359671e+03,5.882352941176471e-01,32024512
7.811771598322077e+03,7.808218333727543e+03,5.882352941176471e-01,32024511
7.812322123056035e+03,7.810189991625643e+03,5.882352941176471e-01,32024517
7.813651752295496e+03,7.810912990667692e+03,5.882352941176471e-01,32024520
7.813651752295496e+03,7.810696435270273e+03,5.882352941176471e-01,32024519
7.814619843162220e+03,7.812002494504210e+03,5.882352941176471e-01,32024523
7.815416458177849e+03,7.813388151503700e+03,5.882352941176471e-01,32024525
7.817307106024861e+03,7.815542400142508e+03,5.882352941176471e-01,32024529
7.818548681422323e+03,7.816039552677232e+03,5.882352941176471e-01,32024531
7.818548681422323e+03,7.815871005040141e+03,5.882352941176471e-01,32024530
7.819071811907214e+03,7.816786213515135e+03,5.882352941176471e-01,32024533
7.820313387304676e+03,7.818294964530593e+03,5.882352941176471e-01,32024535
7.821457305488298e+03,7.818994968810953e+03,5.882352941176471e-01,32024537
7.821457305488298e+03,7.818686018447735e+03,5.882352941176471e-01,32024536
7.823222011370651e+03,7.820984056785261e+03,5.882352941176471e-01,32024538
7.823222011370651e+03,7.821289222804350e+03,5.882352941176471e-01,32024539
7.823716857104723e+03,7.807122656479586e+03,1.764705882352941e+00,32024509
7.824986717253004e+03,7.821725742404397e+03,5.882352941176471e-01,32024541
7.825506409811419e+03,7.823741703929066e+03,5.882352941176471e-01,32024542
7.826751423135356e+03,7.824920748676538e+03,5.882352941176471e-01,32024544
7.826751423135356e+03,7.824071891571423e+03,5.882352941176471e-01,32024543
7.827271115693772e+03,7.825467971753597e+03,5.882352941176471e-01,32024545
7.830664392612788e+03,7.814327740246122e+03,1.764705882352941e+00,32024527
7.830664392612788e+03,7.813676104051551e+03,1.764705882352941e+00,32024526
7.832237319638778e+03,7.829022400780122e+03,5.882352941176471e-01,32024548
7.834002025521131e+03,7.831788974500320e+03,5.882352941176471e-01,32024551
7.834002025521131e+03,7.831457877839823e+03,5.882352941176471e-01,32024550
7.834722794528850e+03,7.821465880238700e+03,1.764705882352941e+00,32024540
7.835766731403484e+03,7.832338918470455e+03,5.882352941176471e-01,32024552
7.838252206293556e+03,7.829625080942541e+03,1.764705882352941e+00,32024549
7.839683625271788e+03,7.835929317001913e+03,5.882352941176471e-01,32024557
7.843334274348553e+03,7.840271466379773e+03,5.882352941176471e-01,32024562
7.843565741701285e+03,7.835018748350367e+03,1.764705882352941e+00,32024554
7.843565741701285e+03,7.833030902941781e+03,1.764705882352941e+00,32024553
7.845272580745455e+03,7.841690805778260e+03,5.882352941176471e-01,32024564
7.845272580745455e+03,7.842049899434894e+03,5.882352941176471e-01,32024566
7.847037286627808e+03,7.843979628735833e+03,5.882352941176471e-01,32024569
7.847037286627808e+03,7.843705256419008e+03,5.882352941176471e-01,32024568
7.848801992510161e+03,7.845763786582995e+03,5.882352941176471e-01,32024570
7.849047595428931e+03,7.839317470210417e+03,1.764705882352941e+00,32024561
7.852331404274867e+03,7.850489458210427e+03,5.882352941176470e-01,32024574
7.852331404274867e+03,7.846247561607937e+03,1.764705882352941e+00,32024571
7.854187322381218e+03,7.850911952507659e+03,5.882352941176471e-01,32024576
7.854187322381218e+03,7.851970932391634e+03,5.882352941176471e-01,32024578
7.855938011386958e+03,7.847843030948207e+03,1.176470588235294e+00,32024572
7.857702717269311e+03,7.848970959722236e+03,1.764705882352941e+00,32024573
7.857709725707618e+03,7.855666596220594e+03,5.882352941176471e-01,32024581
7.859472095443869e+03,7.856199824430681e+03,5.882352941176471e-01,32024582
7.859472095443869e+03,7.856345227192010e+03,5.882352941176471e-01,32024583
7.859472095443869e+03,7.857352901201999e+03,5.882352941176471e-01,32024584
7.863330115201854e+03,7.850840335064509e+03,1.764705882352941e+00,32024575
7.863330115201854e+03,7.851336628552449e+03,1.764705882352941e+00,32024577
7.863330115201854e+03,7.852638712109177e+03,1.764705882352941e+00,32024579
7.865094821084207e+03,7.863195575057209e+03,5.882352941176471e-01,32024586
7.865094821084207e+03,7.860786527416988e+03,5.882352941176471e-01,32024585
7.867607035887946e+03,7.865842330005594e+03,5.882352941176471e-01,32024588
7.868815690106128e+03,7.863521572459069e+03,1.764705882352941e+00,32024587
7.869371741770299e+03,7.867403253977981e+03,5.882352941176471e-01,32024590
7.872032381712206e+03,7.866738264065147e+03,1.764705882352941e+00,32024589
7.872496870725922e+03,7.868967458961216e+03,1.176470588235294e+00,32024591
7.875899530365579e+03,7.874134824483227e+03,5.882352941176471e-01,32024594
7.875907532308867e+03,7.870613414661808e+03,1.764705882352941e+00,32024592
7.879428942130285e+03,7.873296897458083e+03,1.764705882352941e+00,32024593
7.880355720987495e+03,7.874592074445920e+03,1.764705882352941e+00,32024595
7.881277090861232e+03,7.878414900190767e+03,5.882352941176471e-01,32024598
7.882011315259718e+03,7.879595827827472e+03,5.882352941176471e-01,32024600
7.883776021142071e+03,7.881796421759876e+03,5.882352941176471e-01,32024603
7.885842748993803e+03,7.876608086002530e+03,1.764705882352941e+00,32024596
7.887305432906777e+03,7.880525419280523e+03,1.764705882352941e+00,32024602
7.888335914390644e+03,7.882464348213786e+03,1.764705882352941e+00,32024604
7.892435978443607e+03,7.887076062818969e+03,1.176470588235294e+00,32024605
7.893585998815893e+03,7.891332708475888e+03,5.882352941176471e-01,32024612
7.893585998815893e+03,7.891131180590254e+03,5.882352941176471e-01,32024611
7.895350704698246e+03,7.893240012370395e+03,5.882352941176471e-01,32024613
7.895681503529995e+03,7.893916797647642e+03,5.882352941176471e-01,32024614
7.896568415653404e+03,7.888134130819524e+03,1.764705882352941e+00,32024607
7.898880116462952e+03,7.896971758637655e+03,5.882352941176471e-01,32024619
7.900529714533615e+03,7.898128619944970e+03,5.882352941176471e-01,32024621
7.900529714533615e+03,7.898049007517581e+03,5.882352941176471e-01,32024620
7.901298874138114e+03,7.894200144449978e+03,1.764705882352941e+00,32024615
7.902294420415968e+03,7.899481541432072e+03,5.882352941176471e-01,32024623
7.904059126298321e+03,7.895785290061290e+03,1.764705882352941e+00,32024617
7.905835461882349e+03,7.903414910862415e+03,5.882352941176471e-01,32024627
7.905835461882349e+03,7.902730319306150e+03,5.882352941176471e-01,32024626
7.906892315332606e+03,7.902655051135803e+03,1.176470588235294e+00,32024625
7.906892315332606e+03,7.902317679819319e+03,1.176470588235294e+00,32024624
7.909383944889521e+03,7.907304708065093e+03,5.882352941176471e-01,32024631
7.910664034988832e+03,7.907673712814724e+03,5.882352941176471e-01,32024632
7.910664034988832e+03,7.908520824932535e+03,5.882352941176471e-01,32024634
7.912510841728247e+03,7.906755492158298e+03,1.176470588235294e+00,32024630
7.914275547610600e+03,7.910992438417078e+03,5.882352941176470e-01,32024635
7.914275547610600e+03,7.906035385568789e+03,1.764705882352941e+00,32024629
7.914275547610600e+03,7.905854533124815e+03,1.764705882352941e+00,32024628
7.916303963172718e+03,7.914539257290365e+03,5.882352941176471e-01,32024637
7.917804959375306e+03,7.915202390362246e+03,5.882352941176471e-01,32024639
7.919955722335363e+03,7.913377140018623e+03,1.764705882352941e+00,32024636
7.921477887620336e+03,7.918518166019474e+03,5.882352941176471e-01,32024643
7.923424498950724e+03,7.916327286453603e+03,1.764705882352941e+00,32024640
7.923424498950724e+03,7.914684927969189e+03,1.764705882352941e+00,32024638
7.925146610615927e+03,7.921586133213504e+03,5.882352941176471e-01,32024646
7.925146610615927e+03,7.922251543086750e+03,5.882352941176471e-01,32024647
7.925146610615927e+03,7.922275138203056e+03,5.882352941176471e-01,32024648
7.926911316498280e+03,7.924904455138385e+03,5.882352941176471e-01,32024650
7.930465932301586e+03,7.927706966141955e+03,5.882352941176471e-01,32024654
7.930500088113077e+03,7.928713828438533e+03,5.882352941176471e-01,32024657
7.930951374742072e+03,7.920047373750500e+03,1.764705882352941e+00,32024644
7.932247716089684e+03,7.925539783206964e+03,1.176470588235294e+00,32024652
7.934012421972037e+03,7.926970676348372e+03,1.764705882352941e+00,32024653
7.934596000436413e+03,7.932831294554060e+03,5.882352941176471e-01,32024658
7.935735899636076e+03,7.933971193753723e+03,5.882352941176471e-01,32024659
7.936540216981302e+03,7.934775511098949e+03,5.882352941176471e-01,32024660
7.936841545350323e+03,7.935076839467970e+03,5.882352941176471e-01,32024661
7.938722183557561e+03,7.936957477675208e+03,5.882352941176471e-01,32024662
7.939449944922788e+03,7.937685239040435e+03,5.882352941176471e-01,32024664
7.941214650805141e+03,7.939322430002111e+03,5.882352941176471e-01,32024668
7.942671981545220e+03,7.939617282624327e+03,5.882352941176471e-01,32024669
7.944436687427573e+03,7.942067629030579e+03,5.882352941176471e-01,32024675
7.945337497821753e+03,7.943572791939400e+03,5.882352941176471e-01,32024676
7.946135954258934e+03,7.937163577567830e+03,1.176470588235294e+00,32024663
7.947102203704106e+03,7.944525434093223e+03,5.882352941176471e-01,32024677
7.947900660141287e+03,7.945590227898940e+03,5.882352941176470e-01,32024678
7.947900660141287e+03,7.938383195081222e+03,1.764705882352941e+00,32024665
7.949665366023640e+03,7.947846984908138e+03,5.882352941176471e-01,32024682
7.949665366023640e+03,7.947463102161131e+03,5.882352941176471e-01,32024681
7.950812064697325e+03,7.947923377464087e+03,5.882352941176471e-01,32024683
7.952576770579677e+03,7.950157383249535e+03,5.882352941176471e-01,32024684
7.953194777788346e+03,7.946857555936310e+03,1.764705882352941e+00,32024679
7.953194777788346e+03,7.942033244714774e+03,1.764705882352941e+00,32024674
7.954753481267810e+03,7.951279023381236e+03,5.882352941176471e-01,32024685
7.954753481267810e+03,7.951899211377114e+03,5.882352941176471e-01,32024686
7.956518187150163e+03,7.954495395201523e+03,5.882352941176471e-01,32024689
7.960015162209505e+03,7.951967279624200e+03,1.764705882352941e+00,32024687
7.961804195620880e+03,7.958814395350308e+03,5.882352941176471e-01,32024695
7.961804195620880e+03,7.958722961873164e+03,5.882352941176471e-01,32024694
7.962048557570228e+03,7.953983095364443e+03,1.764705882352941e+00,32024688
7.963588911786728e+03,7.960639015004750e+03,5.882352941176471e-01,32024699
7.963588911786728e+03,7.960627879362689e+03,5.882352941176471e-01,32024698
7.965577969334934e+03,7.963706823614939e+03,5.882352941176471e-01,32024707
7.967157627494171e+03,7.965133847314413e+03,5.882352941176471e-01,32024709
7.967786612404951e+03,7.966021906522598e+03,5.882352941176471e-01,32024710
7.968922333376524e+03,7.966620434063558e+03,5.882352941176471e-01,32024711
7.970687039258877e+03,7.968174251995205e+03,5.882352941176471e-01,32024712
7.971137203819916e+03,7.956837464431050e+03,1.764705882352941e+00,32024692
7.971137203819916e+03,7.956476357229738e+03,1.764705882352941e+00,32024691
7.972451745141230e+03,7.970148212609212e+03,5.882352941176471e-01,32024713
7.972901909702269e+03,7.965011475580793e+03,1.176470588235294e+00,32024708
7.973379722300047e+03,7.971615016417694e+03,5.882352941176471e-01,32024714
7.975144428182400e+03,7.973163538060244e+03,5.882352941176471e-01,32024717
7.976005446845603e+03,7.974240740963250e+03,5.882352941176471e-01,32024718
7.976884844125085e+03,7.971646081919495e+03,1.176470588235294e+00,32024715
7.977770152727956e+03,7.975909781494905e+03,5.882352941176471e-01,32024720
7.978248242465639e+03,7.976088902967374e+03,5.882352941176471e-01,32024721
7.979092204308874e+03,7.976677463340413e+03,5.882352941176471e-01,32024723
7.980434929269609e+03,7.972954124818580e+03,1.176470588235294e+00,32024716
7.980856910191227e+03,7.976581111412165e+03,1.176470588235294e+00,32024722
7.982199635151962e+03,7.974271955639296e+03,1.764705882352941e+00,32024719
7.984880468460804e+03,7.983115762578451e+03,5.882352941176471e-01,32024726
7.986495723817341e+03,7.981201606170282e+03,1.764705882352941e+00,32024724
7.987577825299259e+03,7.982283707652200e+03,1.764705882352941e+00,32024725
7.989342531181612e+03,7.987274457206757e+03,5.882352941176471e-01,32024729
7.990174586107862e+03,7.984727678131178e+03,1.764705882352941e+00,32024727
7.990359888694149e+03,7.988502075509994e+03,5.882352941176471e-01,32024730
7.992031943283359e+03,7.989545817355866e+03,5.882352941176471e-01,32024731
7.992871942946318e+03,7.986830476929443e+03,1.764705882352941e+00,32024728
7.993796649165711e+03,7.989894674929661e+03,1.176470588235294e+00,32024732
7.995949942664944e+03,7.994185236782591e+03,5.882352941176471e-01,32024735
7.997326060930417e+03,7.990862788238940e+03,1.764705882352941e+00,32024733
7.997714648547297e+03,7.994858932507646e+03,5.882352941176471e-01,32024737
7.998390490123409e+03,7.992373103599150e+03,1.176470588235294e+00,32024734
7.999285060621210e+03,7.997265530810532e+03,5.882352941176471e-01,32024739
7.999285060621210e+03,7.996850213771088e+03,5.882352941176471e-01,32024738
8.000394673612737e+03,7.998629967730384e+03,5.882352941176471e-01,32024740
8.003285707492099e+03,8.001521001609746e+03,5.882352941176471e-01,32024743
8.003912480654245e+03,8.000383068889539e+03,1.176470588235294e+00,32024742
8.004838673763532e+03,7.999544556116473e+03,1.764705882352941e+00,32024741
8.007674550764477e+03,8.005909844882124e+03,5.882352941176471e-01,32024744
8.009753492732141e+03,8.006224080967435e+03,1.176470588235294e+00,32024745
8.010481293716579e+03,8.006951881951874e+03,1.176470588235294e+00,32024746
8.011467421357049e+03,8.009702715474696e+03,5.882352941176471e-01,32024747
8.013232127239402e+03,8.011124134284379e+03,5.882352941176471e-01,32024750
8.014445434045680e+03,8.012125018700697e+03,5.882352941176471e-01,32024751
8.015138351172947e+03,8.009844233525889e+03,1.764705882352941e+00,32024748
8.016247314993712e+03,8.013362157507586e+03,5.882352941176471e-01,32024753
8.016761539004108e+03,8.014519784177038e+03,5.882352941176471e-01,32024755
8.017026248627936e+03,8.015261542745583e+03,5.882352941176471e-01,32024756
8.019901607936724e+03,8.017265291414933e+03,5.882352941176471e-01,32024758
8.020361709794410e+03,8.013035305351688e+03,1.764705882352941e+00,32024752
8.020361709794410e+03,8.010916022280974e+03,1.764705882352941e+00,32024749
8.023481096088070e+03,8.020370747954831e+03,5.882352941176471e-01,32024765
8.025245801970422e+03,8.022887347723340e+03,5.882352941176471e-01,32024767
8.025655827441469e+03,8.015925759142251e+03,1.764705882352941e+00,32024757
8.027331356499583e+03,8.019976722516684e+03,1.176470588235294e+00,32024763
8.027420533323822e+03,8.018261783232677e+03,1.764705882352941e+00,32024760
8.029078289657239e+03,8.025972055893564e+03,5.882352941176471e-01,32024770
8.029078289657239e+03,8.025970443363660e+03,5.882352941176471e-01,32024769
8.030949945088528e+03,8.025513332443139e+03,1.764705882352941e+00,32024768
8.032650614647203e+03,8.029667442878151e+03,5.882352941176471e-01,32024775
8.034415320529556e+03,8.031327666135608e+03,5.882352941176471e-01,32024778
8.036196035492828e+03,8.029533646493985e+03,1.176470588235294e+00,32024774
8.036212044573748e+03,8.029142659495126e+03,1.764705882352941e+00,32024773
8.036212044573748e+03,8.028364776784402e+03,1.764705882352941e+00,32024772
8.037972748185871e+03,8.034675217756568e+03,5.882352941176471e-01,32024779
8.037972748185871e+03,8.034721819660245e+03,5.882352941176471e-01,32024780
8.037972748185871e+03,8.035442774930578e+03,5.882352941176471e-01,32024781
8.039737454068224e+03,8.037593258735554e+03,5.882352941176471e-01,32024783
8.042368832462051e+03,8.040604126579698e+03,5.882352941176471e-01,32024785
8.042944374227067e+03,8.039414962462361e+03,1.176470588235294e+00,32024784
8.046039004596075e+03,8.044274298713722e+03,5.882352941176471e-01,32024786
8.047667642493059e+03,8.045902936610706e+03,5.882352941176471e-01,32024788
8.048842924358739e+03,8.047078218476386e+03,5.882352941176471e-01,32024790
8.050607630241091e+03,8.046771271148655e+03,1.176470588235294e+00,32024789
8.052051632530657e+03,8.045299756328975e+03,1.764705882352941e+00,32024787
8.052961760140118e+03,8.047598876332149e+03,1.764705882352941e+00,32024791
8.056078925860136e+03,8.049607220302391e+03,1.764705882352941e+00,32024792
8.057345750177715e+03,8.050961986185063e+03,1.764705882352941e+00,32024794
8.057843631742489e+03,8.053885911457226e+03,1.176470588235294e+00,32024795
8.059156838089546e+03,8.056905419667246e+03,5.882352941176471e-01,32024798
8.059156838089546e+03,8.056556626968907e+03,5.882352941176471e-01,32024797
8.062686249854252e+03,8.055577359771466e+03,1.764705882352941e+00,32024796
8.063998579620681e+03,8.062060199449193e+03,5.882352941176471e-01,32024806
8.063998579620681e+03,8.060970875515243e+03,5.882352941176471e-01,32024805
8.064450955736605e+03,8.062684003738505e+03,5.882352941176471e-01,32024807
8.067754179443349e+03,8.057689640338642e+03,1.764705882352941e+00,32024800
8.067754179443349e+03,8.058660539972907e+03,1.764705882352941e+00,32024802
8.067754179443349e+03,8.059543581725073e+03,1.764705882352941e+00,32024803
8.069817041212929e+03,8.066323063092337e+03,5.882352941176471e-01,32024809
8.069817041212929e+03,8.066404713586939e+03,5.882352941176471e-01,32024810
8.071581747095282e+03,8.069334233967195e+03,5.882352941176471e-01,32024814
8.071581747095282e+03,8.068499569161417e+03,5.882352941176471e-01,32024813
8.071629796204961e+03,8.069865090322608e+03,5.882352941176471e-01,32024815
8.073346452977635e+03,8.070460437444691e+03,5.882352941176471e-01,32024816
8.073371694072192e+03,8.071606988189839e+03,5.882352941176471e-01,32024817
8.075085917765431e+03,8.065890443380031e+03,1.764705882352941e+00,32024808
8.084754086894497e+03,8.079459969247438e+03,1.764705882352941e+00,32024818
8.086534473192302e+03,8.084769767309949e+03,5.882352941176471e-01,32024823
8.088820061537958e+03,8.081856316146666e+03,1.764705882352941e+00,32024820
8.088820061537958e+03,8.081681840285879e+03,1.764705882352941e+00,32024819
8.090324326188659e+03,8.087991921379051e+03,5.882352941176471e-01,32024826
8.092850894852898e+03,8.082802239964951e+03,1.764705882352941e+00,32024821
8.092850894852898e+03,8.082817980453514e+03,1.764705882352941e+00,32024822
8.092850894852898e+03,8.085626386062750e+03,1.764705882352941e+00,32024824
8.094664790881320e+03,8.092900084998967e+03,5.882352941176471e-01,32024829
8.098161409215313e+03,8.094854485577948e+03,5.882352941176471e-01,32024831
8.098169607572991e+03,8.091237106326892e+03,1.764705882352941e+00,32024828
8.098169607572991e+03,8.091197420597162e+03,1.764705882352941e+00,32024827
8.099931580669451e+03,8.096455845511247e+03,5.882352941176471e-01,32024834
8.099931580669451e+03,8.096676499570732e+03,5.882352941176471e-01,32024835
8.099931580669451e+03,8.096844237530445e+03,5.882352941176471e-01,32024836
8.103174289838965e+03,8.101409583956612e+03,5.882352941176471e-01,32024837
8.103460992434157e+03,8.094221595962760e+03,1.764705882352941e+00,32024830
8.105082347018914e+03,8.102767077496109e+03,5.882352941176471e-01,32024840
8.106847052901267e+03,8.104077676920822e+03,5.882352941176471e-01,32024842
8.108051675412551e+03,8.105713273998787e+03,5.882352941176471e-01,32024844
8.108051675412551e+03,8.105712856772046e+03,5.882352941176471e-01,32024843
8.108927013660186e+03,8.102197474394423e+03,1.764705882352941e+00,32024838
8.110780313660574e+03,8.109015607778221e+03,5.882352941176471e-01,32024846
8.111581087177257e+03,8.103619861222663e+03,1.764705882352941e+00,32024841
8.113078868554049e+03,8.110523319292067e+03,5.882352941176471e-01,32024847
8.113078868554049e+03,8.110614746883368e+03,5.882352941176471e-01,32024848
8.113474756646254e+03,8.108180638999195e+03,1.764705882352941e+00,32024845
8.114937373881299e+03,8.111933099503432e+03,5.882352941176471e-01,32024851
8.114937373881299e+03,8.111884790551026e+03,5.882352941176471e-01,32024850
8.115239462528607e+03,8.113360266888739e+03,5.882352941176471e-01,32024853
8.116702079763652e+03,8.114450514101516e+03,5.882352941176471e-01,32024855
8.116702079763652e+03,8.113572807378919e+03,5.882352941176471e-01,32024854
8.117803015247097e+03,8.116038309364744e+03,5.882352941176471e-01,32024856
8.118466785646005e+03,8.116248263826181e+03,5.882352941176471e-01,32024858
8.118466785646005e+03,8.116185140283759e+03,5.882352941176471e-01,32024857
8.119899606328904e+03,8.117698495708110e+03,5.882352941176471e-01,32024860
8.120312030235023e+03,8.118547324352670e+03,5.882352941176471e-01,32024861
8.121664312211256e+03,8.118727487623170e+03,5.882352941176471e-01,32024862
8.122185602258387e+03,8.120420896376034e+03,5.882352941176471e-01,32024863
8.123429018093609e+03,8.117542662479976e+03,1.764705882352941e+00,32024859
8.125193723975962e+03,8.122376829145186e+03,5.882352941176471e-01,32024866
8.125715014023093e+03,8.123894118536479e+03,5.882352941176471e-01,32024867
8.126958429858315e+03,8.124682350422350e+03,5.882352941176471e-01,32024868
8.126958429858315e+03,8.120668889712151e+03,1.764705882352941e+00,32024864
8.128931630221792e+03,8.127166924339439e+03,5.882352941176471e-01,32024869
8.129244425787799e+03,8.122093814270987e+03,1.764705882352941e+00,32024865
8.130696336104145e+03,8.127790886869684e+03,5.882352941176471e-01,32024871
8.131782366375641e+03,8.130017660493288e+03,5.882352941176471e-01,32024872
8.132859118991698e+03,8.131094413109345e+03,5.882352941176471e-01,32024873
8.133028276394489e+03,8.127734158747430e+03,1.764705882352941e+00,32024870
8.133631837735953e+03,8.131867131853600e+03,5.882352941176471e-01,32024874
8.135904874133923e+03,8.134140168251570e+03,5.882352941176471e-01,32024875
8.138717895514257e+03,8.136953189631904e+03,5.882352941176471e-01,32024878
8.139598631771970e+03,8.137684559984173e+03,5.882352941176471e-01,32024879
8.142552939467806e+03,8.136069220007265e+03,1.764705882352941e+00,32024876
8.143517808123952e+03,8.139329159891943e+03,1.176470588235294e+00,32024881
8.145282514006305e+03,8.138019728217430e+03,1.764705882352941e+00,32024880
8.146082351232512e+03,8.144296214332553e+03,5.882352941176471e-01,32024886
8.147847057114865e+03,8.143414557169120e+03,1.176470588235294e+00,32024884
8.148977494786396e+03,8.140217985721629e+03,1.764705882352941e+00,32024882
8.150742200668749e+03,8.148588583579666e+03,5.882352941176471e-01,32024889
8.151088816121532e+03,8.147559404356826e+03,1.176470588235294e+00,32024888
8.151253487515703e+03,8.145613652037075e+03,1.764705882352941e+00,32024887
8.152680214277494e+03,8.150620480657250e+03,5.882352941176471e-01,32024891
8.152680214277494e+03,8.150487788758173e+03,5.882352941176471e-01,32024890
8.154557579866701e+03,8.151602718813142e+03,5.882352941176471e-01,32024894
8.154557579866701e+03,8.152073426320991e+03,5.882352941176471e-01,32024895
8.156322285749054e+03,8.151131064391872e+03,1.176470588235294e+00,32024892
8.158086991631407e+03,8.151310523226047e+03,1.764705882352941e+00,32024893
8.158397644395167e+03,8.154902229599307e+03,5.882352941176471e-01,32024897
8.160007023895640e+03,8.157993997615800e+03,5.882352941176471e-01,32024902
8.160007023895640e+03,8.156943591276575e+03,5.882352941176471e-01,32024901
8.160344810572207e+03,8.158580104689854e+03,5.882352941176471e-01,32024903
8.161849392968933e+03,8.154440570506942e+03,1.176470588235294e+00,32024896
8.163575267255816e+03,8.161491550546778e+03,5.882352941176471e-01,32024906
8.163614098851286e+03,8.154954639750461e+03,1.764705882352941e+00,32024898
8.165339973138169e+03,8.161997114050702e+03,5.882352941176471e-01,32024907
8.165359388935904e+03,8.160417788161232e+03,1.176470588235294e+00,32024905
8.167104679020522e+03,8.164596887822558e+03,5.882352941176471e-01,32024908
8.167124094818257e+03,8.158797357756508e+03,1.764705882352941e+00,32024904
8.167869917687225e+03,8.166105211804872e+03,5.882352941176471e-01,32024909
8.171650421731937e+03,8.169885715849584e+03,5.882352941176471e-01,32024910
8.171687039584568e+03,8.169922333702215e+03,5.882352941176471e-01,32024911
8.173415127614290e+03,8.171455069992055e+03,5.882352941176471e-01,32024913
8.173451745466921e+03,8.171676230980860e+03,5.882352941176471e-01,32024914
8.175307875214593e+03,8.170013757567534e+03,1.764705882352941e+00,32024912
8.176035268953250e+03,8.174270563070897e+03,5.882352941176471e-01,32024916
8.178709245261349e+03,8.172169314929399e+03,1.764705882352941e+00,32024915
8.178863502266763e+03,8.177098796384410e+03,5.882352941176471e-01,32024918
8.179673035058888e+03,8.176143623294182e+03,1.176470588235294e+00,32024917
8.180555817286619e+03,8.178791111404266e+03,5.882352941176471e-01,32024919
8.180794498373227e+03,8.179029792490874e+03,5.882352941176471e-01,32024920
8.182010974548901e+03,8.180246268666548e+03,5.882352941176471e-01,32024921
8.182626555651332e+03,8.180861849768979e+03,5.882352941176471e-01,32024923
8.183822097967394e+03,8.181375784407872e+03,5.882352941176471e-01,32024924
8.187351509732100e+03,8.180614833830590e+03,1.764705882352941e+00,32024922
8.187797165329197e+03,8.182303342531107e+03,1.764705882352941e+00,32024927
8.187797165329197e+03,8.182103809621182e+03,1.764705882352941e+00,32024926
8.189344634507837e+03,8.185465871402301e+03,5.882352941176471e-01,32024928
8.190282440766254e+03,8.188517734883901e+03,5.882352941176471e-01,32024933
8.191109340390190e+03,8.188883724109467e+03,5.882352941176471e-01,32024934
8.191326577093902e+03,8.187656068256612e+03,1.176470588235294e+00,32024932
8.193406566324793e+03,8.191641860442440e+03,5.882352941176471e-01,32024935
8.197676484573360e+03,8.195911778691007e+03,5.882352941176471e-01,32024937
8.199628323226306e+03,8.197863617343953e+03,5.882352941176471e-01,32024938
8.200049198300318e+03,8.194755080653259e+03,1.764705882352941e+00,32024936
8.203281290323305e+03,8.197987172676246e+03,1.764705882352941e+00,32024939
8.203347826639451e+03,8.201583120757098e+03,5.882352941176471e-01,32024940
8.203550947853613e+03,8.201786241971261e+03,5.882352941176471e-01,32024941
8.207027357334597e+03,8.205262651452244e+03,5.882352941176471e-01,32024944
8.208575407970364e+03,8.203153298087197e+03,1.764705882352941e+00,32024942
8.210526902998441e+03,8.208762197116088e+03,5.882352941176471e-01,32024947
8.210556769099303e+03,8.204921085809708e+03,1.764705882352941e+00,32024943
8.212042364537095e+03,8.206398086227464e+03,1.764705882352941e+00,32024945
8.219246209777469e+03,8.217481503895116e+03,5.882352941176471e-01,32024948
8.220367060585780e+03,8.218602354703427e+03,5.882352941176471e-01,32024950
8.223281380619402e+03,8.217987262972343e+03,1.764705882352941e+00,32024949
8.224778978372574e+03,8.221440420170333e+03,5.882352941176471e-01,32024953
8.226543684254927e+03,8.222656944938780e+03,1.176470588235294e+00,32024954
8.227559591260694e+03,8.221265081829174e+03,1.764705882352941e+00,32024952
8.227559591260694e+03,8.221234051386563e+03,1.764705882352941e+00,32024951
8.228308390137280e+03,8.225908085017920e+03,5.882352941176471e-01,32024955
8.230784921724586e+03,8.229020215842233e+03,5.882352941176471e-01,32024956
8.232031480691657e+03,8.230266774809304e+03,5.882352941176471e-01,32024958
8.232549627606939e+03,8.230522539625832e+03,5.882352941176471e-01,32024959
8.234426948711381e+03,8.229132831064322e+03,1.764705882352941e+00,32024957
8.236606813593039e+03,8.234842107710686e+03,5.882352941176471e-01,32024962
8.238087588685037e+03,8.232793471037978e+03,1.764705882352941e+00,32024960
8.238329592514353e+03,8.234371149336281e+03,1.176470588235294e+00,32024961
8.240095240544268e+03,8.238330534661915e+03,5.882352941176471e-01,32024967
8.241567691427844e+03,8.236177782179673e+03,1.176470588235294e+00,32024963
8.243333339457759e+03,8.238937062376777e+03,1.176470588235294e+00,32024968
8.244360877750762e+03,8.236905502529223e+03,1.764705882352941e+00,32024965
8.244360877750762e+03,8.236894862731816e+03,1.764705882352941e+00,32024964
8.246125583633115e+03,8.244165278931167e+03,5.882352941176471e-01,32024970
8.247583083022696e+03,8.245303465311227e+03,5.882352941176471e-01,32024973
8.247583083022696e+03,8.245089873417943e+03,5.882352941176471e-01,32024972
8.249347788905049e+03,8.247536750491846e+03,5.882352941176471e-01,32024976
8.249347788905049e+03,8.246983049319551e+03,5.882352941176471e-01,32024975
8.251112494787402e+03,8.248679585269546e+03,5.882352941176471e-01,32024978
8.251687361651305e+03,8.249681822255573e+03,5.882352941176471e-01,32024979
8.252910387159451e+03,8.243746464765218e+03,1.764705882352941e+00,32024969
8.254658499796956e+03,8.246393244004246e+03,1.764705882352941e+00,32024974
8.254687309893380e+03,8.252922604011027e+03,5.882352941176471e-01,32024980
8.255352553714138e+03,8.253587847831785e+03,5.882352941176471e-01,32024981
8.256423205679309e+03,8.253853963579253e+03,5.882352941176471e-01,32024982
8.256761902049110e+03,8.254997196166757e+03,5.882352941176471e-01,32024983
8.260385504243212e+03,8.258620798360859e+03,5.882352941176471e-01,32024985
8.261165880382066e+03,8.259401174499713e+03,5.882352941176471e-01,32024986
8.262150210125565e+03,8.259450408717698e+03,5.882352941176471e-01,32024987
8.262268944634108e+03,8.256974826987049e+03,1.764705882352941e+00,32024984
8.263974283262189e+03,8.262011601498271e+03,5.882352941176471e-01,32024991
8.263974283262189e+03,8.261204309955828e+03,5.882352941176471e-01,32024990
8.265738989144542e+03,8.263950720085090e+03,5.882352941176471e-01,32024992
8.265858510017478e+03,8.264093804135125e+03,5.882352941176471e-01,32024993
8.266479212816006e+03,8.261006602512074e+03,1.764705882352941e+00,32024988
8.267563455463363e+03,8.265393703086526e+03,5.882352941176471e-01,32024995
8.268786040022038e+03,8.266283663967191e+03,5.882352941176471e-01,32024997
8.268786040022038e+03,8.266205026001838e+03,5.882352941176471e-01,32024996
8.270821806566230e+03,8.268072170476580e+03,5.882352941176471e-01,32024999
8.271092867228069e+03,8.265110285421693e+03,1.764705882352941e+00,32024994
8.272586512448583e+03,8.269618337823660e+03,5.882352941176471e-01,32025002
8.274441571884882e+03,8.271525688164380e+03,5.882352941176471e-01,32025005
8.274622278992775e+03,8.267919899187264e+03,1.764705882352941e+00,32024998
8.277930942887600e+03,8.276166237005247e+03,5.882352941176471e-01,32025007
8.277970983649588e+03,8.271355100019855e+03,1.764705882352941e+00,32025004
8.277970983649588e+03,8.270573017336604e+03,1.764705882352941e+00,32025003
8.279727681379543e+03,8.276850710638251e+03,5.882352941176471e-01,32025009
8.281492387261896e+03,8.279018052998105e+03,5.882352941176471e-01,32025013
8.283257093144249e+03,8.277435430110067e+03,1.764705882352941e+00,32025010
8.283257093144249e+03,8.276511282038449e+03,1.764705882352941e+00,32025008
8.283742366000145e+03,8.280687533957260e+03,5.882352941176471e-01,32025014
8.285021799026602e+03,8.282220296545739e+03,5.882352941176471e-01,32025017
8.285842131287792e+03,8.284077425405439e+03,5.882352941176471e-01,32025018
8.286523042417082e+03,8.284758336534729e+03,5.882352941176471e-01,32025019
8.288060777923005e+03,8.285432615546300e+03,5.882352941176471e-01,32025022
8.288060777923005e+03,8.285192847806474e+03,5.882352941176471e-01,32025021
8.289968423304361e+03,8.288203717422008e+03,5.882352941176471e-01,32025025
8.290315916673661e+03,8.284964098534973e+03,1.764705882352941e+00,32025020
8.292163614452327e+03,8.290398908569974e+03,5.882352941176471e-01,32025028
8.293426365319565e+03,8.290543741380483e+03,5.882352941176471e-01,32025029
8.294193754496561e+03,8.292429048614208e+03,5.882352941176471e-01,32025030
8.295108079305605e+03,8.287583629690764e+03,1.764705882352941e+00,32025024
8.295191071201918e+03,8.292551248161258e+03,5.882352941176471e-01,32025031
8.296382074265039e+03,8.293689294794697e+03,5.882352941176471e-01,32025032
8.298146780147392e+03,8.295823423973527e+03,5.882352941176471e-01,32025036
8.298637491070311e+03,8.296596785686955e+03,5.882352941176471e-01,32025037
8.299183267417244e+03,8.289434382698377e+03,1.176470588235294e+00,32025027
8.299183267417244e+03,8.289237167412075e+03,1.176470588235294e+00,32025026
8.302315904577048e+03,8.298786492812342e+03,1.176470588235294e+00,32025038
8.302638178310934e+03,8.295166443407169e+03,1.764705882352941e+00,32025035
8.302638178310934e+03,8.295040982268811e+03,1.764705882352941e+00,32025034
8.304241747326344e+03,8.302070247441713e+03,5.882352941176471e-01,32025040
8.306006453208697e+03,8.302047594063835e+03,1.176470588235294e+00,32025039
8.308141079101447e+03,8.306376373219094e+03,5.882352941176471e-01,32025041
8.308617779200625e+03,8.306853073318272e+03,5.882352941176471e-01,32025043
8.310129370818491e+03,8.308018125785004e+03,5.882352941176471e-01,32025045
8.310129370818491e+03,8.307072899574111e+03,5.882352941176471e-01,32025044
8.311894076700844e+03,8.309916290582726e+03,5.882352941176471e-01,32025047
8.312147190965331e+03,8.306823544888476e+03,1.764705882352941e+00,32025042
8.313737388497222e+03,8.310411212078004e+03,5.882352941176471e-01,32025049
8.313737388497222e+03,8.310329460772659e+03,5.882352941176471e-01,32025048
8.315502094379575e+03,8.312766613395803e+03,5.882352941176471e-01,32025052
8.317375190161031e+03,8.309761023194433e+03,1.764705882352941e+00,32025046
8.319031506144281e+03,8.312129894442919e+03,1.764705882352941e+00,32025051
8.319097624595640e+03,8.313803506948581e+03,1.764705882352941e+00,32025053
8.321780952648340e+03,8.320016246765987e+03,5.882352941176471e-01,32025055
8.322033878296069e+03,8.320269172413716e+03,5.882352941176471e-01,32025056
8.322926167183100e+03,8.320349430353956e+03,5.882352941176471e-01,32025057
8.323545658530693e+03,8.321350110587116e+03,5.882352941176471e-01,32025059
8.324854299437115e+03,8.322698798679844e+03,5.882352941176471e-01,32025060
8.325436827236910e+03,8.323253019926423e+03,5.882352941176471e-01,32025062
8.325563290060775e+03,8.319208106132026e+03,1.764705882352941e+00,32025054
8.330425361269813e+03,8.325131243622754e+03,1.764705882352941e+00,32025064
8.331331201710159e+03,8.328696678176869e+03,5.882352941176471e-01,32025067
8.332063991448226e+03,8.329670359701959e+03,5.882352941176471e-01,32025070
8.332408449552357e+03,8.330643743670004e+03,5.882352941176471e-01,32025071
8.335117817143803e+03,8.328534579683520e+03,1.764705882352941e+00,32025066
8.335117817143803e+03,8.327594062197147e+03,1.764705882352941e+00,32025065
8.335937861317063e+03,8.332694501628232e+03,5.882352941176471e-01,32025073
8.338647228908509e+03,8.336328850046355e+03,5.882352941176470e-01,32025076
8.338647228908509e+03,8.332204815748658e+03,1.764705882352941e+00,32025072
8.339662772508237e+03,8.334576757011599e+03,1.176470588235294e+00,32025074
8.340411934790861e+03,8.338093566052353e+03,5.882352941176471e-01,32025077
8.342637722304158e+03,8.339108310539452e+03,1.176470588235294e+00,32025078
8.344744886473120e+03,8.342980180590767e+03,5.882352941176471e-01,32025080
8.344747145761561e+03,8.342982439879208e+03,5.882352941176471e-01,32025081
8.345707660106619e+03,8.342178248341913e+03,1.176470588235294e+00,32025079
8.346509592355473e+03,8.344382962529392e+03,5.882352941176471e-01,32025082
8.347763131450262e+03,8.345998425567909e+03,5.882352941176471e-01,32025083
8.349052964519048e+03,8.347288258636695e+03,5.882352941176471e-01,32025084
8.352727175582827e+03,8.350962469700474e+03,5.882352941176471e-01,32025086
8.353652844292886e+03,8.350123432528180e+03,1.176470588235294e+00,32025085
8.356257576067414e+03,8.354492870185061e+03,5.882352941176471e-01,32025087
8.360657561386606e+03,8.358892855504253e+03,5.882352941176471e-01,32025088
8.361760102336073e+03,8.359995396453720e+03,5.882352941176471e-01,32025089
8.363397175731741e+03,8.361632469849388e+03,5.882352941176471e-01,32025090
8.365844488731406e+03,8.364079782849053e+03,5.882352941176471e-01,32025091
8.365964610993460e+03,8.364199905111108e+03,5.882352941176471e-01,32025092
8.366905033121711e+03,8.365140327239358e+03,5.882352941176471e-01,32025093
8.367609194613759e+03,8.365541238563388e+03,5.882352941176471e-01,32025094
8.367887204237447e+03,8.366122498355094e+03,5.882352941176471e-01,32025095
8.369139179998763e+03,8.366829150215221e+03,5.882352941176471e-01,32025097
8.369139179998763e+03,8.366781110047497e+03,5.882352941176471e-01,32025096
8.372473646711543e+03,8.370708940829190e+03,5.882352941176471e-01,32025100
8.375818927583267e+03,8.370524809936209e+03,1.764705882352941e+00,32025099
8.376155186899767e+03,8.370861069252708e+03,1.764705882352941e+00,32025101
8.377915765598755e+03,8.376151059716402e+03,5.882352941176471e-01,32025102
8.378278568266655e+03,8.376513862384302e+03,5.882352941176471e-01,32025103
8.378936182954154e+03,8.377171477071801e+03,5.882352941176471e-01,32025104
8.379680471481107e+03,8.377218138545107e+03,5.882352941176471e-01,32025105
8.380043274149008e+03,8.378102473754267e+03,5.882352941176471e-01,32025106
8.380700888836507e+03,8.378560095190657e+03,5.882352941176471e-01,32025107
8.383809034734797e+03,8.380279622970091e+03,1.176470588235294e+00,32025108
8.384606667316718e+03,8.382841961434365e+03,5.882352941176471e-01,32025110
8.386997448613442e+03,8.385232742731089e+03,5.882352941176471e-01,32025112
8.387331404500291e+03,8.382037286853232e+03,1.764705882352941e+00,32025109
8.388032282688117e+03,8.385851572816052e+03,5.882352941176471e-01,32025113
8.389796988570470e+03,8.387813733642140e+03,5.882352941176471e-01,32025115
8.390526860378148e+03,8.384502870923411e+03,1.764705882352941e+00,32025111
8.392962349895132e+03,8.387668232248074e+03,1.764705882352941e+00,32025114
8.394297284673688e+03,8.392532578791335e+03,5.882352941176471e-01,32025117
8.394920485995766e+03,8.393155780113413e+03,5.882352941176471e-01,32025118
8.397225982243260e+03,8.391931864596201e+03,1.764705882352941e+00,32025116
8.398709270462610e+03,8.396944564580257e+03,5.882352941176471e-01,32025120
8.399719950836306e+03,8.397955244953953e+03,5.882352941176471e-01,32025121
8.400473976344963e+03,8.398003490834963e+03,5.882352941176471e-01,32025122
8.401092972768306e+03,8.395798855121247e+03,1.764705882352941e+00,32025119
8.401484656718659e+03,8.399650359808384e+03,5.882352941176471e-01,32025123
8.403930734012910e+03,8.402166028130557e+03,5.882352941176471e-01,32025126
8.404426980382343e+03,8.402662274499990e+03,5.882352941176471e-01,32025127
8.406191686264696e+03,8.404322208319608e+03,5.882352941176471e-01,32025128
8.406758325835872e+03,8.400813928301418e+03,1.764705882352941e+00,32025124
8.407460145777616e+03,8.401547848505033e+03,1.764705882352941e+00,32025125
8.408131761673037e+03,8.406367055790684e+03,5.882352941176471e-01,32025129
8.408523031718225e+03,8.406738175231914e+03,5.882352941176471e-01,32025130
8.409896467555390e+03,8.407793886731314e+03,5.882352941176471e-01,32025132
8.410989557542322e+03,8.407044194392772e+03,1.176470588235294e+00,32025131
8.411574688199401e+03,8.409809982317048e+03,5.882352941176471e-01,32025133
8.411831352427513e+03,8.410066646545160e+03,5.882352941176471e-01,32025134
8.413339394081754e+03,8.411290786710631e+03,5.882352941176471e-01,32025136
8.414745205143356e+03,8.412980499261003e+03,5.882352941176471e-01,32025137
8.415302394801337e+03,8.413537688918984e+03,5.882352941176471e-01,32025138
8.416283675189381e+03,8.410965914032480e+03,1.764705882352941e+00,32025135
8.418298216974125e+03,8.416533511091772e+03,5.882352941176471e-01,32025140
8.420522188920973e+03,8.418757483038620e+03,5.882352941176471e-01,32025141
8.420852452966054e+03,8.419087747083701e+03,5.882352941176471e-01,32025142
8.421275787931966e+03,8.415981670284907e+03,1.764705882352941e+00,32025139
8.422475201271034e+03,8.420710495388681e+03,5.882352941176471e-01,32025143
8.424239907153387e+03,8.421913491772185e+03,5.882352941176471e-01,32025146
8.426004613035740e+03,8.423962470101378e+03,5.882352941176471e-01,32025147
8.426303102239462e+03,8.421008984592403e+03,1.764705882352941e+00,32025144
8.426899650922305e+03,8.421605533275246e+03,1.764705882352941e+00,32025145
8.431298730682798e+03,8.424789334217999e+03,1.764705882352941e+00,32025148
8.431455241756181e+03,8.429309162196001e+03,5.882352941176471e-01,32025151
8.433643486931507e+03,8.430039524589369e+03,1.176470588235294e+00,32025152
8.434906397984196e+03,8.428349369284448e+03,1.764705882352941e+00,32025150
8.434906397984196e+03,8.427925829991475e+03,1.764705882352941e+00,32025149
8.436671103866549e+03,8.434545457681840e+03,5.882352941176471e-01,32025154
8.438982039648493e+03,8.433687922001434e+03,1.764705882352941e+00,32025153
8.440200515631255e+03,8.437616249864656e+03,5.882352941176471e-01,32025157
8.440631691791456e+03,8.435337574144397e+03,1.764705882352941e+00,32025155
8.442511451413199e+03,8.436125906096031e+03,1.764705882352941e+00,32025156
8.443022078478145e+03,8.441257372595792e+03,5.882352941176471e-01,32025158
8.443398136243051e+03,8.441633430360698e+03,5.882352941176471e-01,32025159
8.447885495805166e+03,8.441917884536313e+03,1.764705882352941e+00,32025160
8.448316196125204e+03,8.442671304903016e+03,1.764705882352941e+00,32025162
8.449920709919267e+03,8.448090969636305e+03,5.882352941176471e-01,32025167
8.451517644485441e+03,8.448747399024257e+03,5.882352941176471e-01,32025168
8.451732682592484e+03,8.444513666974782e+03,1.764705882352941e+00,32025163
8.453473755079405e+03,8.446391298154561e+03,1.764705882352941e+00,32025164
8.454786757868514e+03,8.453022051986161e+03,5.882352941176471e-01,32025169
8.455173175269805e+03,8.453408469387453e+03,5.882352941176471e-01,32025170
8.456575820112373e+03,8.454811114230020e+03,5.882352941176471e-01,32025171
8.457371131132578e+03,8.455606425250225e+03,5.882352941176471e-01,32025172
8.460242723176788e+03,8.458478017294435e+03,5.882352941176471e-01,32025174
8.460306322671827e+03,8.458541616789474e+03,5.882352941176471e-01,32025175
8.463583615766772e+03,8.458289498119713e+03,1.764705882352941e+00,32025173
8.463995711611892e+03,8.462231005729539e+03,5.882352941176471e-01,32025176
8.465348321649125e+03,8.463086598086717e+03,5.882352941176471e-01,32025178
8.466126476369318e+03,8.462597064604612e+03,1.176470588235294e+00,32025177
8.467198925530312e+03,8.465434219647959e+03,5.882352941176471e-01,32025180
8.467525123376598e+03,8.465733354686745e+03,5.882352941176471e-01,32025181
8.469552328116699e+03,8.467787622234346e+03,5.882352941176471e-01,32025182
8.469655888134024e+03,8.463825252362601e+03,1.764705882352941e+00,32025179
8.471334226432515e+03,8.469569520550162e+03,5.882352941176471e-01,32025183
8.473599873880071e+03,8.471835167997718e+03,5.882352941176471e-01,32025184
8.474634920923131e+03,8.472870215040778e+03,5.882352941176471e-01,32025185
8.475171149554875e+03,8.473406443672522e+03,5.882352941176471e-01,32025186
8.479764169571346e+03,8.476234757806640e+03,1.176470588235294e+00,32025188
8.481336978623972e+03,8.476042860976913e+03,1.764705882352941e+00,32025187
8.482006242315956e+03,8.476712124668897e+03,1.764705882352941e+00,32025189
8.483101684506325e+03,8.481059331085567e+03,5.882352941176471e-01,32025191
8.484866390388678e+03,8.482806405790897e+03,5.882352941176471e-01,32025193
8.485058287218405e+03,8.478792672545381e+03,1.764705882352941e+00,32025190
8.486002192196490e+03,8.483906060924496e+03,5.882352941176471e-01,32025194
8.488395802153384e+03,8.482472780431784e+03,1.764705882352941e+00,32025192
8.489447035902594e+03,8.487682330020241e+03,5.882352941176471e-01,32025196
8.490404640293402e+03,8.487739212721891e+03,5.882352941176471e-01,32025197
8.490648772551068e+03,8.485354654904009e+03,1.764705882352941e+00,32025195
8.491211741784947e+03,8.489336902468157e+03,5.882352941176471e-01,32025199
8.492291412304588e+03,8.489746089683778e+03,5.882352941176471e-01,32025201
8.492291412304588e+03,8.489584840810546e+03,5.882352941176471e-01,32025200
8.494869358613341e+03,8.493104652730988e+03,5.882352941176471e-01,32025202
8.496742198510151e+03,8.494977492627798e+03,5.882352941176471e-01,32025203
8.496896775500251e+03,8.495132069617898e+03,5.882352941176471e-01,32025205
8.498506904392504e+03,8.496069539924051e+03,5.882352941176471e-01,32025206
8.498649468769937e+03,8.495120057005231e+03,1.176470588235294e+00,32025204
8.501307265509958e+03,8.499542559627605e+03,5.882352941176471e-01,32025207
8.505139415487780e+03,8.499845297840721e+03,1.764705882352941e+00,32025208
8.505985767290108e+03,8.500691649643049e+03,1.764705882352941e+00,32025209
8.506904121370133e+03,8.504225775943772e+03,5.882352941176471e-01,32025211
8.508159757701318e+03,8.506395051818965e+03,5.882352941176471e-01,32025212
8.508911593612828e+03,8.503617475965769e+03,1.764705882352941e+00,32025210
8.509924463583671e+03,8.507013476085874e+03,5.882352941176471e-01,32025214
8.512441005377534e+03,8.506481350926017e+03,1.764705882352941e+00,32025213
8.515571534975988e+03,8.513383651548021e+03,5.882352941176471e-01,32025222
8.516598847922565e+03,8.508556274187927e+03,1.764705882352941e+00,32025215
8.518721313189479e+03,8.511101813155292e+03,1.176470588235294e+00,32025220
8.520486019071832e+03,8.510474255268276e+03,1.764705882352941e+00,32025219
8.520627962109696e+03,8.515147813952643e+03,1.176470588235294e+00,32025224
8.522250724954185e+03,8.520109194341245e+03,5.882352941176471e-01,32025231
8.522583643979649e+03,8.520496596336769e+03,5.882352941176471e-01,32025232
8.523852477798599e+03,8.521080199277105e+03,5.882352941176471e-01,32025235
8.525693442268397e+03,8.522975527989964e+03,5.882352941176471e-01,32025239
8.526308997749512e+03,8.524081253560932e+03,5.882352941176471e-01,32025242
8.528073703631865e+03,8.526129793005112e+03,5.882352941176471e-01,32025243
8.529484664475132e+03,8.519163801614980e+03,1.764705882352941e+00,32025227
8.529484664475132e+03,8.517896350925981e+03,1.764705882352941e+00,32025226
8.531083361567538e+03,8.529318655685185e+03,5.882352941176471e-01,32025244
8.531566969794584e+03,8.529802263912231e+03,5.882352941176471e-01,32025245
8.531969315990563e+03,8.530204610108211e+03,5.882352941176471e-01,32025246
8.536377479214597e+03,8.530725055288003e+03,1.764705882352941e+00,32025247
8.537473547295532e+03,8.535085101112064e+03,5.882352941176471e-01,32025250
8.538690219137417e+03,8.536064347231406e+03,5.882352941176471e-01,32025254
8.538690219137417e+03,8.535744906131461e+03,5.882352941176471e-01,32025253
8.539492885612904e+03,8.537728179730551e+03,5.882352941176471e-01,32025255
8.540637603033259e+03,8.533960831967842e+03,1.176470588235294e+00,32025249
8.542402308915612e+03,8.535338149238785e+03,1.764705882352941e+00,32025251
8.542402308915612e+03,8.533910742656793e+03,1.764705882352941e+00,32025248
8.542639024793613e+03,8.540191765885215e+03,5.882352941176471e-01,32025256
8.544245920090632e+03,8.542311007356533e+03,5.882352941176471e-01,32025260
8.546010625972985e+03,8.541111034789261e+03,1.176470588235294e+00,32025258
8.547775331855338e+03,8.545059157414158e+03,5.882352941176470e-01,32025262
8.547775331855338e+03,8.541708712123798e+03,1.764705882352941e+00,32025259
8.549861450330978e+03,8.548096744448625e+03,5.882352941176471e-01,32025263
8.550052120094054e+03,8.544758002446995e+03,1.764705882352941e+00,32025261
8.553101982527227e+03,8.551337276644874e+03,5.882352941176471e-01,32025266
8.553426415022598e+03,8.548132297375539e+03,1.764705882352941e+00,32025264
8.554866688409580e+03,8.552430640118366e+03,5.882352941176471e-01,32025268
8.555709166497628e+03,8.553495096955859e+03,5.882352941176471e-01,32025269
8.556684069461660e+03,8.554919363579307e+03,5.882352941176471e-01,32025270
8.556853330483456e+03,8.550312552546722e+03,1.764705882352941e+00,32025265
8.559185903092607e+03,8.552179754732922e+03,1.764705882352941e+00,32025267
8.559760518211830e+03,8.557995812329477e+03,5.882352941176471e-01,32025272
8.560851625060363e+03,8.558175844288351e+03,5.882352941176471e-01,32025274
8.562616330942716e+03,8.558060035564941e+03,1.176470588235294e+00,32025273
8.563289929976536e+03,8.557124245466463e+03,1.764705882352941e+00,32025271
8.564381036825069e+03,8.562168779785868e+03,5.882352941176471e-01,32025277
8.564971796886830e+03,8.563207091004477e+03,5.882352941176471e-01,32025278
8.566808174626624e+03,8.561431218007506e+03,1.764705882352941e+00,32025276
8.569675154472128e+03,8.563895767294986e+03,1.764705882352941e+00,32025279
8.569746604937074e+03,8.567981899054721e+03,5.882352941176471e-01,32025281
8.570265914533889e+03,8.564514760618046e+03,1.764705882352941e+00,32025280
8.571439860354481e+03,8.568596289497079e+03,5.882352941176471e-01,32025282
8.573765173059413e+03,8.571637492234768e+03,5.882352941176471e-01,32025287
8.573953306766130e+03,8.572022309022963e+03,5.882352941176471e-01,32025288
8.575375948647621e+03,8.570423895001425e+03,1.176470588235294e+00,32025284
8.575375948647621e+03,8.570235761294707e+03,1.176470588235294e+00,32025283
8.575741568590318e+03,8.573976862707965e+03,5.882352941176471e-01,32025289
8.580506422280232e+03,8.578741716397879e+03,5.882352941176471e-01,32025292
8.580670066294680e+03,8.573993779970494e+03,1.764705882352941e+00,32025290
8.582271128162585e+03,8.579741789416550e+03,5.882352941176471e-01,32025293
8.582434772177032e+03,8.580617575151300e+03,5.882352941176471e-01,32025294
8.582456424391810e+03,8.577162306744752e+03,1.764705882352941e+00,32025291
8.584635754192655e+03,8.582871048310302e+03,5.882352941176471e-01,32025297
8.586112901211198e+03,8.583436839127551e+03,5.882352941176471e-01,32025298
8.586460236380231e+03,8.584695530497878e+03,5.882352941176471e-01,32025299
8.588224942262584e+03,8.586200204529368e+03,5.882352941176471e-01,32025300
8.588862356920896e+03,8.582848059524052e+03,1.764705882352941e+00,32025296
8.588862356920896e+03,8.582583489446493e+03,1.764705882352941e+00,32025295
8.590130207698941e+03,8.586934285466093e+03,5.882352941176471e-01,32025301
8.590977109597548e+03,8.589212403715195e+03,5.882352941176471e-01,32025304
8.592460913118972e+03,8.590696207236619e+03,5.882352941176471e-01,32025306
8.593942619232486e+03,8.591503943166662e+03,5.882352941176471e-01,32025308
8.593942619232486e+03,8.591109490897446e+03,5.882352941176471e-01,32025307
8.594437376928884e+03,8.588506061370592e+03,1.764705882352941e+00,32025303
8.595707325114839e+03,8.593774725939882e+03,5.882352941176471e-01,32025309
8.596202082811237e+03,8.594174144306183e+03,5.882352941176471e-01,32025310
8.597472030997192e+03,8.589526134232468e+03,1.764705882352941e+00,32025305
8.599348700076895e+03,8.597583994194542e+03,5.882352941176471e-01,32025312
8.600609784653770e+03,8.598845078771417e+03,5.882352941176471e-01,32025313
8.602157482162477e+03,8.596863364515418e+03,1.764705882352941e+00,32025311
8.604881794692019e+03,8.603117088809666e+03,5.882352941176471e-01,32025317
8.605164855825568e+03,8.599114367608344e+03,1.764705882352941e+00,32025314
8.606324348273980e+03,8.601030230626921e+03,1.764705882352941e+00,32025316
8.607573475455442e+03,8.605808769573089e+03,5.882352941176471e-01,32025319
8.608089054156333e+03,8.606204464741986e+03,5.882352941176471e-01,32025320
8.609338181337795e+03,8.607378671076345e+03,5.882352941176471e-01,32025321
8.610306335359925e+03,8.608541629477572e+03,5.882352941176471e-01,32025322
8.610570549476400e+03,8.605276431829341e+03,1.764705882352941e+00,32025318
8.612835754345319e+03,8.611071048462966e+03,5.882352941176471e-01,32025325
8.613721748411253e+03,8.611681155010843e+03,5.882352941176471e-01,32025327
8.613721748411253e+03,8.611566271545675e+03,5.882352941176471e-01,32025326
8.615486454293606e+03,8.613292353146308e+03,5.882352941176471e-01,32025330
8.617251160175959e+03,8.615333590066619e+03,5.882352941176471e-01,32025331
8.617804665784416e+03,8.610284489325011e+03,1.764705882352941e+00,32025324
8.617804665784416e+03,8.610078337933170e+03,1.764705882352941e+00,32025323
8.619015866058312e+03,8.615580068525148e+03,5.882352941176471e-01,32025332
8.621334077549122e+03,8.612127017350073e+03,1.764705882352941e+00,32025328
8.623622207981270e+03,8.621857502098917e+03,5.882352941176471e-01,32025334
8.624525905600430e+03,8.620996493835725e+03,1.176470588235294e+00,32025333
8.627975091665840e+03,8.626210385783488e+03,5.882352941176471e-01,32025336
8.628253437876441e+03,8.626488731994088e+03,5.882352941176471e-01,32025337
8.629249211019485e+03,8.623955093372427e+03,1.764705882352941e+00,32025335
8.631013916901838e+03,8.628911249036158e+03,5.882352941176471e-01,32025340
8.631504503430546e+03,8.627519041267315e+03,1.176470588235294e+00,32025338
8.634145618276618e+03,8.628851500629559e+03,1.764705882352941e+00,32025339
8.637107303267520e+03,8.631813185620461e+03,1.764705882352941e+00,32025341
8.637145510532566e+03,8.631851392885507e+03,1.764705882352941e+00,32025342
8.638434123589137e+03,8.634802694517339e+03,5.882352941176471e-01,32025344
8.638872009149873e+03,8.636904172261027e+03,5.882352941176471e-01,32025347
8.640198829471490e+03,8.637522719787353e+03,5.882352941176471e-01,32025349
8.640598816908648e+03,8.634435202715946e+03,1.176470588235294e+00,32025343
8.640712820420850e+03,8.637183408656144e+03,1.176470588235294e+00,32025348
8.642163529072422e+03,8.640039083107274e+03,5.882352941176471e-01,32025351
8.643928234954775e+03,8.639189537116849e+03,1.176470588235294e+00,32025350
8.645692940837128e+03,8.643240802834959e+03,5.882352941176471e-01,32025354
8.646944599962975e+03,8.644187584185920e+03,5.882352941176471e-01,32025356
8.647457646719481e+03,8.645479505380377e+03,5.882352941176471e-01,32025358
8.649313101930632e+03,8.642254278401220e+03,1.764705882352941e+00,32025352
8.650730535105934e+03,8.644057079398177e+03,1.764705882352941e+00,32025355
8.650730535105934e+03,8.643115576898514e+03,1.764705882352941e+00,32025353
8.652022763263186e+03,8.648744815285736e+03,5.882352941176471e-01,32025359
8.652022763263186e+03,8.648905499285689e+03,5.882352941176471e-01,32025361
8.653787469145539e+03,8.651100011901807e+03,5.882352941176471e-01,32025362
8.655552175027892e+03,8.648823983018345e+03,1.764705882352941e+00,32025360
8.657362043182246e+03,8.655177385444715e+03,5.882352941176471e-01,32025366
8.657362043182246e+03,8.655090209939827e+03,5.882352941176471e-01,32025365
8.658400294048242e+03,8.654144427267178e+03,1.176470588235294e+00,32025364
8.659935319331551e+03,8.658170613449198e+03,5.882352941176471e-01,32025367
8.660164999930595e+03,8.653877793689542e+03,1.764705882352941e+00,32025363
8.660913108012049e+03,8.659148402129696e+03,5.882352941176471e-01,32025368
8.666570770678488e+03,8.660670973070720e+03,1.764705882352941e+00,32025369
8.667241645651780e+03,8.661380585062035e+03,1.764705882352941e+00,32025371
8.667241645651780e+03,8.661355445025764e+03,1.764705882352941e+00,32025370
8.670771057416485e+03,8.662514470947407e+03,1.764705882352941e+00,32025372
8.671864888325547e+03,8.665489996046551e+03,1.764705882352941e+00,32025373
8.672740812367208e+03,8.670976106484855e+03,5.882352941176471e-01,32025375
8.675133180057449e+03,8.669839062410390e+03,1.764705882352941e+00,32025374
8.675135218139799e+03,8.673370512257446e+03,5.882352941176471e-01,32025377
8.676630099441203e+03,8.673744639946347e+03,5.882352941176471e-01,32025378
8.676899924022152e+03,8.672565114679298e+03,1.176470588235294e+00,32025376
8.678394805323555e+03,8.676242664554896e+03,5.882352941176471e-01,32025381
8.678798618248880e+03,8.677033912366527e+03,5.882352941176471e-01,32025382
8.680159511205908e+03,8.673924938231209e+03,1.764705882352941e+00,32025379
8.680724347784485e+03,8.678959641902133e+03,5.882352941176471e-01,32025383
8.681924217088261e+03,8.679972605285158e+03,5.882352941176471e-01,32025385
8.685125712993402e+03,8.679831595346343e+03,1.764705882352941e+00,32025384
8.685404533167449e+03,8.682070781895450e+03,5.882352941176471e-01,32025388
8.686890418875755e+03,8.683777948662609e+03,5.882352941176471e-01,32025393
8.689086495735433e+03,8.687321789853080e+03,5.882352941176471e-01,32025397
8.689282562689561e+03,8.687517856807208e+03,5.882352941176471e-01,32025398
8.691047268571914e+03,8.686547970277869e+03,1.176470588235294e+00,32025396
8.692429399592537e+03,8.681762141191585e+03,1.764705882352941e+00,32025387
8.692429399592537e+03,8.681678738660669e+03,1.764705882352941e+00,32025386
8.694226716089777e+03,8.691945627332980e+03,5.882352941176471e-01,32025401
8.694624529693854e+03,8.692527231437198e+03,5.882352941176471e-01,32025403
8.695991421972130e+03,8.693712092169607e+03,5.882352941176471e-01,32025404
8.697955034656521e+03,8.691261438546509e+03,1.764705882352941e+00,32025400
8.697955034656521e+03,8.691095117929148e+03,1.764705882352941e+00,32025399
8.699719740538874e+03,8.697285131101952e+03,5.882352941176471e-01,32025406
8.700503597400074e+03,8.698738891517721e+03,5.882352941176471e-01,32025407
8.701636247260024e+03,8.696342129612965e+03,1.764705882352941e+00,32025405
8.703249152303580e+03,8.699215642591388e+03,1.176470588235294e+00,32025408
8.705669915960545e+03,8.703905210078192e+03,5.882352941176471e-01,32025409
8.706319198019752e+03,8.704554492137399e+03,5.882352941176471e-01,32025410
8.706556328202380e+03,8.704791622320027e+03,5.882352941176471e-01,32025411
8.712533842584954e+03,8.707239724937895e+03,1.764705882352941e+00,32025412
8.712796851677211e+03,8.707502734030152e+03,1.764705882352941e+00,32025413
8.717632682017100e+03,8.715867976134747e+03,5.882352941176471e-01,32025414
8.718340058459168e+03,8.716575352576815e+03,5.882352941176471e-01,32025415
8.718459093394839e+03,8.716694387512486e+03,5.882352941176471e-01,32025416
8.719751076120487e+03,8.717118937522729e+03,5.882352941176471e-01,32025417
8.721521787092334e+03,8.719757081209981e+03,5.882352941176471e-01,32025420
8.723280487885193e+03,8.717447186388733e+03,1.764705882352941e+00,32025418
8.723288607905091e+03,8.721523902022738e+03,5.882352941176471e-01,32025421
8.724751177495581e+03,8.719457059848522e+03,1.764705882352941e+00,32025419
8.725051283782469e+03,8.721819711452784e+03,5.882352941176471e-01,32025423
8.726815989664822e+03,8.721596722952045e+03,1.176470588235294e+00,32025422
8.727890996448949e+03,8.726126290566596e+03,5.882352941176471e-01,32025426
8.728110505881225e+03,8.726345799998872e+03,5.882352941176471e-01,32025427
8.728580695547175e+03,8.726430279723974e+03,5.882352941176471e-01,32025428
8.730396447734921e+03,8.728631741852568e+03,5.882352941176471e-01,32025430
8.733822308439346e+03,8.728528190792287e+03,1.764705882352941e+00,32025429
8.735362040002806e+03,8.730067922355747e+03,1.764705882352941e+00,32025431
8.737351720204052e+03,8.735499960641965e+03,5.882352941176471e-01,32025436
8.741386037175274e+03,8.732737944939874e+03,1.764705882352941e+00,32025432
8.741991168941928e+03,8.739537205409928e+03,5.882352941176471e-01,32025440
8.742528893058281e+03,8.735597719649468e+03,1.764705882352941e+00,32025437
8.743755874824281e+03,8.741629641677167e+03,5.882352941176471e-01,32025443
8.744665425065780e+03,8.742484340948715e+03,5.882352941176471e-01,32025445
8.744665425065780e+03,8.742123805636184e+03,5.882352941176471e-01,32025444
8.746430130948133e+03,8.744224149143435e+03,5.882352941176471e-01,32025446
8.746570398852769e+03,8.744805692970416e+03,5.882352941176471e-01,32025447
8.747519423748564e+03,8.738024927146073e+03,1.764705882352941e+00,32025439
8.748264970782804e+03,8.746007173491996e+03,5.882352941176471e-01,32025448
8.750029676665157e+03,8.747872113902620e+03,5.882352941176471e-01,32025453
8.750029676665157e+03,8.747733959868068e+03,5.882352941176471e-01,32025452
8.752169858183465e+03,8.749722676442133e+03,5.882352941176471e-01,32025455
8.752169858183465e+03,8.749821478474895e+03,5.882352941176471e-01,32025456
8.752169858183465e+03,8.749954672940953e+03,5.882352941176471e-01,32025457
8.754036553236444e+03,8.752271847354092e+03,5.882352941176471e-01,32025458
8.754109932700600e+03,8.746661942418555e+03,1.176470588235294e+00,32025450
8.755850178761568e+03,8.753303512504386e+03,5.882352941176471e-01,32025460
8.755874638582953e+03,8.746389676516436e+03,1.764705882352941e+00,32025449
8.757614884643921e+03,8.754628380573530e+03,5.882352941176471e-01,32025462
8.757639344465306e+03,8.752797953258438e+03,1.176470588235294e+00,32025459
8.759379590526274e+03,8.756167945776478e+03,5.882352941176471e-01,32025464
8.761152449682422e+03,8.757939350356765e+03,5.882352941176471e-01,32025466
8.761152449682422e+03,8.758183837991025e+03,5.882352941176471e-01,32025467
8.761168756230012e+03,8.755663930639046e+03,1.764705882352941e+00,32025463
8.764681861447128e+03,8.762211956014629e+03,5.882352941176471e-01,32025472
8.764698167994718e+03,8.757269744722846e+03,1.764705882352941e+00,32025465
8.766452002845344e+03,8.759493610174215e+03,1.176470588235294e+00,32025469
8.766452002845344e+03,8.760007174382727e+03,1.176470588235294e+00,32025470
8.768216708727697e+03,8.762046057438656e+03,1.764705882352941e+00,32025471
8.768522490041313e+03,8.765254076988957e+03,5.882352941176471e-01,32025473
8.769981414610050e+03,8.767369346786194e+03,5.882352941176471e-01,32025476
8.772051901806019e+03,8.765779800152551e+03,1.764705882352941e+00,32025474
8.773524287593301e+03,8.770759098537661e+03,5.882352941176471e-01,32025479
8.773816607688372e+03,8.768513452103927e+03,1.764705882352941e+00,32025477
8.775435153523190e+03,8.773181246483253e+03,5.882352941176471e-01,32025481
8.775581313570725e+03,8.769994875828596e+03,1.764705882352941e+00,32025478
8.777199859405543e+03,8.774486457128931e+03,5.882352941176471e-01,32025482
8.778964565287896e+03,8.774992117790531e+03,1.176470588235294e+00,32025483
8.779110725335431e+03,8.772423245121283e+03,1.764705882352941e+00,32025480
8.780507672297909e+03,8.778742966415556e+03,5.882352941176471e-01,32025484
8.782838985106289e+03,8.781074279223936e+03,5.882352941176471e-01,32025487
8.785620790969865e+03,8.780326673322806e+03,1.764705882352941e+00,32025485
8.785659512139171e+03,8.780365394492113e+03,1.764705882352941e+00,32025486
8.786755828637254e+03,8.783486393673256e+03,5.882352941176471e-01,32025489
8.787554277266692e+03,8.785789571384339e+03,5.882352941176471e-01,32025492
8.788390475274440e+03,8.783135068195096e+03,1.176470588235294e+00,32025488
8.789318983149045e+03,8.785082471432354e+03,1.176470588235294e+00,32025491
8.790155181156793e+03,8.788336516433119e+03,5.882352941176471e-01,32025494
8.792679614499277e+03,8.787315403610426e+03,1.764705882352941e+00,32025493
8.793224471301667e+03,8.789695059536961e+03,1.176470588235294e+00,32025495
8.802409875250463e+03,8.800645169368110e+03,5.882352941176471e-01,32025498
8.803922729402479e+03,8.801652179490575e+03,5.882352941176471e-01,32025502
8.803922729402479e+03,8.801583311846789e+03,5.882352941176471e-01,32025501
8.805570975459367e+03,8.802686997177357e+03,5.882352941176471e-01,32025504
8.805570975459367e+03,8.802871183730580e+03,5.882352941176471e-01,32025505
8.807335681341720e+03,8.804286247176715e+03,5.882352941176471e-01,32025508
8.807335681341720e+03,8.804853349463665e+03,5.882352941176471e-01,32025509
8.809100387224073e+03,8.805752632260910e+03,5.882352941176471e-01,32025511
8.811477973604750e+03,8.800141465907435e+03,1.764705882352941e+00,32025497
8.811477973604750e+03,8.799803431056463e+03,1.764705882352941e+00,32025496
8.813242679487103e+03,8.811130149220821e+03,5.882352941176471e-01,32025515
8.815007385369456e+03,8.812950514537601e+03,5.882352941176471e-01,32025518
8.817628326879293e+03,8.809746484481654e+03,1.764705882352941e+00,32025513
8.817628326879293e+03,8.808357148838927e+03,1.764705882352941e+00,32025512
8.818536797134162e+03,8.812083320819381e+03,1.764705882352941e+00,32025517
8.819393032761646e+03,8.817610757424248e+03,5.882352941176471e-01,32025520
8.820993425090406e+03,8.819228719208053e+03,5.882352941176471e-01,32025521
8.822922444526352e+03,8.816102596219371e+03,1.764705882352941e+00,32025519
8.823015571994642e+03,8.821250866112289e+03,5.882352941176471e-01,32025523
8.824636866207738e+03,8.821088569401580e+03,1.176470588235294e+00,32025522
8.828731527864694e+03,8.823431163121792e+03,1.176470588235294e+00,32025526
8.829281078177187e+03,8.823321355272761e+03,1.764705882352941e+00,32025525
8.829281078177187e+03,8.822903559484900e+03,1.764705882352941e+00,32025524
8.830496233747047e+03,8.828571794558037e+03,5.882352941176471e-01,32025528
8.831327720480232e+03,8.829563014597879e+03,5.882352941176471e-01,32025530
8.833664147848586e+03,8.831899441966233e+03,5.882352941176471e-01,32025531
8.834755542263789e+03,8.829461424616731e+03,1.764705882352941e+00,32025529
8.834777543139079e+03,8.833012837256727e+03,5.882352941176471e-01,32025532
8.835486199373289e+03,8.833721493490936e+03,5.882352941176471e-01,32025533
8.840066160567316e+03,8.834321903432179e+03,1.764705882352941e+00,32025535
8.840066160567316e+03,8.833752829365137e+03,1.764705882352941e+00,32025534
8.841830866449669e+03,8.839926728822823e+03,5.882352941176471e-01,32025541
8.843595572332022e+03,8.838079105029615e+03,1.764705882352941e+00,32025538
8.845339367539404e+03,8.842617366565021e+03,5.882352941176471e-01,32025546
8.847104073421757e+03,8.843712476457049e+03,5.882352941176471e-01,32025551
8.847215407598828e+03,8.845450701716475e+03,5.882352941176471e-01,32025552
8.847290057122135e+03,8.839647000468755e+03,1.176470588235294e+00,32025539
8.848943002088824e+03,8.846675230413589e+03,5.882352941176471e-01,32025554
8.848943002088824e+03,8.845736615054622e+03,5.882352941176471e-01,32025553
8.850707707971177e+03,8.848441800234679e+03,5.882352941176471e-01,32025557
8.851208153302849e+03,8.842045085384783e+03,1.764705882352941e+00,32025545
8.852472413853530e+03,8.850598190003162e+03,5.882352941176471e-01,32025558
8.854237119735883e+03,8.852133359405516e+03,5.882352941176470e-01,32025560
8.854237119735883e+03,8.848067425954152e+03,1.764705882352941e+00,32025556
8.855116770649282e+03,8.853086563127208e+03,5.882352941176471e-01,32025561
8.856001825618236e+03,8.851587358884576e+03,1.176470588235294e+00,32025559
8.856757680325762e+03,8.854992974443409e+03,5.882352941176471e-01,32025562
8.856942582434802e+03,8.855177876552449e+03,5.882352941176471e-01,32025563
8.857766531500589e+03,8.855391137966089e+03,5.882352941176471e-01,32025564
8.859286459146790e+03,8.857521753264437e+03,5.882352941176471e-01,32025565
8.861051165029143e+03,8.859154327764696e+03,5.882352941176471e-01,32025568
8.862831619416053e+03,8.859827858780617e+03,5.882352941176471e-01,32025569
8.862835556542193e+03,8.857541438895134e+03,1.764705882352941e+00,32025566
8.863191230917304e+03,8.857897113270245e+03,1.764705882352941e+00,32025567
8.864598293861476e+03,8.862534917943690e+03,5.882352941176471e-01,32025575
8.867508065839962e+03,8.865743359957609e+03,5.882352941176471e-01,32025576
8.868127705626182e+03,8.861694302514439e+03,1.764705882352941e+00,32025574
8.871046096639332e+03,8.866164877323439e+03,1.176470588235294e+00,32025578
8.871233404633856e+03,8.867520994391958e+03,1.176470588235294e+00,32025581
8.871657117390888e+03,8.865939286986797e+03,1.764705882352941e+00,32025577
8.872810802521685e+03,8.870313961149875e+03,5.882352941176471e-01,32025582
8.873716199971622e+03,8.871951494089269e+03,5.882352941176471e-01,32025584
8.874575508404038e+03,8.872187937412220e+03,5.882352941176471e-01,32025585
8.874789308230208e+03,8.871259896465502e+03,1.176470588235294e+00,32025583
8.875480905853975e+03,8.873454253394711e+03,5.882352941176471e-01,32025586
8.876444841825843e+03,8.874680135943490e+03,5.882352941176471e-01,32025587
8.877256213771325e+03,8.874954821415861e+03,5.882352941176471e-01,32025589
8.878285357248739e+03,8.875952363106438e+03,5.882352941176471e-01,32025593
8.878285357248739e+03,8.875496808906470e+03,5.882352941176471e-01,32025592
8.879707015305287e+03,8.877089001339179e+03,5.882352941176471e-01,32025597
8.881471721187640e+03,8.874793850254305e+03,1.176470588235294e+00,32025588
8.881471721187640e+03,8.876812439834656e+03,1.176470588235294e+00,32025596
8.883236427069993e+03,8.876585439515863e+03,1.764705882352941e+00,32025595
8.883335353882102e+03,8.880899590831657e+03,5.882352941176471e-01,32025599
8.883335353882102e+03,8.880681257521443e+03,5.882352941176471e-01,32025598
8.885075328061428e+03,8.881838335962723e+03,5.882352941176471e-01,32025602
8.885075328061428e+03,8.881839545077917e+03,5.882352941176471e-01,32025603
8.886840033943781e+03,8.883809423124419e+03,5.882352941176471e-01,32025605
8.886840033943781e+03,8.883934343186958e+03,5.882352941176471e-01,32025607
8.888604739826134e+03,8.885856276134167e+03,5.882352941176471e-01,32025610
8.890369445708487e+03,8.888509902445674e+03,5.882352941176471e-01,32025612
8.890664582041644e+03,8.881768501623968e+03,1.176470588235294e+00,32025601
8.892281719757418e+03,8.889195012492448e+03,5.882352941176471e-01,32025613
8.892429287923997e+03,8.883850287822673e+03,1.764705882352941e+00,32025606
8.894095615028631e+03,8.890931655816835e+03,5.882352941176471e-01,32025615
8.894095615028631e+03,8.890952547168486e+03,5.882352941176471e-01,32025616
8.894095615028631e+03,8.892062260002276e+03,5.882352941176471e-01,32025617
8.896590092285817e+03,8.894825386403464e+03,5.882352941176471e-01,32025618
8.897625026793337e+03,8.889450592101465e+03,1.764705882352941e+00,32025614
8.897809706381858e+03,8.896045000499505e+03,5.882352941176471e-01,32025619
8.899389732675690e+03,8.896877869370895e+03,5.882352941176471e-01,32025621
8.901603262287584e+03,8.899427374573400e+03,5.882352941176471e-01,32025624
8.901884209932876e+03,8.896084619110973e+03,1.764705882352941e+00,32025620
8.903278203424028e+03,8.900102700546251e+03,5.882352941176471e-01,32025626
8.905156121875488e+03,8.902808991674492e+03,5.882352941176471e-01,32025632
8.905802694898459e+03,8.897698778746729e+03,1.764705882352941e+00,32025622
8.906920827757841e+03,8.904978959916819e+03,5.882352941176471e-01,32025636
8.906920827757841e+03,8.903504628562242e+03,5.882352941176471e-01,32025635
8.907567400780812e+03,8.905490029188826e+03,5.882352941176471e-01,32025637
8.910191660504084e+03,8.908426954621731e+03,5.882352941176471e-01,32025638
8.910450239522547e+03,8.902662356334632e+03,1.764705882352941e+00,32025631
8.910450239522547e+03,8.900159710435712e+03,1.764705882352941e+00,32025627
8.911996521305511e+03,8.910231815423158e+03,5.882352941176471e-01,32025639
8.913147072976727e+03,8.911382367094374e+03,5.882352941176471e-01,32025641
8.914060817985528e+03,8.912296112103175e+03,5.882352941176471e-01,32025643
8.915121302522797e+03,8.912623217761394e+03,5.882352941176471e-01,32025644
8.915525933070217e+03,8.913566120304161e+03,5.882352941176471e-01,32025646
8.915817382943494e+03,8.910523265296436e+03,1.176470588235294e+00,32025640
8.916886008405150e+03,8.914500930010366e+03,5.882352941176471e-01,32025647
8.918750954045698e+03,8.916295327644957e+03,5.882352941176471e-01,32025651
8.919055344834923e+03,8.917086487921541e+03,5.882352941176471e-01,32025653
8.920064519140779e+03,8.911990846867051e+03,1.176470588235294e+00,32025642
8.920515659928051e+03,8.918539189299350e+03,5.882352941176471e-01,32025654
8.930116850745123e+03,8.928352144862770e+03,5.882352941176471e-01,32025656
8.930628166620634e+03,8.927098754855928e+03,1.176470588235294e+00,32025655
8.931881556627476e+03,8.929887436136525e+03,5.882352941176471e-01,32025658
8.932407450235812e+03,8.930642744353459e+03,5.882352941176471e-01,32025659
8.934954289133801e+03,8.929660171486742e+03,1.764705882352941e+00,32025657
8.936360141297044e+03,8.933936620077230e+03,5.882352941176471e-01,32025663
8.936360141297044e+03,8.933141715049324e+03,5.882352941176471e-01,32025662
8.938124847179397e+03,8.936347340583554e+03,5.882352941176471e-01,32025665
8.939979266491528e+03,8.936808241931289e+03,5.882352941176471e-01,32025666
8.940068979921305e+03,8.932927659189738e+03,1.764705882352941e+00,32025661
8.940068979921305e+03,8.932733799874938e+03,1.764705882352941e+00,32025660
8.941788829088769e+03,8.938554799867081e+03,5.882352941176471e-01,32025669
8.941788829088769e+03,8.938552749023981e+03,5.882352941176471e-01,32025668
8.943553534971122e+03,8.940647817004214e+03,5.882352941176471e-01,32025670
8.943598391686011e+03,8.934894613227330e+03,1.764705882352941e+00,32025664
8.945644847285449e+03,8.943880141403096e+03,5.882352941176471e-01,32025672
8.947962260184061e+03,8.942668142537003e+03,1.764705882352941e+00,32025671
8.949482992714737e+03,8.947718286832384e+03,5.882352941176471e-01,32025674
8.949623493872607e+03,8.944329376225548e+03,1.764705882352941e+00,32025673
8.949726966066414e+03,8.947924841639657e+03,5.882352941176471e-01,32025675
8.953082655058378e+03,8.948753885680495e+03,1.176470588235294e+00,32025677
8.953082655058378e+03,8.948032068414667e+03,1.176470588235294e+00,32025676
8.956674526473154e+03,8.954909820590801e+03,5.882352941176471e-01,32025680
8.956796118801455e+03,8.953266707036749e+03,1.176470588235294e+00,32025679
8.957644958556671e+03,8.952350840909612e+03,1.764705882352941e+00,32025678
8.958439232355507e+03,8.955953587237479e+03,5.882352941176471e-01,32025681
8.959350176267421e+03,8.957585470385068e+03,5.882352941176471e-01,32025682
8.959981172694477e+03,8.958216466812124e+03,5.882352941176471e-01,32025683
8.960957820358570e+03,8.959193114476217e+03,5.882352941176471e-01,32025684
8.962511533327595e+03,8.960746827445242e+03,5.882352941176471e-01,32025685
8.963723525780915e+03,8.961958819898562e+03,5.882352941176471e-01,32025686
8.963867162692961e+03,8.962102456810608e+03,5.882352941176471e-01,32025687
8.967543785143471e+03,8.965779079261118e+03,5.882352941176471e-01,32025689
8.969298448683544e+03,8.966066609555664e+03,5.882352941176471e-01,32025691
8.969864538553686e+03,8.965738909891997e+03,1.176470588235294e+00,32025688
8.971063154565897e+03,8.968557505893174e+03,5.882352941176471e-01,32025696
8.971063154565897e+03,8.968540555155570e+03,5.882352941176471e-01,32025695
8.973393950318392e+03,8.967328447394575e+03,1.764705882352941e+00,32025692
8.975279566215708e+03,8.971750154451002e+03,1.176470588235294e+00,32025697
8.975634927054539e+03,8.973870221172186e+03,5.882352941176471e-01,32025699
8.977920313857954e+03,8.972626196210896e+03,1.764705882352941e+00,32025698
8.978238137693142e+03,8.976473431810789e+03,5.882352941176471e-01,32025701
8.979246998860361e+03,8.977004955394187e+03,5.882352941176471e-01,32025702
8.981263652981092e+03,8.978820575999974e+03,5.882352941176471e-01,32025704
8.981767549457848e+03,8.974995720411435e+03,1.764705882352941e+00,32025700
8.983028358863445e+03,8.981168021862544e+03,5.882352941176471e-01,32025707
8.985045012984176e+03,8.978941825807105e+03,1.764705882352941e+00,32025705
8.985045012984176e+03,8.977014339635751e+03,1.764705882352941e+00,32025703
8.986557770628150e+03,8.984269815511440e+03,5.882352941176471e-01,32025709
8.988574424748881e+03,8.982883469744899e+03,1.176470588235294e+00,32025708
8.988574424748881e+03,8.986778282182226e+03,5.882352941176471e-01,32025716
8.990295848344824e+03,8.988291226785225e+03,5.882352941176471e-01,32025718
8.992457445035955e+03,8.984978919250549e+03,1.764705882352941e+00,32025710
8.993825260109529e+03,8.986992875749924e+03,1.764705882352941e+00,32025717
8.994973266482224e+03,8.993208560599871e+03,5.882352941176471e-01,32025720
8.995589965991882e+03,8.993819299067416e+03,5.882352941176471e-01,32025721
8.995589965991882e+03,8.989104837532434e+03,1.764705882352941e+00,32025719
8.997916967277544e+03,8.996152261395191e+03,5.882352941176471e-01,32025722
8.998103693309782e+03,8.996338987427429e+03,5.882352941176471e-01,32025723
8.998783630892717e+03,8.997018925010364e+03,5.882352941176471e-01,32025724
8.999716625369808e+03,8.997327643090913e+03,5.882352941176471e-01,32025725
9.000208367983602e+03,8.998096615077157e+03,5.882352941176471e-01,32025728
9.000208367983602e+03,8.997986871697367e+03,5.882352941176471e-01,32025727
9.003630398911869e+03,9.000676711059964e+03,5.882352941176471e-01,32025732
9.003630398911869e+03,9.001233354151620e+03,5.882352941176471e-01,32025733
9.005395104794221e+03,9.002523130243852e+03,5.882352941176471e-01,32025735
9.007279555793752e+03,9.003989634263400e+03,5.882352941176471e-01,32025736
9.007339428352340e+03,8.999233327805833e+03,1.764705882352941e+00,32025730
9.007339428352340e+03,8.998998984041532e+03,1.764705882352941e+00,32025729
9.011536678208735e+03,9.009771972326382e+03,5.882352941176471e-01,32025741
9.012573673440810e+03,9.005710120857101e+03,1.764705882352941e+00,32025739
9.013244834609120e+03,9.011323742879351e+03,5.882352941176471e-01,32025742
9.015066089973441e+03,9.009715422844414e+03,1.764705882352941e+00,32025740
9.015193165677829e+03,9.013428459795476e+03,5.882352941176471e-01,32025743
9.016894333707988e+03,9.014854321525349e+03,5.882352941176471e-01,32025746
9.016894333707988e+03,9.014662054332367e+03,5.882352941176471e-01,32025745
9.019811609404641e+03,9.017873222242165e+03,5.882352941176471e-01,32025749
9.020423745472694e+03,9.014517491757582e+03,1.764705882352941e+00,32025744
9.021248651888836e+03,9.018495637422702e+03,5.882352941176471e-01,32025751
9.023013357771189e+03,9.020835784315603e+03,5.882352941176471e-01,32025752
9.024159176658854e+03,9.015627291713356e+03,1.764705882352941e+00,32025747
9.024778063653542e+03,9.022153171127166e+03,5.882352941176470e-01,32025753
9.024778063653542e+03,9.018051487864114e+03,1.764705882352941e+00,32025750
9.025923882541207e+03,9.023094728874489e+03,5.882352941176471e-01,32025754
9.026542769535895e+03,9.024304308233000e+03,5.882352941176471e-01,32025755
9.029113779415317e+03,9.027349073532964e+03,5.882352941176471e-01,32025756
9.029737281518483e+03,9.027972575636130e+03,5.882352941176471e-01,32025757
9.030878485297670e+03,9.028631290523177e+03,5.882352941176471e-01,32025759
9.033133364386163e+03,9.031368658503811e+03,5.882352941176471e-01,32025760
9.033435912594264e+03,9.028141794947205e+03,1.764705882352941e+00,32025758
9.033703478546845e+03,9.031938772664492e+03,5.882352941176471e-01,32025761
9.037374662651060e+03,9.035609956768707e+03,5.882352941176471e-01,32025762
9.037953164559411e+03,9.036188458677058e+03,5.882352941176471e-01,32025763
9.038526413952473e+03,9.036761708070120e+03,5.882352941176471e-01,32025764
9.040599402705831e+03,9.038834696823478e+03,5.882352941176471e-01,32025766
9.041236131680014e+03,9.039471425797661e+03,5.882352941176471e-01,32025767
9.041373273899180e+03,9.039608568016828e+03,5.882352941176471e-01,32025768
9.044668507901973e+03,9.037746826591727e+03,1.764705882352941e+00,32025765
9.045155073419739e+03,9.043390367537386e+03,5.882352941176471e-01,32025770
9.045893520352890e+03,9.040538357534180e+03,1.764705882352941e+00,32025769
9.046798137922651e+03,9.044397566209490e+03,5.882352941176471e-01,32025772
9.046798137922651e+03,9.043996736477591e+03,5.882352941176471e-01,32025771
9.048562843805004e+03,9.046025180012998e+03,5.882352941176471e-01,32025776
9.050327549687357e+03,9.048427775372618e+03,5.882352941176471e-01,32025778
9.051187637999949e+03,9.045339834654589e+03,1.764705882352941e+00,32025775
9.052206998841717e+03,9.049469137723229e+03,5.882352941176471e-01,32025779
9.052321742113724e+03,9.047027624466665e+03,1.764705882352941e+00,32025777
9.053201473092846e+03,9.051436767210493e+03,5.882352941176471e-01,32025781
9.057223263291640e+03,9.055458557409287e+03,5.882352941176471e-01,32025783
9.057501116488776e+03,9.052002842294042e+03,1.764705882352941e+00,32025782
9.058223378319231e+03,9.056458672436878e+03,5.882352941176471e-01,32025784
9.058987969173992e+03,9.057137859868502e+03,5.882352941176471e-01,32025785
9.061252276959699e+03,9.059487571077346e+03,5.882352941176471e-01,32025788
9.062332212427152e+03,9.060567506544799e+03,5.882352941176471e-01,32025789
9.063875102929344e+03,9.058580985282285e+03,1.764705882352941e+00,32025786
9.064096918309505e+03,9.061689345668879e+03,5.882352941176471e-01,32025791
9.066539937000700e+03,9.058796343056388e+03,1.764705882352941e+00,32025787
9.067404514694050e+03,9.061193355479325e+03,1.764705882352941e+00,32025790
9.068710102372745e+03,9.066945396490392e+03,5.882352941176471e-01,32025792
9.070958460887494e+03,9.069193755005141e+03,5.882352941176471e-01,32025794
9.072455951596420e+03,9.067161833949361e+03,1.764705882352941e+00,32025793
9.074301337354587e+03,9.072536631472234e+03,5.882352941176471e-01,32025795
9.074363150402824e+03,9.072598444520471e+03,5.882352941176471e-01,32025796
9.074495592607610e+03,9.072730886725257e+03,5.882352941176471e-01,32025797
9.076621548594726e+03,9.074856842712373e+03,5.882352941176471e-01,32025798
9.078035843583013e+03,9.076271137700660e+03,5.882352941176471e-01,32025799
9.082936901096216e+03,9.081172195213863e+03,5.882352941176471e-01,32025803
9.085816875137567e+03,9.079278620815273e+03,1.764705882352941e+00,32025800
9.086250552049402e+03,9.080740673590824e+03,1.764705882352941e+00,32025802
9.086250552049402e+03,9.080651626006746e+03,1.764705882352941e+00,32025801
9.087870698961144e+03,9.083336624432693e+03,5.882352941176471e-01,32025805
9.087870698961144e+03,9.085132037493134e+03,5.882352941176471e-01,32025806
9.089635404843497e+03,9.086916968825879e+03,5.882352941176471e-01,32025807
9.091369566914258e+03,9.089604861031905e+03,5.882352941176471e-01,32025808
9.091400110725849e+03,9.083103323062949e+03,1.764705882352941e+00,32025804
9.093213042266525e+03,9.091448336384172e+03,5.882352941176471e-01,32025809
9.093292457001873e+03,9.091527751119520e+03,5.882352941176471e-01,32025810
9.097238031269605e+03,9.091943913622546e+03,1.764705882352941e+00,32025811
9.099723785944177e+03,9.096194374179471e+03,1.176470588235294e+00,32025812
9.102598924382894e+03,9.097304806735836e+03,1.764705882352941e+00,32025813
9.104317851570899e+03,9.099023733923840e+03,1.764705882352941e+00,32025814
9.104866899952007e+03,9.101901680751017e+03,5.882352941176471e-01,32025817
9.104866899952007e+03,9.101625782001611e+03,5.882352941176471e-01,32025816
9.106112802761398e+03,9.103506673686009e+03,5.882352941176471e-01,32025820
9.106631605834360e+03,9.101505244749554e+03,1.176470588235294e+00,32025815
9.108136910180232e+03,9.105733906935566e+03,5.882352941176471e-01,32025823
9.110161017599066e+03,9.104378342187191e+03,1.764705882352941e+00,32025822
9.111666321944938e+03,9.109762168244919e+03,5.882352941176470e-01,32025826
9.111666321944938e+03,9.106028846411287e+03,1.764705882352941e+00,32025824
9.113690429363772e+03,9.107029580592188e+03,1.764705882352941e+00,32025825
9.115195733709644e+03,9.111299715004921e+03,1.176470588235294e+00,32025827
9.115443884885346e+03,9.113679179002993e+03,5.882352941176471e-01,32025828
9.117862241323482e+03,9.116097535441130e+03,5.882352941176471e-01,32025829
9.121594004041389e+03,9.119829298159036e+03,5.882352941176471e-01,32025832
9.124326549458180e+03,9.118604311957536e+03,1.176470588235294e+00,32025830
9.127372041455667e+03,9.121519296500920e+03,1.764705882352941e+00,32025836
9.127372041455667e+03,9.120386187930259e+03,1.764705882352941e+00,32025835
9.128086975653292e+03,9.122771610980027e+03,1.764705882352941e+00,32025837
9.130959993026945e+03,9.129195287144592e+03,5.882352941176471e-01,32025842
9.131029529500971e+03,9.129264823618618e+03,5.882352941176471e-01,32025843
9.131616387417997e+03,9.129402557930395e+03,5.882352941176471e-01,32025844
9.132720807934669e+03,9.124785877530860e+03,1.176470588235294e+00,32025838
9.133933303558686e+03,9.131432042541648e+03,5.882352941176471e-01,32025845
9.134485513817021e+03,9.126011181422456e+03,1.764705882352941e+00,32025839
9.135698009441039e+03,9.133158208668290e+03,5.882352941176471e-01,32025848
9.136856467511383e+03,9.127535987951496e+03,1.176470588235294e+00,32025841
9.137462715323392e+03,9.133140348387074e+03,1.176470588235294e+00,32025847
9.138621173393736e+03,9.136298921237082e+03,5.882352941176470e-01,32025851
9.138621173393736e+03,9.131564707525100e+03,1.764705882352941e+00,32025846
9.141298658062532e+03,9.139533952180179e+03,5.882352941176471e-01,32025855
9.142150585158442e+03,9.140199491852470e+03,5.882352941176471e-01,32025856
9.142756832970451e+03,9.137078496605855e+03,1.764705882352941e+00,32025853
9.143915291040795e+03,9.142009298298754e+03,5.882352941176471e-01,32025858
9.146286244735157e+03,9.137675724328680e+03,1.764705882352941e+00,32025854
9.146592775709591e+03,9.144573752677427e+03,5.882352941176471e-01,32025860
9.147444702805501e+03,9.141261218179019e+03,1.764705882352941e+00,32025857
9.148094287016245e+03,9.146059543145514e+03,5.882352941176471e-01,32025861
9.148357481591944e+03,9.146372917532629e+03,5.882352941176471e-01,32025863
9.149990590186448e+03,9.147571130573839e+03,5.882352941176471e-01,32025865
9.150974114570207e+03,9.148426316726088e+03,5.882352941176471e-01,32025867
9.152061753853386e+03,9.146739835688653e+03,1.176470588235294e+00,32025864
9.153826459735739e+03,9.142977241024164e+03,1.764705882352941e+00,32025859
9.154164993035326e+03,9.152046769186722e+03,5.882352941176471e-01,32025870
9.157595678544767e+03,9.154568449794576e+03,5.882352941176471e-01,32025872
9.157694404800031e+03,9.151129772178663e+03,1.764705882352941e+00,32025869
9.157694404800031e+03,9.150909963540203e+03,1.764705882352941e+00,32025868
9.159426201930630e+03,9.155910908343855e+03,5.882352941176471e-01,32025876
9.159426201930630e+03,9.156792972092535e+03,5.882352941176471e-01,32025878
9.161190907812983e+03,9.158990688191415e+03,5.882352941176471e-01,32025879
9.162955613695335e+03,9.160500338941599e+03,5.882352941176470e-01,32025880
9.162955613695335e+03,9.156301240359910e+03,1.764705882352941e+00,32025877
9.162955613695335e+03,9.152804614373935e+03,1.764705882352941e+00,32025871
9.164876316448972e+03,9.162732326546990e+03,5.882352941176471e-01,32025883
9.166641022331325e+03,9.163579601180470e+03,5.882352941176471e-01,32025885
9.168405728213678e+03,9.165556103802854e+03,5.882352941176470e-01,32025886
9.168405728213678e+03,9.161512601430103e+03,1.764705882352941e+00,32025882
9.168405728213678e+03,9.161451417299890e+03,1.764705882352941e+00,32025881
9.170170434096031e+03,9.167011389195992e+03,5.882352941176471e-01,32025888
9.170170434096031e+03,9.167410021671845e+03,5.882352941176471e-01,32025889
9.171935139978384e+03,9.166792497808912e+03,1.176470588235294e+00,32025887
9.171935139978384e+03,9.169934527139836e+03,5.882352941176471e-01,32025891
9.174882976221661e+03,9.173118270339308e+03,5.882352941176471e-01,32025893
9.175464551743090e+03,9.169411393638408e+03,1.764705882352941e+00,32025890
9.177229257625443e+03,9.171271220397513e+03,1.764705882352941e+00,32025892
9.178864724503034e+03,9.175587113614294e+03,5.882352941176471e-01,32025897
9.178864724503034e+03,9.176014866481833e+03,5.882352941176471e-01,32025898
9.180629430385387e+03,9.174263324765104e+03,1.176470588235294e+00,32025894
9.182394136267740e+03,9.176468887183528e+03,1.764705882352941e+00,32025899
9.182394136267740e+03,9.174379421341834e+03,1.764705882352941e+00,32025895
9.184158842150093e+03,9.181387785361428e+03,5.882352941176471e-01,32025901
9.184577938962830e+03,9.182813233080478e+03,5.882352941176471e-01,32025902
9.184858678688493e+03,9.181329266923787e+03,1.176470588235294e+00,32025900
9.185923548032445e+03,9.183826908161870e+03,5.882352941176471e-01,32025903
9.190451106900205e+03,9.186921695135499e+03,1.176470588235294e+00,32025905
9.190602119206061e+03,9.185308001559002e+03,1.764705882352941e+00,32025904
9.193779101528847e+03,9.188484983881789e+03,1.764705882352941e+00,32025906
9.195502631996479e+03,9.193737926114126e+03,5.882352941176471e-01,32025907
9.195585633856168e+03,9.193820927973815e+03,5.882352941176471e-01,32025908
9.198178294529331e+03,9.196413588646978e+03,5.882352941176471e-01,32025911
9.198923812079982e+03,9.197109230503952e+03,5.882352941176471e-01,32025912
9.199939696427772e+03,9.197328712687909e+03,5.882352941176471e-01,32025913
9.199950868165642e+03,9.198186162283289e+03,5.882352941176471e-01,32025914
9.202951408296153e+03,9.200088005907005e+03,5.882352941176471e-01,32025917
9.203465962925584e+03,9.195394400315276e+03,1.764705882352941e+00,32025909
9.205232241441384e+03,9.202977371304340e+03,5.882352941176471e-01,32025926
9.206743149373783e+03,9.204119176346717e+03,5.882352941176471e-01,32025927
9.207248361941494e+03,9.205483656059141e+03,5.882352941176471e-01,32025929
9.208507855256136e+03,9.206036027233117e+03,5.882352941176471e-01,32025930
9.210308260773024e+03,9.207935351098227e+03,5.882352941176471e-01,32025935
9.210308260773024e+03,9.207664826756160e+03,5.882352941176471e-01,32025934
9.212572295908088e+03,9.201526982868331e+03,1.176470588235294e+00,32025919
9.214337001790441e+03,9.199895994883143e+03,1.764705882352941e+00,32025916
9.214337001790441e+03,9.199081716076916e+03,1.764705882352941e+00,32025915
9.215513472378676e+03,9.212080995654544e+03,5.882352941176471e-01,32025939
9.215513472378676e+03,9.212237715539755e+03,5.882352941176471e-01,32025940
9.217278178261029e+03,9.215069657009942e+03,5.882352941176471e-01,32025941
9.218287887314925e+03,9.206796698825586e+03,1.176470588235294e+00,32025931
9.218287887314925e+03,9.204221135810100e+03,1.176470588235294e+00,32025928
9.219074859447814e+03,9.217196320801836e+03,5.882352941176471e-01,32025942
9.221004958356018e+03,9.218453725172273e+03,5.882352941176471e-01,32025949
9.222769664238371e+03,9.220712537328391e+03,5.882352941176471e-01,32025953
9.223713047356532e+03,9.221682691456697e+03,5.882352941176471e-01,32025955
9.223713047356532e+03,9.221027579720604e+03,5.882352941176471e-01,32025954
9.224746409912052e+03,9.222981704029699e+03,5.882352941176471e-01,32025957
9.227112784465469e+03,9.217377701794361e+03,1.764705882352941e+00,32025945
9.227112784465469e+03,9.217342128869893e+03,1.764705882352941e+00,32025944
9.228576656012290e+03,9.219405645499516e+03,1.764705882352941e+00,32025951
9.228877490347822e+03,9.226896211855047e+03,5.882352941176471e-01,32025959
9.228877490347822e+03,9.226258834790965e+03,5.882352941176471e-01,32025958
9.232106067776996e+03,9.227484734765119e+03,1.176470588235294e+00,32025960
9.235761205877288e+03,9.233996499994935e+03,5.882352941176471e-01,32025963
9.237625647428101e+03,9.232331529781042e+03,1.764705882352941e+00,32025961
9.239277458759395e+03,9.233585891726489e+03,1.764705882352941e+00,32025962
9.239390353310454e+03,9.237446200673605e+03,5.882352941176471e-01,32025966
9.240914067807332e+03,9.237810678230303e+03,5.882352941176471e-01,32025968
9.242678773689685e+03,9.240064832793806e+03,5.882352941176471e-01,32025971
9.242678773689685e+03,9.239797831533391e+03,5.882352941176471e-01,32025970
9.243123504186629e+03,9.235363756491441e+03,1.764705882352941e+00,32025964
9.244493350678722e+03,9.241208146960846e+03,5.882352941176471e-01,32025972
9.246258056561075e+03,9.244049675697889e+03,5.882352941176471e-01,32025977
9.246778461239201e+03,9.245013755356848e+03,5.882352941176471e-01,32025979
9.248146481395942e+03,9.245164584466153e+03,5.882352941176471e-01,32025981
9.248146481395942e+03,9.245079296542443e+03,5.882352941176471e-01,32025980
9.249133823003053e+03,9.246470356325710e+03,5.882352941176471e-01,32025984
9.251287211023027e+03,9.248513126366836e+03,5.882352941176471e-01,32025987
9.251713963700486e+03,9.237786200464641e+03,1.764705882352941e+00,32025967
9.253051916905380e+03,9.251015351215267e+03,5.882352941176471e-01,32025989
9.253371981413474e+03,9.244658309282074e+03,1.176470588235294e+00,32025978
9.254976655041780e+03,9.252072069528702e+03,5.882352941176471e-01,32025991
9.254976655041780e+03,9.251945576010740e+03,5.882352941176471e-01,32025990
9.255136687295827e+03,9.242778515903054e+03,1.764705882352941e+00,32025976
9.256741360924133e+03,9.254970647186156e+03,5.882352941176471e-01,32025992
9.257697847767906e+03,9.255933141885553e+03,5.882352941176471e-01,32025994
9.259970495419113e+03,9.258205789536760e+03,5.882352941176471e-01,32025996
9.260506437812892e+03,9.255212320165833e+03,1.764705882352941e+00,32025993
9.262035478571192e+03,9.256701906350334e+03,1.764705882352941e+00,32025995
9.264028479362782e+03,9.260499067598077e+03,1.176470588235294e+00,32025997
9.265081999803443e+03,9.263055119814827e+03,5.882352941176471e-01,32026000
9.265685625319890e+03,9.261552588038737e+03,1.176470588235294e+00,32025998
9.266987022566450e+03,9.265222316684097e+03,5.882352941176471e-01,32026001
9.267450331202243e+03,9.262048653629938e+03,1.764705882352941e+00,32025999
9.268751728448803e+03,9.266822948925627e+03,5.882352941176471e-01,32026003
9.269244914525867e+03,9.267480208643515e+03,5.882352941176471e-01,32026004
9.270516434331156e+03,9.266738765812492e+03,1.176470588235294e+00,32026002
9.271390448823875e+03,9.269625742941522e+03,5.882352941176471e-01,32026006
9.272032883459551e+03,9.270252653171430e+03,5.882352941176471e-01,32026007
9.274045846095862e+03,9.268475837686321e+03,1.764705882352941e+00,32026005
9.277451129483589e+03,9.271893073182401e+03,1.764705882352941e+00,32026010
9.277451129483589e+03,9.271304626358837e+03,1.764705882352941e+00,32026008
9.278700584532550e+03,9.272528415619631e+03,1.764705882352941e+00,32026011
9.279215835365941e+03,9.276727799555303e+03,5.882352941176471e-01,32026012
9.283312888427274e+03,9.281548182544921e+03,5.882352941176471e-01,32026014
9.283482293749009e+03,9.281717587866656e+03,5.882352941176471e-01,32026015
9.284255573959455e+03,9.278961456312396e+03,1.764705882352941e+00,32026013
9.286365407378657e+03,9.284600701496304e+03,5.882352941176471e-01,32026018
9.287227451586336e+03,9.285402297905108e+03,5.882352941176471e-01,32026020
9.288130113261010e+03,9.286324329588056e+03,5.882352941176471e-01,32026021
9.289271464231987e+03,9.287506758349634e+03,5.882352941176471e-01,32026022
9.290371711956686e+03,9.282012384953978e+03,1.764705882352941e+00,32026016
9.291758318050728e+03,9.283698039821630e+03,1.764705882352941e+00,32026017
9.294201082359478e+03,9.292436376477125e+03,5.882352941176471e-01,32026025
9.294687355964656e+03,9.289393238317598e+03,1.764705882352941e+00,32026023
9.296205865080160e+03,9.293260804699595e+03,5.882352941176471e-01,32026026
9.296445941918489e+03,9.291151824271430e+03,1.764705882352941e+00,32026024
9.299711168375245e+03,9.297946462492892e+03,5.882352941176471e-01,32026028
9.300382600085230e+03,9.298617894202877e+03,5.882352941176471e-01,32026029
9.301077134276582e+03,9.299312428394229e+03,5.882352941176471e-01,32026030
9.304026126369209e+03,9.300496714604503e+03,1.176470588235294e+00,32026031
9.304484672500507e+03,9.300955260735801e+03,1.176470588235294e+00,32026032
9.307484888220474e+03,9.302190770573415e+03,1.764705882352941e+00,32026033
9.308859654521301e+03,9.307094948638948e+03,5.882352941176471e-01,32026034
9.309064310797488e+03,9.307299604915135e+03,5.882352941176471e-01,32026035
9.309517663828276e+03,9.307752957945923e+03,5.882352941176471e-01,32026036
9.311389410415270e+03,9.309624704532917e+03,5.882352941176471e-01,32026038
9.312814621901296e+03,9.311049916018943e+03,5.882352941176471e-01,32026039
9.313282568330254e+03,9.311517862447901e+03,5.882352941176471e-01,32026040
9.314153772168360e+03,9.308364598424723e+03,1.764705882352941e+00,32026037
9.314813300998128e+03,9.312592259058592e+03,5.882352941176471e-01,32026042
9.314813300998128e+03,9.311580642209895e+03,5.882352941176471e-01,32026041
9.317040305480314e+03,9.315275599597961e+03,5.882352941176471e-01,32026044
9.317201130343043e+03,9.315436424460690e+03,5.882352941176471e-01,32026045
9.318572999146524e+03,9.315847987546253e+03,5.882352941176471e-01,32026047
9.320337705028877e+03,9.317541145126289e+03,5.882352941176471e-01,32026049
9.320730542107749e+03,9.314811575165675e+03,1.764705882352941e+00,32026043
9.322102410911230e+03,9.319456117680594e+03,5.882352941176471e-01,32026051
9.322593378560086e+03,9.320828672677733e+03,5.882352941176471e-01,32026052
9.323867116793583e+03,9.321806220378562e+03,5.882352941176471e-01,32026053
9.324945888274195e+03,9.315611916722949e+03,1.176470588235294e+00,32026046
9.326710594156548e+03,9.317402157789697e+03,1.764705882352941e+00,32026048
9.326960537346220e+03,9.324225816690572e+03,5.882352941176471e-01,32026055
9.327575878506783e+03,9.319137433849519e+03,1.764705882352941e+00,32026050
9.328509603498984e+03,9.325320803058704e+03,5.882352941176471e-01,32026058
9.329032913808855e+03,9.326957392633890e+03,5.882352941176471e-01,32026062
9.329032913808855e+03,9.326762049346672e+03,5.882352941176471e-01,32026061
9.330274309381337e+03,9.328182425341601e+03,5.882352941176471e-01,32026063
9.331571621748221e+03,9.329806915865868e+03,5.882352941176471e-01,32026065
9.332450622305742e+03,9.330685916423389e+03,5.882352941176471e-01,32026066
9.334140312125001e+03,9.332375606242648e+03,5.882352941176471e-01,32026067
9.334327031455914e+03,9.328678210228447e+03,1.764705882352941e+00,32026064
9.339459587740767e+03,9.337694881858414e+03,5.882352941176471e-01,32026068
9.343123389828982e+03,9.341358683946629e+03,5.882352941176471e-01,32026070
9.344213989828450e+03,9.342449283946097e+03,5.882352941176471e-01,32026071
9.344925899696331e+03,9.339631782049273e+03,1.764705882352941e+00,32026069
9.346325199648494e+03,9.343260142805352e+03,5.882352941176471e-01,32026074
9.347973615752938e+03,9.342648239268442e+03,1.176470588235294e+00,32026072
9.349854611413200e+03,9.343718942453841e+03,1.764705882352941e+00,32026075
9.350336307121299e+03,9.345042189474240e+03,1.764705882352941e+00,32026076
9.351503986860495e+03,9.348388672367343e+03,5.882352941176471e-01,32026078
9.352101013003652e+03,9.349870509294950e+03,5.882352941176471e-01,32026081
9.353268692742848e+03,9.347497270151225e+03,1.176470588235294e+00,32026077
9.353384023177906e+03,9.349740240320992e+03,1.176470588235294e+00,32026080
9.354735052305633e+03,9.352970346423280e+03,5.882352941176471e-01,32026082
9.358477715550794e+03,9.354948303786088e+03,1.176470588235294e+00,32026083
9.360751834893591e+03,9.358987129011238e+03,5.882352941176471e-01,32026086
9.361277112458560e+03,9.355982994811501e+03,1.764705882352941e+00,32026084
9.361919038155908e+03,9.356624920508849e+03,1.764705882352941e+00,32026085
9.363508090080313e+03,9.361743384197961e+03,5.882352941176471e-01,32026087
9.364550352673361e+03,9.362785646791009e+03,5.882352941176471e-01,32026088
9.365835729442937e+03,9.364071023560584e+03,5.882352941176471e-01,32026089
9.367777118237333e+03,9.366012412354980e+03,5.882352941176471e-01,32026091
9.369401009812475e+03,9.367155382923529e+03,5.882352941176471e-01,32026093
9.371165715694828e+03,9.369276501065965e+03,5.882352941176471e-01,32026095
9.372552890726305e+03,9.365730783740558e+03,1.764705882352941e+00,32026090
9.372930421577181e+03,9.367281242192801e+03,1.764705882352941e+00,32026094
9.373334246079335e+03,9.370020844772919e+03,5.882352941176471e-01,32026096
9.376459833341887e+03,9.372873812300088e+03,1.176470588235294e+00,32026099
9.377847008373364e+03,9.371973364699136e+03,1.764705882352941e+00,32026098
9.379989245106592e+03,9.373695538541865e+03,1.764705882352941e+00,32026100
9.380754362071276e+03,9.374865545771571e+03,1.764705882352941e+00,32026101
9.381376420138070e+03,9.378473204195191e+03,5.882352941176471e-01,32026103
9.382519067953629e+03,9.380350348023811e+03,5.882352941176471e-01,32026105
9.383141126020423e+03,9.377605625975539e+03,1.176470588235294e+00,32026102
9.383518656871298e+03,9.379819769498572e+03,1.176470588235294e+00,32026104
9.384569011035919e+03,9.382804305153566e+03,5.882352941176471e-01,32026106
9.385808998515094e+03,9.384044292632741e+03,5.882352941176471e-01,32026107
9.385958074938688e+03,9.384193369056335e+03,5.882352941176471e-01,32026108
9.386906701121297e+03,9.385141995238944e+03,5.882352941176471e-01,32026109
9.387667357475939e+03,9.385902651593586e+03,5.882352941176471e-01,32026110
9.389539906024112e+03,9.387775200141759e+03,5.882352941176471e-01,32026111
9.391304611906465e+03,9.388660370135516e+03,5.882352941176471e-01,32026114
9.393283554079078e+03,9.390653213201894e+03,5.882352941176471e-01,32026115
9.393390672224208e+03,9.388096554577149e+03,1.764705882352941e+00,32026112
9.393395712725685e+03,9.388101595078626e+03,1.764705882352941e+00,32026113
9.395101819033996e+03,9.392279185530508e+03,5.882352941176471e-01,32026118
9.397446697624678e+03,9.395681991742325e+03,5.882352941176471e-01,32026120
9.398631230798702e+03,9.392648359129669e+03,1.764705882352941e+00,32026119
9.400976109389384e+03,9.397094643864528e+03,1.176470588235294e+00,32026122
9.401062309427167e+03,9.395768191780108e+03,1.764705882352941e+00,32026121
9.401300167777860e+03,9.399535461895507e+03,5.882352941176471e-01,32026123
9.405004954731440e+03,9.403240248849087e+03,5.882352941176471e-01,32026127
9.406513497682618e+03,9.404541978696115e+03,5.882352941176471e-01,32026128
9.408214137204439e+03,9.401358810166800e+03,1.764705882352941e+00,32026124
9.409256604791469e+03,9.402984085917912e+03,1.764705882352941e+00,32026125
9.409978843086792e+03,9.408184772938653e+03,5.882352941176471e-01,32026130
9.411021310673822e+03,9.409116227144061e+03,5.882352941176471e-01,32026131
9.411972517457689e+03,9.406678399810631e+03,1.764705882352941e+00,32026129
9.414977138273648e+03,9.413212432391295e+03,5.882352941176471e-01,32026134
9.416741844156001e+03,9.412107356261922e+03,1.176470588235294e+00,32026133
9.417308692291844e+03,9.411648501744834e+03,1.764705882352941e+00,32026132
9.418506550038354e+03,9.416492253598857e+03,5.882352941176471e-01,32026136
9.418800106891383e+03,9.413505989244324e+03,1.764705882352941e+00,32026135
9.420271255920707e+03,9.418006740256710e+03,5.882352941176471e-01,32026138
9.421782412525448e+03,9.420017706643096e+03,5.882352941176471e-01,32026139
9.422602809938903e+03,9.416862961499266e+03,1.764705882352941e+00,32026137
9.423319601954678e+03,9.421554896072325e+03,5.882352941176471e-01,32026140
9.424017644298991e+03,9.422252938416638e+03,5.882352941176471e-01,32026141
9.425416663957880e+03,9.423651958075527e+03,5.882352941176471e-01,32026142
9.425475901401188e+03,9.423711195518835e+03,5.882352941176471e-01,32026143
9.427767487334308e+03,9.426002781451955e+03,5.882352941176471e-01,32026144
9.429545378996089e+03,9.427780673113736e+03,5.882352941176471e-01,32026145
9.431218383142578e+03,9.429453677260225e+03,5.882352941176471e-01,32026146
9.433186249496228e+03,9.431421543613875e+03,5.882352941176471e-01,32026147
9.435750862357909e+03,9.433986156475556e+03,5.882352941176471e-01,32026148
9.437226812053356e+03,9.435462106171003e+03,5.882352941176471e-01,32026149
9.437679842895048e+03,9.435915137012695e+03,5.882352941176471e-01,32026150
9.437805716996622e+03,9.436041011114269e+03,5.882352941176471e-01,32026151
9.439218033356555e+03,9.436621391412466e+03,5.882352941176471e-01,32026153
9.439218033356555e+03,9.436578696197343e+03,5.882352941176471e-01,32026152
9.440026158421700e+03,9.438261452539347e+03,5.882352941176471e-01,32026154
9.440982739238908e+03,9.438412145651268e+03,5.882352941176471e-01,32026155
9.441541775313930e+03,9.439777069431577e+03,5.882352941176471e-01,32026156
9.443896138063270e+03,9.442131432180917e+03,5.882352941176471e-01,32026158
9.445494794684858e+03,9.443730088802505e+03,5.882352941176471e-01,32026159
9.446525118561524e+03,9.441231000914465e+03,1.764705882352941e+00,32026157
9.449154562955418e+03,9.447389857073065e+03,5.882352941176471e-01,32026162
9.449623995171769e+03,9.444329877524710e+03,1.764705882352941e+00,32026160
9.450664102253573e+03,9.448322514671222e+03,5.882352941176471e-01,32026163
9.450919268837771e+03,9.447134690488867e+03,1.176470588235294e+00,32026161
9.451388701054121e+03,9.449500198326205e+03,5.882352941176471e-01,32026164
9.453312800346054e+03,9.451548094463701e+03,5.882352941176471e-01,32026166
9.454193514018279e+03,9.449946013688271e+03,1.176470588235294e+00,32026165
9.454421825674714e+03,9.452657119792361e+03,5.882352941176471e-01,32026167
9.455077506228406e+03,9.452799472082641e+03,5.882352941176471e-01,32026168
9.458909170838848e+03,9.456887317308239e+03,5.882352941176471e-01,32026172
9.460045962434076e+03,9.458008948990521e+03,5.882352941176471e-01,32026173
9.460254012884451e+03,9.454959895237392e+03,1.764705882352941e+00,32026169
9.461966706154210e+03,9.459565721800418e+03,5.882352941176471e-01,32026176
9.462438582603554e+03,9.460489520751218e+03,5.882352941176471e-01,32026179
9.463731412036563e+03,9.461470789231811e+03,5.882352941176471e-01,32026181
9.463731412036563e+03,9.460985696568296e+03,5.882352941176471e-01,32026180
9.464203288485907e+03,9.462414079210716e+03,5.882352941176471e-01,32026182
9.465653410068697e+03,9.463074510443172e+03,5.882352941176471e-01,32026183
9.467484997026297e+03,9.464210009264255e+03,5.882352941176471e-01,32026186
9.467484997026297e+03,9.464449763218430e+03,5.882352941176471e-01,32026187
9.467484997026297e+03,9.464638019690619e+03,5.882352941176471e-01,32026188
9.469249702908650e+03,9.466064421190651e+03,5.882352941176471e-01,32026191
9.469249702908650e+03,9.465920934369684e+03,5.882352941176471e-01,32026190
9.471139917894644e+03,9.467919885972549e+03,5.882352941176471e-01,32026193
9.471139917894644e+03,9.468265121823722e+03,5.882352941176471e-01,32026194
9.472966499624571e+03,9.471201793742218e+03,5.882352941176471e-01,32026196
9.474731205506924e+03,9.472217162269673e+03,5.882352941176471e-01,32026197
9.475314425382953e+03,9.456516550669370e+03,1.764705882352941e+00,32026171
9.475314425382953e+03,9.455379759074142e+03,1.764705882352941e+00,32026170
9.476884724639963e+03,9.474126206140338e+03,5.882352941176471e-01,32026200
9.478811661437253e+03,9.469067877051808e+03,1.176470588235294e+00,32026195
9.480576367319606e+03,9.473182732169545e+03,1.764705882352941e+00,32026198
9.480576367319606e+03,9.467861524337221e+03,1.764705882352941e+00,32026192
9.482341073201959e+03,9.479417626383324e+03,5.882352941176471e-01,32026202
9.483543881360877e+03,9.481779175478524e+03,5.882352941176471e-01,32026203
9.484105779084312e+03,9.477533648299711e+03,1.764705882352941e+00,32026201
9.485683185725520e+03,9.483053532897106e+03,5.882352941176471e-01,32026205
9.487447891607873e+03,9.485648764538612e+03,5.882352941176471e-01,32026209
9.487447891607873e+03,9.485154378040119e+03,5.882352941176471e-01,32026208
9.488155641543499e+03,9.482861523896441e+03,1.764705882352941e+00,32026204
9.489448514135434e+03,9.485709901104801e+03,5.882352941176471e-01,32026210
9.489448514135434e+03,9.486155489647602e+03,5.882352941176471e-01,32026211
9.489448514135434e+03,9.486241670098180e+03,5.882352941176471e-01,32026212
9.491213220017787e+03,9.483225612207632e+03,1.176470588235294e+00,32026206
9.491558180737123e+03,9.489793474854770e+03,5.882352941176471e-01,32026214
9.492977925900140e+03,9.490615293117784e+03,5.882352941176471e-01,32026216
9.492977925900140e+03,9.490414154656990e+03,5.882352941176471e-01,32026215
9.495087592501829e+03,9.489279544396077e+03,1.764705882352941e+00,32026213
9.497168787421515e+03,9.495404081539162e+03,5.882352941176471e-01,32026219
9.498272043547199e+03,9.492079656951643e+03,1.764705882352941e+00,32026217
9.498933493303868e+03,9.496970948035485e+03,5.882352941176471e-01,32026223
9.500467567618229e+03,9.496681678516949e+03,1.176470588235294e+00,32026220
9.501801455311905e+03,9.495107865607246e+03,1.764705882352941e+00,32026218
9.508782360160722e+03,9.507017654278369e+03,5.882352941176471e-01,32026225
9.508889024508917e+03,9.503594906861859e+03,1.764705882352941e+00,32026224
9.509050257732699e+03,9.507285551850346e+03,5.882352941176471e-01,32026226
9.510547066043075e+03,9.507537341959858e+03,5.882352941176471e-01,32026227
9.512366921653336e+03,9.510602215770983e+03,5.882352941176471e-01,32026230
9.513371445729836e+03,9.511333486959246e+03,5.882352941176471e-01,32026231
9.514165970615880e+03,9.511818458482598e+03,5.882352941176471e-01,32026232
9.514183142155976e+03,9.508785874056799e+03,1.764705882352941e+00,32026228
9.517671738317575e+03,9.509842033965130e+03,1.176470588235294e+00,32026229
9.520120480794847e+03,9.513640302582642e+03,1.764705882352941e+00,32026236
9.520120480794847e+03,9.512431117612126e+03,1.764705882352941e+00,32026235
9.521543168379740e+03,9.518775430481576e+03,5.882352941176471e-01,32026241
9.521543168379740e+03,9.518667909359903e+03,5.882352941176471e-01,32026240
9.522596530469647e+03,9.514546785148588e+03,1.176470588235294e+00,32026238
9.523482093804688e+03,9.521717387922335e+03,5.882352941176471e-01,32026242
9.524361236352000e+03,9.517273012236530e+03,1.764705882352941e+00,32026239
9.528715578936127e+03,9.524438530964444e+03,1.176470588235294e+00,32026244
9.529316067586560e+03,9.524021949939501e+03,1.764705882352941e+00,32026243
9.530164489882598e+03,9.525302213506634e+03,1.176470588235294e+00,32026245
9.531929195764951e+03,9.526319283182009e+03,1.764705882352941e+00,32026246
9.532080142350463e+03,9.530315436468110e+03,5.882352941176471e-01,32026247
9.533807111586438e+03,9.530966348911880e+03,5.882352941176471e-01,32026249
9.534392189715969e+03,9.532627483833616e+03,5.882352941176471e-01,32026253
9.535571817468791e+03,9.533335710233419e+03,5.882352941176471e-01,32026254
9.537230182185486e+03,9.530756436785606e+03,1.764705882352941e+00,32026248
9.537336523351144e+03,9.535409194429204e+03,5.882352941176471e-01,32026255
9.537921601480675e+03,9.531183482450005e+03,1.764705882352941e+00,32026250
9.539048058650668e+03,9.536241952850189e+03,5.882352941176471e-01,32026257
9.539048058650668e+03,9.536052076002999e+03,5.882352941176471e-01,32026256
9.542003748686782e+03,9.540239042804429e+03,5.882352941176471e-01,32026258
9.545546601341474e+03,9.542603493355599e+03,5.882352941176471e-01,32026262
9.545551081638136e+03,9.540256963991077e+03,1.764705882352941e+00,32026259
9.545669390878898e+03,9.540375273231839e+03,1.764705882352941e+00,32026260
9.547313547372158e+03,9.545171242386773e+03,5.882352941176471e-01,32026267
9.549078253254511e+03,9.546282631032207e+03,5.882352941176471e-01,32026268
9.549078253254511e+03,9.546760230604039e+03,5.882352941176471e-01,32026269
9.549198802643604e+03,9.540747137499200e+03,1.764705882352941e+00,32026261
9.550869671933624e+03,9.549104966051271e+03,5.882352941176471e-01,32026270
9.552171440319344e+03,9.550406734436991e+03,5.882352941176471e-01,32026271
9.552607665019217e+03,9.544510190575370e+03,1.764705882352941e+00,32026266
9.553261075807451e+03,9.551496369925098e+03,5.882352941176471e-01,32026272
9.555700852084050e+03,9.553800884670587e+03,5.882352941176471e-01,32026276
9.557137575455276e+03,9.554215381970064e+03,5.882352941176471e-01,32026277
9.557465557966403e+03,9.555509780547160e+03,5.882352941176471e-01,32026281
9.558902281337629e+03,9.556821231212322e+03,5.882352941176471e-01,32026283
9.560666987219982e+03,9.558845849997064e+03,5.882352941176471e-01,32026286
9.560666987219982e+03,9.558445846261381e+03,5.882352941176471e-01,32026285
9.562431693102335e+03,9.559823591479772e+03,5.882352941176471e-01,32026287
9.562751671465881e+03,9.556745596123865e+03,1.176470588235294e+00,32026282
9.563204671336724e+03,9.551872024436676e+03,1.764705882352941e+00,32026273
9.564356388166461e+03,9.561306943947075e+03,5.882352941176471e-01,32026288
9.565191641211711e+03,9.563426935329358e+03,5.882352941176471e-01,32026290
9.567885799931167e+03,9.562286911143169e+03,1.764705882352941e+00,32026289
9.569236563993452e+03,9.567043041922655e+03,5.882352941176471e-01,32026296
9.569236563993452e+03,9.566947453740154e+03,5.882352941176471e-01,32026295
9.570688741803600e+03,9.564144679518656e+03,1.176470588235294e+00,32026291
9.572453447685953e+03,9.570226598836755e+03,5.882352941176470e-01,32026297
9.572453447685953e+03,9.565478627208492e+03,1.764705882352941e+00,32026293
9.572453447685953e+03,9.565293210408679e+03,1.764705882352941e+00,32026292
9.574218153568306e+03,9.571825280914376e+03,5.882352941176471e-01,32026298
9.574218153568306e+03,9.572398230746967e+03,5.882352941176471e-01,32026300
9.575982859450659e+03,9.572665509990618e+03,5.882352941176471e-01,32026301
9.577747565333012e+03,9.571914280442636e+03,1.764705882352941e+00,32026299
9.581319158230909e+03,9.574404883133428e+03,1.764705882352941e+00,32026302
9.581359282341275e+03,9.579019320965600e+03,5.882352941176471e-01,32026308
9.583351469778147e+03,9.581586763895794e+03,5.882352941176471e-01,32026310
9.583352198151564e+03,9.575122217480165e+03,1.764705882352941e+00,32026303
9.586747078710410e+03,9.583946980993887e+03,5.882352941176471e-01,32026313
9.587065260560172e+03,9.577829870576569e+03,1.764705882352941e+00,32026306
9.590435581399997e+03,9.580008815181604e+03,1.764705882352941e+00,32026309
9.590435581399997e+03,9.582613928325743e+03,1.764705882352941e+00,32026311
9.590435581399997e+03,9.583238263269102e+03,1.764705882352941e+00,32026312
9.593964993164703e+03,9.591320028948112e+03,5.882352941176471e-01,32026319
9.595729699047056e+03,9.593172027402995e+03,5.882352941176471e-01,32026320
9.595729699047056e+03,9.593431819534563e+03,5.882352941176471e-01,32026321
9.596377525794153e+03,9.587196572593575e+03,1.764705882352941e+00,32026315
9.597494404929409e+03,9.594227329347239e+03,5.882352941176471e-01,32026322
9.599259110811762e+03,9.590682135731422e+03,1.764705882352941e+00,32026318
9.601212368716092e+03,9.599447662833739e+03,5.882352941176471e-01,32026324
9.603006117624358e+03,9.601241411742005e+03,5.882352941176471e-01,32026325
9.603215656269092e+03,9.601450950386739e+03,5.882352941176471e-01,32026326
9.603877661964229e+03,9.598583544317170e+03,1.764705882352941e+00,32026323
9.606896910245826e+03,9.605132204363473e+03,5.882352941176471e-01,32026327
9.607840596076401e+03,9.606075890194048e+03,5.882352941176471e-01,32026328
9.613436387909663e+03,9.611671682027310e+03,5.882352941176471e-01,32026330
9.613610968898424e+03,9.610081557133718e+03,1.176470588235294e+00,32026329
9.618323451750371e+03,9.616558745868018e+03,5.882352941176471e-01,32026332
9.619261741560749e+03,9.613967623913690e+03,1.764705882352941e+00,32026331
9.620754368077058e+03,9.618989662194705e+03,5.882352941176471e-01,32026333
9.622526797498837e+03,9.620762091616484e+03,5.882352941176471e-01,32026334
9.623605010147117e+03,9.621840304264764e+03,5.882352941176471e-01,32026336
9.624291503381190e+03,9.622146543015019e+03,5.882352941176471e-01,32026337
9.624612679496698e+03,9.621083267731992e+03,1.176470588235294e+00,32026335
9.626684626269157e+03,9.624919920386804e+03,5.882352941176471e-01,32026339
9.626966543352861e+03,9.625201837470508e+03,5.882352941176471e-01,32026340
9.627981733833223e+03,9.626182556937034e+03,5.882352941176471e-01,32026341
9.630214038033863e+03,9.624452322068517e+03,1.764705882352941e+00,32026338
9.630509753220916e+03,9.626980341456210e+03,1.176470588235294e+00,32026342
9.631895904503695e+03,9.629412163334295e+03,5.882352941176471e-01,32026344
9.631978743916215e+03,9.628366492738989e+03,1.176470588235294e+00,32026343
9.636068882760695e+03,9.634304176878342e+03,5.882352941176471e-01,32026346
9.636327333754127e+03,9.634562627871774e+03,5.882352941176471e-01,32026347
9.637717429038912e+03,9.632423311391854e+03,1.764705882352941e+00,32026345
9.637962814139763e+03,9.635842437116995e+03,5.882352941176471e-01,32026348
9.640465045443979e+03,9.638700339561626e+03,5.882352941176471e-01,32026350
9.640724048223835e+03,9.638959342341482e+03,5.882352941176471e-01,32026351
9.641492225904469e+03,9.635982971351454e+03,1.764705882352941e+00,32026349
9.642229751326332e+03,9.639314342072036e+03,5.882352941176471e-01,32026352
9.645034600230808e+03,9.643269894348455e+03,5.882352941176471e-01,32026354
9.645616397722949e+03,9.643851691840596e+03,5.882352941176471e-01,32026355
9.645742306319281e+03,9.642212894554575e+03,1.176470588235294e+00,32026353
9.647135681775674e+03,9.645370975893321e+03,5.882352941176471e-01,32026356
9.647576100694358e+03,9.645811394812005e+03,5.882352941176471e-01,32026357
9.647730198741100e+03,9.645965492858748e+03,5.882352941176471e-01,32026358
9.648900387658027e+03,9.646562116143777e+03,5.882352941176471e-01,32026359
9.649417855600082e+03,9.647395225814215e+03,5.882352941176471e-01,32026361
9.649417855600082e+03,9.647302356049860e+03,5.882352941176471e-01,32026360
9.650777619126634e+03,9.647830234019638e+03,5.882352941176471e-01,32026362
9.651206133014596e+03,9.649125438830535e+03,5.882352941176471e-01,32026364
9.652970838896949e+03,9.650882571501316e+03,5.882352941176471e-01,32026370
9.654376999141128e+03,9.651721823017681e+03,5.882352941176471e-01,32026371
9.654735544779302e+03,9.649204663840328e+03,1.764705882352941e+00,32026365
9.656320977842568e+03,9.654041925289030e+03,5.882352941176471e-01,32026374
9.656320977842568e+03,9.653379061107579e+03,5.882352941176471e-01,32026373
9.658262843167901e+03,9.656498137285548e+03,5.882352941176471e-01,32026376
9.658686374864114e+03,9.649488570196565e+03,1.764705882352941e+00,32026367
9.659968495902594e+03,9.657359437172433e+03,5.882352941176471e-01,32026378
9.659968495902594e+03,9.656561920809269e+03,5.882352941176471e-01,32026377
9.661733201784947e+03,9.655578381419515e+03,1.176470588235294e+00,32026375
9.663980492511173e+03,9.658326031610653e+03,1.764705882352941e+00,32026380
9.667232917855653e+03,9.661938800208594e+03,1.764705882352941e+00,32026381
9.667864504080721e+03,9.666099798198368e+03,5.882352941176471e-01,32026383
9.670705620606991e+03,9.665411502959932e+03,1.764705882352941e+00,32026382
9.671499607728144e+03,9.667970195963439e+03,1.176470588235294e+00,32026384
9.676786436503995e+03,9.673257024739289e+03,1.176470588235294e+00,32026385
9.678104954159674e+03,9.676340248277321e+03,5.882352941176471e-01,32026387
9.679940837391336e+03,9.678176131508983e+03,5.882352941176471e-01,32026389
9.681503944156319e+03,9.676209826509260e+03,1.764705882352941e+00,32026386
9.682123678380393e+03,9.676829560733334e+03,1.764705882352941e+00,32026388
9.683269499728351e+03,9.680259088050749e+03,5.882352941176471e-01,32026392
9.683629374485748e+03,9.681505218690838e+03,5.882352941176471e-01,32026395
9.685034205610704e+03,9.682649490972584e+03,5.882352941176471e-01,32026396
9.685442352208534e+03,9.683677646326181e+03,5.882352941176471e-01,32026397
9.685653090145099e+03,9.678883769191400e+03,1.764705882352941e+00,32026390
9.686830806757991e+03,9.684085408014487e+03,5.882352941176471e-01,32026398
9.687207058090887e+03,9.685097996140571e+03,5.882352941176471e-01,32026400
9.688934877702578e+03,9.687170171820225e+03,5.882352941176471e-01,32026401
9.691017374332794e+03,9.689252668450442e+03,5.882352941176471e-01,32026403
9.692816319681479e+03,9.689790434936211e+03,5.882352941176471e-01,32026405
9.692850559147812e+03,9.687556441500753e+03,1.764705882352941e+00,32026402
9.694581025563832e+03,9.691551233145497e+03,5.882352941176471e-01,32026407
9.694652123462619e+03,9.689358005815560e+03,1.764705882352941e+00,32026404
9.699252454564300e+03,9.693958336917241e+03,1.764705882352941e+00,32026408
9.700055403431003e+03,9.697724327858226e+03,5.882352941176471e-01,32026411
9.701619372096681e+03,9.698798438001830e+03,5.882352941176471e-01,32026413
9.701619372096681e+03,9.699096241886995e+03,5.882352941176471e-01,32026415
9.705170067342442e+03,9.702343393538682e+03,5.882352941176471e-01,32026419
9.705691799942888e+03,9.696430486216922e+03,1.764705882352941e+00,32026409
9.706934773224795e+03,9.703541247073955e+03,5.882352941176471e-01,32026423
9.708077992466194e+03,9.705445141700982e+03,5.882352941176471e-01,32026425
9.709239268006197e+03,9.707474562123844e+03,5.882352941176471e-01,32026426
9.709842698348547e+03,9.707733885030148e+03,5.882352941176471e-01,32026427
9.711299426718105e+03,9.708447273808659e+03,5.882352941176471e-01,32026428
9.711607404230900e+03,9.709682447250529e+03,5.882352941176471e-01,32026431
9.711749418012987e+03,9.700650303364092e+03,1.764705882352941e+00,32026417
9.713269450942321e+03,9.710604509627426e+03,5.882352941176471e-01,32026433
9.713269450942321e+03,9.710004446406488e+03,5.882352941176471e-01,32026432
9.713514123895339e+03,9.705364635114141e+03,1.176470588235294e+00,32026424
9.715034156824674e+03,9.711939914722463e+03,5.882352941176471e-01,32026435
9.716980842595729e+03,9.713451430831023e+03,1.176470588235294e+00,32026436
9.717160943682737e+03,9.715396237800384e+03,5.882352941176471e-01,32026437
9.718745548478082e+03,9.716877407218638e+03,5.882352941176471e-01,32026439
9.719050878316303e+03,9.717286172433950e+03,5.882352941176471e-01,32026440
9.721537666642552e+03,9.716243548995493e+03,1.764705882352941e+00,32026438
9.723038566061671e+03,9.719509154296965e+03,1.176470588235294e+00,32026441
9.724051243054981e+03,9.722286537172628e+03,5.882352941176471e-01,32026442
9.724063375880394e+03,9.722298669998041e+03,5.882352941176471e-01,32026443
9.725309610440679e+03,9.722610909244563e+03,5.882352941176471e-01,32026444
9.726117409098164e+03,9.724352703215811e+03,5.882352941176471e-01,32026446
9.728839022205385e+03,9.724979084040646e+03,1.176470588235294e+00,32026447
9.729646820862870e+03,9.722956261128301e+03,1.764705882352941e+00,32026445
9.730603728087738e+03,9.725049756476582e+03,1.764705882352941e+00,32026448
9.730783214282542e+03,9.727949265347861e+03,5.882352941176471e-01,32026449
9.731889980357657e+03,9.729108251497591e+03,5.882352941176471e-01,32026452
9.733654686240010e+03,9.731339731680254e+03,5.882352941176471e-01,32026455
9.734866009084805e+03,9.732427152684083e+03,5.882352941176471e-01,32026456
9.735419392122363e+03,9.729281341556471e+03,1.764705882352941e+00,32026453
9.736630714967158e+03,9.733758889472752e+03,5.882352941176471e-01,32026458
9.738653392164783e+03,9.730749212924425e+03,1.764705882352941e+00,32026454
9.738948803887068e+03,9.735381951715349e+03,1.176470588235294e+00,32026459
9.742053818271853e+03,9.739517551374443e+03,5.882352941176471e-01,32026463
9.742478215651774e+03,9.736484685083700e+03,1.764705882352941e+00,32026460
9.743818524154206e+03,9.742035438434585e+03,5.882352941176471e-01,32026466
9.743818524154206e+03,9.741634333824845e+03,5.882352941176471e-01,32026465
9.744242921534127e+03,9.742148404171342e+03,5.882352941176471e-01,32026467
9.747489401712219e+03,9.737623405596903e+03,1.764705882352941e+00,32026461
9.747489401712219e+03,9.738164387442531e+03,1.764705882352941e+00,32026462
9.747489401712219e+03,9.740121310066197e+03,1.764705882352941e+00,32026464
9.752783519359278e+03,9.750763629596437e+03,5.882352941176471e-01,32026472
9.753118220540133e+03,9.746848624034120e+03,1.764705882352941e+00,32026469
9.753118220540133e+03,9.746496694643457e+03,1.764705882352941e+00,32026468
9.754771359362201e+03,9.751487212146736e+03,5.882352941176471e-01,32026474
9.754771359362201e+03,9.752776192788827e+03,5.882352941176471e-01,32026475
9.756536065244554e+03,9.748158804073930e+03,1.176470588235294e+00,32026470
9.756536065244554e+03,9.751472238675191e+03,1.176470588235294e+00,32026473
9.758300771126907e+03,9.748662587022757e+03,1.764705882352941e+00,32026471
9.761830182891613e+03,9.756249015268137e+03,1.764705882352941e+00,32026476
9.762576078405992e+03,9.757281960758933e+03,1.764705882352941e+00,32026477
9.763893048879757e+03,9.758598931232698e+03,1.764705882352941e+00,32026478
9.764340784288345e+03,9.762501254099569e+03,5.882352941176471e-01,32026480
9.767124300538672e+03,9.761183877848816e+03,1.764705882352941e+00,32026479
9.767181111985524e+03,9.765416406103171e+03,5.882352941176471e-01,32026482
9.768454329796973e+03,9.765528890188785e+03,5.882352941176471e-01,32026483
9.770219035679326e+03,9.767912812415726e+03,5.882352941176471e-01,32026486
9.770710523750229e+03,9.764900372072135e+03,1.764705882352941e+00,32026481
9.770787825286699e+03,9.769023119404346e+03,5.882352941176471e-01,32026487
9.773614334460711e+03,9.766714169874753e+03,1.764705882352941e+00,32026485
9.774701208682453e+03,9.772936502800100e+03,5.882352941176471e-01,32026489
9.776380359381890e+03,9.773884656148823e+03,5.882352941176471e-01,32026491
9.776465914564806e+03,9.774658122386859e+03,5.882352941176471e-01,32026492
9.777143746225417e+03,9.775034822223871e+03,5.882352941176471e-01,32026493
9.778187842855701e+03,9.776332473248883e+03,5.882352941176471e-01,32026495
9.778908452107769e+03,9.776989864751125e+03,5.882352941176471e-01,32026496
9.779952548738054e+03,9.778046832903751e+03,5.882352941176471e-01,32026498
9.779952548738054e+03,9.777894521095065e+03,5.882352941176471e-01,32026497
9.781957457704430e+03,9.773025305382115e+03,1.176470588235294e+00,32026490
9.783722163586783e+03,9.776299486416150e+03,1.764705882352941e+00,32026494
9.783722163586783e+03,9.772850947617184e+03,1.764705882352941e+00,32026488
9.785486869469136e+03,9.782262948257807e+03,5.882352941176471e-01,32026501
9.785486869469136e+03,9.782901303903025e+03,5.882352941176471e-01,32026503
9.787559014749019e+03,9.781717919126142e+03,1.176470588235294e+00,32026500
9.789323720631372e+03,9.778422544461049e+03,1.764705882352941e+00,32026499
9.792801892496489e+03,9.786409187661727e+03,1.764705882352941e+00,32026507
9.792801892496489e+03,9.784990073640356e+03,1.764705882352941e+00,32026506
9.796305684311401e+03,9.793080200418851e+03,5.882352941176471e-01,32026513
9.796331304261195e+03,9.789695237078175e+03,1.764705882352941e+00,32026510
9.796331304261195e+03,9.788885011448818e+03,1.764705882352941e+00,32026509
9.799835096076107e+03,9.794820199925391e+03,1.176470588235294e+00,32026515
9.799860716025901e+03,9.792160221506973e+03,1.764705882352941e+00,32026512
9.800559835246156e+03,9.798795129363803e+03,5.882352941176471e-01,32026516
9.801599801958460e+03,9.799045733655517e+03,5.882352941176471e-01,32026517
9.804240116022282e+03,9.802475410139929e+03,5.882352941176471e-01,32026520
9.805591015674260e+03,9.802061603909554e+03,1.176470588235294e+00,32026518
9.806722045905890e+03,9.804957340023537e+03,5.882352941176471e-01,32026521
9.807444356031350e+03,9.802150238384291e+03,1.764705882352941e+00,32026519
9.807572865980574e+03,9.805808160098221e+03,5.882352941176471e-01,32026522
9.810248883688751e+03,9.808484177806398e+03,5.882352941176471e-01,32026524
9.810437674807652e+03,9.808672968925299e+03,5.882352941176471e-01,32026525
9.810924249740519e+03,9.809159543858166e+03,5.882352941176471e-01,32026526
9.812198366732518e+03,9.807390824018326e+03,1.176470588235294e+00,32026523
9.813577519486896e+03,9.811812813604543e+03,5.882352941176471e-01,32026528
9.813778295453457e+03,9.809552223726063e+03,1.176470588235294e+00,32026527
9.815243606375812e+03,9.813478900493459e+03,5.882352941176471e-01,32026529
9.815540818509760e+03,9.813776112627407e+03,5.882352941176471e-01,32026530
9.819259606851155e+03,9.813965489204097e+03,1.764705882352941e+00,32026531
9.820537724022871e+03,9.814408544426700e+03,1.764705882352941e+00,32026532
9.821489086285123e+03,9.819724380402771e+03,5.882352941176471e-01,32026533
9.822474076561523e+03,9.820709370679170e+03,5.882352941176471e-01,32026535
9.824514011994467e+03,9.822749306112114e+03,5.882352941176471e-01,32026536
9.825207803386275e+03,9.819913685739216e+03,1.764705882352941e+00,32026534
9.826149112202683e+03,9.824384406320330e+03,5.882352941176471e-01,32026537
9.830506416427185e+03,9.828741710544832e+03,5.882352941176471e-01,32026539
9.831742247576845e+03,9.828212835812139e+03,1.176470588235294e+00,32026538
9.832368367271246e+03,9.830603661388893e+03,5.882352941176471e-01,32026540
9.832826600188718e+03,9.831061894306365e+03,5.882352941176471e-01,32026541
9.833506953459198e+03,9.831726760789066e+03,5.882352941176471e-01,32026542
9.836991447981744e+03,9.835226742099391e+03,5.882352941176471e-01,32026545
9.838540699576160e+03,9.833246581929101e+03,1.764705882352941e+00,32026543
9.838631217026929e+03,9.836480666123775e+03,5.882352941176471e-01,32026546
9.838834505669335e+03,9.837069799786982e+03,5.882352941176471e-01,32026547
9.840350664183898e+03,9.838175480896490e+03,5.882352941176471e-01,32026549
9.840350664183898e+03,9.837696937323452e+03,5.882352941176471e-01,32026548
9.840520859746450e+03,9.835101805262223e+03,1.176470588235294e+00,32026544
9.843787169115073e+03,9.842022463232720e+03,5.882352941176471e-01,32026552
9.844564738611762e+03,9.842184017306513e+03,5.882352941176471e-01,32026553
9.845500763319903e+03,9.841035326847056e+03,1.176470588235294e+00,32026550
9.846917047273147e+03,9.845152341390794e+03,5.882352941176471e-01,32026554
9.847265469202256e+03,9.841920239877675e+03,1.764705882352941e+00,32026551
9.848904730715735e+03,9.847140024833382e+03,5.882352941176471e-01,32026556
9.851457600254855e+03,9.846163482607796e+03,1.764705882352941e+00,32026555
9.852790859268987e+03,9.851026153386634e+03,5.882352941176471e-01,32026557
9.854670371493750e+03,9.851140959729044e+03,1.176470588235294e+00,32026558
9.856212163179892e+03,9.852682751415186e+03,1.176470588235294e+00,32026559
9.856713787705290e+03,9.854949081822937e+03,5.882352941176471e-01,32026561
9.857316311149865e+03,9.853786899385159e+03,1.176470588235294e+00,32026560
9.863280117405226e+03,9.861515411522874e+03,5.882352941176471e-01,32026564
9.864012620803753e+03,9.858718503156694e+03,1.764705882352941e+00,32026562
9.866699338222270e+03,9.861405220575211e+03,1.764705882352941e+00,32026563
9.868991662821459e+03,9.865462251056753e+03,1.176470588235294e+00,32026565
9.869961625080911e+03,9.868196919198558e+03,5.882352941176471e-01,32026566
9.870189661539218e+03,9.868424955656865e+03,5.882352941176471e-01,32026567
9.870756368703812e+03,9.868495898282229e+03,5.882352941176471e-01,32026568
9.871876049333761e+03,9.869009551194924e+03,5.882352941176471e-01,32026569
9.871954367421571e+03,9.870186202636657e+03,5.882352941176471e-01,32026572
9.874010502580971e+03,9.872245796698618e+03,5.882352941176471e-01,32026573
9.874156198257389e+03,9.872391492375036e+03,5.882352941176471e-01,32026574
9.876019321743503e+03,9.872489909978798e+03,1.176470588235294e+00,32026575
9.879158579389230e+03,9.877393873506877e+03,5.882352941176471e-01,32026577
9.879304620228029e+03,9.872737984050736e+03,1.764705882352941e+00,32026576
9.884790815253454e+03,9.883026109371101e+03,5.882352941176471e-01,32026579
9.885762491499047e+03,9.883997785616694e+03,5.882352941176471e-01,32026580
9.885972584101653e+03,9.880678466454595e+03,1.764705882352941e+00,32026578
9.890168606587065e+03,9.884874488940006e+03,1.764705882352941e+00,32026581
9.891056609146106e+03,9.885611387862371e+03,1.764705882352941e+00,32026582
9.891933312469418e+03,9.886951875576007e+03,1.176470588235294e+00,32026583
9.893745540740148e+03,9.891980834857796e+03,5.882352941176471e-01,32026589
9.894442190459464e+03,9.887698866740708e+03,1.764705882352941e+00,32026584
9.895054400863138e+03,9.893289694980786e+03,5.882352941176471e-01,32026590
9.895645464350927e+03,9.893528228251596e+03,5.882352941176471e-01,32026591
9.896206896341817e+03,9.894015976197000e+03,5.882352941176471e-01,32026593
9.898500708135012e+03,9.891441884605600e+03,1.764705882352941e+00,32026588
9.900265414017364e+03,9.897750996084425e+03,5.882352941176471e-01,32026596
9.901523779128759e+03,9.898803882055664e+03,5.882352941176471e-01,32026598
9.903390302787910e+03,9.901625596905557e+03,5.882352941176471e-01,32026602
9.904479489521057e+03,9.902034614739668e+03,5.882352941176471e-01,32026603
9.905053190893465e+03,9.903148736604910e+03,5.882352941176471e-01,32026605
9.907711150158277e+03,9.897488026593095e+03,1.764705882352941e+00,32026595
9.907711150158277e+03,9.896986713025439e+03,1.764705882352941e+00,32026594
9.909029229349400e+03,9.900361939048053e+03,1.764705882352941e+00,32026600
9.913005267805335e+03,9.907092173924532e+03,1.764705882352941e+00,32026606
9.914078734578804e+03,9.911660692522077e+03,5.882352941176471e-01,32026611
9.916000531953095e+03,9.908697096006028e+03,1.764705882352941e+00,32026607
9.917250324085687e+03,9.910549322814098e+03,1.764705882352941e+00,32026609
9.917250324085687e+03,9.908777228165430e+03,1.764705882352941e+00,32026608
9.918598432590509e+03,9.914795226475358e+03,5.882352941176471e-01,32026613
9.920743555344867e+03,9.918978849462514e+03,5.882352941176471e-01,32026615
9.922127844355215e+03,9.915276411644199e+03,1.764705882352941e+00,32026614
9.922127844355215e+03,9.914558620323097e+03,1.764705882352941e+00,32026612
9.924912714826567e+03,9.923148008944214e+03,5.882352941176471e-01,32026617
9.926717919006840e+03,9.924710511324113e+03,5.882352941176471e-01,32026620
9.926869624105319e+03,9.921575506458260e+03,1.764705882352941e+00,32026616
9.928482624889193e+03,9.925583858701678e+03,5.882352941176471e-01,32026621
9.928831122087231e+03,9.923229005540054e+03,1.176470588235294e+00,32026618
9.930363496504225e+03,9.927263208304437e+03,5.882352941176471e-01,32026623
9.930363496504225e+03,9.928328341630384e+03,5.882352941176471e-01,32026625
9.932128202386578e+03,9.929021267794821e+03,5.882352941176471e-01,32026626
9.933892908268931e+03,9.931129269569656e+03,5.882352941176471e-01,32026629
9.933892908268931e+03,9.931107751046050e+03,5.882352941176471e-01,32026628
9.934265035539843e+03,9.926596797035742e+03,1.764705882352941e+00,32026622
9.935733512745144e+03,9.933391027450947e+03,5.882352941176471e-01,32026631
9.935733512745144e+03,9.932142696206273e+03,5.882352941176471e-01,32026630
9.937596961519848e+03,9.935077449967996e+03,5.882352941176471e-01,32026636
9.939469826531373e+03,9.936132320410972e+03,5.882352941176471e-01,32026637
9.939469826531373e+03,9.936518053039396e+03,5.882352941176471e-01,32026638
9.939469826531373e+03,9.937242013139781e+03,5.882352941176471e-01,32026639
9.941257992287267e+03,9.937867359342779e+03,5.882352941176471e-01,32026642
9.941257992287267e+03,9.939048028347893e+03,5.882352941176471e-01,32026643
9.941257992287267e+03,9.939382131805061e+03,5.882352941176471e-01,32026644
9.943022698169620e+03,9.939563666025538e+03,5.882352941176471e-01,32026646
9.943493150542336e+03,9.934120604050511e+03,1.176470588235294e+00,32026633
9.943493150542336e+03,9.929628563918599e+03,1.176470588235294e+00,32026627
9.945101038967117e+03,9.942487383212962e+03,5.882352941176471e-01,32026648
9.946922148777947e+03,9.943590668016398e+03,5.882352941176471e-01,32026650
9.946922148777947e+03,9.944015116281991e+03,5.882352941176471e-01,32026651
9.946922148777947e+03,9.944242199244094e+03,5.882352941176471e-01,32026652
9.948686854660300e+03,9.945326654681026e+03,5.882352941176471e-01,32026654
9.948686854660300e+03,9.946164904763766e+03,5.882352941176471e-01,32026655
9.948686854660300e+03,9.946451444763293e+03,5.882352941176471e-01,32026656
9.952216266425006e+03,9.942749035953110e+03,1.764705882352941e+00,32026649
9.952216266425006e+03,9.942198897032699e+03,1.764705882352941e+00,32026647
9.955630326846786e+03,9.948971255416642e+03,1.764705882352941e+00,32026657
9.956145430288980e+03,9.950851312641921e+03,1.764705882352941e+00,32026658
9.957990938419479e+03,9.952696820772420e+03,1.764705882352941e+00,32026659
9.958120527136126e+03,9.956355821253773e+03,5.882352941176471e-01,32026660
9.959755644301832e+03,9.957956028761359e+03,5.882352941176471e-01,32026662
9.962073207535307e+03,9.956779089888248e+03,1.764705882352941e+00,32026661
9.963297197282573e+03,9.961507160079927e+03,5.882352941176471e-01,32026665
9.963917827946348e+03,9.962153122063995e+03,5.882352941176471e-01,32026666
9.964912286142267e+03,9.962203039355858e+03,5.882352941176471e-01,32026667
9.965682533828701e+03,9.963312998602896e+03,5.882352941176471e-01,32026669
9.966597077495931e+03,9.959767785517867e+03,1.176470588235294e+00,32026663
9.968361783378284e+03,9.965957561766215e+03,5.882352941176471e-01,32026671
9.968735010690023e+03,9.961233257354901e+03,1.764705882352941e+00,32026664
9.970976651475760e+03,9.965498911708367e+03,1.764705882352941e+00,32026670
9.972650072736226e+03,9.970704059341239e+03,5.882352941176471e-01,32026675
9.974414778618579e+03,9.970582000646630e+03,1.176470588235294e+00,32026674
9.975897972852123e+03,9.970322343556255e+03,1.764705882352941e+00,32026673
9.975897972852123e+03,9.969029376349633e+03,1.764705882352941e+00,32026672
9.976710213500472e+03,9.974945507618119e+03,5.882352941176471e-01,32026676
9.977662678734476e+03,9.975424416106966e+03,5.882352941176471e-01,32026677
9.979634005521593e+03,9.977869299639240e+03,5.882352941176471e-01,32026679
9.980073242462400e+03,9.976543830697694e+03,1.176470588235294e+00,32026678
9.980702837755347e+03,9.978938131872994e+03,5.882352941176471e-01,32026680
9.985636342967009e+03,9.981405782498888e+03,1.176470588235294e+00,32026683
9.986568871121161e+03,9.979332676026151e+03,1.764705882352941e+00,32026681
9.987401048849361e+03,9.980630820706735e+03,1.764705882352941e+00,32026682
9.990134648273993e+03,9.987838150194831e+03,5.882352941176471e-01,32026689
9.990930460614067e+03,9.982080765575218e+03,1.764705882352941e+00,32026685
9.991074665789340e+03,9.984942414204717e+03,1.764705882352941e+00,32026686
9.992006765146070e+03,9.988406307779766e+03,5.882352941176471e-01,32026691
9.992695166496420e+03,9.990295764758580e+03,5.882352941176471e-01,32026694
9.992839371671693e+03,9.991028978482225e+03,5.882352941176471e-01,32026695
9.994459872378773e+03,9.992529958207410e+03,5.882352941176471e-01,32026696
9.994950847932909e+03,9.993186142050557e+03,5.882352941176471e-01,32026697
9.995536176910776e+03,9.985924753317553e+03,1.764705882352941e+00,32026688
9.997300882793129e+03,9.995361391750049e+03,5.882352941176471e-01,32026701
9.998085177154216e+03,9.993349348967827e+03,1.176470588235294e+00,32026698
9.998480259697615e+03,9.996574121824633e+03,5.882352941176471e-01,32026702
9.999360910963480e+03,9.996736877501900e+03,5.882352941176471e-01,32026703
9.999849883036569e+03,9.997743866225126e+03,5.882352941176471e-01,32026706
