FinishTime,ArrivalTime,ServiceTime,ID
2.784812487151206e+00,1.020106604798265e+00,5.882352941176471e-01,14074857
5.416107042290004e+00,1.886695277584122e+00,1.176470588235294e+00,14074858
5.883215534490191e+00,4.118509652137250e+00,5.882352941176471e-01,14074859
6.944566482247424e+00,5.179860599894482e+00,5.882352941176471e-01,14074860
8.359381572305970e+00,6.594675689953029e+00,5.882352941176471e-01,14074861
1.062917208381826e+01,7.099760319112373e+00,1.176470588235294e+00,14074862
1.238787770271177e+01,1.062317182035883e+01,5.882352941176471e-01,14074865
1.258924354029570e+01,7.295125893236878e+00,1.764705882352941e+00,14074863
1.408973351218469e+01,8.789615601666443e+00,1.764705882352941e+00,14074864
1.548225201991387e+01,1.371754613756093e+01,5.882352941176471e-01,14074866
1.649929050598914e+01,1.473458462363620e+01,5.882352941176471e-01,14074868
1.904661714296398e+01,1.375249949590515e+01,1.764705882352941e+00,14074867
1.918527480609833e+01,1.742056892374539e+01,5.882352941176471e-01,14074869
2.309989994698422e+01,2.086425882455369e+01,5.882352941176471e-01,14074875
2.473158470366533e+01,1.828982090358326e+01,1.176470588235294e+00,14074871
2.486186800821284e+01,1.780304447880108e+01,1.764705882352941e+00,14074870
2.708179714878757e+01,2.531709126643463e+01,5.882352941176471e-01,14074877
2.850478424547355e+01,2.674007836312061e+01,5.882352941176471e-01,14074878
2.933876884243064e+01,2.757406296007770e+01,5.882352941176471e-01,14074879
2.988157296791235e+01,2.458745532085352e+01,1.764705882352941e+00,14074876
3.408220786283710e+01,3.231750198048416e+01,5.882352941176471e-01,14074880
3.572809685851897e+01,3.396339097616603e+01,5.882352941176471e-01,14074881
4.049834568796432e+01,3.873363980561138e+01,5.882352941176471e-01,14074883
4.104538686305599e+01,3.928068098070305e+01,5.882352941176471e-01,14074884
4.210892608424037e+01,3.958930817292468e+01,5.882352941176471e-01,14074885
4.387363196659331e+01,3.988813576751253e+01,1.176470588235294e+00,14074886
4.407534964237929e+01,4.231064376002635e+01,5.882352941176471e-01,14074887
4.457479862776187e+01,3.842538883345759e+01,1.764705882352941e+00,14074882
4.572879823024400e+01,4.245685784127075e+01,5.882352941176471e-01,14074888
4.584005552473224e+01,4.405455272918880e+01,5.882352941176471e-01,14074890
4.633950451011481e+01,4.422574178546448e+01,5.882352941176471e-01,14074891
4.848291674456600e+01,4.671821086221306e+01,5.882352941176471e-01,14074892
5.411160038895952e+01,5.234689450660658e+01,5.882352941176471e-01,14074895
5.547287569737648e+01,5.017875805031765e+01,1.764705882352941e+00,14074893
5.582179034594767e+01,5.052767269888884e+01,1.764705882352941e+00,14074894
5.599771267802963e+01,5.423300679567668e+01,5.882352941176471e-01,14074896
5.747019134544355e+01,5.513502385774971e+01,5.882352941176471e-01,14074898
5.747019134544355e+01,5.446085077559494e+01,5.882352941176471e-01,14074897
5.811444119609602e+01,5.634973531374307e+01,5.882352941176471e-01,14074900
5.923489722779649e+01,5.720492726535624e+01,5.882352941176471e-01,14074902
5.923489722779649e+01,5.705223010433029e+01,5.882352941176471e-01,14074901
6.124345865409331e+01,5.947875277174037e+01,5.882352941176471e-01,14074903
6.380523007025713e+01,6.204052418790418e+01,5.882352941176471e-01,14074904
6.416250133296449e+01,6.239779545061155e+01,5.882352941176471e-01,14074905
6.519047422865139e+01,6.342576834629845e+01,5.882352941176471e-01,14074906
6.695518011100433e+01,6.470986253747521e+01,5.882352941176471e-01,14074910
6.749123849212604e+01,6.344685743293741e+01,1.176470588235294e+00,14074907
6.898791518391813e+01,6.609239125965107e+01,5.882352941176471e-01,14074911
6.945661898002331e+01,6.411842338458319e+01,1.764705882352941e+00,14074909
7.249268001687710e+01,7.072797413452416e+01,5.882352941176471e-01,14074914
7.251732694862401e+01,6.618758834764988e+01,1.764705882352941e+00,14074912
7.425738589923004e+01,7.138309851531866e+01,5.882352941176471e-01,14074915
7.428203283097695e+01,6.880136953653325e+01,1.764705882352941e+00,14074913
7.504631560444393e+01,7.328160972209099e+01,5.882352941176471e-01,14074916
7.682750691591580e+01,7.506280103356285e+01,5.882352941176471e-01,14074918
7.720157957033902e+01,7.543687368798608e+01,5.882352941176471e-01,14074919
7.859221279826874e+01,7.666897303352652e+01,5.882352941176471e-01,14074920
7.896628545269196e+01,7.684191851320786e+01,5.882352941176471e-01,14074921
7.955150354628886e+01,7.385467696102222e+01,1.764705882352941e+00,14074917
8.204671536395001e+01,8.028200948159707e+01,5.882352941176471e-01,14074923
8.221809215033622e+01,8.045338626798327e+01,5.882352941176471e-01,14074924
8.381142124630296e+01,8.175473276815174e+01,5.882352941176471e-01,14074926
8.507085276491058e+01,8.330614688255764e+01,5.882352941176471e-01,14074927
8.574750391504210e+01,7.968853286329086e+01,1.764705882352941e+00,14074922
8.708060274764757e+01,8.408830899508914e+01,5.882352941176471e-01,14074928
8.725263075644794e+01,8.107927525046081e+01,1.764705882352941e+00,14074925
8.773763512235230e+01,8.543841891548665e+01,5.882352941176471e-01,14074931
9.072469985155370e+01,8.891523473054104e+01,5.882352941176471e-01,14074937
9.091007218050910e+01,8.914536629815616e+01,5.882352941176471e-01,14074938
9.248940573390664e+01,9.055079960883642e+01,5.882352941176471e-01,14074940
9.317867464991958e+01,9.138177137526179e+01,5.882352941176471e-01,14074941
9.458264737811363e+01,8.619835456495662e+01,1.764705882352941e+00,14074933
9.618308537953954e+01,8.788455700286075e+01,1.764705882352941e+00,14074936
9.624497973082682e+01,9.448027384847388e+01,5.882352941176471e-01,14074942
9.634735326046657e+01,9.450103442195529e+01,5.882352941176471e-01,14074943
9.975376004510361e+01,9.785959369967717e+01,5.882352941176471e-01,14074948
1.013390530184717e+02,9.511969684718725e+01,1.176470588235294e+00,14074944
1.013390530184717e+02,9.745081543579602e+01,1.176470588235294e+00,14074947
1.031037589008246e+02,9.786276845753279e+01,1.176470588235294e+00,14074949
1.031037589008246e+02,9.592666527513438e+01,1.764705882352941e+00,14074945
1.055450528320146e+02,1.037803469496616e+02,5.882352941176471e-01,14074951
1.064491344818218e+02,1.046844285994688e+02,5.882352941176471e-01,14074952
1.066331706655305e+02,1.005572953363854e+02,1.764705882352941e+00,14074950
1.077617995392711e+02,1.050934791129121e+02,5.882352941176471e-01,14074954
1.077617995392711e+02,1.047461119859191e+02,5.882352941176471e-01,14074953
1.086583436597017e+02,1.068936377773488e+02,5.882352941176471e-01,14074955
1.135622044694669e+02,1.117974985871140e+02,5.882352941176471e-01,14074959
1.136404493538133e+02,1.083463317067544e+02,1.764705882352941e+00,14074956
1.149008220005967e+02,1.096067043535379e+02,1.764705882352941e+00,14074957
1.152850135322777e+02,1.099908958852189e+02,1.176470588235294e+00,14074958
1.157016891082914e+02,1.139369832259385e+02,5.882352941176471e-01,14074960
1.166655278829497e+02,1.141853239508776e+02,5.882352941176471e-01,14074961
1.170497194146306e+02,1.150858379275196e+02,5.882352941176471e-01,14074962
1.186696631635654e+02,1.169049572812124e+02,5.882352941176471e-01,14074963
1.231033478272790e+02,1.178092301802202e+02,1.764705882352941e+00,14074964
1.262962688672907e+02,1.227668571025848e+02,1.176470588235294e+00,14074966
1.266675449097556e+02,1.213734272626968e+02,1.764705882352941e+00,14074965
1.278151895616098e+02,1.260504836792569e+02,5.882352941176471e-01,14074967
1.298249413006053e+02,1.280602354182523e+02,5.882352941176471e-01,14074970
1.316863514378346e+02,1.287403677624179e+02,5.882352941176471e-01,14074972
1.317830556927111e+02,1.264889380456523e+02,1.764705882352941e+00,14074968
1.336206860479167e+02,1.318559801655638e+02,5.882352941176471e-01,14074975
1.345570708406508e+02,1.269003395486379e+02,1.764705882352941e+00,14074969
1.366175647306102e+02,1.348528588482573e+02,5.882352941176471e-01,14074976
1.369804690848935e+02,1.316255668385460e+02,1.764705882352941e+00,14074974
1.391722232075697e+02,1.374075173252168e+02,5.882352941176471e-01,14074977
1.412369312295440e+02,1.394722253471910e+02,5.882352941176471e-01,14074978
1.429212122989838e+02,1.411565064166308e+02,5.882352941176471e-01,14074979
1.452255393975078e+02,1.416961276328019e+02,1.176470588235294e+00,14074980
1.458517940583915e+02,1.440870881760385e+02,5.882352941176471e-01,14074981
1.463740805784044e+02,1.446093746960515e+02,5.882352941176471e-01,14074982
1.473143521684208e+02,1.455496462860678e+02,5.882352941176471e-01,14074983
1.530930567987361e+02,1.495636450340302e+02,1.176470588235294e+00,14074984
1.542368638796382e+02,1.507074521149323e+02,1.176470588235294e+00,14074985
1.560980437472657e+02,1.543333378649128e+02,5.882352941176471e-01,14074986
1.564422605090758e+02,1.546775546267229e+02,5.882352941176471e-01,14074987
1.574928366603885e+02,1.557281307780356e+02,5.882352941176471e-01,14074988
1.578627496296187e+02,1.558969112416542e+02,5.882352941176471e-01,14074989
1.586206997441649e+02,1.568559938618119e+02,5.882352941176471e-01,14074990
1.593572835649770e+02,1.575925776826241e+02,5.882352941176471e-01,14074991
1.604709145846217e+02,1.587062087022688e+02,5.882352941176471e-01,14074993
1.613594034586871e+02,1.592828763930258e+02,5.882352941176471e-01,14074995
1.613594034586871e+02,1.591729644611713e+02,5.882352941176471e-01,14074994
1.640003263493276e+02,1.580674057053383e+02,1.764705882352941e+00,14074992
1.668159515785928e+02,1.650512456962398e+02,5.882352941176471e-01,14074997
1.669511461198117e+02,1.651864402374588e+02,5.882352941176471e-01,14074998
1.673545834978188e+02,1.620604658507600e+02,1.764705882352941e+00,14074996
1.691341427466216e+02,1.673694368642687e+02,5.882352941176471e-01,14075001
1.706559046214414e+02,1.674974248073463e+02,5.882352941176471e-01,14075002
1.706559046214414e+02,1.675777537067799e+02,5.882352941176471e-01,14075003
1.724206105037943e+02,1.692851127567137e+02,5.882352941176471e-01,14075006
1.753617869743825e+02,1.655257526619884e+02,1.764705882352941e+00,14074999
1.753617869743825e+02,1.658970584407306e+02,1.764705882352941e+00,14075000
1.753617869743825e+02,1.677872023525483e+02,1.764705882352941e+00,14075004
1.771264928567355e+02,1.740635339118196e+02,5.882352941176471e-01,14075009
1.771264928567355e+02,1.751932063981288e+02,5.882352941176471e-01,14075010
1.788911987390884e+02,1.770228621708280e+02,5.882352941176471e-01,14075013
1.806559046214414e+02,1.786979307109690e+02,5.882352941176471e-01,14075015
1.824206105037943e+02,1.800937897320820e+02,5.882352941176471e-01,14075016
1.833225537485395e+02,1.701420618199249e+02,1.764705882352941e+00,14075007
1.841853163861472e+02,1.775051157347036e+02,1.764705882352941e+00,14075014
1.845273449873901e+02,1.811120964001512e+02,5.882352941176471e-01,14075017
1.882800818741715e+02,1.865153759918185e+02,5.882352941176471e-01,14075023
1.886166713955983e+02,1.828766486387848e+02,1.764705882352941e+00,14075021
1.894794340332061e+02,1.839787140255960e+02,1.764705882352941e+00,14075022
1.915462495251798e+02,1.897815436428268e+02,5.882352941176471e-01,14075024
1.969333025873906e+02,1.951685967050377e+02,5.882352941176471e-01,14075026
1.973313597600533e+02,1.938019479953474e+02,1.176470588235294e+00,14075025
1.981002206572677e+02,1.963355147749147e+02,5.882352941176471e-01,14075027
1.986980084697435e+02,1.965611472639670e+02,5.882352941176471e-01,14075028
1.990960656424063e+02,1.973121370170454e+02,5.882352941176471e-01,14075029
2.040326488792106e+02,2.022679429968576e+02,5.882352941176471e-01,14075031
2.052480074170977e+02,2.034833015347448e+02,5.882352941176471e-01,14075032
2.062137222544425e+02,2.044490163720896e+02,5.882352941176471e-01,14075033
2.063682263530872e+02,2.010741087060284e+02,1.764705882352941e+00,14075030
2.080556801861178e+02,2.061797750998193e+02,5.882352941176471e-01,14075036
2.087774191818036e+02,2.065042882573321e+02,5.882352941176471e-01,14075037
2.101812555663137e+02,2.071448242231191e+02,5.882352941176471e-01,14075038
2.101812555663137e+02,2.072048765937925e+02,5.882352941176471e-01,14075039
2.137106673310195e+02,2.050811517525469e+02,1.764705882352941e+00,14075034
2.137106673310195e+02,2.054174245831093e+02,1.764705882352941e+00,14075035
2.137106673310195e+02,2.079786622677031e+02,1.764705882352941e+00,14075040
2.155608943033286e+02,2.113752584847129e+02,5.882352941176471e-01,14075042
2.155608943033286e+02,2.129665650152635e+02,5.882352941176471e-01,14075044
2.173256001856815e+02,2.140527516908440e+02,5.882352941176471e-01,14075046
2.190903060680345e+02,2.128632656948664e+02,1.764705882352941e+00,14075043
2.192740665260304e+02,2.166614409036335e+02,5.882352941176471e-01,14075048
2.219683770545859e+02,2.202036711722330e+02,5.882352941176471e-01,14075050
2.226197178327404e+02,2.159284152193205e+02,1.764705882352941e+00,14075047
2.228034782907363e+02,2.170938881274332e+02,1.764705882352941e+00,14075049
2.243844237150933e+02,2.222719548064922e+02,5.882352941176471e-01,14075052
2.272228496103956e+02,2.254581437280427e+02,5.882352941176471e-01,14075054
2.272918074912440e+02,2.219976898441852e+02,1.764705882352941e+00,14075051
2.273747367361437e+02,2.256074057503814e+02,5.882352941176471e-01,14075055
2.289875554927485e+02,2.265774798052804e+02,5.882352941176471e-01,14075056
2.308212192559499e+02,2.238453249714378e+02,1.764705882352941e+00,14075053
2.317778550704569e+02,2.300131491881040e+02,5.882352941176471e-01,14075058
2.328879406624194e+02,2.301834166041414e+02,5.882352941176471e-01,14075059
2.335552003649077e+02,2.317904944825547e+02,5.882352941176471e-01,14075061
2.346400071326745e+02,2.296605444218301e+02,1.176470588235294e+00,14075057
2.359702528912659e+02,2.342055470089129e+02,5.882352941176471e-01,14075062
2.364110327210764e+02,2.345101784090117e+02,5.882352941176471e-01,14075063
2.364173524271253e+02,2.306889701872252e+02,1.764705882352941e+00,14075060
2.393923866864127e+02,2.376276808040598e+02,5.882352941176471e-01,14075066
2.412643705383247e+02,2.347947460376775e+02,1.764705882352941e+00,14075065
2.419243111420545e+02,2.383948993773486e+02,1.176470588235294e+00,14075067
2.422962618973755e+02,2.405315560150225e+02,5.882352941176471e-01,14075068
2.441849904928273e+02,2.424202846104744e+02,5.882352941176471e-01,14075070
2.460369687773503e+02,2.442722628949973e+02,5.882352941176471e-01,14075071
2.464570009563486e+02,2.446922950739957e+02,5.882352941176471e-01,14075072
2.467816383620892e+02,2.414875207150304e+02,1.764705882352941e+00,14075069
2.480116907492024e+02,2.459426356325946e+02,5.882352941176471e-01,14075074
2.480116907492024e+02,2.455197207675787e+02,5.882352941176471e-01,14075073
2.506767848349748e+02,2.489120789526218e+02,5.882352941176471e-01,14075076
2.507419704202163e+02,2.472125586555104e+02,1.176470588235294e+00,14075075
2.563354706603046e+02,2.510413530132458e+02,1.764705882352941e+00,14075077
2.575889409338691e+02,2.558242350515161e+02,5.882352941176471e-01,14075079
2.584188524874695e+02,2.566541466051166e+02,5.882352941176471e-01,14075080
2.585505523334681e+02,2.532564346864093e+02,1.764705882352941e+00,14075078
2.597795496668545e+02,2.580148437845016e+02,5.882352941176471e-01,14075081
2.620014906716387e+02,2.602367847892858e+02,5.882352941176471e-01,14075082
2.631962110891532e+02,2.614315052068003e+02,5.882352941176471e-01,14075083
2.636229514118829e+02,2.618582455295300e+02,5.882352941176471e-01,14075084
2.667629452334290e+02,2.632335334687231e+02,1.176470588235294e+00,14075086
2.680658584584756e+02,2.627717408114168e+02,1.764705882352941e+00,14075085
2.685276511157820e+02,2.659270971664104e+02,5.882352941176471e-01,14075089
2.695694340348953e+02,2.671060555168317e+02,5.882352941176471e-01,14075090
2.698305643408286e+02,2.679285839902355e+02,5.882352941176471e-01,14075092
2.702923569981349e+02,2.684244299030421e+02,5.882352941176471e-01,14075093
2.714647050702149e+02,2.641514605501433e+02,1.176470588235294e+00,14075087
2.732294109525678e+02,2.653499791956495e+02,1.764705882352941e+00,14075088
2.735139843875142e+02,2.709456836876133e+02,5.882352941176471e-01,14075095
2.751364035523939e+02,2.726703565377335e+02,5.882352941176471e-01,14075099
2.751364035523939e+02,2.724000805706640e+02,5.882352941176471e-01,14075098
2.780405035842078e+02,2.703563683219039e+02,1.764705882352941e+00,14075094
2.780405035842078e+02,2.720338519401076e+02,1.764705882352941e+00,14075097
2.807914460067041e+02,2.790267401243512e+02,5.882352941176471e-01,14075100
2.826996912674269e+02,2.809349853850740e+02,5.882352941176471e-01,14075101
2.829276651645845e+02,2.811629592822315e+02,5.882352941176471e-01,14075102
2.848324035006566e+02,2.830676976183036e+02,5.882352941176471e-01,14075104
2.870761976468647e+02,2.853114917645117e+02,5.882352941176471e-01,14075106
2.876562240892170e+02,2.823621064421582e+02,1.764705882352941e+00,14075103
2.887635420834713e+02,2.861455040036246e+02,5.882352941176471e-01,14075108
2.887635420834713e+02,2.853501018129546e+02,5.882352941176471e-01,14075107
2.894660597693159e+02,2.877013538869629e+02,5.882352941176471e-01,14075111
2.904831181680784e+02,2.850020459815266e+02,1.176470588235294e+00,14075105
2.945703645918702e+02,2.892762469448114e+02,1.764705882352941e+00,14075112
2.972255611326720e+02,2.954608552503191e+02,5.882352941176471e-01,14075115
2.986074508056313e+02,2.933133331585725e+02,1.764705882352941e+00,14075113
2.997928860793729e+02,2.974591394863602e+02,5.882352941176471e-01,14075117
3.007549728973779e+02,2.944531021775871e+02,1.764705882352941e+00,14075114
3.015575919617259e+02,2.954863323617723e+02,1.176470588235294e+00,14075116
3.026651452063498e+02,3.009004393239969e+02,5.882352941176471e-01,14075121
3.047584274075673e+02,3.024188671951581e+02,5.882352941176471e-01,14075124
3.055208079084241e+02,2.980738464517470e+02,1.764705882352941e+00,14075119
3.067772601235391e+02,3.022105163800630e+02,1.176470588235294e+00,14075123
3.085419660058921e+02,3.065800346761462e+02,5.882352941176470e-01,14075125
3.085419660058921e+02,3.009717564100420e+02,1.764705882352941e+00,14075122
3.085419660058921e+02,3.002431249921479e+02,1.764705882352941e+00,14075120
3.108735083807499e+02,3.091088024983969e+02,5.882352941176471e-01,14075126
3.115525034273264e+02,3.097877975449735e+02,5.882352941176471e-01,14075127
3.126382142631028e+02,3.103466169284071e+02,5.882352941176471e-01,14075129
3.137133291726033e+02,3.101839174078974e+02,1.176470588235294e+00,14075128
3.142367986477999e+02,3.124720927654470e+02,5.882352941176471e-01,14075130
3.181147121366562e+02,3.163500062543032e+02,5.882352941176471e-01,14075132
3.198786329862863e+02,3.145845153392275e+02,1.764705882352941e+00,14075131
3.272651228552642e+02,3.255004169729113e+02,5.882352941176471e-01,14075133
3.289967336998047e+02,3.272320278174517e+02,5.882352941176471e-01,14075134
3.297342180997702e+02,3.279695122174172e+02,5.882352941176471e-01,14075135
3.318035542980663e+02,3.300388484157134e+02,5.882352941176471e-01,14075137
3.321401632406553e+02,3.303754573583024e+02,5.882352941176471e-01,14075138
3.344971817520953e+02,3.327324758697423e+02,5.882352941176471e-01,14075140
3.347423658351869e+02,3.294482481881281e+02,1.764705882352941e+00,14075136
3.374149852824351e+02,3.327933373257542e+02,1.176470588235294e+00,14075141
3.380265935168011e+02,3.321208676353763e+02,1.764705882352941e+00,14075139
3.401940452721710e+02,3.384293393898180e+02,5.882352941176471e-01,14075142
3.428467628798907e+02,3.410820569975377e+02,5.882352941176471e-01,14075143
3.438902997819385e+02,3.421255938995856e+02,5.882352941176471e-01,14075144
3.473735838746301e+02,3.456088779922772e+02,5.882352941176471e-01,14075145
3.491382897569831e+02,3.467321833810013e+02,5.882352941176471e-01,14075148
3.493196583820967e+02,3.457902466173908e+02,1.176470588235294e+00,14075146
3.497354957348290e+02,3.462060839701231e+02,1.176470588235294e+00,14075147
3.520944792311705e+02,3.503297733488176e+02,5.882352941176471e-01,14075150
3.534847408438704e+02,3.499553290791645e+02,1.176470588235294e+00,14075149
3.560812315496427e+02,3.507871139025838e+02,1.764705882352941e+00,14075151
3.564159647164880e+02,3.546512588341351e+02,5.882352941176471e-01,14075153
3.579032336943025e+02,3.526091160472437e+02,1.764705882352941e+00,14075152
3.641861835757978e+02,3.588920659287390e+02,1.764705882352941e+00,14075154
3.642928394930308e+02,3.625281336106779e+02,5.882352941176471e-01,14075155
3.659475523179996e+02,3.641828464356466e+02,5.882352941176471e-01,14075156
3.666087082201658e+02,3.648440023378129e+02,5.882352941176471e-01,14075157
3.668051998386767e+02,3.650404939563238e+02,5.882352941176471e-01,14075158
3.677122582003525e+02,3.651539829197747e+02,5.882352941176471e-01,14075159
3.684716599117742e+02,3.664869137829451e+02,5.882352941176471e-01,14075161
3.694769640827054e+02,3.671275231286801e+02,5.882352941176471e-01,14075162
3.720010716764801e+02,3.661594423863746e+02,1.764705882352941e+00,14075160
3.723481431961552e+02,3.705834373138022e+02,5.882352941176471e-01,14075164
3.746442483688017e+02,3.693501307217429e+02,1.764705882352941e+00,14075163
3.764089542511547e+02,3.742033357840973e+02,5.882352941176471e-01,14075169
3.795858984907950e+02,3.717183984011493e+02,1.764705882352941e+00,14075165
3.795858984907950e+02,3.719316830896022e+02,1.764705882352941e+00,14075166
3.795858984907950e+02,3.724467774550670e+02,1.764705882352941e+00,14075167
3.813506043731479e+02,3.769161717562877e+02,5.882352941176471e-01,14075170
3.813506043731479e+02,3.770752870254553e+02,5.882352941176471e-01,14075171
3.831153102555009e+02,3.810201658717815e+02,5.882352941176471e-01,14075173
3.848800161378538e+02,3.822443654385296e+02,5.882352941176470e-01,14075175
3.848800161378538e+02,3.785396126450707e+02,1.764705882352941e+00,14075172
3.872483049024879e+02,3.854835990201350e+02,5.882352941176471e-01,14075176
3.874579346971010e+02,3.821638170500422e+02,1.764705882352941e+00,14075174
3.891178256821474e+02,3.872177049931738e+02,5.882352941176471e-01,14075179
3.903346029815749e+02,3.884265053509259e+02,5.882352941176471e-01,14075180
3.908825315645003e+02,3.886284028006260e+02,5.882352941176471e-01,14075181
3.914909202142141e+02,3.868234461668204e+02,1.176470588235294e+00,14075178
3.926784769156801e+02,3.909137710333271e+02,5.882352941176471e-01,14075182
3.932556260965670e+02,3.868051912168690e+02,1.764705882352941e+00,14075177
3.947398942702540e+02,3.929751883879011e+02,5.882352941176471e-01,14075184
3.950203319789200e+02,3.913553673225829e+02,1.176470588235294e+00,14075183
3.988683485541834e+02,3.971036426718305e+02,5.882352941176471e-01,14075185
4.020542642079868e+02,4.002895583256338e+02,5.882352941176471e-01,14075187
4.028249311395218e+02,4.010602252571689e+02,5.882352941176471e-01,14075188
4.038189700903397e+02,4.019571691393184e+02,5.882352941176471e-01,14075189
4.049697136215242e+02,3.996755959744654e+02,1.764705882352941e+00,14075186
4.098162049569517e+02,4.080514990745988e+02,5.882352941176471e-01,14075190
4.100972055110995e+02,4.083324996287466e+02,5.882352941176471e-01,14075191
4.119804715109523e+02,4.102157656285994e+02,5.882352941176471e-01,14075192
4.126745803762679e+02,4.109098744939149e+02,5.882352941176471e-01,14075193
4.133224983410733e+02,4.115577924587204e+02,5.882352941176471e-01,14075194
4.137451773933053e+02,4.117880653558740e+02,5.882352941176471e-01,14075195
4.144392862586208e+02,4.126208829982894e+02,5.882352941176471e-01,14075196
4.183356664979506e+02,4.148062547332447e+02,1.176470588235294e+00,14075197
4.191230255979040e+02,4.173583197155511e+02,5.882352941176471e-01,14075198
4.196683165872982e+02,4.179036107049452e+02,5.882352941176471e-01,14075199
4.201442514500636e+02,4.183795455677107e+02,5.882352941176471e-01,14075200
4.208877314802570e+02,4.190108471920060e+02,5.882352941176471e-01,14075201
4.214330224696511e+02,4.195072669600591e+02,5.882352941176471e-01,14075202
4.229635120428405e+02,4.211988061604876e+02,5.882352941176471e-01,14075204
4.245666464785396e+02,4.228019405961867e+02,5.882352941176471e-01,14075205
4.257660311952966e+02,4.204719135482378e+02,1.764705882352941e+00,14075203
4.269986261909163e+02,4.252339203085633e+02,5.882352941176471e-01,14075207
4.278488989800702e+02,4.243194872153643e+02,1.176470588235294e+00,14075206
4.280131176686516e+02,4.262484117862987e+02,5.882352941176471e-01,14075208
4.296957142067139e+02,4.270345580117135e+02,5.882352941176471e-01,14075212
4.323202363960268e+02,4.305555305136739e+02,5.882352941176471e-01,14075215
4.332251259714197e+02,4.274395116055618e+02,1.764705882352941e+00,14075213
4.332251259714197e+02,4.264816186131757e+02,1.764705882352941e+00,14075209
4.340849422783798e+02,4.317839273456046e+02,5.882352941176471e-01,14075216
4.367509997252720e+02,4.284461830969973e+02,1.764705882352941e+00,14075214
4.374934459248488e+02,4.357287400424958e+02,5.882352941176471e-01,14075218
4.385192436184786e+02,4.330951131502251e+02,1.764705882352941e+00,14075217
4.404918672714891e+02,4.382750406310164e+02,5.882352941176471e-01,14075221
4.408962927791435e+02,4.388311202744650e+02,5.882352941176471e-01,14075224
4.435738768287429e+02,4.378323569742319e+02,1.764705882352941e+00,14075220
4.435738768287429e+02,4.373668810144376e+02,1.764705882352941e+00,14075219
4.448821436274726e+02,4.423870903391772e+02,5.882352941176471e-01,14075227
4.471032885934487e+02,4.405993544169952e+02,1.764705882352941e+00,14075225
4.486323085903525e+02,4.468676027079996e+02,5.882352941176471e-01,14075229
4.495460414704612e+02,4.442519238234024e+02,1.764705882352941e+00,14075228
4.523974062405076e+02,4.470431345434307e+02,1.764705882352941e+00,14075230
4.546210707149507e+02,4.493269530678918e+02,1.764705882352941e+00,14075231
4.567528207944326e+02,4.546900671937780e+02,5.882352941176471e-01,14075236
4.568948189116294e+02,4.516007012645706e+02,1.764705882352941e+00,14075232
4.585885257353839e+02,4.566848236641123e+02,5.882352941176471e-01,14075239
4.585885257353839e+02,4.566484704760656e+02,5.882352941176471e-01,14075238
4.603532316177369e+02,4.581953745797229e+02,5.882352941176471e-01,14075242
4.612223263684110e+02,4.532234090297267e+02,1.176470588235294e+00,14075233
4.632356637736096e+02,4.605819757624648e+02,5.882352941176471e-01,14075244
4.638826433824428e+02,4.577482722166209e+02,1.764705882352941e+00,14075240
4.652525200834999e+02,4.598921678613950e+02,1.176470588235294e+00,14075243
4.656473492647957e+02,4.637399646286842e+02,5.882352941176471e-01,14075247
4.685076176677722e+02,4.667429117854193e+02,5.882352941176471e-01,14075249
4.685297814206685e+02,4.628522945936976e+02,1.764705882352941e+00,14075246
4.702870993853893e+02,4.678877232135333e+02,5.882352941176471e-01,14075252
4.702870993853893e+02,4.675238646685053e+02,5.882352941176471e-01,14075251
4.705509170998729e+02,4.687222956010003e+02,5.882352941176471e-01,14075254
4.721397445059035e+02,4.692046259422040e+02,5.882352941176471e-01,14075255
4.721397445059035e+02,4.700294474342506e+02,5.882352941176471e-01,14075257
4.739044503882564e+02,4.714882551531918e+02,5.882352941176471e-01,14075258
4.757863609510066e+02,4.728429725882870e+02,5.882352941176471e-01,14075259
4.759035656314039e+02,4.669530141569338e+02,1.764705882352941e+00,14075250
4.759035656314039e+02,4.652567994528141e+02,1.764705882352941e+00,14075248
4.775510668333595e+02,4.747998686940341e+02,5.882352941176471e-01,14075261
4.781645638791910e+02,4.763998579968381e+02,5.882352941176471e-01,14075262
4.814673153313411e+02,4.779379035666352e+02,1.176470588235294e+00,14075263
4.833186481096239e+02,4.780245304625651e+02,1.764705882352941e+00,14075264
4.843144039684014e+02,4.786576616325508e+02,1.176470588235294e+00,14075265
4.850833539919769e+02,4.833159965280546e+02,5.882352941176471e-01,14075269
4.862219258876131e+02,4.844572200052602e+02,5.882352941176471e-01,14075270
4.868191842423532e+02,4.844999068667979e+02,5.882352941176471e-01,14075271
4.879866317699661e+02,4.857239917847661e+02,5.882352941176471e-01,14075274
4.888326754093904e+02,4.829123227748403e+02,1.176470588235294e+00,14075268
4.899785588112596e+02,4.873167548117216e+02,5.882352941176471e-01,14075275
4.902057799702003e+02,4.805086331422089e+02,1.764705882352941e+00,14075267
4.917432646936126e+02,4.892726898205843e+02,5.882352941176471e-01,14075278
4.943478144176265e+02,4.890536967705676e+02,1.764705882352941e+00,14075277
4.953449024383540e+02,4.933297479536038e+02,5.882352941176471e-01,14075281
4.966523499899025e+02,4.913582323428436e+02,1.764705882352941e+00,14075279
4.984170558722554e+02,4.961994377249737e+02,5.882352941176471e-01,14075287
5.001817617546083e+02,4.982420028275885e+02,5.882352941176471e-01,14075288
5.014794314382521e+02,4.938066516657543e+02,1.764705882352941e+00,14075282
5.014794314382521e+02,4.918154906736481e+02,1.764705882352941e+00,14075280
5.035549471682822e+02,5.017902412859293e+02,5.882352941176471e-01,14075289
5.043354603608787e+02,5.025707544785257e+02,5.882352941176471e-01,14075290
5.058700738248024e+02,5.041053679424495e+02,5.882352941176471e-01,14075292
5.073749361295745e+02,5.056102302472215e+02,5.882352941176471e-01,14075293
5.088076668190398e+02,5.035135491719809e+02,1.764705882352941e+00,14075291
5.113484436577174e+02,5.095837377753645e+02,5.882352941176471e-01,14075296
5.124127342583715e+02,5.071186166113126e+02,1.764705882352941e+00,14075294
5.139718908624791e+02,5.099755069178146e+02,1.176470588235294e+00,14075297
5.142194046291387e+02,5.124546987467858e+02,5.882352941176471e-01,14075298
5.148778554224233e+02,5.086777732154202e+02,1.764705882352941e+00,14075295
5.187973253683567e+02,5.152679136036509e+02,1.176470588235294e+00,14075299
5.191981708122696e+02,5.174334649299166e+02,5.882352941176471e-01,14075300
5.202894004449048e+02,5.185246945625518e+02,5.882352941176471e-01,14075301
5.205620312507097e+02,5.187172966981840e+02,5.882352941176471e-01,14075302
5.221904217301602e+02,5.197952459477738e+02,5.882352941176471e-01,14075304
5.239551276125131e+02,5.215717362678516e+02,5.882352941176471e-01,14075306
5.244922884593284e+02,5.189746829103792e+02,1.764705882352941e+00,14075303
5.257198334948660e+02,5.200731284886272e+02,1.764705882352941e+00,14075305
5.272050243099473e+02,5.254403184275943e+02,5.882352941176471e-01,14075308
5.290623371581945e+02,5.272976312758415e+02,5.882352941176471e-01,14075310
5.292492452595719e+02,5.225823082548808e+02,1.764705882352941e+00,14075307
5.308270430405474e+02,5.290619640330818e+02,5.882352941176471e-01,14075311
5.316004188408400e+02,5.298357129584870e+02,5.882352941176471e-01,14075312
5.322361172033442e+02,5.269419995562854e+02,1.764705882352941e+00,14075309
5.326231501333079e+02,5.303115768632330e+02,5.882352941176471e-01,14075313
5.333651247231929e+02,5.308898454613625e+02,5.882352941176471e-01,14075315
5.364525945010311e+02,5.346878886186781e+02,5.882352941176471e-01,14075317
5.366297718525715e+02,5.348650659702186e+02,5.882352941176471e-01,14075319
5.382173003833840e+02,5.363398640754003e+02,5.882352941176471e-01,14075320
5.399958218598743e+02,5.330125892676290e+02,1.764705882352941e+00,14075316
5.401072417413347e+02,5.383425358589818e+02,5.882352941176471e-01,14075321
5.401591836172774e+02,5.347894750330521e+02,1.764705882352941e+00,14075318
5.418348076632009e+02,5.394464957254358e+02,5.882352941176471e-01,14075323
5.418348076632009e+02,5.392214772436374e+02,5.882352941176471e-01,14075322
5.426310778834258e+02,5.408663720010728e+02,5.882352941176471e-01,14075325
5.435995135455538e+02,5.410033819803867e+02,5.882352941176471e-01,14075326
5.463737192678626e+02,5.446090133855097e+02,5.882352941176471e-01,14075328
5.465499320189755e+02,5.447852261366225e+02,5.882352941176471e-01,14075329
5.481384251502156e+02,5.462782799055670e+02,5.882352941176471e-01,14075331
5.483146379013284e+02,5.439128521517298e+02,1.176470588235294e+00,14075327
5.501412629080864e+02,5.483765570257335e+02,5.882352941176471e-01,14075332
5.509716756811415e+02,5.455032423648929e+02,1.764705882352941e+00,14075330
5.552901132286329e+02,5.499959955815741e+02,1.764705882352941e+00,14075333
5.553988358781648e+02,5.521505277390120e+02,5.882352941176471e-01,14075336
5.588738863181047e+02,5.519054728168215e+02,1.764705882352941e+00,14075335
5.588738863181047e+02,5.518333754100964e+02,1.764705882352941e+00,14075334
5.589282476428707e+02,5.524788751917853e+02,1.764705882352941e+00,14075337
5.606567126420463e+02,5.586481206289948e+02,5.882352941176471e-01,14075340
5.624214185243993e+02,5.561145664556178e+02,1.176470588235294e+00,14075338
5.624214185243993e+02,5.605153667319495e+02,5.882352941176471e-01,14075341
5.641861244067522e+02,5.611747780350203e+02,5.882352941176470e-01,14075342
5.641861244067522e+02,5.577557732222366e+02,1.764705882352941e+00,14075339
5.648011855632696e+02,5.630364796809166e+02,5.882352941176471e-01,14075343
5.686949829476271e+02,5.669302770652742e+02,5.882352941176471e-01,14075345
5.688212721265061e+02,5.670565662441531e+02,5.882352941176471e-01,14075346
5.701700236923104e+02,5.682299719468062e+02,5.882352941176471e-01,14075347
5.722243947123330e+02,5.666406119276045e+02,1.764705882352941e+00,14075344
5.724210134825043e+02,5.702116211731905e+02,5.882352941176471e-01,14075350
5.738442680258511e+02,5.708779928095912e+02,5.882352941176471e-01,14075353
5.738442680258511e+02,5.706657386065456e+02,5.882352941176471e-01,14075352
5.765157511283393e+02,5.747510452459864e+02,5.882352941176471e-01,14075355
5.765347844407837e+02,5.688821707114041e+02,1.764705882352941e+00,14075348
5.791383856729099e+02,5.752131566838798e+02,1.176470588235294e+00,14075356
5.796884139844047e+02,5.779237081020518e+02,5.882352941176471e-01,14075357
5.800451628930452e+02,5.735897318696513e+02,1.764705882352941e+00,14075354
5.818260754176857e+02,5.800613695353327e+02,5.882352941176471e-01,14075359
5.826677974376158e+02,5.789763703788493e+02,1.176470588235294e+00,14075358
5.838574710116121e+02,5.820927651292592e+02,5.882352941176471e-01,14075360
5.845786789178693e+02,5.828139730355164e+02,5.882352941176471e-01,14075362
5.856221768939651e+02,5.835208318552966e+02,5.882352941176471e-01,14075363
5.864235869057068e+02,5.846588810233539e+02,5.882352941176471e-01,14075364
5.874885649757922e+02,5.853376538625706e+02,5.882352941176471e-01,14075365
5.875902471752664e+02,5.822961295282076e+02,1.764705882352941e+00,14075361
5.882405007524812e+02,5.864757948701283e+02,5.882352941176471e-01,14075367
5.900749453687791e+02,5.883102394864261e+02,5.882352941176471e-01,14075368
5.937541904572630e+02,5.919894845749101e+02,5.882352941176471e-01,14075369
5.959608605767941e+02,5.941046648365999e+02,5.882352941176471e-01,14075375
5.974119246471707e+02,5.924314488120882e+02,1.176470588235294e+00,14075371
5.990796357154685e+02,5.937680774298144e+02,1.176470588235294e+00,14075374
5.991766305295237e+02,5.921784964695750e+02,1.764705882352941e+00,14075370
5.995872671555552e+02,5.975564659228894e+02,5.882352941176471e-01,14075377
6.013519730379081e+02,5.992001894311044e+02,5.882352941176471e-01,14075380
6.029636342425747e+02,5.960578553908493e+02,1.176470588235294e+00,14075376
6.044222507695549e+02,6.016717437165883e+02,5.882352941176471e-01,14075382
6.047283401249276e+02,5.983386106945229e+02,1.764705882352941e+00,14075378
6.061869566519079e+02,6.038964234274879e+02,5.882352941176471e-01,14075384
6.065336374973248e+02,6.047689316149719e+02,5.882352941176471e-01,14075385
6.082577518896335e+02,6.008768758490073e+02,1.764705882352941e+00,14075381
6.084409044804713e+02,6.066761985981184e+02,5.882352941176471e-01,14075386
6.096757769265695e+02,6.029409795972957e+02,1.764705882352941e+00,14075383
6.101140340674053e+02,6.079857270801683e+02,5.882352941176471e-01,14075388
6.101140340674053e+02,6.073615345909813e+02,5.882352941176471e-01,14075387
6.117691756645493e+02,6.086373351709092e+02,5.882352941176471e-01,14075389
6.117691756645493e+02,6.090950430448685e+02,5.882352941176471e-01,14075390
6.135927963457574e+02,6.101481818065360e+02,5.882352941176471e-01,14075393
6.135927963457574e+02,6.101915574670574e+02,5.882352941176471e-01,14075394
6.135927963457574e+02,6.114489219389547e+02,5.882352941176471e-01,14075395
6.153575022281103e+02,6.120048348599697e+02,5.882352941176471e-01,14075397
6.153575022281103e+02,6.124314078324447e+02,5.882352941176471e-01,14075398
6.171222081104632e+02,6.138037211880941e+02,5.882352941176471e-01,14075400
6.173511427426572e+02,6.155864368603042e+02,5.882352941176471e-01,14075402
6.188869139928162e+02,6.159491937336431e+02,5.882352941176471e-01,14075404
6.188869139928162e+02,6.157327925272895e+02,5.882352941176471e-01,14075403
6.194822187235515e+02,6.091816956835762e+02,1.176470588235294e+00,14075391
6.206516198751691e+02,6.183128175719340e+02,5.882352941176471e-01,14075405
6.212469246059045e+02,6.193418880116026e+02,5.882352941176471e-01,14075406
6.224163257575221e+02,6.148328547905911e+02,1.764705882352941e+00,14075401
6.259530837256686e+02,6.206589660786098e+02,1.764705882352941e+00,14075407
6.273070778519762e+02,6.245179071453122e+02,5.882352941176471e-01,14075410
6.292470133365597e+02,6.267911824740172e+02,5.882352941176471e-01,14075411
6.294222429387903e+02,6.240678727401473e+02,1.764705882352941e+00,14075409
6.294222429387903e+02,6.237776660872703e+02,1.764705882352941e+00,14075408
6.310117192189126e+02,6.278501842004188e+02,5.882352941176471e-01,14075413
6.322894498803035e+02,6.305247439979505e+02,5.882352941176471e-01,14075415
6.327764251012656e+02,6.308648970154358e+02,5.882352941176471e-01,14075416
6.338334020822252e+02,6.315611723130108e+02,5.882352941176471e-01,14075418
6.338334020822252e+02,6.311136846459068e+02,5.882352941176471e-01,14075417
6.359401769501758e+02,6.341754710678229e+02,5.882352941176471e-01,14075419
6.363058368659715e+02,6.300832366370882e+02,1.764705882352941e+00,14075414
6.365369919367609e+02,6.347722860544080e+02,5.882352941176471e-01,14075420
6.377048828325288e+02,6.356635304869956e+02,5.882352941176471e-01,14075421
6.410317957930602e+02,6.387351838262955e+02,5.882352941176471e-01,14075425
6.421801391217058e+02,6.375023840283544e+02,1.176470588235294e+00,14075422
6.452687424985673e+02,6.395338164636642e+02,1.764705882352941e+00,14075426
6.452687424985673e+02,6.381517860952995e+02,1.764705882352941e+00,14075424
6.463259134401191e+02,6.409726959117400e+02,1.764705882352941e+00,14075427
6.496624648082754e+02,6.478977589259224e+02,5.882352941176471e-01,14075429
6.506846995271560e+02,6.453905818800972e+02,1.764705882352941e+00,14075428
6.512959069728219e+02,6.495312010904690e+02,5.882352941176471e-01,14075430
6.527550091323419e+02,6.501696694939282e+02,5.882352941176471e-01,14075433
6.545197150146948e+02,6.520487398211524e+02,5.882352941176471e-01,14075434
6.545197150146948e+02,6.526691291750579e+02,5.882352941176471e-01,14075435
6.549565824553342e+02,6.495689351713017e+02,1.764705882352941e+00,14075431
6.564300433772609e+02,6.528483403160635e+02,5.882352941176471e-01,14075436
6.564300433772609e+02,6.529053988379919e+02,5.882352941176471e-01,14075437
6.564300433772609e+02,6.535593908889469e+02,5.882352941176471e-01,14075438
6.581947492596138e+02,6.556259820718500e+02,5.882352941176471e-01,14075439
6.581947492596138e+02,6.556737823792282e+02,5.882352941176471e-01,14075440
6.599594551419668e+02,6.573818137426283e+02,5.882352941176471e-01,14075442
6.608418080831433e+02,6.563289444038099e+02,1.176470588235294e+00,14075441
6.626065139654962e+02,6.498143381924482e+02,1.764705882352941e+00,14075432
6.634888669066727e+02,6.576954282197618e+02,1.764705882352941e+00,14075443
6.652535727890256e+02,6.608656214701747e+02,1.176470588235294e+00,14075444
6.679165072039093e+02,6.622473959930399e+02,1.764705882352941e+00,14075446
6.679165072039093e+02,6.622317620792086e+02,1.764705882352941e+00,14075445
6.708673845732388e+02,6.669112611407845e+02,1.176470588235294e+00,14075449
6.714459189686152e+02,6.655732669261800e+02,1.764705882352941e+00,14075448
6.726543312045328e+02,6.708896253221798e+02,5.882352941176471e-01,14075451
6.744190370868857e+02,6.708169719593336e+02,1.176470588235294e+00,14075450
6.749753307333211e+02,6.711540196403391e+02,1.176470588235294e+00,14075452
6.761192828637481e+02,6.743545769813952e+02,5.882352941176471e-01,14075454
6.767400366156740e+02,6.747018891006588e+02,5.882352941176471e-01,14075455
6.778839887461010e+02,6.761116021898956e+02,5.882352941176471e-01,14075456
6.779402555942360e+02,6.720468989850696e+02,1.764705882352941e+00,14075453
6.786479866922182e+02,6.768832808098652e+02,5.882352941176471e-01,14075457
6.825070214082042e+02,6.807423155258513e+02,5.882352941176471e-01,14075459
6.831398642910904e+02,6.813751584087375e+02,5.882352941176471e-01,14075460
6.843871214429630e+02,6.790930037959041e+02,1.764705882352941e+00,14075458
6.844061427346571e+02,6.826414368523041e+02,5.882352941176471e-01,14075461
6.870192286555857e+02,6.852545227732327e+02,5.882352941176471e-01,14075463
6.885621468499798e+02,6.850327350852739e+02,1.176470588235294e+00,14075462
6.898590260377457e+02,6.880943201553927e+02,5.882352941176471e-01,14075465
6.913027612487678e+02,6.877733494840619e+02,1.176470588235294e+00,14075464
6.961819642093313e+02,6.926525524446255e+02,1.176470588235294e+00,14075467
6.976446709756035e+02,6.923505533285447e+02,1.764705882352941e+00,14075466
6.980686896074670e+02,6.949447900644251e+02,5.882352941176471e-01,14075469
6.981907091232497e+02,6.928965914761909e+02,1.764705882352941e+00,14075468
7.024308624365679e+02,6.989014506718620e+02,1.176470588235294e+00,14075471
7.029522003137202e+02,7.011874944313672e+02,5.882352941176471e-01,14075472
7.042665118881829e+02,7.025018060058300e+02,5.882352941176471e-01,14075473
7.072752236965418e+02,7.055105178141889e+02,5.882352941176471e-01,14075476
7.083844432251691e+02,7.030903255781103e+02,1.764705882352941e+00,14075474
7.086915222109459e+02,7.033974045638871e+02,1.764705882352941e+00,14075475
7.090399295788947e+02,7.070674422225821e+02,5.882352941176471e-01,14075477
7.103026886004105e+02,7.075891065698964e+02,5.882352941176471e-01,14075479
7.103026886004105e+02,7.075250595472574e+02,5.882352941176471e-01,14075478
7.164306673553031e+02,7.146659614729502e+02,5.882352941176471e-01,14075481
7.168225728386805e+02,7.150578669563276e+02,5.882352941176471e-01,14075482
7.182816567965108e+02,7.129875391494520e+02,1.764705882352941e+00,14075480
7.207507526199148e+02,7.189860467375618e+02,5.882352941176471e-01,14075484
7.210023124697500e+02,7.192376065873971e+02,5.882352941176471e-01,14075485
7.217247850023620e+02,7.163708259015315e+02,1.764705882352941e+00,14075483
7.225154585022677e+02,7.205988336788834e+02,5.882352941176471e-01,14075486
7.242801643846207e+02,7.223739098749829e+02,5.882352941176471e-01,14075489
7.254683978544661e+02,7.227712688424506e+02,5.882352941176471e-01,14075490
7.279909541667358e+02,7.216211671607265e+02,1.764705882352941e+00,14075487
7.289978096191720e+02,7.229978778226283e+02,1.176470588235294e+00,14075491
7.289978096191720e+02,7.271338839848815e+02,5.882352941176471e-01,14075494
7.297556600490888e+02,7.273929005510328e+02,5.882352941176471e-01,14075495
7.307625155015249e+02,7.284476249168008e+02,5.882352941176471e-01,14075496
7.329061465988363e+02,7.255869939318780e+02,1.764705882352941e+00,14075493
7.329061465988363e+02,7.246429204194392e+02,1.764705882352941e+00,14075492
7.372483279307778e+02,7.354836220484248e+02,5.882352941176471e-01,14075499
7.379251032312199e+02,7.326309855841611e+02,1.764705882352941e+00,14075497
7.382288537909595e+02,7.329347361439007e+02,1.764705882352941e+00,14075498
7.396898091135728e+02,7.376862220462461e+02,5.882352941176471e-01,14075502
7.410722392492649e+02,7.393075333669120e+02,5.882352941176471e-01,14075504
7.413789624998786e+02,7.357627508645516e+02,1.176470588235294e+00,14075500
7.426260042292195e+02,7.401584111361317e+02,5.882352941176471e-01,14075505
7.432472569782356e+02,7.414825510958826e+02,5.882352941176471e-01,14075509
7.445489157883712e+02,7.419356018936338e+02,5.882352941176471e-01,14075511
7.466730801469375e+02,7.386899105330018e+02,1.764705882352941e+00,14075503
7.480783275530771e+02,7.418707396064449e+02,1.176470588235294e+00,14075510
7.485919908338830e+02,7.439680648937435e+02,1.176470588235294e+00,14075514
7.498430334354300e+02,7.410646393126225e+02,1.764705882352941e+00,14075508
7.499352364786185e+02,7.469814897561226e+02,5.882352941176471e-01,14075516
7.503566967162359e+02,7.482166321178598e+02,5.882352941176471e-01,14075519
7.518953464226956e+02,7.501306405403426e+02,5.882352941176471e-01,14075520
7.520511551437797e+02,7.502864492614267e+02,5.882352941176471e-01,14075521
7.540660744507362e+02,7.523013685683833e+02,5.882352941176471e-01,14075522
7.561875913523070e+02,7.544228854699541e+02,5.882352941176471e-01,14075526
7.575954862154421e+02,7.547297523709652e+02,5.882352941176471e-01,14075527
7.577007593520324e+02,7.524066417049736e+02,1.764705882352941e+00,14075523
7.579350956346712e+02,7.526409779876124e+02,1.176470588235294e+00,14075524
7.593827296276955e+02,7.576180237453425e+02,5.882352941176471e-01,14075528
7.594429277044850e+02,7.535675090701478e+02,1.176470588235294e+00,14075525
7.636439805357186e+02,7.583498628886597e+02,1.764705882352941e+00,14075529
7.652443398190422e+02,7.599502221719834e+02,1.764705882352941e+00,14075530
7.671186101007480e+02,7.648471248129567e+02,5.882352941176471e-01,14075537
7.671186101007480e+02,7.643414226333845e+02,5.882352941176471e-01,14075536
7.679347438990240e+02,7.661700380166710e+02,5.882352941176471e-01,14075539
7.688959589724538e+02,7.622570665391848e+02,1.176470588235294e+00,14075531
7.696994497813769e+02,7.673269986403557e+02,5.882352941176471e-01,14075540
7.706606648548067e+02,7.634836350008961e+02,1.764705882352941e+00,14075532
7.708631488932734e+02,7.681830978956971e+02,5.882352941176471e-01,14075541
7.730265849320385e+02,7.712618790496856e+02,5.882352941176471e-01,14075546
7.742161358339550e+02,7.716997144429613e+02,5.882352941176471e-01,14075547
7.749935674284357e+02,7.691996850301538e+02,1.764705882352941e+00,14075544
7.765559966967444e+02,7.706867240692492e+02,1.764705882352941e+00,14075545
7.788270163062486e+02,7.770623104238957e+02,5.882352941176471e-01,14075548
7.846700861405511e+02,7.829053802581981e+02,5.882352941176471e-01,14075549
7.852459955362919e+02,7.834812896539390e+02,5.882352941176471e-01,14075550
7.856255789342910e+02,7.838608730519381e+02,5.882352941176471e-01,14075551
7.874175249968039e+02,7.856528191144509e+02,5.882352941176471e-01,14075554
7.908205836162725e+02,7.890558777339195e+02,5.882352941176471e-01,14075558
7.913572540865850e+02,7.850191455147168e+02,1.764705882352941e+00,14075553
7.913572540865850e+02,7.842914446121080e+02,1.764705882352941e+00,14075552
7.927133895173208e+02,7.860957737274632e+02,1.176470588235294e+00,14075555
7.932822063018324e+02,7.915175004194795e+02,5.882352941176471e-01,14075559
7.944780953996738e+02,7.865121155062991e+02,1.764705882352941e+00,14075557
7.984851658178900e+02,7.965957612532776e+02,5.882352941176471e-01,14075565
7.984871665974885e+02,7.931930489504297e+02,1.764705882352941e+00,14075560
8.001851839012584e+02,7.968365334375725e+02,5.882352941176471e-01,14075566
8.019498897836113e+02,7.997644008411516e+02,5.882352941176471e-01,14075570
8.024069263768399e+02,8.004337239443808e+02,5.882352941176471e-01,14075571
8.037501730231640e+02,7.946923259415360e+02,1.764705882352941e+00,14075561
8.054970902269171e+02,7.975099871521114e+02,1.764705882352941e+00,14075567
8.057958517295362e+02,8.029954360191101e+02,5.882352941176471e-01,14075574
8.073181456294545e+02,8.055534397471016e+02,5.882352941176471e-01,14075576
8.076156840713958e+02,8.058509781890429e+02,5.882352941176471e-01,14075577
8.091758827429325e+02,8.062923386207972e+02,5.882352941176471e-01,14075578
8.092689139740576e+02,8.021524176286600e+02,1.764705882352941e+00,14075572
8.093803899537488e+02,8.075577420592884e+02,5.882352941176471e-01,14075580
8.109405886252854e+02,8.086942075185217e+02,5.882352941176471e-01,14075581
8.110414261706053e+02,8.024526406404297e+02,1.176470588235294e+00,14075573
8.110821630624002e+02,8.093174571800473e+02,5.882352941176471e-01,14075582
8.131549927660568e+02,8.113902868837039e+02,5.882352941176471e-01,14075583
8.135747014534563e+02,8.118099955711033e+02,5.882352941176471e-01,14075584
8.138266168287565e+02,8.120619109464035e+02,5.882352941176471e-01,14075585
8.149196986484097e+02,8.124388916276993e+02,5.882352941176471e-01,14075586
8.154653650234593e+02,8.134069201117554e+02,5.882352941176471e-01,14075588
8.154653650234593e+02,8.132180888126748e+02,5.882352941176471e-01,14075587
8.179184481761443e+02,8.161537422937913e+02,5.882352941176471e-01,14075592
8.196831540584972e+02,8.151976356329793e+02,1.176470588235294e+00,14075591
8.203527847877533e+02,8.143081680594655e+02,1.764705882352941e+00,14075589
8.207594826705181e+02,8.187450493911790e+02,5.882352941176471e-01,14075594
8.215395524002854e+02,8.197748465179324e+02,5.882352941176471e-01,14075595
8.237905040930240e+02,8.170299270854310e+02,1.764705882352941e+00,14075593
8.244116881753922e+02,8.208822764106863e+02,1.176470588235294e+00,14075596
8.281827872171604e+02,8.264180813348075e+02,5.882352941176471e-01,14075599
8.284515171018167e+02,8.231573994547579e+02,1.764705882352941e+00,14075597
8.290846217400828e+02,8.233674327688352e+02,1.764705882352941e+00,14075598
8.299474930995134e+02,8.275331800526938e+02,5.882352941176471e-01,14075600
8.320072814963896e+02,8.302425756140366e+02,5.882352941176471e-01,14075603
8.337914519111125e+02,8.284973342640537e+02,1.764705882352941e+00,14075601
8.355366932610955e+02,8.295777745256158e+02,1.764705882352941e+00,14075602
8.355561577934655e+02,8.337176044653229e+02,5.882352941176471e-01,14075605
8.366365980550275e+02,8.305610464907454e+02,1.764705882352941e+00,14075604
8.391283594030998e+02,8.373636535207468e+02,5.882352941176471e-01,14075608
8.402561328591023e+02,8.376065259083819e+02,5.882352941176471e-01,14075610
8.425311204129516e+02,8.356083058893604e+02,1.764705882352941e+00,14075606
8.432896623987172e+02,8.374996625265673e+02,1.764705882352941e+00,14075609
8.432896623987172e+02,8.367267210943965e+02,1.764705882352941e+00,14075607
8.468987387557776e+02,8.451340328734247e+02,5.882352941176471e-01,14075613
8.482045090528932e+02,8.419016667777843e+02,1.764705882352941e+00,14075612
8.482045090528932e+02,8.403918786008362e+02,1.764705882352941e+00,14075611
8.486634446381306e+02,8.465364650629064e+02,5.882352941176471e-01,14075614
8.501221934636586e+02,8.471970447044050e+02,5.882352941176471e-01,14075615
8.501221934636586e+02,8.475363599195576e+02,5.882352941176471e-01,14075616
8.501221934636586e+02,8.480385410838660e+02,5.882352941176471e-01,14075617
8.518868993460116e+02,8.489051083642760e+02,5.882352941176471e-01,14075618
8.543430688248569e+02,8.522371539809767e+02,5.882352941176471e-01,14075622
8.556073393326821e+02,8.533912103446507e+02,5.882352941176471e-01,14075623
8.566349620356655e+02,8.508136570601510e+02,1.764705882352941e+00,14075619
8.576140242205632e+02,8.546653816882132e+02,5.882352941176471e-01,14075624
8.578724805895628e+02,8.520779275679763e+02,1.764705882352941e+00,14075621
8.601643738003714e+02,8.581844014545457e+02,5.882352941176471e-01,14075629
8.614022992794924e+02,8.596375933971395e+02,5.882352941176471e-01,14075630
8.616902248717055e+02,8.574574678496007e+02,1.176470588235294e+00,14075627
8.633589555566541e+02,8.602014853548895e+02,5.882352941176471e-01,14075631
8.633589555566541e+02,8.607383621793997e+02,5.882352941176471e-01,14075632
8.634549307540584e+02,8.560912973437384e+02,1.764705882352941e+00,14075626
8.651236614390070e+02,8.625562290861522e+02,5.882352941176471e-01,14075634
8.668883673213600e+02,8.581808215902041e+02,1.764705882352941e+00,14075628
8.705284012659443e+02,8.669989895012384e+02,1.176470588235294e+00,14075636
8.713500458678341e+02,8.660559282207752e+02,1.764705882352941e+00,14075635
8.724495798753415e+02,8.706848739929885e+02,5.882352941176471e-01,14075638
8.740508703089628e+02,8.705214585442569e+02,1.176470588235294e+00,14075637
8.775077031662058e+02,8.717384570652059e+02,1.764705882352941e+00,14075639
8.777591430340587e+02,8.724650253869999e+02,1.764705882352941e+00,14075640
8.790711342753196e+02,8.770410228698794e+02,5.882352941176471e-01,14075644
8.811628348648381e+02,8.748686558874362e+02,1.764705882352941e+00,14075642
8.811628348648381e+02,8.735757418550217e+02,1.764705882352941e+00,14075641
8.829702958255005e+02,8.812055899431475e+02,5.882352941176471e-01,14075646
8.845738383378725e+02,8.828091324555195e+02,5.882352941176471e-01,14075647
8.854784202209727e+02,8.801843025739139e+02,1.764705882352941e+00,14075645
8.891412487384648e+02,8.873765428561119e+02,5.882352941176471e-01,14075650
8.900450091767201e+02,8.865155974120142e+02,1.176470588235294e+00,14075649
8.909059546208177e+02,8.886620330967661e+02,5.882352941176471e-01,14075651
8.910338792247316e+02,8.857397615776728e+02,1.764705882352941e+00,14075648
8.923717503325705e+02,8.906070444502175e+02,5.882352941176471e-01,14075652
8.926706605031707e+02,8.907275157574232e+02,5.882352941176471e-01,14075653
8.960506171825765e+02,8.915543159391573e+02,1.176470588235294e+00,14075655
8.964867537327910e+02,8.911926360857322e+02,1.764705882352941e+00,14075654
8.978153230649294e+02,8.915992399873681e+02,1.764705882352941e+00,14075656
8.981060807650724e+02,8.953674643016423e+02,5.882352941176471e-01,14075658
8.997254077973539e+02,8.966865634768415e+02,5.882352941176471e-01,14075660
9.015645865554264e+02,8.984603892572955e+02,5.882352941176471e-01,14075663
9.015645865554264e+02,8.992919392237496e+02,5.882352941176471e-01,14075664
9.015645865554264e+02,8.994098229320396e+02,5.882352941176471e-01,14075665
9.032512526606921e+02,8.945807755425563e+02,1.176470588235294e+00,14075657
9.033292924377793e+02,9.004647659372295e+02,5.882352941176471e-01,14075666
9.039640254810534e+02,8.972995104671012e+02,1.176470588235294e+00,14075661
9.085453703077509e+02,9.028340526419745e+02,1.764705882352941e+00,14075667
9.097097216020299e+02,9.079397379348518e+02,5.882352941176471e-01,14075670
9.120333262802410e+02,9.066977528409664e+02,1.764705882352941e+00,14075669
9.120333262802410e+02,9.061803098373241e+02,1.764705882352941e+00,14075668
9.151113070284316e+02,9.133466011460786e+02,5.882352941176471e-01,14075673
9.155627380449469e+02,9.096926146663705e+02,1.764705882352941e+00,14075671
9.167685451314417e+02,9.105153197140891e+02,1.764705882352941e+00,14075672
9.230582158672124e+02,9.176729418998206e+02,1.764705882352941e+00,14075675
9.230582158672124e+02,9.169914655083203e+02,1.764705882352941e+00,14075674
9.240502890377321e+02,9.213736875341984e+02,5.882352941176471e-01,14075679
9.250224358018791e+02,9.232577299195261e+02,5.882352941176471e-01,14075681
9.261749985997416e+02,9.178552545404865e+02,1.176470588235294e+00,14075676
9.266989260592371e+02,9.247457007970332e+02,5.882352941176471e-01,14075682
9.284894827400228e+02,9.267247768576698e+02,5.882352941176471e-01,14075683
9.285518475665849e+02,9.231695142945312e+02,1.764705882352941e+00,14075680
9.294588088890225e+02,9.276941030066695e+02,5.882352941176471e-01,14075684
9.315413266413834e+02,9.297766207590305e+02,5.882352941176471e-01,14075687
9.320188945047286e+02,9.298129065308862e+02,5.882352941176471e-01,14075688
9.331480951380645e+02,9.313403461856658e+02,5.882352941176471e-01,14075689
9.350179149637636e+02,9.327040122441292e+02,5.882352941176471e-01,14075692
9.350179149637636e+02,9.324511157478981e+02,5.882352941176471e-01,14075691
9.357382716405091e+02,9.278638382193363e+02,1.764705882352941e+00,14075685
9.370227397383650e+02,9.340618207610134e+02,5.882352941176471e-01,14075693
9.370227397383650e+02,9.344721811185739e+02,5.882352941176471e-01,14075694
9.370227397383650e+02,9.349695316668318e+02,5.882352941176471e-01,14075695
9.387874456207179e+02,9.362130077595856e+02,5.882352941176471e-01,14075697
9.405521515030709e+02,9.315936171424037e+02,1.764705882352941e+00,14075690
9.423168573854238e+02,9.390938242010163e+02,5.882352941176471e-01,14075699
9.423168573854238e+02,9.360623043666479e+02,1.764705882352941e+00,14075696
9.440815632677768e+02,9.379339628934221e+02,1.764705882352941e+00,14075698
9.463456427709897e+02,9.445809368886368e+02,5.882352941176471e-01,14075701
9.481736193308821e+02,9.428795016838233e+02,1.764705882352941e+00,14075700
9.482599075697417e+02,9.464952016873887e+02,5.882352941176471e-01,14075703
9.486605724941322e+02,9.465377033097604e+02,5.882352941176471e-01,14075704
9.499814693326648e+02,9.479622909714388e+02,5.882352941176471e-01,14075706
9.517461752150178e+02,9.488824187881264e+02,5.882352941176471e-01,14075707
9.521899842588381e+02,9.451311607294263e+02,1.764705882352941e+00,14075702
9.535108810973707e+02,9.472477109056919e+02,1.764705882352941e+00,14075705
9.538437378802359e+02,9.502962255159849e+02,5.882352941176471e-01,14075708
9.554420153711563e+02,9.533268505769054e+02,5.882352941176471e-01,14075713
9.556084437625889e+02,9.507115518136329e+02,1.176470588235294e+00,14075709
9.572067212535092e+02,9.548754011780921e+02,5.882352941176471e-01,14075714
9.577585884236023e+02,9.559938825412494e+02,5.882352941176471e-01,14075715
9.589714271358621e+02,9.530268940101905e+02,1.764705882352941e+00,14075712
9.590916173459757e+02,9.561251812249957e+02,5.882352941176471e-01,14075716
9.608162598249575e+02,9.585402423552357e+02,5.882352941176471e-01,14075720
9.608162598249575e+02,9.585385409872247e+02,5.882352941176471e-01,14075719
9.612880001883082e+02,9.591621441349687e+02,5.882352941176471e-01,14075722
9.630527060706611e+02,9.612503164117120e+02,5.882352941176471e-01,14075725
9.643748584447501e+02,9.626101525623972e+02,5.882352941176471e-01,14075726
9.646504362135349e+02,9.596362230728578e+02,1.176470588235294e+00,14075723
9.664151420958879e+02,9.574471016737364e+02,1.764705882352941e+00,14075718
9.692558859967470e+02,9.674911801143941e+02,5.882352941176471e-01,14075727
9.704171491792480e+02,9.686524432968951e+02,5.882352941176471e-01,14075728
9.745229464660241e+02,9.692288288189653e+02,1.764705882352941e+00,14075729
9.746468595667120e+02,9.728821536843591e+02,5.882352941176471e-01,14075730
9.751678682067585e+02,9.734031623244056e+02,5.882352941176471e-01,14075731
9.764724585772381e+02,9.747077526948852e+02,5.882352941176471e-01,14075732
9.776567700346971e+02,9.758920641523441e+02,5.882352941176471e-01,14075733
9.805150698401530e+02,9.787503639578001e+02,5.882352941176471e-01,14075735
9.811527187324081e+02,9.793880128500551e+02,5.882352941176471e-01,14075736
9.816224067994047e+02,9.763282891523459e+02,1.764705882352941e+00,14075734
9.828724192807504e+02,9.811077133983975e+02,5.882352941176471e-01,14075737
9.866035325309574e+02,9.813094148838986e+02,1.764705882352941e+00,14075738
9.916107267110331e+02,9.898460208286802e+02,5.882352941176471e-01,14075739
9.933754325933861e+02,9.915542770786452e+02,5.882352941176471e-01,14075742
9.942167014046197e+02,9.922920648440382e+02,5.882352941176471e-01,14075743
9.965859567885466e+02,9.909729515719424e+02,1.764705882352941e+00,14075741
9.965859567885466e+02,9.906872896399138e+02,1.764705882352941e+00,14075740
9.989698078870113e+02,9.972051020046583e+02,5.882352941176471e-01,14075746
1.001510297870773e+03,9.962161802237144e+02,1.764705882352941e+00,14075744
1.002010968980164e+03,1.000165876759972e+03,5.882352941176471e-01,14075749
1.004263925534070e+03,9.967168513331051e+02,1.764705882352941e+00,14075745
1.005290045190174e+03,9.990887473932547e+02,1.764705882352941e+00,14075748
1.005290045190174e+03,9.982740487891499e+02,1.764705882352941e+00,14075747
1.007054751072527e+03,1.004600587912285e+03,5.882352941176471e-01,14075752
1.009051871959791e+03,1.006979582282326e+03,5.882352941176471e-01,14075755
1.009051871959791e+03,1.006669447473118e+03,5.882352941176471e-01,14075754
1.009726374370237e+03,1.002511412776651e+03,1.764705882352941e+00,14075750
1.010816577842144e+03,1.008594127865932e+03,5.882352941176471e-01,14075756
1.012581283724497e+03,1.010440585749240e+03,5.882352941176470e-01,14075758
1.012581283724497e+03,1.005754875199996e+03,1.764705882352941e+00,14075753
1.013255786134942e+03,1.009304370236965e+03,1.176470588235294e+00,14075757
1.014909885681487e+03,1.013145179799134e+03,5.882352941176471e-01,14075759
1.015070533403303e+03,1.013305827520950e+03,5.882352941176471e-01,14075760
1.017117783448908e+03,1.015353077566555e+03,5.882352941176471e-01,14075761
1.017272830530019e+03,1.015508124647666e+03,5.882352941176471e-01,14075762
1.017352887488819e+03,1.015588181606466e+03,5.882352941176471e-01,14075763
1.018985854052002e+03,1.016401385187013e+03,5.882352941176471e-01,14075765
1.018985854052002e+03,1.015682543350019e+03,5.882352941176471e-01,14075764
1.022222141317814e+03,1.020457435435461e+03,5.882352941176471e-01,14075768
1.022303511248906e+03,1.018774099484200e+03,1.176470588235294e+00,14075767
1.024564854059239e+03,1.022800148176886e+03,5.882352941176471e-01,14075769
1.028491557554755e+03,1.024962145790049e+03,1.176470588235294e+00,14075771
1.028730152400321e+03,1.023436034753262e+03,1.764705882352941e+00,14075770
1.028957755624472e+03,1.027193049742119e+03,5.882352941176471e-01,14075772
1.030375560859891e+03,1.027658997119522e+03,5.882352941176471e-01,14075773
1.031150397668481e+03,1.029385691786128e+03,5.882352941176471e-01,14075775
1.032940431223353e+03,1.031175725341000e+03,5.882352941176471e-01,14075779
1.035644350834430e+03,1.027957199000988e+03,1.764705882352941e+00,14075774
1.036069760747505e+03,1.029480694333256e+03,1.764705882352941e+00,14075777
1.036069760747505e+03,1.029405841833603e+03,1.764705882352941e+00,14075776
1.039591979587486e+03,1.037656654389194e+03,5.882352941176471e-01,14075783
1.041359455001416e+03,1.039594749119063e+03,5.882352941176471e-01,14075786
1.042968088061019e+03,1.040937402880101e+03,5.882352941176471e-01,14075787
1.044257757753620e+03,1.036062567822781e+03,1.764705882352941e+00,14075780
1.045403478531690e+03,1.038150513770895e+03,1.764705882352941e+00,14075784
1.048597548002236e+03,1.046662992302269e+03,5.882352941176471e-01,14075793
1.048725749598698e+03,1.042388678532551e+03,1.176470588235294e+00,14075788
1.049834378722085e+03,1.047275797753767e+03,5.882352941176471e-01,14075794
1.050518769633028e+03,1.048754063750675e+03,5.882352941176471e-01,14075797
1.052656878153564e+03,1.044485698012816e+03,1.176470588235294e+00,14075790
1.055950997660229e+03,1.048985666094281e+03,1.764705882352941e+00,14075798
1.055950997660229e+03,1.048165623720178e+03,1.764705882352941e+00,14075796
1.057245119026500e+03,1.051093030666292e+03,1.764705882352941e+00,14075801
1.058224341901058e+03,1.053999130523927e+03,5.882352941176471e-01,14075802
1.059444989836577e+03,1.056798728257689e+03,5.882352941176471e-01,14075807
1.059989047783411e+03,1.057897866418086e+03,5.882352941176471e-01,14075810
1.061753753665764e+03,1.055017220917168e+03,1.764705882352941e+00,14075803
1.062063028827389e+03,1.060298322945037e+03,5.882352941176471e-01,14075811
1.062386333564219e+03,1.060621627681866e+03,5.882352941176471e-01,14075812
1.067202508893636e+03,1.061323451642415e+03,1.764705882352941e+00,14075814
1.067202508893636e+03,1.060888809219829e+03,1.764705882352941e+00,14075813
1.067267900241740e+03,1.065503194359387e+03,5.882352941176471e-01,14075816
1.068884596066586e+03,1.063655869767631e+03,1.176470588235294e+00,14075815
1.068967214775988e+03,1.066852407929469e+03,5.882352941176471e-01,14075817
1.069190843870554e+03,1.067426137988202e+03,5.882352941176471e-01,14075818
1.070649301948939e+03,1.068156982459810e+03,5.882352941176471e-01,14075819
1.070861132918887e+03,1.069096427036535e+03,5.882352941176471e-01,14075820
1.070955549752907e+03,1.069154622022445e+03,5.882352941176471e-01,14075821
1.072555228477924e+03,1.069874242591110e+03,5.882352941176471e-01,14075823
1.072555228477924e+03,1.069612595657506e+03,5.882352941176471e-01,14075822
1.073331258587791e+03,1.071566552705438e+03,5.882352941176471e-01,14075825
1.074602993416971e+03,1.072838287534618e+03,5.882352941176471e-01,14075827
1.078132405181676e+03,1.072574066977232e+03,1.764705882352941e+00,14075826
1.078900923988780e+03,1.076466824899216e+03,5.882352941176471e-01,14075831
1.079765000785336e+03,1.073529540320347e+03,1.764705882352941e+00,14075828
1.082303265756350e+03,1.080538559873997e+03,5.882352941176471e-01,14075838
1.083294412550042e+03,1.074826015302464e+03,1.764705882352941e+00,14075830
1.084003420169420e+03,1.081564625512754e+03,5.882352941176471e-01,14075840
1.084003420169420e+03,1.080650776188942e+03,5.882352941176471e-01,14075839
1.085349070772802e+03,1.077213311707509e+03,1.176470588235294e+00,14075835
1.085349070772802e+03,1.077174851117114e+03,1.176470588235294e+00,14075834
1.087113776655155e+03,1.084318838629085e+03,5.882352941176471e-01,14075841
1.087532831934126e+03,1.080370254640073e+03,1.764705882352941e+00,14075837
1.088944464353812e+03,1.087179758471459e+03,5.882352941176471e-01,14075843
1.090795312323734e+03,1.089030606441381e+03,5.882352941176471e-01,14075844
1.091145554700048e+03,1.085851437052989e+03,1.764705882352941e+00,14075842
1.094837904080786e+03,1.089543786433727e+03,1.764705882352941e+00,14075845
1.096239472895259e+03,1.090457726558639e+03,1.764705882352941e+00,14075846
1.096439672347107e+03,1.091095398172667e+03,1.764705882352941e+00,14075848
1.096602609963139e+03,1.094497494267021e+03,5.882352941176471e-01,14075849
1.098104278503536e+03,1.095859765081241e+03,5.882352941176471e-01,14075850
1.099491214368829e+03,1.097726508486476e+03,5.882352941176471e-01,14075852
1.101633690268242e+03,1.096146416378909e+03,1.764705882352941e+00,14075851
1.101664972111174e+03,1.099900266228821e+03,5.882352941176471e-01,14075853
1.102238041770469e+03,1.100473335888116e+03,5.882352941176471e-01,14075854
1.104441223954623e+03,1.102676518072270e+03,5.882352941176471e-01,14075856
1.105163102032948e+03,1.100834865699478e+03,1.176470588235294e+00,14075855
1.108626637999281e+03,1.106861932116928e+03,5.882352941176471e-01,14075857
1.108836865987691e+03,1.107072160105338e+03,5.882352941176471e-01,14075858
1.110613218619868e+03,1.108848512737515e+03,5.882352941176471e-01,14075859
1.110993952740782e+03,1.109229246858430e+03,5.882352941176471e-01,14075860
1.112222325785107e+03,1.110457619902754e+03,5.882352941176471e-01,14075861
1.112907438529333e+03,1.111142732646980e+03,5.882352941176471e-01,14075862
1.113303184010658e+03,1.111538478128305e+03,5.882352941176471e-01,14075863
1.115541670542705e+03,1.113776964660352e+03,5.882352941176471e-01,14075865
1.117306376425057e+03,1.115506783463705e+03,5.882352941176471e-01,14075867
1.118761471948193e+03,1.113467354301135e+03,1.764705882352941e+00,14075864
1.120271654167031e+03,1.114977536519972e+03,1.764705882352941e+00,14075866
1.120526177830546e+03,1.118622593821157e+03,5.882352941176471e-01,14075869
1.122036360049384e+03,1.119633579965585e+03,5.882352941176471e-01,14075870
1.122728404203234e+03,1.117434286556175e+03,1.764705882352941e+00,14075868
1.124253330335803e+03,1.122488624453451e+03,5.882352941176471e-01,14075871
1.128362478204918e+03,1.126597772322565e+03,5.882352941176471e-01,14075873
1.128396304252816e+03,1.126631598370463e+03,5.882352941176471e-01,14075874
1.130187777592395e+03,1.124893659945337e+03,1.764705882352941e+00,14075872
1.132562177389721e+03,1.130797471507368e+03,5.882352941176471e-01,14075876
1.134019190850532e+03,1.130489779085826e+03,1.176470588235294e+00,14075875
1.134995160258321e+03,1.133230454375968e+03,5.882352941176471e-01,14075878
1.137208041022422e+03,1.134459865300718e+03,5.882352941176471e-01,14075880
1.137432128463296e+03,1.132138010816237e+03,1.764705882352941e+00,14075877
1.137608845094471e+03,1.135721416087627e+03,5.882352941176471e-01,14075883
1.140753457916667e+03,1.137881500860518e+03,5.882352941176471e-01,14075886
1.141036531103884e+03,1.138996754599083e+03,5.882352941176471e-01,14075889
1.141063265983294e+03,1.134079433329765e+03,1.764705882352941e+00,14075879
1.142706879257165e+03,1.139816940408457e+03,5.882352941176471e-01,14075890
1.144873714844697e+03,1.136236178182960e+03,1.764705882352941e+00,14075884
1.146236291021871e+03,1.142906479991730e+03,5.882352941176470e-01,14075894
1.146236291021871e+03,1.140111055387079e+03,1.764705882352941e+00,14075891
1.148244872972388e+03,1.146480167090035e+03,5.882352941176471e-01,14075895
1.148403126609403e+03,1.141625340176688e+03,1.764705882352941e+00,14075893
1.150009578854741e+03,1.148230095180687e+03,5.882352941176471e-01,14075897
1.153300425049519e+03,1.148006307402460e+03,1.764705882352941e+00,14075896
1.153538990619447e+03,1.151626683429594e+03,5.882352941176471e-01,14075900
1.154228734255143e+03,1.148934616608084e+03,1.764705882352941e+00,14075898
1.155065130931872e+03,1.152291363766142e+03,5.882352941176471e-01,14075901
1.155303696501800e+03,1.153391783615617e+03,5.882352941176471e-01,14075902
1.155993440137496e+03,1.153660686712147e+03,5.882352941176471e-01,14075903
1.157758146019849e+03,1.155484321616420e+03,5.882352941176471e-01,14075905
1.158833108266505e+03,1.149997396364254e+03,1.764705882352941e+00,14075899
1.160359248578931e+03,1.154937188681301e+03,1.764705882352941e+00,14075904
1.160411751009891e+03,1.158647045127538e+03,5.882352941176471e-01,14075906
1.162481712616400e+03,1.160717006734047e+03,5.882352941176471e-01,14075908
1.164014941254666e+03,1.160485529489960e+03,1.176470588235294e+00,14075907
1.165548779665826e+03,1.163784073783473e+03,5.882352941176471e-01,14075910
1.165923561995371e+03,1.162394150230666e+03,1.176470588235294e+00,14075909
1.169309058901725e+03,1.163819561959896e+03,1.764705882352941e+00,14075911
1.170225200888300e+03,1.168460495005947e+03,5.882352941176471e-01,14075912
1.170534251807759e+03,1.168769545925406e+03,5.882352941176471e-01,14075913
1.172403170733723e+03,1.170638464851370e+03,5.882352941176471e-01,14075915
1.175193109395008e+03,1.169898991747949e+03,1.764705882352941e+00,14075914
1.176957139458080e+03,1.175192433575727e+03,5.882352941176471e-01,14075917
1.177425895322669e+03,1.175661189440316e+03,5.882352941176471e-01,14075918
1.177434573082016e+03,1.172140455434957e+03,1.764705882352941e+00,14075916
1.185304932745470e+03,1.183540226863117e+03,5.882352941176471e-01,14075919
1.186769101497279e+03,1.185004395614926e+03,5.882352941176471e-01,14075921
1.187069638627823e+03,1.185263133128365e+03,5.882352941176471e-01,14075922
1.188949501330236e+03,1.183655383683178e+03,1.764705882352941e+00,14075920
1.190618462617520e+03,1.188853756735167e+03,5.882352941176471e-01,14075923
1.192071367245999e+03,1.190306661363646e+03,5.882352941176471e-01,14075925
1.192383168499873e+03,1.190388637281889e+03,5.882352941176471e-01,14075926
1.193008955851321e+03,1.191180563945577e+03,5.882352941176471e-01,14075927
1.193836073128352e+03,1.191773407196330e+03,5.882352941176471e-01,14075928
1.195406201630487e+03,1.193641495748134e+03,5.882352941176471e-01,14075929
1.195912580264579e+03,1.189479544086615e+03,1.764705882352941e+00,14075924
1.195958828328310e+03,1.194194122445958e+03,5.882352941176471e-01,14075930
1.201327464225720e+03,1.199562758343367e+03,5.882352941176471e-01,14075934
1.201552904798980e+03,1.196258787151921e+03,1.764705882352941e+00,14075931
1.203217711052488e+03,1.201453005170135e+03,5.882352941176471e-01,14075935
1.204382545130703e+03,1.197784829779867e+03,1.764705882352941e+00,14075932
1.204956775619270e+03,1.199101650164791e+03,1.764705882352941e+00,14075933
1.208115436166385e+03,1.206350730284032e+03,5.882352941176471e-01,14075936
1.210601638742898e+03,1.208836932860545e+03,5.882352941176471e-01,14075937
1.212472181138027e+03,1.210707475255674e+03,5.882352941176471e-01,14075940
1.213948790832393e+03,1.211226007876779e+03,5.882352941176471e-01,14075941
1.213948790832393e+03,1.211694318031441e+03,5.882352941176471e-01,14075942
1.214432405501398e+03,1.209138287854340e+03,1.764705882352941e+00,14075938
1.217478202597099e+03,1.210131282879702e+03,1.764705882352941e+00,14075939
1.222308638084861e+03,1.220543932202508e+03,5.882352941176471e-01,14075945
1.223897199990899e+03,1.221538213223581e+03,5.882352941176471e-01,14075947
1.223897199990899e+03,1.221214543949500e+03,5.882352941176471e-01,14075946
1.226632330802586e+03,1.220099314878509e+03,1.764705882352941e+00,14075943
1.226632330802586e+03,1.220502024900035e+03,1.764705882352941e+00,14075944
1.232075634972072e+03,1.228546223207366e+03,1.176470588235294e+00,14075949
1.232377403359072e+03,1.228847991594366e+03,1.176470588235294e+00,14075950
1.233961787623103e+03,1.231591329151494e+03,5.882352941176471e-01,14075953
1.235786600711563e+03,1.232847676001422e+03,5.882352941176471e-01,14075955
1.235786600711563e+03,1.232702940773583e+03,5.882352941176471e-01,14075954
1.235906815123778e+03,1.230553822627075e+03,1.764705882352941e+00,14075951
1.238385909976564e+03,1.236621204094211e+03,5.882352941176471e-01,14075958
1.239316012476269e+03,1.231313598405598e+03,1.764705882352941e+00,14075952
1.240511344164957e+03,1.237693648302974e+03,5.882352941176471e-01,14075961
1.243084292058320e+03,1.235763795975674e+03,1.764705882352941e+00,14075957
1.244610130123328e+03,1.239107366588645e+03,1.764705882352941e+00,14075963
1.245805461812016e+03,1.239722577256429e+03,1.764705882352941e+00,14075964
1.248480580792232e+03,1.246715874909879e+03,5.882352941176471e-01,14075971
1.250249675265654e+03,1.248148278070446e+03,5.882352941176471e-01,14075972
1.251474558155298e+03,1.243394954404211e+03,1.764705882352941e+00,14075966
1.251474558155298e+03,1.242674894099978e+03,1.764705882352941e+00,14075965
1.253239264037651e+03,1.250801421143156e+03,5.882352941176471e-01,14075978
1.253332855278996e+03,1.251568149396643e+03,5.882352941176471e-01,14075979
1.256316343440926e+03,1.245585356326362e+03,1.764705882352941e+00,14075970
1.256316343440926e+03,1.245382929216875e+03,1.764705882352941e+00,14075969
1.256862267043702e+03,1.248489357974370e+03,1.764705882352941e+00,14075974
1.259845755205632e+03,1.253693953117330e+03,1.176470588235294e+00,14075980
1.260750818801035e+03,1.258986112918682e+03,5.882352941176471e-01,14075982
1.261610461087985e+03,1.255175003876874e+03,1.764705882352941e+00,14075981
1.263375166970338e+03,1.261021608152450e+03,5.882352941176471e-01,14075986
1.264415625241449e+03,1.262095088174985e+03,5.882352941176471e-01,14075987
1.265139872852690e+03,1.259468100181703e+03,1.764705882352941e+00,14075983
1.266904578735043e+03,1.260100856847438e+03,1.764705882352941e+00,14075984
1.268789007040054e+03,1.265259595275349e+03,1.176470588235294e+00,14075988
1.269004340023910e+03,1.265474928259204e+03,1.176470588235294e+00,14075989
1.270523782316743e+03,1.267655309024187e+03,5.882352941176471e-01,14075991
1.270769045906263e+03,1.265513481476745e+03,1.176470588235294e+00,14075990
1.272288488199096e+03,1.267694916666145e+03,1.176470588235294e+00,14075992
1.272288488199096e+03,1.269308681491568e+03,5.882352941176471e-01,14075995
1.275195661315422e+03,1.273430955433069e+03,5.882352941176471e-01,14075997
1.277806137916171e+03,1.276041432033819e+03,5.882352941176471e-01,14075999
1.278567679723471e+03,1.273273562076412e+03,1.764705882352941e+00,14075996
1.278846831147790e+03,1.273552713500732e+03,1.764705882352941e+00,14075998
1.279570843798524e+03,1.276694912854912e+03,5.882352941176471e-01,14076000
1.280332385605824e+03,1.278364900452226e+03,5.882352941176471e-01,14076001
1.281312554726102e+03,1.279547848843749e+03,5.882352941176471e-01,14076002
1.284088659736470e+03,1.282323953854117e+03,5.882352941176471e-01,14076004
1.284994860264935e+03,1.281465448500229e+03,1.176470588235294e+00,14076003
1.285635591038328e+03,1.283870885155975e+03,5.882352941176471e-01,14076005
1.292212700896254e+03,1.286918583249195e+03,1.764705882352941e+00,14076006
1.294147552123476e+03,1.292382846241123e+03,5.882352941176471e-01,14076009
1.295143081239519e+03,1.289848963592460e+03,1.764705882352941e+00,14076007
1.295886738742352e+03,1.292357326977646e+03,1.176470588235294e+00,14076008
1.298117026560354e+03,1.296352320678001e+03,5.882352941176471e-01,14076011
1.300154943619310e+03,1.294860825972251e+03,1.764705882352941e+00,14076010
1.301570400404128e+03,1.299805694521775e+03,5.882352941176471e-01,14076013
1.304509101788848e+03,1.299214984141790e+03,1.764705882352941e+00,14076012
1.304630345047228e+03,1.302865639164875e+03,5.882352941176471e-01,14076014
1.306334429300391e+03,1.304053896295884e+03,5.882352941176471e-01,14076017
1.306334429300391e+03,1.303758968692333e+03,5.882352941176471e-01,14076016
1.308739644784120e+03,1.303445527137061e+03,1.764705882352941e+00,14076015
1.314089719991617e+03,1.312325014109264e+03,5.882352941176471e-01,14076018
1.314712436071783e+03,1.312947730189431e+03,5.882352941176471e-01,14076019
1.315320291615633e+03,1.313555585733280e+03,5.882352941176471e-01,14076020
1.316781069726061e+03,1.314450648247024e+03,5.882352941176471e-01,14076023
1.319383837638676e+03,1.313717302325287e+03,1.764705882352941e+00,14076021
1.320310481490767e+03,1.314124995259287e+03,1.764705882352941e+00,14076022
1.321165724569133e+03,1.319401018686780e+03,5.882352941176471e-01,14076024
1.324625524877128e+03,1.321096113112422e+03,1.176470588235294e+00,14076025
1.325116887109763e+03,1.323352181227410e+03,5.882352941176471e-01,14076026
1.325124285812155e+03,1.323359579929802e+03,5.882352941176471e-01,14076027
1.328326192776946e+03,1.324136411796238e+03,1.176470588235294e+00,14076028
1.330007384781422e+03,1.324968037147353e+03,1.176470588235294e+00,14076030
1.331095652056867e+03,1.326965106869993e+03,1.176470588235294e+00,14076032
1.331867257727114e+03,1.330102551844761e+03,5.882352941176471e-01,14076034
1.332860357939220e+03,1.326402667831976e+03,1.764705882352941e+00,14076031
1.333536796546128e+03,1.327594937727638e+03,1.176470588235294e+00,14076033
1.336389769703926e+03,1.330464062688656e+03,1.764705882352941e+00,14076035
1.337168118160245e+03,1.335403412277892e+03,5.882352941176471e-01,14076038
1.338154475586279e+03,1.331945319232289e+03,1.764705882352941e+00,14076036
1.339817271619221e+03,1.333144068182913e+03,1.764705882352941e+00,14076037
1.340477051954360e+03,1.338712346072008e+03,5.882352941176471e-01,14076039
1.341581977501574e+03,1.339465916261635e+03,5.882352941176471e-01,14076041
1.342441672758583e+03,1.338912260993877e+03,1.176470588235294e+00,14076040
1.344726836371497e+03,1.342962130489144e+03,5.882352941176471e-01,14076043
1.345292412482429e+03,1.341763000717723e+03,1.176470588235294e+00,14076042
1.346782422443686e+03,1.345017716561333e+03,5.882352941176471e-01,14076044
1.351939596475396e+03,1.349286678922458e+03,5.882352941176471e-01,14076049
1.352336076400066e+03,1.346966223166199e+03,1.764705882352941e+00,14076046
1.352336076400066e+03,1.346645478828338e+03,1.764705882352941e+00,14076045
1.355865488164772e+03,1.347778752805784e+03,1.764705882352941e+00,14076048
1.355865488164772e+03,1.347117694339815e+03,1.764705882352941e+00,14076047
1.357233714122455e+03,1.351040520302484e+03,1.764705882352941e+00,14076050
1.358639851058814e+03,1.356875145176461e+03,5.882352941176471e-01,14076052
1.361159605811831e+03,1.354088572951694e+03,1.764705882352941e+00,14076051
1.362527831769514e+03,1.357062001181864e+03,1.764705882352941e+00,14076053
1.362917389760358e+03,1.360672729446970e+03,5.882352941176471e-01,14076055
1.364552242979096e+03,1.362059355393344e+03,5.882352941176471e-01,14076058
1.366316948861449e+03,1.364512501999019e+03,5.882352941176471e-01,14076061
1.366316948861449e+03,1.363494639370713e+03,5.882352941176471e-01,14076060
1.368081654743802e+03,1.365767560016380e+03,5.882352941176471e-01,14076063
1.368248040872003e+03,1.366483334989650e+03,5.882352941176471e-01,14076064
1.368397857265569e+03,1.359381056061827e+03,1.176470588235294e+00,14076054
1.369846360626155e+03,1.366794014266539e+03,5.882352941176471e-01,14076065
1.370012746754356e+03,1.364756862531695e+03,1.176470588235294e+00,14076062
1.374052507162756e+03,1.368758389515697e+03,1.764705882352941e+00,14076066
1.375140478273214e+03,1.369085464579427e+03,1.764705882352941e+00,14076067
1.376352634181599e+03,1.374587928299246e+03,5.882352941176471e-01,14076069
1.376977690022645e+03,1.374907045248474e+03,5.882352941176471e-01,14076070
1.377050195889724e+03,1.371756078242665e+03,1.764705882352941e+00,14076068
1.378322311750631e+03,1.376557605868278e+03,5.882352941176471e-01,14076072
1.383039630102516e+03,1.377745512455457e+03,1.764705882352941e+00,14076073
1.384936658841240e+03,1.383171952958887e+03,5.882352941176471e-01,14076075
1.385989619552195e+03,1.384224913669842e+03,5.882352941176471e-01,14076076
1.386863097476331e+03,1.381568979829272e+03,1.764705882352941e+00,14076074
1.388937173697884e+03,1.387172467815531e+03,5.882352941176471e-01,14076077
1.391156949960408e+03,1.389392244078055e+03,5.882352941176471e-01,14076079
1.392588555639017e+03,1.390823849756664e+03,5.882352941176471e-01,14076081
1.392921655842760e+03,1.391037411341529e+03,5.882352941176471e-01,14076082
1.393988176319624e+03,1.391509559237854e+03,5.882352941176471e-01,14076084
1.393988176319624e+03,1.391224284488167e+03,5.882352941176471e-01,14076083
1.395776944639072e+03,1.394012238756719e+03,5.882352941176471e-01,14076085
1.396410141450524e+03,1.389018217717369e+03,1.764705882352941e+00,14076078
1.397517588084330e+03,1.390093679353172e+03,1.764705882352941e+00,14076080
1.397772986548151e+03,1.394939197357172e+03,5.882352941176471e-01,14076086
1.398728570649780e+03,1.396239616692524e+03,5.882352941176471e-01,14076088
1.399810911958830e+03,1.398046206076477e+03,5.882352941176471e-01,14076090
1.400648811817996e+03,1.398884105935643e+03,5.882352941176471e-01,14076091
1.402257982414486e+03,1.396392698294110e+03,1.764705882352941e+00,14076089
1.403383297969232e+03,1.401547909433245e+03,5.882352941176471e-01,14076097
1.404777621992868e+03,1.399896860450221e+03,1.176470588235294e+00,14076094
1.405722150524959e+03,1.403957444642606e+03,5.882352941176471e-01,14076098
1.405787394179192e+03,1.399516906971714e+03,1.764705882352941e+00,14076092
1.409710124090212e+03,1.407945418207859e+03,5.882352941176471e-01,14076100
1.410304125103895e+03,1.408539419221542e+03,5.882352941176471e-01,14076101
1.410411054515304e+03,1.406881642750598e+03,1.176470588235294e+00,14076099
1.413356649074232e+03,1.411591943191880e+03,5.882352941176471e-01,14076102
1.416233093101784e+03,1.414468387219431e+03,5.882352941176471e-01,14076103
1.416244989172893e+03,1.414480283290540e+03,5.882352941176471e-01,14076104
1.418006721037469e+03,1.415607123234358e+03,5.882352941176471e-01,14076107
1.418006721037469e+03,1.415557070837208e+03,5.882352941176471e-01,14076106
1.418319090168316e+03,1.414789678403611e+03,1.176470588235294e+00,14076105
1.419771426919822e+03,1.417119743091966e+03,5.882352941176471e-01,14076110
1.420769238024630e+03,1.418039285283309e+03,5.882352941176471e-01,14076112
1.422917391295755e+03,1.420126834349747e+03,5.882352941176471e-01,14076115
1.422917391295755e+03,1.420664218028734e+03,5.882352941176471e-01,14076116
1.423300838684528e+03,1.417583411676175e+03,1.764705882352941e+00,14076111
1.424682097178108e+03,1.419689974116238e+03,1.176470588235294e+00,14076114
1.424682097178108e+03,1.421834007667814e+03,5.882352941176471e-01,14076117
1.427614750214860e+03,1.425850044332507e+03,5.882352941176471e-01,14076119
1.428417296454368e+03,1.426652590572015e+03,5.882352941176471e-01,14076120
1.428858095208811e+03,1.423563977561752e+03,1.764705882352941e+00,14076118
1.429379456097213e+03,1.427545037772639e+03,5.882352941176471e-01,14076121
1.430231511772550e+03,1.428466805890197e+03,5.882352941176471e-01,14076122
1.431417080113532e+03,1.429652374231179e+03,5.882352941176471e-01,14076123
1.432486453513994e+03,1.430721747631641e+03,5.882352941176471e-01,14076124
1.433669563634632e+03,1.431904857752279e+03,5.882352941176471e-01,14076125
1.434700291499843e+03,1.432935585617490e+03,5.882352941176471e-01,14076126
1.435593275330237e+03,1.433828569447884e+03,5.882352941176471e-01,14076127
1.436837775321379e+03,1.435073069439026e+03,5.882352941176471e-01,14076128
1.437388778591069e+03,1.435624072708716e+03,5.882352941176471e-01,14076129
1.438733217397295e+03,1.436372503726254e+03,5.882352941176471e-01,14076131
1.441048243798285e+03,1.435754126151227e+03,1.764705882352941e+00,14076130
1.442487045351325e+03,1.440722339468972e+03,5.882352941176471e-01,14076135
1.442682896238128e+03,1.437099247708506e+03,1.764705882352941e+00,14076133
1.444434733992486e+03,1.438814712016114e+03,1.764705882352941e+00,14076134
1.445755350661647e+03,1.443990644779294e+03,5.882352941176471e-01,14076136
1.447098503076027e+03,1.445333797193674e+03,5.882352941176471e-01,14076137
1.447253583639045e+03,1.445488877756692e+03,5.882352941176471e-01,14076138
1.452833183407499e+03,1.447539065760440e+03,1.764705882352941e+00,14076139
1.453328697687580e+03,1.451563991805227e+03,5.882352941176471e-01,14076140
1.453803795424954e+03,1.452039089542601e+03,5.882352941176471e-01,14076141
1.458922105760187e+03,1.452255794521393e+03,1.764705882352941e+00,14076142
1.459628652563834e+03,1.457018701233429e+03,5.882352941176471e-01,14076148
1.460175871666529e+03,1.458014536693857e+03,5.882352941176471e-01,14076151
1.460686811642540e+03,1.458600362158816e+03,5.882352941176471e-01,14076153
1.463958183083028e+03,1.454028214219598e+03,1.764705882352941e+00,14076144
1.463958183083028e+03,1.453722656468107e+03,1.764705882352941e+00,14076143
1.468563433112957e+03,1.454692557644831e+03,1.764705882352941e+00,14076145
1.468563433112957e+03,1.455798060774375e+03,1.764705882352941e+00,14076146
1.468563433112957e+03,1.455835086884712e+03,1.764705882352941e+00,14076147
1.472092844877663e+03,1.461812185537321e+03,1.764705882352941e+00,14076155
1.472092844877663e+03,1.462113835966206e+03,1.764705882352941e+00,14076156
1.472092844877663e+03,1.462592975831288e+03,1.764705882352941e+00,14076157
1.473874248243905e+03,1.469901345087757e+03,5.882352941176471e-01,14076158
1.473874248243905e+03,1.470407204645735e+03,5.882352941176471e-01,14076159
1.473874248243905e+03,1.470639035189740e+03,5.882352941176471e-01,14076160
1.476056649324857e+03,1.472159634813221e+03,5.882352941176471e-01,14076162
1.476056649324857e+03,1.472344883388442e+03,5.882352941176471e-01,14076164
1.477821355207210e+03,1.475545029038301e+03,5.882352941176471e-01,14076166
1.479586061089563e+03,1.472318962368308e+03,1.764705882352941e+00,14076163
1.483542150526270e+03,1.477333463664774e+03,1.764705882352941e+00,14076168
1.483542150526270e+03,1.475549371781874e+03,1.764705882352941e+00,14076167
1.485093517572622e+03,1.479401737218386e+03,1.176470588235294e+00,14076170
1.486858223454975e+03,1.480866094105565e+03,1.764705882352941e+00,14076171
1.487119364425438e+03,1.485354658543085e+03,5.882352941176471e-01,14076172
1.488219536782750e+03,1.486454830900397e+03,5.882352941176471e-01,14076173
1.489411348374504e+03,1.487646642492151e+03,5.882352941176471e-01,14076174
1.489754528984689e+03,1.487989823102337e+03,5.882352941176471e-01,14076175
1.491018035839260e+03,1.489253329956907e+03,5.882352941176471e-01,14076176
1.492124222884155e+03,1.490359517001802e+03,5.882352941176471e-01,14076178
1.495240646209656e+03,1.489946528562598e+03,1.764705882352941e+00,14076177
1.495838703895936e+03,1.494073998013583e+03,5.882352941176471e-01,14076180
1.497603409778289e+03,1.495781139302205e+03,5.882352941176471e-01,14076182
1.497871635839489e+03,1.492577518192430e+03,1.764705882352941e+00,14076179
1.498770057974362e+03,1.496184867693096e+03,5.882352941176471e-01,14076183
1.499575551379982e+03,1.495074788868017e+03,1.176470588235294e+00,14076181
1.500970880655963e+03,1.499206174773610e+03,5.882352941176471e-01,14076185
1.501193611884854e+03,1.497664200120149e+03,1.176470588235294e+00,14076184
1.501876534973423e+03,1.500111829091070e+03,5.882352941176471e-01,14076186
1.502980643014908e+03,1.501215937132555e+03,5.882352941176471e-01,14076187
1.503624266164158e+03,1.501859560281806e+03,5.882352941176471e-01,14076188
1.505623481365687e+03,1.502094069600981e+03,1.176470588235294e+00,14076189
1.505728958069133e+03,1.503964252186780e+03,5.882352941176471e-01,14076190
1.506684074476790e+03,1.504919368594437e+03,5.882352941176471e-01,14076191
1.508416211620696e+03,1.506651505738343e+03,5.882352941176471e-01,14076192
1.510325298130826e+03,1.508560592248473e+03,5.882352941176471e-01,14076193
1.511995940247175e+03,1.510231234364822e+03,5.882352941176471e-01,14076195
1.513403660639163e+03,1.511638954756810e+03,5.882352941176471e-01,14076196
1.513760646129528e+03,1.511667923480558e+03,5.882352941176471e-01,14076197
1.514466949034812e+03,1.509172831387753e+03,1.764705882352941e+00,14076194
1.515525352011881e+03,1.513456080223677e+03,5.882352941176471e-01,14076199
1.516231654917165e+03,1.514118189998833e+03,5.882352941176471e-01,14076200
1.517111565149052e+03,1.514805794884055e+03,5.882352941176471e-01,14076202
1.517111565149052e+03,1.514569658094958e+03,5.882352941176471e-01,14076201
1.519761066681871e+03,1.513352437253456e+03,1.764705882352941e+00,14076198
1.520682094925175e+03,1.518917389042822e+03,5.882352941176471e-01,14076204
1.521440687552431e+03,1.517911275787725e+03,1.176470588235294e+00,14076203
1.521842584217364e+03,1.520077878335011e+03,5.882352941176471e-01,14076205
1.522954741011159e+03,1.521190035128806e+03,5.882352941176471e-01,14076206
1.523205393434784e+03,1.521384344390844e+03,5.882352941176471e-01,14076207
1.524134779256117e+03,1.522370073373764e+03,5.882352941176471e-01,14076208
1.529088711519474e+03,1.523794593872415e+03,1.764705882352941e+00,14076209
1.529432687087750e+03,1.524138569440691e+03,1.764705882352941e+00,14076210
1.529574285461928e+03,1.527809579579575e+03,5.882352941176471e-01,14076211
1.531111399078034e+03,1.528259902313287e+03,5.882352941176471e-01,14076212
1.532876104960387e+03,1.528344878412401e+03,1.176470588235294e+00,14076213
1.533339592021831e+03,1.531574886139478e+03,5.882352941176471e-01,14076216
1.534123102011819e+03,1.532358396129466e+03,5.882352941176471e-01,14076217
1.534640810842740e+03,1.532727219428059e+03,5.882352941176471e-01,14076218
1.539859889072653e+03,1.538095183190300e+03,5.882352941176471e-01,14076219
1.542294155614041e+03,1.540529449731688e+03,5.882352941176471e-01,14076221
1.544090738110093e+03,1.541637841190597e+03,5.882352941176471e-01,14076224
1.546652083891460e+03,1.544642203065093e+03,5.882352941176471e-01,14076228
1.547895882352299e+03,1.540577264652236e+03,1.764705882352941e+00,14076222
1.547895882352299e+03,1.539593260362049e+03,1.764705882352941e+00,14076220
1.548416789773813e+03,1.545012363237885e+03,5.882352941176471e-01,14076229
1.550872612828499e+03,1.549107906946146e+03,5.882352941176471e-01,14076231
1.551425294117004e+03,1.542833275395858e+03,1.764705882352941e+00,14076227
1.551492786710907e+03,1.549728080828554e+03,5.882352941176471e-01,14076232
1.552826005521914e+03,1.549746465130380e+03,5.882352941176471e-01,14076233
1.553189999999357e+03,1.551155643045093e+03,5.882352941176471e-01,14076236
1.554590711404267e+03,1.552111793104778e+03,5.882352941176471e-01,14076237
1.554954705881710e+03,1.546736820410115e+03,1.764705882352941e+00,14076230
1.555337892759799e+03,1.553573186877446e+03,5.882352941176471e-01,14076238
1.556372020094007e+03,1.553601779203514e+03,5.882352941176471e-01,14076239
1.557489074404525e+03,1.555724368522172e+03,5.882352941176471e-01,14076243
1.560248823528769e+03,1.554615615615348e+03,1.764705882352941e+00,14076242
1.560935402174757e+03,1.558462765302671e+03,5.882352941176471e-01,14076247
1.563017933539909e+03,1.557626663277389e+03,1.176470588235294e+00,14076245
1.564782639422262e+03,1.562293494703448e+03,5.882352941176470e-01,14076250
1.564782639422262e+03,1.557185317542713e+03,1.764705882352941e+00,14076244
1.565542941175828e+03,1.563750775054454e+03,5.882352941176471e-01,14076251
1.566547345304615e+03,1.564695020505834e+03,5.882352941176471e-01,14076252
1.566927496181398e+03,1.560145519933138e+03,1.176470588235294e+00,14076248
1.568692202063751e+03,1.561888878623155e+03,1.764705882352941e+00,14076249
1.569120794874139e+03,1.567356088991786e+03,5.882352941176471e-01,14076253
1.569168727213196e+03,1.567404021330843e+03,5.882352941176471e-01,14076254
1.570671204351298e+03,1.568673379477425e+03,5.882352941176471e-01,14076256
1.570671204351298e+03,1.567737491861397e+03,5.882352941176471e-01,14076255
1.571600400447373e+03,1.569835694565020e+03,5.882352941176471e-01,14076257
1.576426868642826e+03,1.574662162760473e+03,5.882352941176471e-01,14076259
1.578297188257815e+03,1.576218277047315e+03,5.882352941176471e-01,14076262
1.578621625917270e+03,1.573327508270211e+03,1.764705882352941e+00,14076258
1.581826600022520e+03,1.575825456566821e+03,1.764705882352941e+00,14076261
1.581826600022520e+03,1.574873390225744e+03,1.764705882352941e+00,14076260
1.584509005397459e+03,1.582309456202235e+03,5.882352941176471e-01,14076266
1.585550982573080e+03,1.581453085128888e+03,1.176470588235294e+00,14076264
1.587315688455433e+03,1.582216541594228e+03,1.176470588235294e+00,14076265
1.587315688455433e+03,1.580979593632753e+03,1.764705882352941e+00,14076263
1.588038417162165e+03,1.584504050842109e+03,1.176470588235294e+00,14076267
1.590588150868482e+03,1.588823444986129e+03,5.882352941176471e-01,14076268
1.593094048218772e+03,1.591329342336419e+03,5.882352941176471e-01,14076269
1.597115672250962e+03,1.595350966368609e+03,5.882352941176471e-01,14076270
1.597856637483333e+03,1.596091931600980e+03,5.882352941176471e-01,14076271
1.598644872270546e+03,1.596880166388193e+03,5.882352941176471e-01,14076272
1.599621343365686e+03,1.597824265950139e+03,5.882352941176471e-01,14076274
1.601147592244357e+03,1.597618180479651e+03,1.176470588235294e+00,14076273
1.604029929571514e+03,1.602265223689161e+03,5.882352941176471e-01,14076275
1.608026400627786e+03,1.606261694745433e+03,5.882352941176471e-01,14076278
1.610085953959752e+03,1.607694823060714e+03,5.882352941176471e-01,14076281
1.610586179555038e+03,1.605292061907979e+03,1.764705882352941e+00,14076276
1.611498266530276e+03,1.608616095527012e+03,5.882352941176471e-01,14076283
1.612611079806425e+03,1.610846373924072e+03,5.882352941176471e-01,14076285
1.614410321560559e+03,1.605773393964414e+03,1.176470588235294e+00,14076277
1.615027678294981e+03,1.612940345919022e+03,5.882352941176471e-01,14076288
1.615200061160040e+03,1.613435355277687e+03,5.882352941176471e-01,14076289
1.616307538922125e+03,1.614542833039772e+03,5.882352941176471e-01,14076290
1.616805674639283e+03,1.611144043455710e+03,1.176470588235294e+00,14076286
1.618135102055195e+03,1.615403255886627e+03,5.882352941176471e-01,14076291
1.618570380521636e+03,1.608700460149792e+03,1.764705882352941e+00,14076284
1.620089317061992e+03,1.617000074677270e+03,5.882352941176471e-01,14076294
1.620335086403989e+03,1.618514120304084e+03,5.882352941176471e-01,14076296
1.621854022944345e+03,1.619326982776508e+03,5.882352941176471e-01,14076297
1.622099792286342e+03,1.616433253423560e+03,1.764705882352941e+00,14076293
1.623618728826698e+03,1.620679688851018e+03,5.882352941176471e-01,14076299
1.623877384640836e+03,1.620347972876130e+03,1.176470588235294e+00,14076298
1.624047009279800e+03,1.622282303397447e+03,5.882352941176471e-01,14076300
1.627350511508565e+03,1.625585805626212e+03,5.882352941176471e-01,14076303
1.627449382111053e+03,1.625625941852485e+03,5.882352941176471e-01,14076304
1.628912846473757e+03,1.622524195067012e+03,1.764705882352941e+00,14076301
1.629164652692162e+03,1.627121245226961e+03,5.882352941176471e-01,14076305
1.630845423168380e+03,1.627713453784614e+03,5.882352941176471e-01,14076308
1.630845423168380e+03,1.628822952294136e+03,5.882352941176471e-01,14076309
1.632610129050733e+03,1.627154381482422e+03,1.176470588235294e+00,14076306
1.634374834933086e+03,1.627483792387242e+03,1.764705882352941e+00,14076307
1.634374834933086e+03,1.623919970346347e+03,1.764705882352941e+00,14076302
1.636139540815439e+03,1.633834191801281e+03,5.882352941176471e-01,14076315
1.638157839205778e+03,1.631139226643062e+03,1.176470588235294e+00,14076310
1.639922545088131e+03,1.633286375738698e+03,1.764705882352941e+00,14076314
1.641687250970484e+03,1.637971112038783e+03,1.176470588235294e+00,14076318
1.642442807657667e+03,1.636038818154190e+03,1.764705882352941e+00,14076317
1.642442807657667e+03,1.634454181948689e+03,1.764705882352941e+00,14076316
1.645192044810580e+03,1.643427338928227e+03,5.882352941176471e-01,14076321
1.646140320408409e+03,1.643803066941062e+03,5.882352941176471e-01,14076322
1.646969059655238e+03,1.644790732208125e+03,5.882352941176471e-01,14076323
1.646981368617543e+03,1.640988729078522e+03,1.764705882352941e+00,14076319
1.648741971512461e+03,1.646363094342184e+03,5.882352941176471e-01,14076325
1.649669732173115e+03,1.642610908643703e+03,1.764705882352941e+00,14076320
1.650506677394814e+03,1.646663934051083e+03,1.176470588235294e+00,14076326
1.652271383277167e+03,1.649937670404007e+03,5.882352941176471e-01,14076331
1.653333113053267e+03,1.651043303063839e+03,5.882352941176471e-01,14076333
1.654036089159520e+03,1.647267986281246e+03,1.176470588235294e+00,14076328
1.655097818935620e+03,1.653026691543562e+03,5.882352941176471e-01,14076335
1.657919410849592e+03,1.649002046578717e+03,1.764705882352941e+00,14076329
1.657919410849592e+03,1.650634772564908e+03,1.764705882352941e+00,14076332
1.657919410849592e+03,1.651690033666984e+03,1.764705882352941e+00,14076334
1.660117840263393e+03,1.657088758177878e+03,5.882352941176471e-01,14076337
1.663647252028099e+03,1.657371000800958e+03,1.764705882352941e+00,14076338
1.663647252028099e+03,1.657040303244242e+03,1.764705882352941e+00,14076336
1.663781042902680e+03,1.662016337020327e+03,5.882352941176471e-01,14076341
1.665411957910452e+03,1.662429102896995e+03,5.882352941176471e-01,14076342
1.665545748785033e+03,1.663745810507679e+03,5.882352941176471e-01,14076343
1.667042872918224e+03,1.659654304975383e+03,1.764705882352941e+00,14076340
1.667252337980699e+03,1.663887407718409e+03,5.882352941176471e-01,14076344
1.667310454667385e+03,1.665525469192292e+03,5.882352941176471e-01,14076347
1.670083564821228e+03,1.668318858938875e+03,5.882352941176471e-01,14076348
1.676202771200895e+03,1.670908653553836e+03,1.764705882352941e+00,14076349
1.676739118620950e+03,1.671445000973891e+03,1.764705882352941e+00,14076350
1.678181505646453e+03,1.675750251520290e+03,5.882352941176471e-01,14076353
1.678181505646453e+03,1.675210711427144e+03,5.882352941176471e-01,14076352
1.679946211528806e+03,1.677511355347677e+03,5.882352941176471e-01,14076356
1.680268530385656e+03,1.674723436736148e+03,1.764705882352941e+00,14076351
1.680386922040585e+03,1.678622216158232e+03,5.882352941176471e-01,14076357
1.681872076839584e+03,1.678840590171873e+03,5.882352941176471e-01,14076359
1.681872076839584e+03,1.678719607753880e+03,5.882352941176471e-01,14076358
1.682382177043971e+03,1.680617471161618e+03,5.882352941176471e-01,14076360
1.685127831550427e+03,1.683363125668074e+03,5.882352941176471e-01,14076362
1.685766718389785e+03,1.684002012507432e+03,5.882352941176471e-01,14076363
1.688406062155516e+03,1.686641356273163e+03,5.882352941176471e-01,14076364
1.688570901296417e+03,1.683276783649358e+03,1.764705882352941e+00,14076361
1.688820600081589e+03,1.687055894199237e+03,5.882352941176471e-01,14076365
1.691087641271225e+03,1.689322935388872e+03,5.882352941176471e-01,14076368
1.692128254047839e+03,1.689325148236950e+03,5.882352941176471e-01,14076369
1.694037590490349e+03,1.691104300183100e+03,5.882352941176471e-01,14076373
1.695802296372702e+03,1.691465000203399e+03,1.176470588235294e+00,14076374
1.696912854346787e+03,1.687363218042021e+03,1.764705882352941e+00,14076366
1.698677560229140e+03,1.696849389713355e+03,5.882352941176471e-01,14076378
1.699331708137408e+03,1.693560474391582e+03,1.764705882352941e+00,14076376
1.699516938917481e+03,1.697290608061951e+03,5.882352941176471e-01,14076379
1.701782660034770e+03,1.700017954152417e+03,5.882352941176471e-01,14076380
1.702206971993846e+03,1.695987527152775e+03,1.764705882352941e+00,14076377
1.703251329147788e+03,1.701486623265436e+03,5.882352941176471e-01,14076381
1.707076777681829e+03,1.701766604178327e+03,1.764705882352941e+00,14076382
1.707603359957330e+03,1.705838654074977e+03,5.882352941176471e-01,14076383
1.708349910612438e+03,1.706585204730085e+03,5.882352941176471e-01,14076384
1.710097985176860e+03,1.708333279294507e+03,5.882352941176471e-01,14076385
1.710734554059240e+03,1.708969848176887e+03,5.882352941176471e-01,14076386
1.711608914378034e+03,1.709844208495681e+03,5.882352941176471e-01,14076387
1.712223654812303e+03,1.710458948929950e+03,5.882352941176471e-01,14076388
1.712499259941593e+03,1.710475364175777e+03,5.882352941176471e-01,14076389
1.713489455839907e+03,1.711254320767584e+03,5.882352941176471e-01,14076390
1.714826482000126e+03,1.713061776117773e+03,5.882352941176471e-01,14076393
1.715254161722260e+03,1.713194152566514e+03,5.882352941176471e-01,14076394
1.715753066577009e+03,1.713802866910216e+03,5.882352941176471e-01,14076395
1.717936833112097e+03,1.715382172896302e+03,5.882352941176471e-01,14076398
1.718783573486966e+03,1.716835889238896e+03,5.882352941176471e-01,14076400
1.721108872404403e+03,1.718343274237466e+03,5.882352941176471e-01,14076401
1.721669465439487e+03,1.714236607090807e+03,1.764705882352941e+00,14076396
1.721669465439487e+03,1.711840585537075e+03,1.764705882352941e+00,14076392
1.723107518810404e+03,1.721342812928051e+03,5.882352941176471e-01,14076403
1.725641093334898e+03,1.723876387452546e+03,5.882352941176471e-01,14076406
1.726094562953458e+03,1.724329857071105e+03,5.882352941176471e-01,14076407
1.726957870430863e+03,1.722425885377346e+03,1.176470588235294e+00,14076404
1.727859268835811e+03,1.725916514498063e+03,5.882352941176471e-01,14076408
1.729170505099604e+03,1.723567724477563e+03,1.764705882352941e+00,14076405
1.729623974718164e+03,1.727320504592766e+03,5.882352941176471e-01,14076410
1.731875256670797e+03,1.730110550788444e+03,5.882352941176471e-01,14076411
1.732251988077922e+03,1.726735767676846e+03,1.764705882352941e+00,14076409
1.734016693960275e+03,1.732110754010685e+03,5.882352941176471e-01,14076414
1.736165496317524e+03,1.730871378670465e+03,1.764705882352941e+00,14076412
1.737169374317856e+03,1.735377756238628e+03,5.882352941176471e-01,14076416
1.737546105724981e+03,1.731294950185407e+03,1.764705882352941e+00,14076413
1.738934080200209e+03,1.736675420614151e+03,5.882352941176471e-01,14076417
1.739694908082230e+03,1.733368772155657e+03,1.764705882352941e+00,14076415
1.740088985198005e+03,1.738324279315652e+03,5.882352941176471e-01,14076418
1.741079200023572e+03,1.738611276293988e+03,5.882352941176471e-01,14076419
1.744445601900659e+03,1.741566173943889e+03,5.882352941176471e-01,14076423
1.744608611788278e+03,1.738779221832238e+03,1.764705882352941e+00,14076420
1.747416397978586e+03,1.741563664644749e+03,1.764705882352941e+00,14076422
1.747416397978586e+03,1.740916190135953e+03,1.764705882352941e+00,14076421
1.748278775135836e+03,1.744824367046770e+03,5.882352941176471e-01,14076425
1.749181103860939e+03,1.747377040071033e+03,5.882352941176471e-01,14076426
1.750945809743292e+03,1.744749363371130e+03,1.764705882352941e+00,14076424
1.751983874967746e+03,1.750219169085393e+03,5.882352941176471e-01,14076427
1.754376819737522e+03,1.752612113855169e+03,5.882352941176471e-01,14076431
1.756877262634729e+03,1.750831443553012e+03,1.764705882352941e+00,14076428
1.757592112058517e+03,1.751982839281567e+03,1.764705882352941e+00,14076430
1.757592112058517e+03,1.751599109407475e+03,1.764705882352941e+00,14076429
1.759178105584923e+03,1.754804662561608e+03,5.882352941176471e-01,14076432
1.759178105584923e+03,1.755443503666871e+03,5.882352941176471e-01,14076434
1.762707517349629e+03,1.760698687878778e+03,5.882352941176471e-01,14076440
1.763945122631131e+03,1.754881619545795e+03,1.176470588235294e+00,14076433
1.766236929114334e+03,1.759929280396139e+03,1.764705882352941e+00,14076439
1.768001634996687e+03,1.762592951842612e+03,1.764705882352941e+00,14076441
1.770576198887958e+03,1.768811493005605e+03,5.882352941176471e-01,14076442
1.772112230937196e+03,1.770347525054843e+03,5.882352941176471e-01,14076443
1.772345242991298e+03,1.770580537108945e+03,5.882352941176471e-01,14076444
1.773876936819549e+03,1.772089006141896e+03,5.882352941176471e-01,14076446
1.774111948991698e+03,1.772169959751465e+03,5.882352941176471e-01,14076448
1.774111948991698e+03,1.772151170421241e+03,5.882352941176471e-01,14076447
1.775641642701902e+03,1.770583537286016e+03,1.176470588235294e+00,14076445
1.775876654874051e+03,1.774065546533464e+03,5.882352941176471e-01,14076450
1.775982226734833e+03,1.774217520852480e+03,5.882352941176471e-01,14076451
1.782010741397190e+03,1.780246035514837e+03,5.882352941176471e-01,14076454
1.782745452774200e+03,1.777451335127141e+03,1.764705882352941e+00,14076452
1.783775447279543e+03,1.780900667514248e+03,5.882352941176471e-01,14076455
1.784086308246711e+03,1.778792190599652e+03,1.764705882352941e+00,14076453
1.784830092597888e+03,1.783065386715535e+03,5.882352941176471e-01,14076456
1.785667518613955e+03,1.783902812731602e+03,5.882352941176471e-01,14076457
1.786741151882599e+03,1.784976446000246e+03,5.882352941176471e-01,14076458
1.787671200955271e+03,1.785906495072918e+03,5.882352941176471e-01,14076460
1.788505857764952e+03,1.786468507873244e+03,5.882352941176471e-01,14076461
1.790962834375615e+03,1.785668716728556e+03,1.764705882352941e+00,14076459
1.795438963063214e+03,1.790144845416155e+03,1.764705882352941e+00,14076462
1.796561491286732e+03,1.794796785404380e+03,5.882352941176471e-01,14076463
1.797191251864973e+03,1.795426545982620e+03,5.882352941176471e-01,14076464
1.797790301639587e+03,1.796025595757234e+03,5.882352941176471e-01,14076465
1.798326197169085e+03,1.796190435410622e+03,5.882352941176471e-01,14076466
1.800049020576609e+03,1.798284314694257e+03,5.882352941176471e-01,14076467
1.800782474408137e+03,1.799017768525784e+03,5.882352941176471e-01,14076468
1.800901795919329e+03,1.799137090036976e+03,5.882352941176471e-01,14076469
1.805343138223668e+03,1.799324817453871e+03,1.764705882352941e+00,14076470
1.809654381290602e+03,1.806124969525896e+03,1.176470588235294e+00,14076472
1.810223901886859e+03,1.808353069639564e+03,5.882352941176471e-01,14076474
1.811119416440759e+03,1.805825298793701e+03,1.764705882352941e+00,14076471
1.811988607769212e+03,1.806694490122153e+03,1.176470588235294e+00,14076473
1.813183793055308e+03,1.808723740918170e+03,1.176470588235294e+00,14076475
1.814767339223354e+03,1.813002633341001e+03,5.882352941176471e-01,14076477
1.815254014035234e+03,1.813489308152882e+03,5.882352941176471e-01,14076478
1.816770020633302e+03,1.814041863313138e+03,5.882352941176471e-01,14076479
1.817007996160898e+03,1.811713878513839e+03,1.764705882352941e+00,14076476
1.818873155843369e+03,1.817108449961016e+03,5.882352941176471e-01,14076481
1.818968655459501e+03,1.817203949577148e+03,5.882352941176471e-01,14076482
1.819083680209107e+03,1.817318974326754e+03,5.882352941176471e-01,14076483
1.820685611533788e+03,1.818472401883153e+03,5.882352941176471e-01,14076485
1.821368964894039e+03,1.819604259011686e+03,5.882352941176471e-01,14076486
1.822678101869558e+03,1.819706177194639e+03,5.882352941176471e-01,14076487
1.822678101869558e+03,1.820477395104504e+03,5.882352941176471e-01,14076488
1.824442807751911e+03,1.822619397177487e+03,5.882352941176471e-01,14076491
1.824442807751911e+03,1.822066547364331e+03,5.882352941176471e-01,14076490
1.824584430732383e+03,1.822819724850030e+03,5.882352941176471e-01,14076492
1.826207513634264e+03,1.820585669415984e+03,1.176470588235294e+00,14076489
1.826207513634264e+03,1.823138254760770e+03,5.882352941176471e-01,14076493
1.827972219516617e+03,1.818445663265907e+03,1.764705882352941e+00,14076484
1.829821238288033e+03,1.828056532405680e+03,5.882352941176471e-01,14076496
1.831501631281323e+03,1.826061430020438e+03,1.764705882352941e+00,14076495
1.831501631281323e+03,1.825541601269129e+03,1.764705882352941e+00,14076494
1.833341582307864e+03,1.830104083375036e+03,5.882352941176471e-01,14076499
1.833341582307864e+03,1.831244330308592e+03,5.882352941176471e-01,14076501
1.836870994072570e+03,1.834928675309182e+03,5.882352941176471e-01,14076506
1.839297464660805e+03,1.832068617879165e+03,1.176470588235294e+00,14076502
1.839518052896099e+03,1.830695672921106e+03,1.764705882352941e+00,14076500
1.839518052896099e+03,1.828252795677538e+03,1.764705882352941e+00,14076497
1.842826876425511e+03,1.838476106038461e+03,1.176470588235294e+00,14076507
1.844024998774330e+03,1.842260292891977e+03,5.882352941176471e-01,14076508
1.844163931804818e+03,1.842399225922465e+03,5.882352941176471e-01,14076509
1.845736442890944e+03,1.843971737008591e+03,5.882352941176471e-01,14076510
1.847136888626131e+03,1.845372182743778e+03,5.882352941176471e-01,14076512
1.847978669377062e+03,1.846213963494709e+03,5.882352941176471e-01,14076513
1.848268644681517e+03,1.844739232916812e+03,1.176470588235294e+00,14076511
1.853934813226457e+03,1.850405401461751e+03,1.176470588235294e+00,14076514
1.856015983875873e+03,1.850721866228814e+03,1.764705882352941e+00,14076515
1.856934245535187e+03,1.851640127888128e+03,1.764705882352941e+00,14076516
1.857622457374694e+03,1.855628052750021e+03,5.882352941176471e-01,14076519
1.860571935212803e+03,1.858807229330451e+03,5.882352941176471e-01,14076522
1.861085169777217e+03,1.853614605807536e+03,1.764705882352941e+00,14076517
1.861260231642778e+03,1.854539278486159e+03,1.176470588235294e+00,14076518
1.862336641095156e+03,1.859645466814530e+03,5.882352941176471e-01,14076523
1.864743793503577e+03,1.857027016118223e+03,1.764705882352941e+00,14076521
1.867853357822711e+03,1.865385969667654e+03,5.882352941176471e-01,14076529
1.868445582960768e+03,1.866311251020854e+03,5.882352941176471e-01,14076531
1.868701322711001e+03,1.861131019681124e+03,1.764705882352941e+00,14076524
1.870338158718237e+03,1.864410191666132e+03,1.176470588235294e+00,14076528
1.872102864600590e+03,1.863462091186506e+03,1.764705882352941e+00,14076527
1.873147475469770e+03,1.867548514077977e+03,1.764705882352941e+00,14076533
1.873867570482943e+03,1.870874129350271e+03,5.882352941176471e-01,14076535
1.875632276365296e+03,1.872019227988460e+03,1.176470588235294e+00,14076536
1.875884326243023e+03,1.874119620360670e+03,5.882352941176471e-01,14076538
1.876676887234476e+03,1.870253494347273e+03,1.764705882352941e+00,14076534
1.877523007186512e+03,1.874366718562957e+03,5.882352941176471e-01,14076539
1.881052418951218e+03,1.874938730321552e+03,1.764705882352941e+00,14076540
1.881481898227091e+03,1.879432822722585e+03,5.882352941176471e-01,14076544
1.882377145834246e+03,1.879891693012134e+03,5.882352941176471e-01,14076545
1.883246604109444e+03,1.881209779736433e+03,5.882352941176471e-01,14076546
1.884141851716599e+03,1.881530988195143e+03,5.882352941176471e-01,14076547
1.884573258219595e+03,1.877074455690858e+03,1.764705882352941e+00,14076541
1.887223639677727e+03,1.878847734069540e+03,1.764705882352941e+00,14076543
1.887223639677727e+03,1.877952486462385e+03,1.764705882352941e+00,14076542
1.891020260798397e+03,1.889255554916044e+03,5.882352941176471e-01,14076548
1.893098494186181e+03,1.891333788303828e+03,5.882352941176471e-01,14076549
1.893306087747993e+03,1.891541381865640e+03,5.882352941176471e-01,14076550
1.896006185995067e+03,1.894241480112715e+03,5.882352941176471e-01,14076552
1.896132441252912e+03,1.894367735370559e+03,5.882352941176471e-01,14076553
1.897545270537896e+03,1.894015858773190e+03,1.176470588235294e+00,14076551
1.900000026029952e+03,1.898235320147600e+03,5.882352941176471e-01,14076555
1.900112957309064e+03,1.898348251426711e+03,5.882352941176471e-01,14076556
1.901392575105591e+03,1.898622020044573e+03,5.882352941176471e-01,14076557
1.902049328052876e+03,1.900284622170523e+03,5.882352941176471e-01,14076558
1.903250092472157e+03,1.900445296627069e+03,5.882352941176471e-01,14076559
1.903529437794658e+03,1.897863163340885e+03,1.764705882352941e+00,14076554
1.905014798354510e+03,1.902949692450206e+03,5.882352941176471e-01,14076564
1.906986144363439e+03,1.905221438481086e+03,5.882352941176471e-01,14076566
1.907343445699935e+03,1.901516323751209e+03,1.764705882352941e+00,14076563
1.908031925473700e+03,1.906213515030240e+03,5.882352941176471e-01,14076567
1.908750850245792e+03,1.906649825743534e+03,5.882352941176471e-01,14076568
1.910740928795792e+03,1.908976222913439e+03,5.882352941176471e-01,14076569
1.910872857464641e+03,1.904502513708994e+03,1.764705882352941e+00,14076565
1.912779565421892e+03,1.911014859539539e+03,5.882352941176471e-01,14076571
1.915693715584195e+03,1.913929009701842e+03,5.882352941176471e-01,14076572
1.915842755698571e+03,1.910548638051512e+03,1.764705882352941e+00,14076570
1.917621910791050e+03,1.914092499026344e+03,1.176470588235294e+00,14076573
1.919413325755010e+03,1.917648619872657e+03,5.882352941176471e-01,14076574
1.919697011752985e+03,1.917932305870632e+03,5.882352941176471e-01,14076575
1.921178031637363e+03,1.919362499465670e+03,5.882352941176471e-01,14076577
1.921861294079096e+03,1.918331882314390e+03,1.176470588235294e+00,14076576
1.923078987805570e+03,1.920371161916603e+03,5.882352941176471e-01,14076579
1.923625999961449e+03,1.919476575744486e+03,1.176470588235294e+00,14076578
1.924843693687923e+03,1.922019141744532e+03,5.882352941176471e-01,14076582
1.926608399570276e+03,1.924728881673045e+03,5.882352941176471e-01,14076584
1.926755835282396e+03,1.921450532209071e+03,1.764705882352941e+00,14076581
1.927775127119398e+03,1.925854341151522e+03,5.882352941176471e-01,14076585
1.928446823308689e+03,1.926542731175767e+03,5.882352941176471e-01,14076587
1.930211529191042e+03,1.928251875453756e+03,5.882352941176471e-01,14076593
1.930211529191042e+03,1.928085382697424e+03,5.882352941176471e-01,14076592
1.931537230567623e+03,1.929253082150118e+03,5.882352941176471e-01,14076594
1.932081625382555e+03,1.930316919500202e+03,5.882352941176471e-01,14076595
1.933301936449976e+03,1.931347132789610e+03,5.882352941176471e-01,14076596
1.934381513490434e+03,1.932616807608081e+03,5.882352941176471e-01,14076597
1.934462879918406e+03,1.924245715354692e+03,1.764705882352941e+00,14076583
1.935933803280899e+03,1.934169097398546e+03,5.882352941176471e-01,14076598
1.938162559893971e+03,1.936397854011618e+03,5.882352941176471e-01,14076599
1.941513820998911e+03,1.937984409234205e+03,1.176470588235294e+00,14076600
1.942652017233822e+03,1.940887311351469e+03,5.882352941176471e-01,14076602
1.943222440401453e+03,1.939693028636747e+03,1.176470588235294e+00,14076601
1.943554899611829e+03,1.941790193729476e+03,5.882352941176471e-01,14076603
1.946074396714146e+03,1.944309690831793e+03,5.882352941176471e-01,14076605
1.946273460239338e+03,1.944508754356985e+03,5.882352941176471e-01,14076606
1.947946134880881e+03,1.942553207742036e+03,1.764705882352941e+00,14076604
1.949381647844205e+03,1.947616941961852e+03,5.882352941176471e-01,14076611
1.951448788574491e+03,1.945318048737602e+03,1.764705882352941e+00,14076607
1.951965111820667e+03,1.950200405938314e+03,5.882352941176471e-01,14076612
1.953729817703020e+03,1.951525133141328e+03,5.882352941176471e-01,14076615
1.954316212259417e+03,1.952527828315563e+03,5.882352941176471e-01,14076616
1.956742906221550e+03,1.954532997397430e+03,5.882352941176471e-01,14076618
1.957552426745924e+03,1.951363358400280e+03,1.764705882352941e+00,14076614
1.957552426745924e+03,1.950786800494711e+03,1.764705882352941e+00,14076613
1.960633699110326e+03,1.958117400318052e+03,5.882352941176471e-01,14076623
1.961081838510630e+03,1.959008251189635e+03,5.882352941176470e-01,14076625
1.961081838510630e+03,1.952713528164969e+03,1.764705882352941e+00,14076617
1.962622474692831e+03,1.954985709446867e+03,1.176470588235294e+00,14076619
1.963696440242916e+03,1.961931734360564e+03,5.882352941176471e-01,14076626
1.964387180575184e+03,1.957076090965163e+03,1.764705882352941e+00,14076622
1.965789963322724e+03,1.964025257440371e+03,5.882352941176471e-01,14076628
1.967554669205077e+03,1.965716773346491e+03,5.882352941176471e-01,14076631
1.968534165422948e+03,1.966284154121065e+03,5.882352941176471e-01,14076632
1.969026385409964e+03,1.963857620858947e+03,1.176470588235294e+00,14076627
1.969319375087430e+03,1.967507789521119e+03,5.882352941176471e-01,14076633
1.972238605209825e+03,1.970473899327472e+03,5.882352941176471e-01,14076635
1.972442336247853e+03,1.970677630365500e+03,5.882352941176471e-01,14076636
1.973828283070007e+03,1.968128108142281e+03,1.764705882352941e+00,14076634
1.974003311092178e+03,1.971805569138912e+03,5.882352941176471e-01,14076637
1.974670427385925e+03,1.972905721503572e+03,5.882352941176471e-01,14076638
1.977040215072635e+03,1.975275509190282e+03,5.882352941176471e-01,14076640
1.977142626124706e+03,1.975377920242353e+03,5.882352941176471e-01,14076641
1.977357694834713e+03,1.973627909225254e+03,1.176470588235294e+00,14076639
1.978873194989702e+03,1.976396847097640e+03,5.882352941176471e-01,14076643
1.978873194989702e+03,1.975741503737242e+03,5.882352941176471e-01,14076642
1.979820784389058e+03,1.978056078506705e+03,5.882352941176471e-01,14076645
1.981066402435445e+03,1.979301696553092e+03,5.882352941176471e-01,14076646
1.981169782433964e+03,1.979405076551611e+03,5.882352941176471e-01,14076647
1.981585490271411e+03,1.979502644765427e+03,5.882352941176471e-01,14076648
1.982831108317798e+03,1.979912801971659e+03,5.882352941176471e-01,14076649
1.984353138827164e+03,1.982588432944811e+03,5.882352941176471e-01,14076650
1.992247753690844e+03,1.986953636043786e+03,1.764705882352941e+00,14076651
1.992892256955826e+03,1.990128435784545e+03,5.882352941176471e-01,14076656
1.995497114801207e+03,1.987677810736482e+03,1.764705882352941e+00,14076653
1.995497114801207e+03,1.987518467881052e+03,1.764705882352941e+00,14076652
1.998083818938487e+03,1.996319113056134e+03,5.882352941176471e-01,14076658
1.999925203623630e+03,1.997447784155995e+03,5.882352941176471e-01,14076660
2.000001882426420e+03,1.994707764779362e+03,1.764705882352941e+00,14076657
2.002732282543293e+03,1.997438164896234e+03,1.764705882352941e+00,14076659
2.003226025384692e+03,2.001461319502339e+03,5.882352941176471e-01,14076663
2.004743859846345e+03,2.002661107283664e+03,5.882352941176471e-01,14076665
2.004743859846345e+03,2.002240149912462e+03,5.882352941176471e-01,14076664
2.005219321270689e+03,1.999651406039387e+03,1.764705882352941e+00,14076662
2.006508565728698e+03,2.003406123596042e+03,5.882352941176471e-01,14076666
2.009507924233247e+03,2.007743218350894e+03,5.882352941176471e-01,14076668
2.009717548624071e+03,2.007952842741718e+03,5.882352941176471e-01,14076669
2.010037977493404e+03,2.004139397518603e+03,1.764705882352941e+00,14076667
2.011272630115600e+03,2.008250497647610e+03,5.882352941176471e-01,14076670
2.012914001832088e+03,2.011149295949735e+03,5.882352941176471e-01,14076671
2.016420506598290e+03,2.014655800715937e+03,5.882352941176471e-01,14076673
2.017621373259470e+03,2.014091961494765e+03,1.176470588235294e+00,14076672
2.020278077544987e+03,2.014983959897928e+03,1.764705882352941e+00,14076674
2.021714624245348e+03,2.016179732276533e+03,1.764705882352941e+00,14076675
2.023663022755530e+03,2.021898316873177e+03,5.882352941176471e-01,14076679
2.023807489309693e+03,2.017726087937086e+03,1.764705882352941e+00,14076676
2.025014473738276e+03,2.018669039049266e+03,1.764705882352941e+00,14076677
2.028957140402589e+03,2.023166361216686e+03,1.764705882352941e+00,14076680
2.030349858857379e+03,2.025055741210320e+03,1.764705882352941e+00,14076681
2.032163006871483e+03,2.030171931968883e+03,5.882352941176471e-01,14076684
2.033011772095769e+03,2.027717654448710e+03,1.764705882352941e+00,14076682
2.033559197895818e+03,2.030446743120882e+03,5.882352941176471e-01,14076686
2.034776477978121e+03,2.029661271273094e+03,1.176470588235294e+00,14076683
2.036268742642339e+03,2.034504036759986e+03,5.882352941176471e-01,14076688
2.037088609660524e+03,2.031091217216840e+03,1.764705882352941e+00,14076687
2.038033448524692e+03,2.035445997899734e+03,5.882352941176471e-01,14076690
2.039872275600788e+03,2.038107569718435e+03,5.882352941176471e-01,14076692
2.040070595625180e+03,2.034642592945302e+03,1.764705882352941e+00,14076689
2.041833080798265e+03,2.040068374915912e+03,5.882352941176471e-01,14076693
2.042938593501352e+03,2.037644475854293e+03,1.764705882352941e+00,14076691
2.043911450295019e+03,2.042146744412666e+03,5.882352941176471e-01,14076694
2.046662958848836e+03,2.044898252966483e+03,5.882352941176471e-01,14076696
2.048995453046790e+03,2.047230747164437e+03,5.882352941176471e-01,14076698
2.049491694276785e+03,2.044197576629727e+03,1.764705882352941e+00,14076695
2.050969772930918e+03,2.045675655283859e+03,1.764705882352941e+00,14076697
2.052735451149514e+03,2.050416024486531e+03,5.882352941176471e-01,14076702
2.053760631536679e+03,2.051224238595243e+03,5.882352941176471e-01,14076704
2.053760631536679e+03,2.051021751163530e+03,5.882352941176471e-01,14076703
2.056785525661236e+03,2.049207011721051e+03,1.764705882352941e+00,14076699
2.057290043301385e+03,2.055337208658790e+03,5.882352941176471e-01,14076707
2.059684843304840e+03,2.053521419370092e+03,1.764705882352941e+00,14076706
2.059684843304840e+03,2.053516445270038e+03,1.764705882352941e+00,14076705
2.061191957887382e+03,2.058668989360116e+03,5.882352941176471e-01,14076710
2.062956663769734e+03,2.060258118953548e+03,5.882352941176471e-01,14076711
2.063214255069546e+03,2.057404954822865e+03,1.764705882352941e+00,14076708
2.064721369652087e+03,2.061556808880171e+03,5.882352941176470e-01,14076712
2.064721369652087e+03,2.058454921748105e+03,1.764705882352941e+00,14076709
2.066728840524160e+03,2.064964134641807e+03,5.882352941176471e-01,14076714
2.067078475968113e+03,2.063549064203407e+03,1.176470588235294e+00,14076713
2.068648233088819e+03,2.066883527206466e+03,5.882352941176471e-01,14076715
2.073157879047120e+03,2.071393173164767e+03,5.882352941176471e-01,14076716
2.075154682123175e+03,2.073389976240822e+03,5.882352941176471e-01,14076718
2.075284511972615e+03,2.073519806090262e+03,5.882352941176471e-01,14076719
2.075435070687505e+03,2.071905658922799e+03,1.176470588235294e+00,14076717
2.077413875959477e+03,2.075649170077124e+03,5.882352941176471e-01,14076720
2.077464513471136e+03,2.075699807588783e+03,5.882352941176471e-01,14076721
2.077482472077470e+03,2.075717766195118e+03,5.882352941176471e-01,14076722
2.082733312362365e+03,2.077235831684281e+03,1.764705882352941e+00,14076724
2.082733312362365e+03,2.077174716128365e+03,1.764705882352941e+00,14076723
2.086216768824324e+03,2.083300185210102e+03,5.882352941176471e-01,14076730
2.088206835074087e+03,2.086442129191734e+03,5.882352941176471e-01,14076733
2.088269137938054e+03,2.086504432055701e+03,5.882352941176471e-01,14076734
2.089180372207287e+03,2.080784785269024e+03,1.176470588235294e+00,14076725
2.089971540956440e+03,2.087758050544813e+03,5.882352941176471e-01,14076735
2.093254826243158e+03,2.091490120360805e+03,5.882352941176471e-01,14076736
2.095318345934580e+03,2.093553640052227e+03,5.882352941176471e-01,14076737
2.098243325370660e+03,2.096478619488307e+03,5.882352941176471e-01,14076739
2.099606473009134e+03,2.097841767126781e+03,5.882352941176471e-01,14076740
2.100356276908035e+03,2.095062159260976e+03,1.764705882352941e+00,14076738
2.100563450673801e+03,2.098798744791448e+03,5.882352941176471e-01,14076741
2.101371178891487e+03,2.099144447317993e+03,5.882352941176471e-01,14076742
2.102224569673271e+03,2.099990116894844e+03,5.882352941176471e-01,14076743
2.103989275555624e+03,2.100281021515690e+03,1.176470588235294e+00,14076744
2.105228256587593e+03,2.103463550705240e+03,5.882352941176471e-01,14076745
2.105915192036483e+03,2.104150486154130e+03,5.882352941176471e-01,14076746
2.107688618714258e+03,2.105923912831905e+03,5.882352941176471e-01,14076747
2.111816294339953e+03,2.110051588457600e+03,5.882352941176471e-01,14076750
2.112417447182284e+03,2.108888035417578e+03,1.176470588235294e+00,14076748
2.114633621443031e+03,2.109339503795972e+03,1.764705882352941e+00,14076749
2.117110411987012e+03,2.111321070828621e+03,1.764705882352941e+00,14076751
2.117314208226210e+03,2.115549502343857e+03,5.882352941176471e-01,14076752
2.119488573406879e+03,2.117723867524526e+03,5.882352941176471e-01,14076754
2.119913593846342e+03,2.118148887963989e+03,5.882352941176471e-01,14076755
2.121860607824380e+03,2.116566490177322e+03,1.764705882352941e+00,14076753
2.122234162127038e+03,2.120469456244685e+03,5.882352941176471e-01,14076756
2.125297435276809e+03,2.123532729394456e+03,5.882352941176471e-01,14076759
2.125764818877243e+03,2.120470701230185e+03,1.764705882352941e+00,14076757
2.127062141159162e+03,2.124550899987824e+03,5.882352941176471e-01,14076760
2.127154725471439e+03,2.121080411865633e+03,1.764705882352941e+00,14076758
2.129518332290920e+03,2.127753626408568e+03,5.882352941176471e-01,14076761
2.132128580629070e+03,2.128599168864365e+03,1.176470588235294e+00,14076762
2.132937380399067e+03,2.131172674516714e+03,5.882352941176471e-01,14076764
2.133309032696383e+03,2.131223955988679e+03,5.882352941176471e-01,14076765
2.134702086281420e+03,2.132466509542250e+03,5.882352941176471e-01,14076766
2.135073738578736e+03,2.133079609214654e+03,5.882352941176471e-01,14076767
2.135657992393776e+03,2.129779620931677e+03,1.764705882352941e+00,14076763
2.136838444461089e+03,2.134810367187322e+03,5.882352941176471e-01,14076769
2.138231498046126e+03,2.135904045153316e+03,5.882352941176471e-01,14076771
2.138603150343442e+03,2.136814870855264e+03,5.882352941176471e-01,14076772
2.139446720575146e+03,2.137682014692793e+03,5.882352941176471e-01,14076773
2.139996203928479e+03,2.138008013782571e+03,5.882352941176471e-01,14076774
2.141760909810832e+03,2.139780591765081e+03,5.882352941176471e-01,14076776
2.142426927073242e+03,2.133534600272860e+03,1.764705882352941e+00,14076768
2.145290321575538e+03,2.139310285397443e+03,1.764705882352941e+00,14076775
2.146505544104557e+03,2.140929923088418e+03,1.764705882352941e+00,14076777
2.148555859691391e+03,2.143261742044332e+03,1.764705882352941e+00,14076778
2.148819733340244e+03,2.145236832779870e+03,1.176470588235294e+00,14076779
2.150468868275972e+03,2.148704162393619e+03,5.882352941176471e-01,14076780
2.151564294304427e+03,2.149799588422074e+03,5.882352941176471e-01,14076782
2.152233574158325e+03,2.150060044936179e+03,5.882352941176471e-01,14076783
2.152314172759846e+03,2.148784760995140e+03,1.176470588235294e+00,14076781
2.155790394045657e+03,2.154025688163304e+03,5.882352941176471e-01,14076785
2.155792572012471e+03,2.154027866130118e+03,5.882352941176471e-01,14076786
2.156776610885281e+03,2.153247199120575e+03,1.176470588235294e+00,14076784
2.159723182172646e+03,2.157958476290293e+03,5.882352941176471e-01,14076789
2.161085600676123e+03,2.155616980317069e+03,1.764705882352941e+00,14076788
2.161085600676123e+03,2.155354661408715e+03,1.764705882352941e+00,14076787
2.161552352047244e+03,2.159787646164891e+03,5.882352941176471e-01,14076790
2.162850306558476e+03,2.160468907645399e+03,5.882352941176471e-01,14076791
2.164698816299359e+03,2.162934110417006e+03,5.882352941176471e-01,14076793
2.164718086445925e+03,2.162953380563572e+03,5.882352941176471e-01,14076794
2.166631691370096e+03,2.161337573723037e+03,1.764705882352941e+00,14076792
2.168228228064065e+03,2.163446976325419e+03,1.176470588235294e+00,14076795
2.170914104207068e+03,2.165619986560009e+03,1.764705882352941e+00,14076796
2.171369022908343e+03,2.169056335736357e+03,5.882352941176471e-01,14076799
2.173677141622196e+03,2.169928332076820e+03,1.176470588235294e+00,14076801
2.174670975322411e+03,2.168383023975137e+03,1.764705882352941e+00,14076798
2.174670975322411e+03,2.167515596092807e+03,1.764705882352941e+00,14076797
2.178803939670645e+03,2.177039233788292e+03,5.882352941176471e-01,14076803
2.178971259269255e+03,2.173080313503670e+03,1.764705882352941e+00,14076802
2.182091569415129e+03,2.180326863532776e+03,5.882352941176471e-01,14076806
2.183176251903724e+03,2.177882134256666e+03,1.764705882352941e+00,14076804
2.183923094192857e+03,2.182158388310504e+03,5.882352941176471e-01,14076807
2.184098057317703e+03,2.178029514752779e+03,1.764705882352941e+00,14076805
2.186705663668430e+03,2.182981786267083e+03,1.176470588235294e+00,14076808
2.186954330628943e+03,2.185189624746590e+03,5.882352941176471e-01,14076809
2.188873296388462e+03,2.187108590506109e+03,5.882352941176471e-01,14076810
2.190215046187785e+03,2.188450340305432e+03,5.882352941176471e-01,14076812
2.193436464692345e+03,2.188142347045286e+03,1.764705882352941e+00,14076811
2.194851526840693e+03,2.191322115075987e+03,1.176470588235294e+00,14076813
2.197703109983827e+03,2.195938404101474e+03,5.882352941176471e-01,14076814
2.199763625020463e+03,2.197998919138110e+03,5.882352941176471e-01,14076815
2.201946808264701e+03,2.198417396499995e+03,1.176470588235294e+00,14076816
2.204012172075598e+03,2.200482760310892e+03,1.176470588235294e+00,14076817
2.207524040410396e+03,2.205759334528043e+03,5.882352941176471e-01,14076818
2.211164597136933e+03,2.208643818754492e+03,5.882352941176471e-01,14076824
2.213539230717012e+03,2.205981624451705e+03,1.764705882352941e+00,14076819
2.216248275491783e+03,2.210213128184881e+03,1.764705882352941e+00,14076825
2.216248275491783e+03,2.208138831224020e+03,1.764705882352941e+00,14076823
2.217068642481718e+03,2.211129333697704e+03,1.764705882352941e+00,14076827
2.218012981374136e+03,2.214602555733252e+03,5.882352941176471e-01,14076828
2.218833348364071e+03,2.216601737263621e+03,5.882352941176471e-01,14076830
2.220598054246424e+03,2.218706835343511e+03,5.882352941176471e-01,14076833
2.221625499660590e+03,2.219860793778237e+03,5.882352941176471e-01,14076834
2.222799859001425e+03,2.217869357661332e+03,1.176470588235294e+00,14076831
2.223299595985552e+03,2.216261240866411e+03,1.764705882352941e+00,14076829
2.224310603845478e+03,2.222545897963125e+03,5.882352941176471e-01,14076835
2.224564564883778e+03,2.222652285276199e+03,5.882352941176471e-01,14076836
2.226416259060049e+03,2.224651553177696e+03,5.882352941176471e-01,14076839
2.227811373577928e+03,2.222865650879751e+03,1.176470588235294e+00,14076837
2.228180964942402e+03,2.224395781948118e+03,1.176470588235294e+00,14076838
2.230472239649860e+03,2.225178122002802e+03,1.764705882352941e+00,14076840
2.230658524664143e+03,2.228893818781791e+03,5.882352941176471e-01,14076841
2.230725131138702e+03,2.228960425256349e+03,5.882352941176471e-01,14076842
2.235859499804061e+03,2.229666410878617e+03,1.764705882352941e+00,14076844
2.235859499804061e+03,2.228964113809640e+03,1.764705882352941e+00,14076843
2.235865023344843e+03,2.234100317462490e+03,5.882352941176471e-01,14076845
2.237624205686414e+03,2.235238612509159e+03,5.882352941176471e-01,14076846
2.238018202147444e+03,2.236253496265091e+03,5.882352941176471e-01,14076848
2.239388911568767e+03,2.237391944077814e+03,5.882352941176471e-01,14076849
2.241153617451120e+03,2.235567245778950e+03,1.764705882352941e+00,14076847
2.243138215940965e+03,2.241373510058612e+03,5.882352941176471e-01,14076850
2.243835030828108e+03,2.242070324945755e+03,5.882352941176471e-01,14076852
2.245485498576097e+03,2.243551339954188e+03,5.882352941176471e-01,14076855
2.245485498576097e+03,2.243446289220570e+03,5.882352941176471e-01,14076854
2.247250204458450e+03,2.245393102823168e+03,5.882352941176471e-01,14076857
2.247250204458450e+03,2.245277861273534e+03,5.882352941176471e-01,14076856
2.248659571326419e+03,2.241841848677026e+03,1.764705882352941e+00,14076851
2.250265185661006e+03,2.248500479778653e+03,5.882352941176471e-01,14076859
2.251845865441442e+03,2.249830669037974e+03,5.882352941176471e-01,14076861
2.252764193079890e+03,2.250746069701717e+03,5.882352941176471e-01,14076862
2.253794597425712e+03,2.248316453676736e+03,1.764705882352941e+00,14076858
2.256293604844596e+03,2.249234781315184e+03,1.764705882352941e+00,14076860
2.256935848532976e+03,2.255171142650623e+03,5.882352941176471e-01,14076864
2.257139983088501e+03,2.251354509920494e+03,1.764705882352941e+00,14076863
2.261350998221986e+03,2.259586292339633e+03,5.882352941176471e-01,14076868
2.261878798645388e+03,2.256083433565963e+03,1.764705882352941e+00,14076865
2.262229966180035e+03,2.256875757152062e+03,1.764705882352941e+00,14076867
2.263379604316040e+03,2.260191042092201e+03,5.882352941176471e-01,14076870
2.263379604316040e+03,2.259731559976629e+03,5.882352941176471e-01,14076869
2.265256755310164e+03,2.263492049427811e+03,5.882352941176471e-01,14076871
2.267901535530158e+03,2.266136829647805e+03,5.882352941176471e-01,14076872
2.268409854967980e+03,2.266645149085627e+03,5.882352941176471e-01,14076873
2.269666241412511e+03,2.266810868374716e+03,5.882352941176471e-01,14076875
2.272104742353606e+03,2.266810624706548e+03,1.764705882352941e+00,14076874
2.272597332551610e+03,2.270476662776598e+03,5.882352941176471e-01,14076878
2.273637492115273e+03,2.269876124229882e+03,1.176470588235294e+00,14076877
2.273637492115273e+03,2.269067920786904e+03,1.176470588235294e+00,14076876
2.274362038433963e+03,2.272126241500060e+03,5.882352941176471e-01,14076879
2.275402197997626e+03,2.273253675031194e+03,5.882352941176471e-01,14076880
2.277832852917431e+03,2.276068147035078e+03,5.882352941176471e-01,14076882
2.278671504862240e+03,2.276629990736086e+03,5.882352941176471e-01,14076884
2.279597558799784e+03,2.277220826625416e+03,5.882352941176471e-01,14076885
2.279944324503873e+03,2.278179618621520e+03,5.882352941176471e-01,14076886
2.282522724083186e+03,2.276132473714104e+03,1.764705882352941e+00,14076883
2.282522724083186e+03,2.275142093097534e+03,1.764705882352941e+00,14076881
2.285238897903689e+03,2.283474192021337e+03,5.882352941176471e-01,14076889
2.286001180522913e+03,2.283694524567653e+03,5.882352941176471e-01,14076890
2.286052135847892e+03,2.280707062875855e+03,1.764705882352941e+00,14076887
2.287003603786042e+03,2.280833856183280e+03,1.176470588235294e+00,14076888
2.288098466615550e+03,2.286333760733197e+03,5.882352941176471e-01,14076891
2.290223015751956e+03,2.288458309869603e+03,5.882352941176471e-01,14076893
2.291759515043584e+03,2.286465397396525e+03,1.764705882352941e+00,14076892
2.291987721634309e+03,2.289369486589511e+03,5.882352941176471e-01,14076895
2.293524220925937e+03,2.291305153357966e+03,5.882352941176471e-01,14076897
2.294343401528002e+03,2.292574614976478e+03,5.882352941176471e-01,14076899
2.297281839281368e+03,2.289049283880944e+03,1.764705882352941e+00,14076894
2.298345575932852e+03,2.292106653058705e+03,1.764705882352941e+00,14076898
2.298345575932852e+03,2.290362221088787e+03,1.764705882352941e+00,14076896
2.299116231370350e+03,2.297351525487997e+03,5.882352941176471e-01,14076901
2.301805301490929e+03,2.293183158334789e+03,1.764705882352941e+00,14076900
2.301874987697558e+03,2.300082434948976e+03,5.882352941176471e-01,14076904
2.302980752810679e+03,2.297697304198110e+03,1.176470588235294e+00,14076902
2.304453750734229e+03,2.302689044851876e+03,5.882352941176471e-01,14076906
2.304745458693032e+03,2.302957337653845e+03,5.882352941176471e-01,14076907
2.306298151010921e+03,2.304533445128568e+03,5.882352941176471e-01,14076908
2.307099419137988e+03,2.301416545080972e+03,1.764705882352941e+00,14076905
2.307954854915000e+03,2.306190149032647e+03,5.882352941176471e-01,14076909
2.310754935352842e+03,2.308990229470489e+03,5.882352941176471e-01,14076914
2.311444432100813e+03,2.306521820497789e+03,1.176470588235294e+00,14076911
2.311637495686231e+03,2.306343378039172e+03,1.764705882352941e+00,14076910
2.313036763796173e+03,2.310272915501568e+03,5.882352941176471e-01,14076916
2.315166907450937e+03,2.313319723472933e+03,5.882352941176471e-01,14076920
2.316566175560879e+03,2.310192066076932e+03,1.764705882352941e+00,14076915
2.316566175560879e+03,2.307271958880498e+03,1.764705882352941e+00,14076913
2.317864458739918e+03,2.313665643456898e+03,5.882352941176471e-01,14076921
2.317864458739918e+03,2.313705426637350e+03,5.882352941176471e-01,14076922
2.317864458739918e+03,2.314606875331064e+03,5.882352941176471e-01,14076923
2.319629164622271e+03,2.316883520321575e+03,5.882352941176471e-01,14076924
2.321393870504624e+03,2.311533751666382e+03,1.764705882352941e+00,14076919
2.321441150310186e+03,2.318652323413036e+03,5.882352941176471e-01,14076927
2.323182216289758e+03,2.319771004038957e+03,5.882352941176471e-01,14076929
2.323468083762336e+03,2.317822039732112e+03,1.176470588235294e+00,14076925
2.324946922172111e+03,2.322951721773317e+03,5.882352941176471e-01,14076932
2.324946922172111e+03,2.321965605449781e+03,5.882352941176471e-01,14076931
2.326720961950085e+03,2.324956256067733e+03,5.882352941176471e-01,14076933
2.326997495527042e+03,2.320988486267541e+03,1.764705882352941e+00,14076930
2.327232388084254e+03,2.325467682201901e+03,5.882352941176471e-01,14076934
2.329067233822762e+03,2.327302527940409e+03,5.882352941176471e-01,14076936
2.330955451274006e+03,2.328957325897512e+03,5.882352941176471e-01,14076939
2.332720157156359e+03,2.330698455281128e+03,5.882352941176471e-01,14076942
2.334820746759827e+03,2.326193211863611e+03,1.764705882352941e+00,14076935
2.336141508364883e+03,2.334376802482530e+03,5.882352941176471e-01,14076946
2.336202056746274e+03,2.334437350863922e+03,5.882352941176471e-01,14076947
2.336986172531602e+03,2.329036575938398e+03,1.176470588235294e+00,14076940
2.337906214247236e+03,2.335416875286692e+03,5.882352941176471e-01,14076948
2.338380418559793e+03,2.336615712677440e+03,5.882352941176471e-01,14076949
2.341780903329920e+03,2.340016197447567e+03,5.882352941176471e-01,14076950
2.342100371614506e+03,2.340335665732153e+03,5.882352941176471e-01,14076951
2.345027698442944e+03,2.343262992560591e+03,5.882352941176471e-01,14076953
2.345906811842556e+03,2.342377400077850e+03,1.176470588235294e+00,14076952
2.349306680278422e+03,2.347541974396069e+03,5.882352941176471e-01,14076956
2.350245227546218e+03,2.344951109899159e+03,1.764705882352941e+00,14076954
2.350914812386462e+03,2.348280978730163e+03,5.882352941176471e-01,14076957
2.352836092043128e+03,2.347385400621756e+03,1.764705882352941e+00,14076955
2.356997697724286e+03,2.351703580077227e+03,1.764705882352941e+00,14076958
2.357834682878677e+03,2.355022189806373e+03,5.882352941176471e-01,14076962
2.358471072085652e+03,2.356471941002915e+03,5.882352941176471e-01,14076963
2.358941072739422e+03,2.357176366857069e+03,5.882352941176471e-01,14076964
2.361728797737105e+03,2.354305271113971e+03,1.764705882352941e+00,14076960
2.361728797737105e+03,2.353176954438593e+03,1.764705882352941e+00,14076959
2.363159339993650e+03,2.361394634111298e+03,5.882352941176471e-01,14076965
2.363493503619458e+03,2.361612051023665e+03,5.882352941176471e-01,14076966
2.364589794924464e+03,2.362825089042111e+03,5.882352941176471e-01,14076967
2.370334842450156e+03,2.368570136567803e+03,5.882352941176471e-01,14076968
2.374418726459426e+03,2.372654020577073e+03,5.882352941176471e-01,14076971
2.376183432341779e+03,2.371885187735282e+03,1.176470588235294e+00,14076970
2.376462193755093e+03,2.371168076108034e+03,1.764705882352941e+00,14076969
2.377179305382341e+03,2.375060387351218e+03,5.882352941176471e-01,14076973
2.379991605519799e+03,2.373246731621543e+03,1.764705882352941e+00,14076972
2.381477549988838e+03,2.375868425247453e+03,1.764705882352941e+00,14076974
2.383403273204598e+03,2.381638567322245e+03,5.882352941176471e-01,14076977
2.384049619877150e+03,2.380520208112444e+03,1.176470588235294e+00,14076976
2.385637792626158e+03,2.383873086743805e+03,5.882352941176471e-01,14076978
2.385711428345787e+03,2.380417310698728e+03,1.764705882352941e+00,14076975
2.387402498508511e+03,2.385284009946199e+03,5.882352941176471e-01,14076980
2.390076677491515e+03,2.384782559844456e+03,1.764705882352941e+00,14076979
2.390300680671031e+03,2.388535974788678e+03,5.882352941176471e-01,14076981
2.391841383373868e+03,2.389707149925606e+03,5.882352941176471e-01,14076983
2.392466522747228e+03,2.390701816864876e+03,5.882352941176471e-01,14076984
2.393174752746845e+03,2.391410046864492e+03,5.882352941176471e-01,14076985
2.394445128850669e+03,2.392286902598095e+03,5.882352941176471e-01,14076986
2.394939458629198e+03,2.392787373078859e+03,5.882352941176471e-01,14076989
2.395267530093203e+03,2.389542075936768e+03,1.764705882352941e+00,14076982
2.396209834733022e+03,2.394266847234236e+03,5.882352941176471e-01,14076990
2.401157470679919e+03,2.399392764797566e+03,5.882352941176471e-01,14076991
2.401913862909405e+03,2.400149157027052e+03,5.882352941176471e-01,14076992
2.402922176562272e+03,2.400943039306690e+03,5.882352941176471e-01,14076994
2.405696253613274e+03,2.403931547730921e+03,5.882352941176471e-01,14076995
2.406228685147439e+03,2.400934567500380e+03,1.764705882352941e+00,14076993
2.410965248394384e+03,2.409200542512031e+03,5.882352941176471e-01,14076998
2.411100925613506e+03,2.405806807966447e+03,1.764705882352941e+00,14076996
2.412820405756151e+03,2.410395921192731e+03,5.882352941176471e-01,14076999
2.413153276414160e+03,2.407859158767101e+03,1.764705882352941e+00,14076997
2.414631339298804e+03,2.412866633416451e+03,5.882352941176471e-01,14077003
2.414917982296513e+03,2.412999592637380e+03,5.882352941176471e-01,14077004
2.418114523403210e+03,2.416135149914115e+03,5.882352941176470e-01,14077006
2.418114523403210e+03,2.410848756335350e+03,1.764705882352941e+00,14077000
2.418447394061218e+03,2.411109416101312e+03,1.764705882352941e+00,14077002
2.419879229285563e+03,2.413921662238610e+03,1.176470588235294e+00,14077005
2.421643935167916e+03,2.418609327711923e+03,5.882352941176471e-01,14077009
2.423408641050269e+03,2.421178670073314e+03,5.882352941176470e-01,14077010
2.423408641050269e+03,2.417870109253824e+03,1.764705882352941e+00,14077007
2.423741511708277e+03,2.418348954964893e+03,1.764705882352941e+00,14077008
2.425173346932622e+03,2.422715112705350e+03,5.882352941176471e-01,14077012
2.425173346932622e+03,2.421963830724850e+03,5.882352941176471e-01,14077011
2.425973252075011e+03,2.424208546192658e+03,5.882352941176471e-01,14077013
2.428784795158174e+03,2.427020089275821e+03,5.882352941176471e-01,14077015
2.430467464579681e+03,2.424608099386110e+03,1.764705882352941e+00,14077014
2.431479536984305e+03,2.429714831101952e+03,5.882352941176471e-01,14077017
2.432232170462034e+03,2.429811739615488e+03,5.882352941176471e-01,14077018
2.432499788105082e+03,2.427205670458023e+03,1.764705882352941e+00,14077016
2.433421812087939e+03,2.430969160860479e+03,5.882352941176471e-01,14077019
2.433996876344387e+03,2.431834675426867e+03,5.882352941176471e-01,14077021
2.440078025441248e+03,2.438313319558895e+03,5.882352941176471e-01,14077023
2.441046605928850e+03,2.435752488281791e+03,1.764705882352941e+00,14077022
2.443498913602985e+03,2.439969501838279e+03,1.176470588235294e+00,14077024
2.446245933874902e+03,2.444481227992549e+03,5.882352941176471e-01,14077027
2.446445405801120e+03,2.441151288154061e+03,1.764705882352941e+00,14077025
2.446803727863208e+03,2.441509610216150e+03,1.764705882352941e+00,14077026
2.448143621041400e+03,2.444762910899817e+03,5.882352941176471e-01,14077029
2.448143621041400e+03,2.444634761091397e+03,5.882352941176471e-01,14077028
2.449908326923753e+03,2.447691414414618e+03,5.882352941176471e-01,14077033
2.450676716985907e+03,2.448346555652724e+03,5.882352941176471e-01,14077034
2.451909957223624e+03,2.449113314222508e+03,5.882352941176471e-01,14077036
2.453851818320855e+03,2.449356157296269e+03,1.176470588235294e+00,14077037
2.455616524203208e+03,2.447101518341151e+03,1.764705882352941e+00,14077032
2.455616524203208e+03,2.446946002102248e+03,1.764705882352941e+00,14077031
2.457381230085561e+03,2.454886157654028e+03,5.882352941176471e-01,14077041
2.459145935967914e+03,2.453045544958814e+03,1.764705882352941e+00,14077040
2.459145935967914e+03,2.450619100176305e+03,1.764705882352941e+00,14077039
2.460910641850267e+03,2.458701203590137e+03,5.882352941176471e-01,14077044
2.460910641850267e+03,2.458999329074832e+03,5.882352941176471e-01,14077045
2.462675347732620e+03,2.460182978655620e+03,5.882352941176471e-01,14077048
2.464440053614973e+03,2.461645928302658e+03,5.882352941176471e-01,14077049
2.464807696841168e+03,2.455944336620212e+03,1.764705882352941e+00,14077042
2.466204759497326e+03,2.463748954796874e+03,5.882352941176471e-01,14077051
2.466388581110424e+03,2.461950790663552e+03,1.176470588235294e+00,14077050
2.468153286992777e+03,2.460149401797863e+03,1.764705882352941e+00,14077047
2.469856719004097e+03,2.467148629395119e+03,5.882352941176471e-01,14077055
2.471652061821966e+03,2.465199956109099e+03,1.764705882352941e+00,14077053
2.471652061821966e+03,2.464833160204931e+03,1.764705882352941e+00,14077052
2.473410640317216e+03,2.469907559620474e+03,5.882352941176471e-01,14077057
2.473410640317216e+03,2.469983003605516e+03,5.882352941176471e-01,14077058
2.473410640317216e+03,2.470235605649373e+03,5.882352941176471e-01,14077059
2.475175346199569e+03,2.469039344342051e+03,1.176470588235294e+00,14077056
2.475184508707550e+03,2.473419802825197e+03,5.882352941176471e-01,14077063
2.476940052081922e+03,2.473891898834371e+03,5.882352941176471e-01,14077064
2.478704757964275e+03,2.472938468359380e+03,1.764705882352941e+00,14077062
2.481515313740104e+03,2.479750607857751e+03,5.882352941176471e-01,14077066
2.483784078894548e+03,2.482019373012195e+03,5.882352941176471e-01,14077067
2.484201230115492e+03,2.478907112468433e+03,1.764705882352941e+00,14077065
2.485548784776901e+03,2.483511396325732e+03,5.882352941176471e-01,14077069
2.487342485773470e+03,2.485577779891117e+03,5.882352941176471e-01,14077070
2.487468558071280e+03,2.485703852188927e+03,5.882352941176471e-01,14077071
2.488026165898199e+03,2.482732048251140e+03,1.764705882352941e+00,14077068
2.489191239854363e+03,2.486070572708521e+03,5.882352941176471e-01,14077073
2.489191239854363e+03,2.485796891155847e+03,5.882352941176471e-01,14077072
2.489828387542360e+03,2.488063681660007e+03,5.882352941176471e-01,14077075
2.490955945736716e+03,2.488539613067801e+03,5.882352941176471e-01,14077076
2.492147446200911e+03,2.490382740318558e+03,5.882352941176471e-01,14077078
2.493119370658208e+03,2.489589958893503e+03,1.176470588235294e+00,14077077
2.495257518393014e+03,2.493492812510661e+03,5.882352941176471e-01,14077080
2.495371799633037e+03,2.493607093750684e+03,5.882352941176471e-01,14077081
2.496250063383774e+03,2.490438119478388e+03,1.764705882352941e+00,14077079
2.497022224275367e+03,2.493943252432963e+03,5.882352941176471e-01,14077082
2.497802677314439e+03,2.496037971432086e+03,5.882352941176471e-01,14077083
2.498871551504949e+03,2.497106845622596e+03,5.882352941176471e-01,14077085
2.501544181030833e+03,2.496227170308274e+03,1.764705882352941e+00,14077084
2.504352288290508e+03,2.502587582408155e+03,5.882352941176471e-01,14077088
2.505202349785812e+03,2.499908232138753e+03,1.764705882352941e+00,14077086
2.508731115066170e+03,2.502701650060128e+03,1.764705882352941e+00,14077089
2.508731115066170e+03,2.501671645052410e+03,1.764705882352941e+00,14077087
2.509646405937567e+03,2.504112865101785e+03,1.764705882352941e+00,14077090
2.510953466384221e+03,2.506318660647815e+03,5.882352941176471e-01,14077091
2.510953466384221e+03,2.507237513663425e+03,5.882352941176471e-01,14077092
2.510953466384221e+03,2.507288186957619e+03,5.882352941176471e-01,14077093
2.512761631095895e+03,2.509723045657366e+03,5.882352941176471e-01,14077095
2.512761631095895e+03,2.510218822048484e+03,5.882352941176471e-01,14077096
2.512761631095895e+03,2.510440006681765e+03,5.882352941176471e-01,14077097
2.514526336978248e+03,2.512429578928856e+03,5.882352941176471e-01,14077101
2.514526336978248e+03,2.511062113457525e+03,5.882352941176471e-01,14077100
2.514672316365683e+03,2.512907610483330e+03,5.882352941176471e-01,14077102
2.516291042860601e+03,2.513618937699821e+03,5.882352941176471e-01,14077103
2.516437022248036e+03,2.514609727913336e+03,5.882352941176471e-01,14077105
2.518055748742954e+03,2.514046675903128e+03,1.176470588235294e+00,14077104
2.518055748742954e+03,2.515196443013928e+03,5.882352941176471e-01,14077106
2.519232652409991e+03,2.517467946527638e+03,5.882352941176471e-01,14077107
2.520523709044517e+03,2.518759003162164e+03,5.882352941176471e-01,14077109
2.520997358292344e+03,2.519150713772676e+03,5.882352941176471e-01,14077110
2.521585160507660e+03,2.517889526604926e+03,1.176470588235294e+00,14077108
2.524653133366122e+03,2.522888427483769e+03,5.882352941176471e-01,14077111
2.525705982039671e+03,2.523941276157319e+03,5.882352941176471e-01,14077112
2.526613831903961e+03,2.524849126021608e+03,5.882352941176471e-01,14077113
2.529974044966055e+03,2.528209339083702e+03,5.882352941176471e-01,14077114
2.530710606260937e+03,2.528945900378584e+03,5.882352941176471e-01,14077116
2.532023308290794e+03,2.529481977393871e+03,5.882352941176471e-01,14077118
2.532023308290794e+03,2.529259781328062e+03,5.882352941176471e-01,14077117
2.532475312143290e+03,2.530453191594358e+03,5.882352941176471e-01,14077120
2.533793772406706e+03,2.531342400327509e+03,5.882352941176471e-01,14077122
2.535558478289059e+03,2.530914274190654e+03,1.176470588235294e+00,14077121
2.537323184171412e+03,2.528636175247282e+03,1.764705882352941e+00,14077115
2.537492542950160e+03,2.535727837067807e+03,5.882352941176471e-01,14077125
2.537769429790349e+03,2.532040582991469e+03,1.764705882352941e+00,14077124
2.541735029487909e+03,2.539970323605556e+03,5.882352941176471e-01,14077128
2.542617301818470e+03,2.535760598117577e+03,1.764705882352941e+00,14077126
2.542801816052068e+03,2.537507698405009e+03,1.764705882352941e+00,14077127
2.545126967746465e+03,2.543362261864112e+03,5.882352941176471e-01,14077129
2.546111839126077e+03,2.544347133243724e+03,5.882352941176471e-01,14077131
2.546976417437380e+03,2.543447005672674e+03,1.176470588235294e+00,14077130
2.549376844207858e+03,2.547612138325505e+03,5.882352941176471e-01,14077135
2.551141550090211e+03,2.549129048062427e+03,5.882352941176471e-01,14077137
2.551272915772469e+03,2.545714391442486e+03,1.764705882352941e+00,14077132
2.552588395528502e+03,2.546666496530743e+03,1.176470588235294e+00,14077134
2.554353101410855e+03,2.552212080262973e+03,5.882352941176470e-01,14077138
2.554353101410855e+03,2.545990153761797e+03,1.764705882352941e+00,14077133
2.554802327537175e+03,2.548810414613159e+03,1.764705882352941e+00,14077136
2.556117807293207e+03,2.552981389634053e+03,5.882352941176471e-01,14077142
2.557505802837752e+03,2.555741096955400e+03,5.882352941176471e-01,14077144
2.558140899995567e+03,2.554611488230861e+03,1.176470588235294e+00,14077143
2.559588057299013e+03,2.557348251018911e+03,5.882352941176471e-01,14077147
2.559588057299013e+03,2.556893566757393e+03,5.882352941176471e-01,14077146
2.559922679494269e+03,2.556393267729563e+03,1.176470588235294e+00,14077145
2.561352763181366e+03,2.558498543722461e+03,5.882352941176471e-01,14077148
2.561396769830303e+03,2.559632063947950e+03,5.882352941176471e-01,14077149
2.565467261107416e+03,2.561937849342710e+03,1.176470588235294e+00,14077151
2.566203837525636e+03,2.560909719878577e+03,1.764705882352941e+00,14077150
2.569036094923047e+03,2.567271389040694e+03,5.882352941176471e-01,14077155
2.569054732280108e+03,2.563760614633049e+03,1.764705882352941e+00,14077152
2.570740278686345e+03,2.568543329603427e+03,5.882352941176471e-01,14077157
2.570740278686345e+03,2.568094260078457e+03,5.882352941176471e-01,14077156
2.570780016111536e+03,2.564563134387888e+03,1.176470588235294e+00,14077153
2.574294335308736e+03,2.571305719743228e+03,5.882352941176471e-01,14077162
2.576059041191089e+03,2.573413465990257e+03,5.882352941176471e-01,14077167
2.576341000554706e+03,2.574576294672353e+03,5.882352941176471e-01,14077168
2.578831830083537e+03,2.567150344802584e+03,1.764705882352941e+00,14077154
2.579729432637603e+03,2.577031877862112e+03,5.882352941176471e-01,14077171
2.580162984301746e+03,2.575560426793573e+03,1.176470588235294e+00,14077169
2.581865603096902e+03,2.580100897214549e+03,5.882352941176471e-01,14077172
2.581927690184099e+03,2.580158397687217e+03,5.882352941176470e-01,14077173
2.581927690184099e+03,2.575621103281630e+03,1.764705882352941e+00,14077170
2.583720340060594e+03,2.581955634178241e+03,5.882352941176471e-01,14077174
2.585564079728796e+03,2.582693286106736e+03,5.882352941176471e-01,14077177
2.586162679246623e+03,2.584397973364270e+03,5.882352941176471e-01,14077179
2.587403466227283e+03,2.584675981270132e+03,5.882352941176471e-01,14077181
2.587403466227283e+03,2.584518141815314e+03,5.882352941176471e-01,14077180
2.587927385128976e+03,2.585788121577196e+03,5.882352941176471e-01,14077183
2.589052622829307e+03,2.582113701749939e+03,1.176470588235294e+00,14077175
2.590817328711660e+03,2.587970371724559e+03,5.882352941176470e-01,14077185
2.590817328711660e+03,2.582402168921260e+03,1.764705882352941e+00,14077176
2.591456796893682e+03,2.589210731836055e+03,5.882352941176471e-01,14077186
2.594346740476365e+03,2.587881817438196e+03,1.764705882352941e+00,14077184
2.594346740476365e+03,2.583163000554683e+03,1.764705882352941e+00,14077178
2.595736367125275e+03,2.592077241781945e+03,5.882352941176471e-01,14077189
2.595736367125275e+03,2.592649272404564e+03,5.882352941176471e-01,14077190
2.597520555949980e+03,2.594511940839907e+03,5.882352941176471e-01,14077191
2.597520555949980e+03,2.595416615488181e+03,5.882352941176471e-01,14077193
2.599726438302921e+03,2.595814298894685e+03,5.882352941176471e-01,14077195
2.599726438302921e+03,2.596310694771572e+03,5.882352941176471e-01,14077196
2.603437212405464e+03,2.591219174673300e+03,1.176470588235294e+00,14077187
2.605156577703358e+03,2.599587320099832e+03,1.176470588235294e+00,14077199
2.605201918287817e+03,2.591608890641338e+03,1.764705882352941e+00,14077188
2.606921283585711e+03,2.599908929444478e+03,1.764705882352941e+00,14077200
2.606943953877940e+03,2.605090964843147e+03,5.882352941176471e-01,14077204
2.609158937293342e+03,2.607394231410989e+03,5.882352941176471e-01,14077206
2.610450695350417e+03,2.606381045653265e+03,1.176470588235294e+00,14077205
2.610473365642646e+03,2.604374253980894e+03,1.764705882352941e+00,14077203
2.611603891316908e+03,2.609839185434555e+03,5.882352941176471e-01,14077207
2.612215401232769e+03,2.610180131609750e+03,5.882352941176471e-01,14077208
2.612453761014667e+03,2.610689055132314e+03,5.882352941176471e-01,14077209
2.613827229636157e+03,2.611118442708789e+03,5.882352941176471e-01,14077211
2.613827229636157e+03,2.611112703430699e+03,5.882352941176471e-01,14077210
2.615980239203496e+03,2.614215533321143e+03,5.882352941176471e-01,14077216
2.617674140815038e+03,2.615407646378812e+03,5.882352941176471e-01,14077218
2.619924903265587e+03,2.618160197383234e+03,5.882352941176471e-01,14077220
2.620700467245552e+03,2.614144729050332e+03,1.764705882352941e+00,14077215
2.620700467245552e+03,2.613324386575611e+03,1.764705882352941e+00,14077214
2.621689609147940e+03,2.619390653655410e+03,5.882352941176471e-01,14077221
2.624115166958396e+03,2.616166067397159e+03,1.764705882352941e+00,14077219
2.624115166958396e+03,2.614872700364767e+03,1.764705882352941e+00,14077217
2.627385943638017e+03,2.625621237755664e+03,5.882352941176471e-01,14077222
2.629398390704867e+03,2.625868978940161e+03,1.176470588235294e+00,14077223
2.630067651796587e+03,2.628302945914234e+03,5.882352941176471e-01,14077225
2.631098432281962e+03,2.628638540407993e+03,5.882352941176471e-01,14077226
2.632863138164315e+03,2.628697406061973e+03,1.176470588235294e+00,14077227
2.632907804672780e+03,2.631143098790427e+03,5.882352941176471e-01,14077228
2.633597063561293e+03,2.627504356211998e+03,1.764705882352941e+00,14077224
2.634650177300901e+03,2.632290562109586e+03,5.882352941176471e-01,14077230
2.634650177300901e+03,2.631249687895084e+03,5.882352941176471e-01,14077229
2.635361769443646e+03,2.633398855566379e+03,5.882352941176471e-01,14077231
2.638364850198965e+03,2.636600144316612e+03,5.882352941176471e-01,14077233
2.640129556081318e+03,2.638272519869893e+03,5.882352941176471e-01,14077235
2.641047803277270e+03,2.635753685630211e+03,1.764705882352941e+00,14077232
2.642939477838020e+03,2.641174771955667e+03,5.882352941176471e-01,14077237
2.643658967846024e+03,2.637136815677400e+03,1.764705882352941e+00,14077234
2.644195639206812e+03,2.638776879126934e+03,1.764705882352941e+00,14077236
2.644806590466073e+03,2.641904168611598e+03,5.882352941176471e-01,14077238
2.645423673728377e+03,2.643144291329420e+03,5.882352941176471e-01,14077240
2.653251553328334e+03,2.651486847445981e+03,5.882352941176471e-01,14077242
2.653476664530542e+03,2.651711958648189e+03,5.882352941176471e-01,14077243
2.654334864798690e+03,2.649040747151631e+03,1.764705882352941e+00,14077241
2.655016259210687e+03,2.652494677445389e+03,5.882352941176471e-01,14077244
2.655286708985492e+03,2.653522003103139e+03,5.882352941176471e-01,14077245
2.656099570681043e+03,2.654218492948749e+03,5.882352941176471e-01,14077246
2.657909993768559e+03,2.656145287886206e+03,5.882352941176471e-01,14077249
2.660547055676250e+03,2.655252938029192e+03,1.764705882352941e+00,14077247
2.660639761525596e+03,2.655345643878537e+03,1.764705882352941e+00,14077248
2.663094236181024e+03,2.661329530298671e+03,5.882352941176471e-01,14077252
2.663640289428287e+03,2.657433328196013e+03,1.764705882352941e+00,14077250
2.665391368859267e+03,2.663626662976914e+03,5.882352941176471e-01,14077253
2.666330065228087e+03,2.664565359345734e+03,5.882352941176471e-01,14077255
2.667156074741620e+03,2.664589177196618e+03,5.882352941176471e-01,14077256
2.669308884471413e+03,2.664014766824354e+03,1.764705882352941e+00,14077254
2.669700981864208e+03,2.667936275981855e+03,5.882352941176471e-01,14077258
2.671465687746561e+03,2.669664133526143e+03,5.882352941176471e-01,14077261
2.672703739710134e+03,2.670301535473041e+03,5.882352941176471e-01,14077262
2.673156764556483e+03,2.667201436464659e+03,1.176470588235294e+00,14077257
2.674468445592487e+03,2.671638166317093e+03,5.882352941176471e-01,14077264
2.677503559709821e+03,2.669303410547933e+03,1.764705882352941e+00,14077260
2.677503559709821e+03,2.669039771419443e+03,1.764705882352941e+00,14077259
2.678169069263303e+03,2.672874951616244e+03,1.764705882352941e+00,14077265
2.679618574233848e+03,2.675310154470423e+03,5.882352941176471e-01,14077267
2.680379957969980e+03,2.678087407445944e+03,5.882352941176471e-01,14077271
2.681383280116201e+03,2.679462685341784e+03,5.882352941176471e-01,14077274
2.682144663852333e+03,2.675179722770332e+03,1.176470588235294e+00,14077266
2.683147985998554e+03,2.681259328314334e+03,5.882352941176471e-01,14077275
2.683909369734686e+03,2.682011702028596e+03,5.882352941176471e-01,14077276
2.684912691880907e+03,2.682755562191384e+03,5.882352941176470e-01,14077277
2.684912691880907e+03,2.679061434911952e+03,1.764705882352941e+00,14077273
2.685674075617039e+03,2.683603028098113e+03,5.882352941176471e-01,14077280
2.689722224450999e+03,2.687957518568646e+03,5.882352941176471e-01,14077282
2.690003669734730e+03,2.688238963852377e+03,5.882352941176471e-01,14077283
2.690206809527965e+03,2.684412139732705e+03,1.764705882352941e+00,14077281
2.693151595894801e+03,2.691386890012448e+03,5.882352941176471e-01,14077286
2.694743647728871e+03,2.692729812230786e+03,5.882352941176471e-01,14077289
2.694743647728871e+03,2.692366605577782e+03,5.882352941176471e-01,14077288
2.695224330070274e+03,2.693459624187921e+03,5.882352941176471e-01,14077290
2.696508353611224e+03,2.694648441945496e+03,5.882352941176471e-01,14077292
2.696508353611224e+03,2.693516226616264e+03,5.882352941176471e-01,14077291
2.697775722322521e+03,2.688310941205675e+03,1.176470588235294e+00,14077284
2.699540428204874e+03,2.691471532982880e+03,1.764705882352941e+00,14077287
2.699540428204874e+03,2.691041581915882e+03,1.764705882352941e+00,14077285
2.703069839969580e+03,2.697102971194095e+03,1.764705882352941e+00,14077293
2.703962667364080e+03,2.702197961481727e+03,5.882352941176471e-01,14077295
2.704834545851933e+03,2.697855840141865e+03,1.764705882352941e+00,14077294
2.706198290083235e+03,2.704433584200882e+03,5.882352941176471e-01,14077296
2.710926097038248e+03,2.709161391155895e+03,5.882352941176471e-01,14077299
2.711742115146809e+03,2.706447997499750e+03,1.764705882352941e+00,14077297
2.712609070073464e+03,2.708447641903860e+03,1.176470588235294e+00,14077298
2.714112584432844e+03,2.712347878550491e+03,5.882352941176471e-01,14077301
2.715588198280409e+03,2.710294080633350e+03,1.764705882352941e+00,14077300
2.715877290315197e+03,2.713118557188520e+03,5.882352941176471e-01,14077304
2.718157931278051e+03,2.712356176014640e+03,1.764705882352941e+00,14077302
2.719262156062509e+03,2.717337473302633e+03,5.882352941176471e-01,14077308
2.719262156062509e+03,2.716586522739495e+03,5.882352941176471e-01,14077307
2.720407941156698e+03,2.715039482532503e+03,1.176470588235294e+00,14077305
2.721026861944862e+03,2.719128539270640e+03,5.882352941176471e-01,14077309
2.726268329512787e+03,2.722738917748081e+03,1.176470588235294e+00,14077311
2.727225038848730e+03,2.721930921201671e+03,1.764705882352941e+00,14077310
2.728369483364164e+03,2.723075365717105e+03,1.764705882352941e+00,14077312
2.729249057940015e+03,2.727484352057662e+03,5.882352941176471e-01,14077313
2.730134189246517e+03,2.727597929681435e+03,5.882352941176471e-01,14077315
2.731068086599417e+03,2.727538674834711e+03,1.176470588235294e+00,14077314
2.732589838544062e+03,2.730825132661709e+03,5.882352941176471e-01,14077316
2.735348837678536e+03,2.733584131796183e+03,5.882352941176471e-01,14077318
2.736783819114033e+03,2.731489701466974e+03,1.764705882352941e+00,14077317
2.737308726691637e+03,2.735544020809284e+03,5.882352941176471e-01,14077319
2.740668065558407e+03,2.738903359676054e+03,5.882352941176471e-01,14077320
2.740740340250218e+03,2.738975634367865e+03,5.882352941176471e-01,14077321
2.741386180608235e+03,2.739621474725882e+03,5.882352941176471e-01,14077322
2.742468908786665e+03,2.740625849756420e+03,5.882352941176471e-01,14077324
2.744233614669018e+03,2.742117454933918e+03,5.882352941176471e-01,14077326
2.745126737310455e+03,2.741597325545749e+03,1.176470588235294e+00,14077325
2.745998320551371e+03,2.740177593070727e+03,1.764705882352941e+00,14077323
2.746444881872090e+03,2.744122479783677e+03,5.882352941176471e-01,14077328
2.746444881872090e+03,2.743584261929555e+03,5.882352941176471e-01,14077327
2.747772964707495e+03,2.746008258825142e+03,5.882352941176471e-01,14077329
2.751699700660986e+03,2.748170288896280e+03,1.176470588235294e+00,14077330
2.754357109389272e+03,2.752592403506919e+03,5.882352941176471e-01,14077332
2.755705838821112e+03,2.753941132938759e+03,5.882352941176471e-01,14077333
2.755792986740242e+03,2.750498869093183e+03,1.764705882352941e+00,14077331
2.756199122864886e+03,2.754434416982533e+03,5.882352941176471e-01,14077334
2.757528643316218e+03,2.754704677042552e+03,5.882352941176471e-01,14077336
2.757528643316218e+03,2.754504696633534e+03,5.882352941176471e-01,14077335
2.762304748319905e+03,2.757010630672846e+03,1.764705882352941e+00,14077338
2.762822760963277e+03,2.757288325104481e+03,1.764705882352941e+00,14077339
2.764675324637559e+03,2.762910618755206e+03,5.882352941176471e-01,14077342
2.764963718255306e+03,2.763199012372953e+03,5.882352941176471e-01,14077343
2.766440030519912e+03,2.761643256927134e+03,1.176470588235294e+00,14077341
2.766728424137659e+03,2.764894578810043e+03,5.882352941176471e-01,14077344
2.767553783354534e+03,2.761389223878171e+03,1.764705882352941e+00,14077340
2.768204736402265e+03,2.765982817265272e+03,5.882352941176471e-01,14077345
2.769318489236887e+03,2.766816469759954e+03,5.882352941176471e-01,14077347
2.770594795371337e+03,2.768830089488984e+03,5.882352941176471e-01,14077348
2.771083195119240e+03,2.768944517391394e+03,5.882352941176471e-01,14077349
2.772022541784718e+03,2.766599167234322e+03,1.764705882352941e+00,14077346
2.772685101085625e+03,2.769476969601637e+03,5.882352941176471e-01,14077350
2.773787794198664e+03,2.771468775557953e+03,5.882352941176471e-01,14077353
2.774449806967978e+03,2.772023361582107e+03,5.882352941176471e-01,14077356
2.774456019584560e+03,2.772691313702207e+03,5.882352941176471e-01,14077357
2.776700403034746e+03,2.774935697152393e+03,5.882352941176471e-01,14077359
2.777310993346787e+03,2.770065518493861e+03,1.764705882352941e+00,14077351
2.780229814799452e+03,2.774883503798684e+03,1.764705882352941e+00,14077358
2.781942327328096e+03,2.775591043663475e+03,1.764705882352941e+00,14077360
2.787466562153285e+03,2.783937150388579e+03,1.176470588235294e+00,14077361
2.791129963880771e+03,2.789365257998418e+03,5.882352941176471e-01,14077363
2.791360344872578e+03,2.789595638990225e+03,5.882352941176471e-01,14077364
2.792719474574111e+03,2.789833888926769e+03,5.882352941176471e-01,14077366
2.792719474574111e+03,2.789627675996710e+03,5.882352941176471e-01,14077365
2.794484180456464e+03,2.792653048246703e+03,5.882352941176471e-01,14077369
2.794889756637284e+03,2.788839672431378e+03,1.764705882352941e+00,14077362
2.796656343435292e+03,2.794891637552939e+03,5.882352941176471e-01,14077370
2.798013592221170e+03,2.792059513160278e+03,1.764705882352941e+00,14077368
2.798508873623680e+03,2.796744167741327e+03,5.882352941176471e-01,14077372
2.801520202560163e+03,2.796226084913104e+03,1.764705882352941e+00,14077371
2.802996272429778e+03,2.800059063791992e+03,5.882352941176471e-01,14077375
2.804760978312131e+03,2.802639988208630e+03,5.882352941176471e-01,14077381
2.804760978312131e+03,2.802104888905624e+03,5.882352941176471e-01,14077380
2.805341957497600e+03,2.803421124051739e+03,5.882352941176471e-01,14077382
2.806816173787218e+03,2.799506064186461e+03,1.176470588235294e+00,14077374
2.808580879669571e+03,2.806036606647490e+03,5.882352941176470e-01,14077383
2.808580879669571e+03,2.800965653422327e+03,1.764705882352941e+00,14077376
2.808580879669571e+03,2.799388453622296e+03,1.764705882352941e+00,14077373
2.810345585551924e+03,2.807185428006189e+03,5.882352941176471e-01,14077384
2.810345585551924e+03,2.807970596296266e+03,5.882352941176471e-01,14077385
2.810345585551924e+03,2.808553795845512e+03,5.882352941176471e-01,14077386
2.812110291434277e+03,2.810002787125361e+03,5.882352941176471e-01,14077387
2.815936586657396e+03,2.812407174892690e+03,1.176470588235294e+00,14077389
2.816463853367844e+03,2.814699147485491e+03,5.882352941176471e-01,14077390
2.816844501769119e+03,2.811550384122060e+03,1.764705882352941e+00,14077388
2.818532476807862e+03,2.816767770925509e+03,5.882352941176471e-01,14077391
2.821956068699603e+03,2.819362828203379e+03,5.882352941176471e-01,14077395
2.822124738256022e+03,2.816830620608964e+03,1.764705882352941e+00,14077392
2.822535506251483e+03,2.820770800369130e+03,5.882352941176471e-01,14077397
2.823683115217857e+03,2.818257987378478e+03,1.176470588235294e+00,14077393
2.825447821100210e+03,2.818762106202159e+03,1.764705882352941e+00,14077394
2.827357813948125e+03,2.825593108065772e+03,5.882352941176471e-01,14077398
2.829670334245895e+03,2.827905628363543e+03,5.882352941176471e-01,14077399
2.832072227937441e+03,2.830307522055088e+03,5.882352941176471e-01,14077400
2.833855432027650e+03,2.831819527755682e+03,5.882352941176471e-01,14077404
2.833855432027650e+03,2.831524135941468e+03,5.882352941176471e-01,14077403
2.835781517762390e+03,2.834016811880037e+03,5.882352941176471e-01,14077405
2.836908782036777e+03,2.831138602634138e+03,1.764705882352941e+00,14077402
2.836908782036777e+03,2.830344518470799e+03,1.764705882352941e+00,14077401
2.837546223644743e+03,2.834143911247250e+03,5.882352941176471e-01,14077406
2.838673487919129e+03,2.836535146094437e+03,5.882352941176471e-01,14077407
2.839529996630312e+03,2.837765290747959e+03,5.882352941176471e-01,14077408
2.839559286095532e+03,2.837794580213179e+03,5.882352941176471e-01,14077409
2.841009199608937e+03,2.838420332450053e+03,5.882352941176471e-01,14077411
2.841009199608937e+03,2.838324008707792e+03,5.882352941176471e-01,14077410
2.841364663033197e+03,2.839599957150844e+03,5.882352941176471e-01,14077413
2.842852626207843e+03,2.841087920325491e+03,5.882352941176471e-01,14077414
2.843144088300015e+03,2.841379382417662e+03,5.882352941176471e-01,14077415
2.845607307806882e+03,2.843842601924529e+03,5.882352941176471e-01,14077418
2.847366085317542e+03,2.845567657669340e+03,5.882352941176471e-01,14077419
2.848937817987901e+03,2.843643700340842e+03,1.764705882352941e+00,14077416
2.849133755385742e+03,2.846112401032008e+03,5.882352941176471e-01,14077420
2.849136719571588e+03,2.843836673552836e+03,1.764705882352941e+00,14077417
2.852467229752607e+03,2.848766671081647e+03,1.176470588235294e+00,14077422
2.852517848050382e+03,2.850753142168029e+03,5.882352941176471e-01,14077424
2.853677281879889e+03,2.850147870115183e+03,1.176470588235294e+00,14077423
2.856285109569720e+03,2.852755697805014e+03,1.176470588235294e+00,14077425
2.858169606049479e+03,2.854640194284773e+03,1.176470588235294e+00,14077427
2.858633948169864e+03,2.853339830522805e+03,1.764705882352941e+00,14077426
2.859060524355291e+03,2.857295818472938e+03,5.882352941176471e-01,14077428
2.859934311931832e+03,2.857405423248453e+03,5.882352941176471e-01,14077429
2.861005918953927e+03,2.859241213071574e+03,5.882352941176471e-01,14077430
2.861527304622365e+03,2.859762598740012e+03,5.882352941176471e-01,14077431
2.861888549738730e+03,2.860123843856377e+03,5.882352941176471e-01,14077432
2.863968454018530e+03,2.862203748136177e+03,5.882352941176471e-01,14077434
2.864956480584333e+03,2.863191774701980e+03,5.882352941176471e-01,14077435
2.866310601836084e+03,2.861016484189025e+03,1.764705882352941e+00,14077433
2.867331153025193e+03,2.865566447142840e+03,5.882352941176471e-01,14077436
2.867817512320163e+03,2.866052806437810e+03,5.882352941176471e-01,14077437
2.868459989016575e+03,2.866695283134222e+03,5.882352941176471e-01,14077438
2.870892234304196e+03,2.869127528421843e+03,5.882352941176471e-01,14077439
2.871899175912966e+03,2.870134470030613e+03,5.882352941176471e-01,14077440
2.874671241074099e+03,2.872906535191746e+03,5.882352941176471e-01,14077441
2.880386591041900e+03,2.878621885159547e+03,5.882352941176471e-01,14077444
2.880612740517538e+03,2.875318622870479e+03,1.764705882352941e+00,14077442
2.881512047312886e+03,2.876217929665827e+03,1.764705882352941e+00,14077443
2.882151296924253e+03,2.880347278971319e+03,5.882352941176471e-01,14077445
2.882567765152365e+03,2.880803059270012e+03,5.882352941176471e-01,14077446
2.883276753195239e+03,2.881056390718839e+03,5.882352941176471e-01,14077447
2.884332471034718e+03,2.882509069212505e+03,5.882352941176471e-01,14077449
2.887229906822656e+03,2.882672567168416e+03,1.176470588235294e+00,14077450
2.887229906822656e+03,2.881815114738817e+03,1.176470588235294e+00,14077448
2.888994612705009e+03,2.886609756558698e+03,5.882352941176471e-01,14077453
2.889607861333236e+03,2.887843155450883e+03,5.882352941176471e-01,14077454
2.889778761445562e+03,2.883584601913463e+03,1.764705882352941e+00,14077451
2.891065942901475e+03,2.888144327730130e+03,5.882352941176471e-01,14077455
2.892280913471953e+03,2.890516207589600e+03,5.882352941176471e-01,14077457
2.894595354666181e+03,2.888286741143439e+03,1.764705882352941e+00,14077456
2.896085192892596e+03,2.891815746946330e+03,1.176470588235294e+00,14077458
2.897109864593389e+03,2.892714577037411e+03,1.176470588235294e+00,14077460
2.897849898774949e+03,2.892007248225210e+03,1.764705882352941e+00,14077459
2.899288915545964e+03,2.897524209663611e+03,5.882352941176471e-01,14077461
2.899534710538038e+03,2.897770004655685e+03,5.882352941176471e-01,14077462
2.901567774172932e+03,2.899803068290579e+03,5.882352941176471e-01,14077464
2.903092317079197e+03,2.899562905314492e+03,1.176470588235294e+00,14077463
2.903363961664699e+03,2.901599255782346e+03,5.882352941176471e-01,14077466
2.905128667547051e+03,2.903208232403844e+03,5.882352941176471e-01,14077468
2.905774210493435e+03,2.900480092846376e+03,1.764705882352941e+00,14077465
2.906757551136654e+03,2.904801609884562e+03,5.882352941176471e-01,14077470
2.906757551136654e+03,2.903572820533024e+03,5.882352941176471e-01,14077469
2.908030586697397e+03,2.905237035853846e+03,5.882352941176471e-01,14077472
2.910286962901360e+03,2.902964619703107e+03,1.764705882352941e+00,14077467
2.911559998462103e+03,2.905235701891646e+03,1.764705882352941e+00,14077471
2.912098453114011e+03,2.910333747231659e+03,5.882352941176471e-01,14077474
2.914573149543442e+03,2.912808443661089e+03,5.882352941176471e-01,14077476
2.915089410226809e+03,2.909625587948383e+03,1.764705882352941e+00,14077473
2.916337855425795e+03,2.914446861278811e+03,5.882352941176471e-01,14077477
2.916684411477795e+03,2.910676664109740e+03,1.764705882352941e+00,14077475
2.918858606913689e+03,2.917093901031336e+03,5.882352941176471e-01,14077479
2.920622380335875e+03,2.915328262688816e+03,1.764705882352941e+00,14077478
2.923395765165400e+03,2.921631059283047e+03,5.882352941176471e-01,14077481
2.924245502360562e+03,2.922480796478209e+03,5.882352941176471e-01,14077482
2.926431887171493e+03,2.921137769524434e+03,1.764705882352941e+00,14077480
2.928370566083956e+03,2.926605860201603e+03,5.882352941176471e-01,14077485
2.928689882812459e+03,2.923067857623507e+03,1.764705882352941e+00,14077483
2.930033732788727e+03,2.927714684719040e+03,5.882352941176471e-01,14077486
2.931013317182643e+03,2.929248611300290e+03,5.882352941176471e-01,14077487
2.931899977848662e+03,2.926504321024021e+03,1.764705882352941e+00,14077484
2.934534424058651e+03,2.932769718176298e+03,5.882352941176471e-01,14077488
2.935768372552936e+03,2.934003666670583e+03,5.882352941176471e-01,14077490
2.938675202573173e+03,2.936910496690820e+03,5.882352941176471e-01,14077492
2.939078908202322e+03,2.933784790555263e+03,1.764705882352941e+00,14077489
2.941144821046532e+03,2.935850703399473e+03,1.764705882352941e+00,14077491
2.941407769457346e+03,2.939643063574993e+03,5.882352941176471e-01,14077494
2.944684371937617e+03,2.939390254290558e+03,1.764705882352941e+00,14077493
2.947274277004482e+03,2.941302752822704e+03,1.176470588235294e+00,14077495
2.948213783702323e+03,2.946134469339527e+03,5.882352941176471e-01,14077500
2.949038982886835e+03,2.941353948115624e+03,1.764705882352941e+00,14077496
2.949400106037394e+03,2.946480336063996e+03,5.882352941176471e-01,14077501
2.950391089176932e+03,2.947994964306637e+03,5.882352941176471e-01,14077505
2.950391089176932e+03,2.947815961730320e+03,5.882352941176471e-01,14077504
2.951164811919747e+03,2.943883625383105e+03,1.176470588235294e+00,14077499
2.953989790637073e+03,2.952225084754720e+03,5.882352941176471e-01,14077507
2.954089534393332e+03,2.952324828510979e+03,5.882352941176471e-01,14077508
2.955610413732862e+03,2.952437917288333e+03,5.882352941176471e-01,14077509
2.957519202401779e+03,2.952081001968156e+03,1.764705882352941e+00,14077506
2.959355221279524e+03,2.957590515397171e+03,5.882352941176471e-01,14077510
2.959573302558710e+03,2.957808596676357e+03,5.882352941176471e-01,14077511
2.962706213399893e+03,2.960941507517540e+03,5.882352941176471e-01,14077512
2.964156463462197e+03,2.962391757579844e+03,5.882352941176471e-01,14077514
2.964905514621360e+03,2.963140808739007e+03,5.882352941176471e-01,14077515
2.966161719068440e+03,2.963827497442238e+03,5.882352941176471e-01,14077516
2.966745177581713e+03,2.961451059934654e+03,1.764705882352941e+00,14077513
2.968265425907642e+03,2.965937484234977e+03,5.882352941176471e-01,14077520
2.970274589346419e+03,2.964637562909977e+03,1.764705882352941e+00,14077518
2.971794837672347e+03,2.965191692955002e+03,1.764705882352941e+00,14077519
2.974684057579384e+03,2.972919351697031e+03,5.882352941176471e-01,14077522
2.978720522830602e+03,2.976955816948249e+03,5.882352941176471e-01,14077523
2.983254928822755e+03,2.979725517058049e+03,1.176470588235294e+00,14077524
2.988657534986359e+03,2.986892829104006e+03,5.882352941176471e-01,14077529
2.990312690614222e+03,2.987950887366424e+03,5.882352941176471e-01,14077530
2.990831348334621e+03,2.984909022712674e+03,1.764705882352941e+00,14077525
2.992077396496575e+03,2.989075938305290e+03,5.882352941176471e-01,14077532
2.995191458873963e+03,2.985016124699589e+03,1.764705882352941e+00,14077527
2.995191458873963e+03,2.985108177233070e+03,1.764705882352941e+00,14077528
2.995191458873963e+03,2.988034634130174e+03,1.764705882352941e+00,14077531
2.997397341226904e+03,2.992202160227719e+03,5.882352941176471e-01,14077534
2.997397341226904e+03,2.993128382502924e+03,5.882352941176471e-01,14077536
2.999162047109257e+03,2.989213870414031e+03,1.176470588235294e+00,14077533
2.999162047109257e+03,2.997331423646451e+03,5.882352941176471e-01,14077539
2.999162047109257e+03,2.997155339955427e+03,5.882352941176471e-01,14077538
3.001860660794718e+03,3.000095954912365e+03,5.882352941176471e-01,14077540
3.002691458873963e+03,2.992931801904280e+03,1.764705882352941e+00,14077535
3.003548599440669e+03,3.001783893558316e+03,5.882352941176471e-01,14077541
3.005139130009550e+03,3.003374424127197e+03,5.882352941176471e-01,14077542
3.005452690776833e+03,3.003687984894481e+03,5.882352941176471e-01,14077544
3.007217396659186e+03,3.003655607815398e+03,1.176470588235294e+00,14077543
3.009827482242609e+03,3.008062776360256e+03,5.882352941176471e-01,14077547
3.010573839500709e+03,3.004000068456153e+03,1.764705882352941e+00,14077546
3.010573839500709e+03,3.003726498685477e+03,1.764705882352941e+00,14077545
3.011965366754012e+03,3.009200786065245e+03,5.882352941176471e-01,14077549
3.012338984000365e+03,3.010574278118012e+03,5.882352941176471e-01,14077550
3.013730072636365e+03,3.011167104745333e+03,5.882352941176471e-01,14077551
3.017259484401071e+03,3.011466627931028e+03,1.764705882352941e+00,14077552
3.017259484401071e+03,3.008313421188812e+03,1.764705882352941e+00,14077548
3.017633101647424e+03,3.012226963474880e+03,1.764705882352941e+00,14077553
3.019024190283424e+03,3.016599235470797e+03,5.882352941176471e-01,14077555
3.022522444417632e+03,3.020757738535279e+03,5.882352941176471e-01,14077557
3.022553602048130e+03,3.016064795864634e+03,1.764705882352941e+00,14077554
3.024307922053650e+03,3.022212764646871e+03,5.882352941176471e-01,14077559
3.024956788666314e+03,3.019662671019255e+03,1.764705882352941e+00,14077556
3.026253980870443e+03,3.022559846929192e+03,5.882352941176471e-01,14077561
3.028018686752796e+03,3.022197751506867e+03,1.176470588235294e+00,14077558
3.029783392635149e+03,3.022567405517903e+03,1.764705882352941e+00,14077562
3.031548098517502e+03,3.028670795040355e+03,5.882352941176470e-01,14077568
3.031548098517502e+03,3.024610176944383e+03,1.764705882352941e+00,14077566
3.032015612195726e+03,3.026453371266460e+03,1.764705882352941e+00,14077567
3.036861880642888e+03,3.035097174760535e+03,5.882352941176471e-01,14077570
3.040488602488115e+03,3.038723896605762e+03,5.882352941176471e-01,14077572
3.041358767913028e+03,3.036064650265969e+03,1.764705882352941e+00,14077571
3.042433825988355e+03,3.040669120106002e+03,5.882352941176471e-01,14077573
3.042697351291585e+03,3.040932645409232e+03,5.882352941176471e-01,14077574
3.045868983470406e+03,3.044104277588053e+03,5.882352941176471e-01,14077577
3.046299795090432e+03,3.042770383325726e+03,1.176470588235294e+00,14077576
3.046652885560087e+03,3.041226435956058e+03,1.764705882352941e+00,14077575
3.047849095162772e+03,3.044890316838461e+03,5.882352941176471e-01,14077579
3.047849095162772e+03,3.044790538477512e+03,5.882352941176471e-01,14077578
3.049065763460337e+03,3.047301057577985e+03,5.882352941176471e-01,14077580
3.049613801045125e+03,3.047688565116121e+03,5.882352941176471e-01,14077581
3.051104488135084e+03,3.048058548381648e+03,5.882352941176471e-01,14077583
3.051408619338201e+03,3.049637023889967e+03,5.882352941176471e-01,14077585
3.052869194017437e+03,3.051077147660588e+03,5.882352941176471e-01,14077586
3.053021259618995e+03,3.049047015807200e+03,1.176470588235294e+00,14077584
3.053021259618995e+03,3.047879207573495e+03,1.176470588235294e+00,14077582
3.054709932700569e+03,3.051854217412275e+03,5.882352941176471e-01,14077588
3.056932030643524e+03,3.055167324761171e+03,5.882352941176471e-01,14077590
3.058239344465275e+03,3.051806463424047e+03,1.764705882352941e+00,14077587
3.058422230622860e+03,3.053128112975801e+03,1.764705882352941e+00,14077589
3.058696736525877e+03,3.056121939460847e+03,5.882352941176471e-01,14077591
3.060095493426421e+03,3.057623473426331e+03,5.882352941176471e-01,14077593
3.060095493426421e+03,3.057196608388557e+03,5.882352941176471e-01,14077592
3.063998887159738e+03,3.062234181277385e+03,5.882352941176471e-01,14077596
3.064134881821763e+03,3.058840764174704e+03,1.764705882352941e+00,14077594
3.066606479279155e+03,3.061312361632096e+03,1.764705882352941e+00,14077595
3.067973064115316e+03,3.066208358232963e+03,5.882352941176471e-01,14077597
3.070051021883536e+03,3.068286316001183e+03,5.882352941176471e-01,14077599
3.070055736861237e+03,3.068291030978884e+03,5.882352941176471e-01,14077600
3.071469548079863e+03,3.068862027010893e+03,5.882352941176471e-01,14077601
3.073234253962216e+03,3.069025566302831e+03,1.176470588235294e+00,14077602
3.073585148625943e+03,3.067593956629130e+03,1.764705882352941e+00,14077598
3.076985326722536e+03,3.073455914957830e+03,1.176470588235294e+00,14077603
3.081018855700924e+03,3.077489443936218e+03,1.176470588235294e+00,14077605
3.082579764028290e+03,3.080256294351992e+03,5.882352941176471e-01,14077607
3.082723150449559e+03,3.077429032802500e+03,1.764705882352941e+00,14077604
3.086109175792996e+03,3.078906965842315e+03,1.764705882352941e+00,14077606
3.086312973347983e+03,3.080969903471457e+03,1.764705882352941e+00,14077609
3.089198782874766e+03,3.087434076992413e+03,5.882352941176471e-01,14077612
3.090032489238348e+03,3.087588555455858e+03,5.882352941176471e-01,14077613
3.090869447804253e+03,3.085575330157194e+03,1.764705882352941e+00,14077610
3.092646349778256e+03,3.090549711959472e+03,5.882352941176471e-01,14077617
3.092728194639472e+03,3.090893839987553e+03,5.882352941176471e-01,14077619
3.093561901003054e+03,3.086207397250834e+03,1.764705882352941e+00,14077611
3.094465618901420e+03,3.092122020459120e+03,5.882352941176471e-01,14077621
3.094465618901420e+03,3.091290837355767e+03,5.882352941176471e-01,14077620
3.096230324783773e+03,3.093859404547281e+03,5.882352941176471e-01,14077623
3.097091312767760e+03,3.088415623467399e+03,1.764705882352941e+00,14077616
3.098043738404498e+03,3.095103362069641e+03,5.882352941176471e-01,14077625
3.098166152216357e+03,3.096327740260517e+03,5.882352941176471e-01,14077627
3.099808444286851e+03,3.097707674427180e+03,5.882352941176471e-01,14077628
3.100620724532466e+03,3.094636740451651e+03,1.764705882352941e+00,14077624
3.101573150169204e+03,3.098331071140632e+03,5.882352941176471e-01,14077630
3.102385430414819e+03,3.100406269827605e+03,5.882352941176471e-01,14077631
3.103337856051556e+03,3.100937410091394e+03,5.882352941176471e-01,14077632
3.103460269863416e+03,3.098113372614279e+03,1.764705882352941e+00,14077629
3.104862127722966e+03,3.103097421840613e+03,5.882352941176471e-01,14077633
3.105991035375438e+03,3.104226329493085e+03,5.882352941176471e-01,14077634
3.108795715439902e+03,3.107031009557550e+03,5.882352941176471e-01,14077636
3.109074011541533e+03,3.107309305659180e+03,5.882352941176471e-01,14077637
3.110031726796299e+03,3.104737609149240e+03,1.764705882352941e+00,14077635
3.113250288815434e+03,3.111485582933081e+03,5.882352941176471e-01,14077639
3.115218826661900e+03,3.112492021951277e+03,5.882352941176471e-01,14077641
3.115751039400904e+03,3.110456921753845e+03,1.764705882352941e+00,14077638
3.118178807552316e+03,3.116085224034163e+03,5.882352941176471e-01,14077645
3.119280451165610e+03,3.112315259030968e+03,1.764705882352941e+00,14077640
3.120172972398422e+03,3.113657952743660e+03,1.764705882352941e+00,14077643
3.123587654681252e+03,3.116873019597470e+03,1.764705882352941e+00,14077646
3.125283862550933e+03,3.123519156668580e+03,5.882352941176471e-01,14077648
3.127716705128471e+03,3.125951999246118e+03,5.882352941176471e-01,14077650
3.129395567595722e+03,3.127630861713370e+03,5.882352941176471e-01,14077651
3.129852074005105e+03,3.124557956358046e+03,1.764705882352941e+00,14077649
3.131160273478075e+03,3.129181665983426e+03,5.882352941176471e-01,14077653
3.133623855536849e+03,3.128329737889791e+03,1.764705882352941e+00,14077652
3.135388561419202e+03,3.133237211008520e+03,5.882352941176471e-01,14077656
3.135536178591595e+03,3.130242060944536e+03,1.764705882352941e+00,14077654
3.137189135903266e+03,3.131895018256207e+03,1.764705882352941e+00,14077655
3.137519082827656e+03,3.135754376945303e+03,5.882352941176471e-01,14077657
3.140363840103782e+03,3.138599134221429e+03,5.882352941176471e-01,14077660
3.141182401228188e+03,3.138873616935553e+03,5.882352941176471e-01,14077661
3.141464852114714e+03,3.136170734467655e+03,1.764705882352941e+00,14077658
3.142128545986135e+03,3.137652989463482e+03,1.176470588235294e+00,14077659
3.144910578803348e+03,3.143145872920995e+03,5.882352941176471e-01,14077663
3.146476518875246e+03,3.140816540079838e+03,1.764705882352941e+00,14077662
3.146954436364236e+03,3.145189730481883e+03,5.882352941176471e-01,14077665
3.149245231469765e+03,3.147419691954638e+03,5.882352941176471e-01,14077668
3.150005930639952e+03,3.143951113822706e+03,1.764705882352941e+00,14077664
3.150865133141128e+03,3.148257658563183e+03,5.882352941176471e-01,14077670
3.150865133141128e+03,3.148089016226159e+03,5.882352941176471e-01,14077669
3.152969679749370e+03,3.151204973867017e+03,5.882352941176471e-01,14077671
3.153964943655246e+03,3.147190917165432e+03,1.764705882352941e+00,14077667
3.153964943655246e+03,3.145535235538391e+03,1.764705882352941e+00,14077666
3.154734385631723e+03,3.151697957558215e+03,5.882352941176471e-01,14077672
3.157494355419952e+03,3.153492607877948e+03,1.176470588235294e+00,14077673
3.157814916719458e+03,3.156050210837105e+03,5.882352941176471e-01,14077674
3.158258602329846e+03,3.156493896447493e+03,5.882352941176471e-01,14077675
3.160023308212199e+03,3.157943186310944e+03,5.882352941176471e-01,14077678
3.161023767184658e+03,3.157121265492465e+03,1.176470588235294e+00,14077676
3.161344328484164e+03,3.157581333833856e+03,1.176470588235294e+00,14077677
3.162948753716764e+03,3.160526139949536e+03,5.882352941176471e-01,14077681
3.163847258256219e+03,3.161364621224803e+03,5.882352941176471e-01,14077682
3.164713459599117e+03,3.162377090653180e+03,5.882352941176471e-01,14077684
3.165611964138572e+03,3.163323748858650e+03,5.882352941176471e-01,14077685
3.166665663052413e+03,3.159934647400519e+03,1.764705882352941e+00,14077679
3.168299698850160e+03,3.166534992967807e+03,5.882352941176471e-01,14077686
3.169526073445653e+03,3.167761367563300e+03,5.882352941176471e-01,14077687
3.170639112068881e+03,3.168874406186528e+03,5.882352941176471e-01,14077688
3.174936729176290e+03,3.173172023293937e+03,5.882352941176471e-01,14077691
3.175398738559640e+03,3.171869326794934e+03,1.176470588235294e+00,14077689
3.178466140940995e+03,3.172559959532713e+03,1.764705882352941e+00,14077690
3.178945951928480e+03,3.176675523467919e+03,5.882352941176471e-01,14077695
3.182315426697358e+03,3.175095985139474e+03,1.764705882352941e+00,14077693
3.182315426697358e+03,3.173910942477246e+03,1.764705882352941e+00,14077692
3.183371469804824e+03,3.179638822510707e+03,5.882352941176471e-01,14077699
3.184080132579711e+03,3.181830038900463e+03,5.882352941176471e-01,14077701
3.185136175687176e+03,3.183189094769911e+03,5.882352941176471e-01,14077702
3.186063255480202e+03,3.183434177051476e+03,5.882352941176471e-01,14077703
3.186281672498340e+03,3.177199047650261e+03,1.764705882352941e+00,14077697
3.189436053411209e+03,3.187671347528856e+03,5.882352941176471e-01,14077706
3.189697304948187e+03,3.186167893183481e+03,1.176470588235294e+00,14077705
3.191477203965824e+03,3.189712498083471e+03,5.882352941176471e-01,14077708
3.191527306820165e+03,3.187997895055460e+03,1.176470588235294e+00,14077707
3.193241909848177e+03,3.190956765634346e+03,5.882352941176471e-01,14077710
3.194406521638858e+03,3.190877109874153e+03,1.176470588235294e+00,14077709
3.194723437579419e+03,3.192958731697066e+03,5.882352941176471e-01,14077711
3.199230052505475e+03,3.197198824214364e+03,5.882352941176471e-01,14077715
3.199384519571539e+03,3.194090401924480e+03,1.764705882352941e+00,14077712
3.201084324276095e+03,3.195700640740769e+03,1.764705882352941e+00,14077713
3.204568953096667e+03,3.197987313473608e+03,1.764705882352941e+00,14077716
3.204850154942889e+03,3.203085449060536e+03,5.882352941176471e-01,14077719
3.206548628054400e+03,3.204674054806603e+03,5.882352941176471e-01,14077722
3.208150915716341e+03,3.206022255478165e+03,5.882352941176471e-01,14077723
3.208379566707595e+03,3.203019216289694e+03,1.764705882352941e+00,14077718
3.210078039819106e+03,3.203782933106987e+03,1.764705882352941e+00,14077720
3.211680327481047e+03,3.208093746464302e+03,1.176470588235294e+00,14077724
3.216112840885671e+03,3.214348135003318e+03,5.882352941176471e-01,14077726
3.216446278127936e+03,3.214681572245583e+03,5.882352941176471e-01,14077727
3.216583285499350e+03,3.211289167852291e+03,1.764705882352941e+00,14077725
3.218044265389156e+03,3.215039831696312e+03,5.882352941176471e-01,14077729
3.218044265389156e+03,3.214835423467422e+03,5.882352941176471e-01,14077728
3.219808971271509e+03,3.217028575176217e+03,5.882352941176471e-01,14077731
3.221759954213764e+03,3.219995248331411e+03,5.882352941176471e-01,14077735
3.224354893604848e+03,3.217803508860529e+03,1.764705882352941e+00,14077732
3.224354893604848e+03,3.216734151821618e+03,1.764705882352941e+00,14077730
3.225804762588347e+03,3.223694043712154e+03,5.882352941176471e-01,14077738
3.226708340171123e+03,3.218467361899060e+03,1.176470588235294e+00,14077733
3.228021257262088e+03,3.221960513924787e+03,1.176470588235294e+00,14077736
3.229334174353053e+03,3.225732934683715e+03,1.176470588235294e+00,14077739
3.229785963144441e+03,3.223301281358814e+03,1.764705882352941e+00,14077737
3.233169827485891e+03,3.231405121603538e+03,5.882352941176471e-01,14077740
3.234020964881672e+03,3.232256258999319e+03,5.882352941176471e-01,14077741
3.235785670764024e+03,3.233288692240974e+03,5.882352941176471e-01,14077744
3.235812839338891e+03,3.232283427574185e+03,1.176470588235294e+00,14077742
3.236699239250596e+03,3.232967769627706e+03,1.176470588235294e+00,14077743
3.237563960933811e+03,3.235568861313691e+03,5.882352941176471e-01,14077745
3.240960628761717e+03,3.239195922879364e+03,5.882352941176471e-01,14077747
3.241093372698517e+03,3.235605374984044e+03,1.764705882352941e+00,14077746
3.244020544618809e+03,3.242255838736456e+03,5.882352941176471e-01,14077749
3.246174215537369e+03,3.240880097890310e+03,1.764705882352941e+00,14077748
3.246687257008335e+03,3.244922551125982e+03,5.882352941176471e-01,14077750
3.248782808653759e+03,3.247018102771406e+03,5.882352941176471e-01,14077751
3.251747213578235e+03,3.249982507695882e+03,5.882352941176471e-01,14077754
3.252389667911310e+03,3.248860256146604e+03,1.176470588235294e+00,14077753
3.253407172882977e+03,3.248113055235918e+03,1.764705882352941e+00,14077752
3.255569559401260e+03,3.253804853518907e+03,5.882352941176471e-01,14077756
3.258388272686871e+03,3.256623566804518e+03,5.882352941176471e-01,14077758
3.259055060116376e+03,3.253760942469318e+03,1.764705882352941e+00,14077755
3.261646279092079e+03,3.256352161445020e+03,1.764705882352941e+00,14077757
3.263410984974432e+03,3.260983836335152e+03,5.882352941176471e-01,14077761
3.263682390333930e+03,3.258329590994094e+03,1.764705882352941e+00,14077759
3.264349177763435e+03,3.258478463192553e+03,1.764705882352941e+00,14077760
3.265822250632089e+03,3.264057544749736e+03,5.882352941176471e-01,14077762
3.266785477983224e+03,3.265020772100871e+03,5.882352941176471e-01,14077764
3.268509444176562e+03,3.266731295533449e+03,5.882352941176471e-01,14077766
3.270314889747930e+03,3.264980032411856e+03,1.764705882352941e+00,14077763
3.271116368279147e+03,3.265154319081581e+03,1.764705882352941e+00,14077765
3.272038855941268e+03,3.269726312331845e+03,5.882352941176471e-01,14077768
3.272881074161500e+03,3.270566954709160e+03,5.882352941176471e-01,14077769
3.273844301512636e+03,3.268457467829940e+03,1.764705882352941e+00,14077767
3.274593058209284e+03,3.272828352326931e+03,5.882352941176471e-01,14077770
3.275878655939059e+03,3.274113950056706e+03,5.882352941176471e-01,14077772
3.276592326473418e+03,3.274827620591065e+03,5.882352941176471e-01,14077773
3.277643361821412e+03,3.275584916968423e+03,5.882352941176471e-01,14077774
3.278562375147478e+03,3.273268257500419e+03,1.764705882352941e+00,14077771
3.280233046796233e+03,3.278468340913880e+03,5.882352941176471e-01,14077778
3.281172773586118e+03,3.278996511632009e+03,5.882352941176471e-01,14077779
3.281997752678586e+03,3.277194409917844e+03,1.176470588235294e+00,14077777
3.282083149749929e+03,3.276211926107258e+03,1.764705882352941e+00,14077775
3.283805157096610e+03,3.281555468058806e+03,5.882352941176471e-01,14077783
3.286539266041055e+03,3.280554046522607e+03,1.764705882352941e+00,14077780
3.286967750082976e+03,3.285203044200623e+03,5.882352941176471e-01,14077784
3.287334568861316e+03,3.281317523201874e+03,1.764705882352941e+00,14077782
3.288589627951355e+03,3.286527003570911e+03,5.882352941176471e-01,14077786
3.288589627951355e+03,3.285381184604859e+03,5.882352941176471e-01,14077785
3.289726804288689e+03,3.287226006682235e+03,5.882352941176471e-01,14077788
3.293256216053394e+03,3.287274517831307e+03,1.764705882352941e+00,14077789
3.293805564071218e+03,3.292040858188865e+03,5.882352941176471e-01,14077791
3.294060115154584e+03,3.288765997507525e+03,1.764705882352941e+00,14077790
3.297515693621143e+03,3.295750987738790e+03,5.882352941176471e-01,14077792
3.301088540171195e+03,3.299323834288842e+03,5.882352941176471e-01,14077793
3.305183987921882e+03,3.303419282039529e+03,5.882352941176471e-01,14077795
3.306507145314136e+03,3.303911255018914e+03,5.882352941176471e-01,14077797
3.306948693804235e+03,3.302977733549430e+03,1.176470588235294e+00,14077794
3.308492625441538e+03,3.305842207333606e+03,5.882352941176471e-01,14077798
3.308492625441538e+03,3.306045991198424e+03,5.882352941176471e-01,14077799
3.309084348875510e+03,3.303790231228451e+03,1.764705882352941e+00,14077796
3.310257331323891e+03,3.307525105865170e+03,5.882352941176471e-01,14077800
3.311867685411366e+03,3.310102979529013e+03,5.882352941176471e-01,14077801
3.313131942556192e+03,3.311367236673839e+03,5.882352941176471e-01,14077802
3.317698011342639e+03,3.311520034124548e+03,1.764705882352941e+00,14077803
3.318559203844204e+03,3.315143281910695e+03,5.882352941176471e-01,14077810
3.320688762831356e+03,3.318924056949003e+03,5.882352941176471e-01,14077813
3.322738455692580e+03,3.313040560325051e+03,1.764705882352941e+00,14077806
3.322738455692580e+03,3.312881332247332e+03,1.764705882352941e+00,14077805
3.324218174596062e+03,3.317156667068128e+03,1.764705882352941e+00,14077812
3.324658256889478e+03,3.321826220606202e+03,5.882352941176471e-01,14077815
3.326202921625123e+03,3.323203741636215e+03,5.882352941176471e-01,14077817
3.328084139808526e+03,3.326319433926173e+03,5.882352941176471e-01,14077819
3.328187668654184e+03,3.321508042941788e+03,1.764705882352941e+00,14077814
3.329732333389829e+03,3.323941406765796e+03,1.764705882352941e+00,14077818
3.329900610113708e+03,3.328063281106163e+03,5.882352941176471e-01,14077821
3.329900610113708e+03,3.326948732055406e+03,5.882352941176471e-01,14077820
3.331623246815091e+03,3.328987954817430e+03,5.882352941176471e-01,14077823
3.331623246815091e+03,3.329213872026608e+03,5.882352941176471e-01,14077824
3.333535813100748e+03,3.330495716349647e+03,5.882352941176471e-01,14077827
3.333535813100748e+03,3.331194662614254e+03,5.882352941176471e-01,14077828
3.335300518983101e+03,3.332214688428306e+03,5.882352941176471e-01,14077830
3.335300518983101e+03,3.332911282255935e+03,5.882352941176471e-01,14077831
3.338829930747806e+03,3.328541679374770e+03,1.764705882352941e+00,14077822
3.338829930747806e+03,3.330423820132419e+03,1.764705882352941e+00,14077826
3.338829930747806e+03,3.332983933946964e+03,1.764705882352941e+00,14077832
3.340816699344899e+03,3.337070108464346e+03,5.882352941176471e-01,14077833
3.340816699344899e+03,3.338129988074236e+03,5.882352941176471e-01,14077835
3.342581405227252e+03,3.339794943239315e+03,5.882352941176471e-01,14077839
3.344346111109605e+03,3.337650462806554e+03,1.764705882352941e+00,14077834
3.346110816991958e+03,3.341936150888447e+03,1.176470588235294e+00,14077840
3.346110816991958e+03,3.342757334225610e+03,5.882352941176470e-01,14077841
3.346110816991958e+03,3.339385087534656e+03,1.764705882352941e+00,14077838
3.347875522874311e+03,3.346022081314359e+03,5.882352941176471e-01,14077844
3.347875522874311e+03,3.345428919908326e+03,5.882352941176471e-01,14077843
3.349882446746758e+03,3.348117740864405e+03,5.882352941176471e-01,14077845
3.352216393668283e+03,3.348686981903577e+03,1.176470588235294e+00,14077846
3.355264427441464e+03,3.353499721559111e+03,5.882352941176471e-01,14077847
3.356526895195801e+03,3.354762189313448e+03,5.882352941176471e-01,14077848
3.358163679362267e+03,3.356398973479914e+03,5.882352941176471e-01,14077849
3.362678982197898e+03,3.360914276315545e+03,5.882352941176471e-01,14077850
3.363018463309473e+03,3.361253757427120e+03,5.882352941176471e-01,14077851
3.365336296338556e+03,3.363571590456203e+03,5.882352941176471e-01,14077852
3.366207706431966e+03,3.364443000549613e+03,5.882352941176471e-01,14077853
3.367488018102192e+03,3.365723312219839e+03,5.882352941176471e-01,14077855
3.368006356178795e+03,3.364476944414089e+03,1.176470588235294e+00,14077854
3.369358159341910e+03,3.367593453459558e+03,5.882352941176471e-01,14077857
3.372095825906418e+03,3.370331120024065e+03,5.882352941176471e-01,14077858
3.372780136374112e+03,3.367486018727053e+03,1.764705882352941e+00,14077856
3.372874148637046e+03,3.371109442754693e+03,5.882352941176471e-01,14077859
3.373934185710926e+03,3.372169479828573e+03,5.882352941176471e-01,14077860
3.376602539184070e+03,3.374837833301717e+03,5.882352941176471e-01,14077862
3.377015770132972e+03,3.375251064250619e+03,5.882352941176471e-01,14077863
3.378074254021171e+03,3.372270840432449e+03,1.764705882352941e+00,14077861
3.378573860540874e+03,3.376443329868276e+03,5.882352941176471e-01,14077865
3.378573860540874e+03,3.376096018069742e+03,5.882352941176471e-01,14077864
3.381981825460729e+03,3.380217119578376e+03,5.882352941176471e-01,14077866
3.385493999013023e+03,3.383729293130670e+03,5.882352941176471e-01,14077869
3.386410485677504e+03,3.381116368030445e+03,1.764705882352941e+00,14077867
3.388533196376913e+03,3.383239078729854e+03,1.764705882352941e+00,14077868
3.390443016900785e+03,3.388678311018432e+03,5.882352941176471e-01,14077870
3.394017986159134e+03,3.392253280276781e+03,5.882352941176471e-01,14077872
3.394903498122864e+03,3.393138792240511e+03,5.882352941176471e-01,14077873
3.396923565316785e+03,3.391629447669726e+03,1.764705882352941e+00,14077871
3.397823137373166e+03,3.394944008119303e+03,5.882352941176471e-01,14077876
3.398820699594599e+03,3.397055993712246e+03,5.882352941176471e-01,14077880
3.399892729512721e+03,3.397103624389379e+03,5.882352941176471e-01,14077881
3.401657435395074e+03,3.399381776184936e+03,5.882352941176471e-01,14077884
3.401657435395074e+03,3.399377859253454e+03,5.882352941176471e-01,14077883
3.402562476991001e+03,3.394279906540064e+03,1.764705882352941e+00,14077874
3.403874662075391e+03,3.397155286576872e+03,1.176470588235294e+00,14077882
3.405413107558762e+03,3.402810600097409e+03,5.882352941176471e-01,14077886
3.405413107558762e+03,3.403083972011202e+03,5.882352941176471e-01,14077887
3.405639367957744e+03,3.396065341025012e+03,1.764705882352941e+00,14077879
3.408141977996386e+03,3.406377272114034e+03,5.882352941176471e-01,14077889
3.408942519323468e+03,3.400599692511771e+03,1.764705882352941e+00,14077885
3.410707225205821e+03,3.406561536144651e+03,1.176470588235294e+00,14077890
3.410707225205821e+03,3.404716705799880e+03,1.176470588235294e+00,14077888
3.414236636970527e+03,3.407456101731492e+03,1.764705882352941e+00,14077891
3.415200801525798e+03,3.409597353774940e+03,1.764705882352941e+00,14077892
3.416001342852879e+03,3.414147229651704e+03,5.882352941176471e-01,14077894
3.416622081551783e+03,3.411327963904724e+03,1.764705882352941e+00,14077893
3.417365778071692e+03,3.414995863006007e+03,5.882352941176471e-01,14077896
3.417365778071692e+03,3.414285989205394e+03,5.882352941176471e-01,14077895
3.419848542153533e+03,3.418083836271180e+03,5.882352941176471e-01,14077898
3.421613248035886e+03,3.419709026956382e+03,5.882352941176471e-01,14077900
3.421980014275789e+03,3.416685896628730e+03,1.764705882352941e+00,14077897
3.423440396023116e+03,3.421321696816693e+03,5.882352941176471e-01,14077903
3.423440396023116e+03,3.420305160838731e+03,5.882352941176471e-01,14077902
3.425300230462031e+03,3.423050039045844e+03,5.882352941176471e-01,14077906
3.425300230462031e+03,3.422740696891100e+03,5.882352941176471e-01,14077905
3.425490487575153e+03,3.418158560963154e+03,1.764705882352941e+00,14077899
3.427179090612257e+03,3.424551136724015e+03,5.882352941176471e-01,14077908
3.427179090612257e+03,3.424785903435680e+03,5.882352941176471e-01,14077909
3.427179090612257e+03,3.424917796236973e+03,5.882352941176471e-01,14077910
3.428943796494610e+03,3.419942205310849e+03,1.176470588235294e+00,14077901
3.432008544974703e+03,3.430243839092350e+03,5.882352941176471e-01,14077914
3.432473208259316e+03,3.427072097811275e+03,1.764705882352941e+00,14077913
3.432482679953000e+03,3.430717974070647e+03,5.882352941176471e-01,14077915
3.433773250857056e+03,3.431638832789008e+03,5.882352941176471e-01,14077916
3.434237914141669e+03,3.432040120550542e+03,5.882352941176471e-01,14077917
3.436726469223461e+03,3.434961763341108e+03,5.882352941176471e-01,14077918
3.438610654951411e+03,3.435998009155020e+03,5.882352941176471e-01,14077922
3.440996739650988e+03,3.438770342561534e+03,5.882352941176471e-01,14077928
3.442761445533341e+03,3.440651401368013e+03,5.882352941176471e-01,14077931
3.443984616403531e+03,3.441300267938798e+03,5.882352941176471e-01,14077932
3.444526151415694e+03,3.442569085485159e+03,5.882352941176471e-01,14077934
3.445633303435409e+03,3.435470584302979e+03,1.176470588235294e+00,14077920
3.447398009317762e+03,3.435200723032302e+03,1.764705882352941e+00,14077919
3.449004550625870e+03,3.437467327886282e+03,1.764705882352941e+00,14077923
3.449004550625870e+03,3.435782751033702e+03,1.764705882352941e+00,14077921
3.450940836418274e+03,3.448799568479202e+03,5.882352941176471e-01,14077942
3.450940836418274e+03,3.448601462561230e+03,5.882352941176471e-01,14077941
3.452317920542992e+03,3.449519290356023e+03,5.882352941176471e-01,14077944
3.454082626425345e+03,3.451917460674899e+03,5.882352941176471e-01,14077947
3.455730381094827e+03,3.445878531919392e+03,1.764705882352941e+00,14077935
3.456923496127692e+03,3.449554817308010e+03,1.764705882352941e+00,14077945
3.457685008570365e+03,3.455920302688012e+03,5.882352941176471e-01,14077949
3.458498714797754e+03,3.456289614696227e+03,5.882352941176471e-01,14077951
3.461214420335071e+03,3.458753271845385e+03,5.882352941176471e-01,14077954
3.462130466811968e+03,3.454779815820757e+03,1.764705882352941e+00,14077948
3.463868940843874e+03,3.457254118296627e+03,1.764705882352941e+00,14077952
3.464107150709536e+03,3.462342444827183e+03,5.882352941176471e-01,14077956
3.466508537982130e+03,3.460523211090337e+03,1.764705882352941e+00,14077955
3.469163058490933e+03,3.463736641136013e+03,1.764705882352941e+00,14077957
3.470760937781976e+03,3.468996231899623e+03,5.882352941176471e-01,14077959
3.471284501444595e+03,3.465990383797536e+03,1.764705882352941e+00,14077958
3.473278236344134e+03,3.471513530461781e+03,5.882352941176471e-01,14077961
3.473302033857973e+03,3.471537327975620e+03,5.882352941176471e-01,14077962
3.473461448324761e+03,3.471541216948190e+03,5.882352941176471e-01,14077963
3.476807648108840e+03,3.469932036560055e+03,1.764705882352941e+00,14077960
3.478257056928657e+03,3.475403167008997e+03,5.882352941176471e-01,14077967
3.478257056928657e+03,3.474866076834805e+03,5.882352941176471e-01,14077966
3.479013866657759e+03,3.474643742854809e+03,1.176470588235294e+00,14077964
3.480021762811009e+03,3.477690673441972e+03,5.882352941176471e-01,14077971
3.483723048663887e+03,3.481958342781534e+03,5.882352941176471e-01,14077974
3.484772649137487e+03,3.482078100877731e+03,5.882352941176471e-01,14077975
3.485348098944644e+03,3.483328958627703e+03,5.882352941176471e-01,14077979
3.485348098944644e+03,3.483159946794384e+03,5.882352941176471e-01,14077978
3.488589785805771e+03,3.481679031578342e+03,1.764705882352941e+00,14077973
3.488589785805771e+03,3.480939230294281e+03,1.764705882352941e+00,14077972
3.490151101577157e+03,3.486846228663644e+03,5.882352941176471e-01,14077982
3.491915807459510e+03,3.486597839135907e+03,1.176470588235294e+00,14077981
3.491915807459510e+03,3.490003218012394e+03,5.882352941176471e-01,14077983
3.492119197570477e+03,3.486418299701484e+03,1.764705882352941e+00,14077980
3.493680513341863e+03,3.491709378334575e+03,5.882352941176471e-01,14077985
3.493680513341863e+03,3.491303249038311e+03,5.882352941176471e-01,14077984
3.494055476995907e+03,3.492290771113554e+03,5.882352941176471e-01,14077986
3.495445219224216e+03,3.493400246605473e+03,5.882352941176471e-01,14077987
3.497724895974230e+03,3.495960190091877e+03,5.882352941176471e-01,14077988
3.498597973780807e+03,3.496833267898454e+03,5.882352941176471e-01,14077989
3.499432240107112e+03,3.497667534224759e+03,5.882352941176471e-01,14077990
3.502573978554822e+03,3.498190938266954e+03,1.176470588235294e+00,14077992
3.502573978554822e+03,3.498183092872637e+03,1.176470588235294e+00,14077991
3.505241916402049e+03,3.503087432189508e+03,5.882352941176471e-01,14077999
3.507868096201881e+03,3.499467854358750e+03,1.764705882352941e+00,14077995
3.507868096201881e+03,3.498715813165432e+03,1.764705882352941e+00,14077994
3.509095092330430e+03,3.505307663897477e+03,5.882352941176471e-01,14078002
3.509632802084233e+03,3.507621276864038e+03,5.882352941176471e-01,14078004
3.511397507966586e+03,3.509498025122681e+03,5.882352941176471e-01,14078005
3.512317755062998e+03,3.502298718381180e+03,1.764705882352941e+00,14077997
3.512317755062998e+03,3.501245664680392e+03,1.764705882352941e+00,14077996
3.513622337397145e+03,3.509926946934699e+03,5.882352941176471e-01,14078006
3.515065404171132e+03,3.513300698288779e+03,5.882352941176471e-01,14078008
3.515387043279498e+03,3.509998226577550e+03,1.176470588235294e+00,14078007
3.515968501772364e+03,3.514203795890011e+03,5.882352941176471e-01,14078009
3.516830110053485e+03,3.514324640781907e+03,5.882352941176471e-01,14078010
3.518916455044204e+03,3.515174341374063e+03,1.176470588235294e+00,14078011
3.520315816224448e+03,3.518551110342095e+03,5.882352941176471e-01,14078012
3.521280853881478e+03,3.519516147999125e+03,5.882352941176471e-01,14078013
3.521493828518031e+03,3.519729122635678e+03,5.882352941176471e-01,14078014
3.523045559763831e+03,3.521150506019114e+03,5.882352941176471e-01,14078016
3.526419478366028e+03,3.521125360718969e+03,1.764705882352941e+00,14078015
3.528184184248381e+03,3.526020101754283e+03,5.882352941176471e-01,14078019
3.528604621162235e+03,3.523310503515176e+03,1.764705882352941e+00,14078017
3.529023377344153e+03,3.525493965579447e+03,1.176470588235294e+00,14078018
3.530287198569025e+03,3.528522492686672e+03,5.882352941176471e-01,14078020
3.532728854706848e+03,3.529199442942143e+03,1.176470588235294e+00,14078021
3.533612053726437e+03,3.531847347844085e+03,5.882352941176471e-01,14078022
3.533983764142664e+03,3.532219058260311e+03,5.882352941176471e-01,14078023
3.534607526527086e+03,3.532287318103296e+03,5.882352941176471e-01,14078024
3.535562614816904e+03,3.533428014778749e+03,5.882352941176471e-01,14078028
3.537976640065781e+03,3.536211934183428e+03,5.882352941176471e-01,14078029
3.538870355042550e+03,3.537105649160197e+03,5.882352941176471e-01,14078030
3.539092026581610e+03,3.532899803613675e+03,1.764705882352941e+00,14078027
3.541184386640477e+03,3.539419680758124e+03,5.882352941176471e-01,14078031
3.541931542954885e+03,3.540166837072532e+03,5.882352941176471e-01,14078033
3.544203927845470e+03,3.542439221963117e+03,5.882352941176471e-01,14078034
3.544834991284866e+03,3.539540873637807e+03,1.764705882352941e+00,14078032
3.546326208338463e+03,3.544561502456110e+03,5.882352941176471e-01,14078035
3.547749020383932e+03,3.545984314501579e+03,5.882352941176471e-01,14078036
3.549671780113944e+03,3.547907074231591e+03,5.882352941176471e-01,14078038
3.549929861235056e+03,3.548165155352703e+03,5.882352941176471e-01,14078039
3.551436485996297e+03,3.548957924705775e+03,5.882352941176471e-01,14078040
3.551787565245807e+03,3.546493447598748e+03,1.764705882352941e+00,14078037
3.554505349623677e+03,3.552740643741324e+03,5.882352941176471e-01,14078043
3.555062618828855e+03,3.553297912946502e+03,5.882352941176471e-01,14078044
3.555667578219311e+03,3.550373460572252e+03,1.764705882352941e+00,14078041
3.556730603643355e+03,3.550582952944051e+03,1.176470588235294e+00,14078042
3.558034761388383e+03,3.556229648689854e+03,5.882352941176471e-01,14078047
3.561694452409089e+03,3.559120573689286e+03,5.882352941176471e-01,14078051
3.561990384077888e+03,3.556104403093232e+03,1.764705882352941e+00,14078046
3.561990384077888e+03,3.553413044551633e+03,1.764705882352941e+00,14078045
3.563459158291442e+03,3.560442234311488e+03,5.882352941176471e-01,14078053
3.563755089960241e+03,3.561879697262375e+03,5.882352941176471e-01,14078054
3.564489477067018e+03,3.557514351067902e+03,1.176470588235294e+00,14078050
3.566254182949371e+03,3.556357036701438e+03,1.764705882352941e+00,14078048
3.566294402522956e+03,3.564529696640603e+03,5.882352941176471e-01,14078055
3.566355944130579e+03,3.564591238248226e+03,5.882352941176471e-01,14078056
3.568018888831724e+03,3.564762781541461e+03,5.882352941176471e-01,14078057
3.569783594714077e+03,3.567754953664306e+03,5.882352941176471e-01,14078060
3.570906755697252e+03,3.568632519214246e+03,5.882352941176471e-01,14078061
3.571990839720307e+03,3.566696722073248e+03,1.764705882352941e+00,14078058
3.573706374588895e+03,3.571269209359730e+03,5.882352941176471e-01,14078066
3.574436167461958e+03,3.572532798706339e+03,5.882352941176471e-01,14078069
3.575471080471248e+03,3.573654388630072e+03,5.882352941176471e-01,14078071
3.575471080471248e+03,3.573088783181381e+03,5.882352941176471e-01,14078070
3.578741763983632e+03,3.567377343932547e+03,1.764705882352941e+00,14078059
3.578741763983632e+03,3.569231368076046e+03,1.764705882352941e+00,14078062
3.578741763983632e+03,3.570608655973226e+03,1.764705882352941e+00,14078065
3.580981072991773e+03,3.575812309887002e+03,5.882352941176471e-01,14078072
3.580981072991773e+03,3.575861612328566e+03,5.882352941176471e-01,14078073
3.584510484756479e+03,3.576446400848086e+03,1.764705882352941e+00,14078074
3.586275190638832e+03,3.580574457777835e+03,1.764705882352941e+00,14078079
3.586275190638832e+03,3.579690970235208e+03,1.764705882352941e+00,14078078
3.588287638237838e+03,3.584624870894829e+03,5.882352941176471e-01,14078081
3.588287638237838e+03,3.584727292003227e+03,5.882352941176471e-01,14078082
3.588287638237838e+03,3.584871473271207e+03,5.882352941176471e-01,14078083
3.590052344120191e+03,3.587538119265240e+03,5.882352941176471e-01,14078086
3.590052344120191e+03,3.587266157505445e+03,5.882352941176471e-01,14078085
3.591817050002544e+03,3.583178585430891e+03,1.764705882352941e+00,14078080
3.592201853474847e+03,3.590437147592494e+03,5.882352941176471e-01,14078087
3.593774157621048e+03,3.591520504159706e+03,5.882352941176471e-01,14078090
3.593774157621048e+03,3.591426718324738e+03,5.882352941176471e-01,14078089
3.594196908827162e+03,3.592432202944809e+03,5.882352941176471e-01,14078091
3.597186409914214e+03,3.590550337590916e+03,1.764705882352941e+00,14078088
3.599068275268107e+03,3.592614306789470e+03,1.764705882352941e+00,14078092
3.599077650923477e+03,3.597312945041124e+03,5.882352941176471e-01,14078094
3.602491474326312e+03,3.600726768443959e+03,5.882352941176471e-01,14078098
3.602607062688183e+03,3.596576210146086e+03,1.764705882352941e+00,14078093
3.603998713295332e+03,3.601320550222190e+03,5.882352941176471e-01,14078099
3.605949946815287e+03,3.598211835344100e+03,1.764705882352941e+00,14078096
3.605949946815287e+03,3.597759432313774e+03,1.764705882352941e+00,14078095
3.607668020788239e+03,3.605852878440830e+03,5.882352941176471e-01,14078103
3.607668020788239e+03,3.604535778875248e+03,5.882352941176471e-01,14078102
3.609432726670592e+03,3.607081939930623e+03,5.882352941176471e-01,14078105
3.609432726670592e+03,3.606981658428949e+03,5.882352941176471e-01,14078104
3.609995214386824e+03,3.600025188364704e+03,1.764705882352941e+00,14078097
3.611478676411061e+03,3.608167376078148e+03,5.882352941176471e-01,14078107
3.611478676411061e+03,3.608542720131564e+03,5.882352941176471e-01,14078108
3.613817798700209e+03,3.612053092817856e+03,5.882352941176471e-01,14078110
3.615008088175767e+03,3.607877730183901e+03,1.764705882352941e+00,14078106
3.619010108135403e+03,3.612813768479672e+03,1.176470588235294e+00,14078111
3.620115244371609e+03,3.618350538489256e+03,5.882352941176471e-01,14078120
3.620774814017756e+03,3.612973653461346e+03,1.764705882352941e+00,14078112
3.622539519900109e+03,3.620317803572099e+03,5.882352941176471e-01,14078121
3.623078165290385e+03,3.615877321568829e+03,1.764705882352941e+00,14078119
3.623078165290385e+03,3.615608312351168e+03,1.764705882352941e+00,14078118
3.624348514799864e+03,3.621194278193821e+03,5.882352941176471e-01,14078122
3.624842871172738e+03,3.622605953426212e+03,5.882352941176471e-01,14078125
3.626114019487110e+03,3.624349313604757e+03,5.882352941176471e-01,14078127
3.626607577055090e+03,3.624615748727571e+03,5.882352941176471e-01,14078128
3.626685776145966e+03,3.624921070263613e+03,5.882352941176471e-01,14078129
3.627800526278587e+03,3.622901528049937e+03,1.176470588235294e+00,14078126
3.629185157974478e+03,3.627420452092125e+03,5.882352941176471e-01,14078131
3.629988833698718e+03,3.628224127816365e+03,5.882352941176471e-01,14078132
3.630511434035547e+03,3.628521476947299e+03,5.882352941176471e-01,14078133
3.631753539581071e+03,3.626982022270841e+03,1.176470588235294e+00,14078130
3.633116407601304e+03,3.630885935931152e+03,5.882352941176471e-01,14078137
3.633116407601304e+03,3.630873767747860e+03,5.882352941176471e-01,14078136
3.634881113483657e+03,3.632294088849637e+03,5.882352941176471e-01,14078139
3.636304629491246e+03,3.628986066333188e+03,1.176470588235294e+00,14078134
3.638069335373599e+03,3.635747183537953e+03,5.882352941176471e-01,14078142
3.638410525248363e+03,3.634789462513213e+03,1.176470588235294e+00,14078141
3.638410525248363e+03,3.633057691215898e+03,1.764705882352941e+00,14078140
3.639834041255952e+03,3.637879231054157e+03,5.882352941176471e-01,14078143
3.640912851531585e+03,3.639148145649232e+03,5.882352941176471e-01,14078145
3.641598747138305e+03,3.639536624346971e+03,5.882352941176471e-01,14078146
3.642634703887739e+03,3.640275543290846e+03,5.882352941176471e-01,14078148
3.642634703887739e+03,3.640117927178540e+03,5.882352941176471e-01,14078147
3.643363453020658e+03,3.639062438596833e+03,1.176470588235294e+00,14078144
3.644399409770092e+03,3.642322215997489e+03,5.882352941176471e-01,14078149
3.644754257772573e+03,3.642989551890220e+03,5.882352941176471e-01,14078150
3.649494847728825e+03,3.647730141846472e+03,5.882352941176471e-01,14078152
3.649835031642345e+03,3.646305619877639e+03,1.176470588235294e+00,14078151
3.650443904735952e+03,3.648679198853599e+03,5.882352941176471e-01,14078153
3.653739911392298e+03,3.650210499627592e+03,1.176470588235294e+00,14078155
3.654788965375884e+03,3.649301060190522e+03,1.764705882352941e+00,14078154
3.655425623541568e+03,3.653280906729071e+03,5.882352941176471e-01,14078158
3.657190329423921e+03,3.652199667289713e+03,1.176470588235294e+00,14078157
3.658318377140590e+03,3.651817218043779e+03,1.764705882352941e+00,14078156
3.658955035306274e+03,3.656653376790472e+03,5.882352941176471e-01,14078160
3.660083083022943e+03,3.657604178906279e+03,5.882352941176471e-01,14078162
3.662484447070980e+03,3.655780921384820e+03,1.764705882352941e+00,14078159
3.662839744914232e+03,3.660913166586752e+03,5.882352941176471e-01,14078164
3.663612494787648e+03,3.657473104469426e+03,1.764705882352941e+00,14078161
3.664533391227934e+03,3.661813703274645e+03,5.882352941176471e-01,14078166
3.664533391227934e+03,3.661756372599515e+03,5.882352941176471e-01,14078165
3.667141906552354e+03,3.663424618545180e+03,1.176470588235294e+00,14078170
3.667364172569919e+03,3.665599466687566e+03,5.882352941176471e-01,14078171
3.668062802992640e+03,3.659223266840169e+03,1.764705882352941e+00,14078163
3.668912292667235e+03,3.667147586784882e+03,5.882352941176471e-01,14078172
3.671608908611396e+03,3.669844202729043e+03,5.882352941176471e-01,14078173
3.674375780809522e+03,3.672611074927169e+03,5.882352941176471e-01,14078174
3.676828696584437e+03,3.675063990702084e+03,5.882352941176471e-01,14078175
3.679210053261096e+03,3.677445347378743e+03,5.882352941176471e-01,14078177
3.680487536409070e+03,3.675193418762012e+03,1.764705882352941e+00,14078176
3.681565491442476e+03,3.679800785560123e+03,5.882352941176471e-01,14078179
3.682855802212935e+03,3.681091096330582e+03,5.882352941176471e-01,14078180
3.683101516877361e+03,3.679572105112655e+03,1.176470588235294e+00,14078178
3.685721527571603e+03,3.683956821689250e+03,5.882352941176471e-01,14078182
3.688075154554321e+03,3.682781036907262e+03,1.764705882352941e+00,14078181
3.688383801215948e+03,3.686027361936586e+03,5.882352941176471e-01,14078186
3.689621858477737e+03,3.684854389451242e+03,1.176470588235294e+00,14078183
3.691386564360090e+03,3.685284918233177e+03,1.764705882352941e+00,14078184
3.691516257613237e+03,3.688409238871011e+03,5.882352941176471e-01,14078188
3.692212447872107e+03,3.689881244984031e+03,5.882352941176471e-01,14078190
3.693977153754460e+03,3.691548490356895e+03,5.882352941176471e-01,14078195
3.695174972532452e+03,3.692291160429362e+03,5.882352941176471e-01,14078197
3.697364175461274e+03,3.694507687013454e+03,5.882352941176471e-01,14078203
3.699263645417386e+03,3.696351546358037e+03,5.882352941176471e-01,14078209
3.699263645417386e+03,3.696166567813602e+03,5.882352941176471e-01,14078208
3.701276032980539e+03,3.688388625763025e+03,1.176470588235294e+00,14078187
3.703040738862892e+03,3.691107552667684e+03,1.764705882352941e+00,14078193
3.703040738862892e+03,3.690742152334129e+03,1.764705882352941e+00,14078192
3.704805444745244e+03,3.702363042943325e+03,5.882352941176471e-01,14078215
3.706570150627597e+03,3.700491254298779e+03,1.764705882352941e+00,14078212
3.706570150627597e+03,3.697768467682552e+03,1.764705882352941e+00,14078211
3.710099562392303e+03,3.704152081571012e+03,1.764705882352941e+00,14078216
3.710674729486670e+03,3.708040620791663e+03,5.882352941176471e-01,14078219
3.714040818182649e+03,3.711420292357408e+03,5.882352941176471e-01,14078222
3.714452662208289e+03,3.707218568781216e+03,1.764705882352941e+00,14078218
3.714452662208289e+03,3.707072066662712e+03,1.764705882352941e+00,14078217
3.716080086748762e+03,3.713412518499187e+03,5.882352941176471e-01,14078224
3.716080086748762e+03,3.713783476908252e+03,5.882352941176471e-01,14078225
3.717844792631115e+03,3.715255351854864e+03,5.882352941176471e-01,14078228
3.717844792631115e+03,3.715209637632492e+03,5.882352941176471e-01,14078227
3.719609498513468e+03,3.716712663772271e+03,5.882352941176471e-01,14078229
3.719925787025222e+03,3.709699633321390e+03,1.764705882352941e+00,14078221
3.721374204395821e+03,3.718934181356506e+03,5.882352941176471e-01,14078231
3.723138910278174e+03,3.717553029708746e+03,1.764705882352941e+00,14078230
3.724751089505437e+03,3.722986383623084e+03,5.882352941176471e-01,14078232
3.732172592906323e+03,3.726878475259264e+03,1.764705882352941e+00,14078233
3.733417300458289e+03,3.728123182811230e+03,1.764705882352941e+00,14078234
3.733937298788676e+03,3.730791755803729e+03,5.882352941176471e-01,14078236
3.735752887042394e+03,3.730458769395336e+03,1.764705882352941e+00,14078235
3.737735371979442e+03,3.735970666097089e+03,5.882352941176471e-01,14078238
3.738711418105348e+03,3.733260124621765e+03,1.764705882352941e+00,14078237
3.740345200858852e+03,3.738580494976499e+03,5.882352941176471e-01,14078239
3.741691478424437e+03,3.739926772542084e+03,5.882352941176471e-01,14078240
3.745666528857353e+03,3.743901822975000e+03,5.882352941176471e-01,14078242
3.748349518611536e+03,3.746584812729183e+03,5.882352941176471e-01,14078244
3.748804858075267e+03,3.743510740428208e+03,1.764705882352941e+00,14078241
3.749864149286232e+03,3.744570031639173e+03,1.764705882352941e+00,14078243
3.752404637662093e+03,3.750639931779740e+03,5.882352941176471e-01,14078245
3.755522798047098e+03,3.753758092164745e+03,5.882352941176471e-01,14078246
3.762302037832139e+03,3.757007920185080e+03,1.764705882352941e+00,14078247
3.763742520324126e+03,3.758448402677067e+03,1.764705882352941e+00,14078248
3.764930378245217e+03,3.759636260598158e+03,1.764705882352941e+00,14078249
3.765750393749253e+03,3.762591685528065e+03,5.882352941176471e-01,14078252
3.765750393749253e+03,3.762414169110714e+03,5.882352941176471e-01,14078251
3.767515099631606e+03,3.765396599405017e+03,5.882352941176471e-01,14078255
3.768459790009923e+03,3.762272930060502e+03,1.764705882352941e+00,14078250
3.772618253024930e+03,3.770853547142577e+03,5.882352941176471e-01,14078257
3.772748088566354e+03,3.767453970919295e+03,1.764705882352941e+00,14078256
3.772780789414864e+03,3.771016083532511e+03,5.882352941176471e-01,14078258
3.774480335563351e+03,3.771308471508432e+03,5.882352941176471e-01,14078259
3.776245041445704e+03,3.771662070647219e+03,1.176470588235294e+00,14078260
3.776714885804212e+03,3.774950179921859e+03,5.882352941176471e-01,14078263
3.778009747328057e+03,3.775825003060268e+03,5.882352941176471e-01,14078265
3.779297418131439e+03,3.777532712249086e+03,5.882352941176471e-01,14078266
3.780667753455378e+03,3.775373635808319e+03,1.764705882352941e+00,14078264
3.781409795682348e+03,3.779645089799995e+03,5.882352941176471e-01,14078268
3.784648199361054e+03,3.779354081713995e+03,1.764705882352941e+00,14078267
3.787413925007249e+03,3.785649219124896e+03,5.882352941176471e-01,14078271
3.788461415979581e+03,3.783167298332523e+03,1.764705882352941e+00,14078269
3.789094036520091e+03,3.785703294243811e+03,5.882352941176471e-01,14078272
3.792623448284797e+03,3.785916965540985e+03,1.764705882352941e+00,14078273
3.792623448284797e+03,3.785310841646852e+03,1.764705882352941e+00,14078270
3.793755533626640e+03,3.787914548116123e+03,1.764705882352941e+00,14078276
3.794954196838072e+03,3.790640712733955e+03,5.882352941176471e-01,14078277
3.794954196838072e+03,3.792097927967729e+03,5.882352941176471e-01,14078278
3.794954196838072e+03,3.792316879265077e+03,5.882352941176471e-01,14078279
3.796751377028441e+03,3.794986671146088e+03,5.882352941176471e-01,14078281
3.797268403170875e+03,3.795503697288522e+03,5.882352941176471e-01,14078282
3.797992987841582e+03,3.796228281959229e+03,5.882352941176471e-01,14078283
3.801074886941830e+03,3.799310181059477e+03,5.882352941176471e-01,14078285
3.802839592824183e+03,3.800609492714109e+03,5.882352941176471e-01,14078288
3.803503801741126e+03,3.801569644501719e+03,5.882352941176471e-01,14078289
3.804092226107816e+03,3.802327520225463e+03,5.882352941176471e-01,14078290
3.804703105510401e+03,3.798429455922798e+03,1.176470588235294e+00,14078284
3.805562719806824e+03,3.803478464818494e+03,5.882352941176471e-01,14078292
3.805562719806824e+03,3.803172129298960e+03,5.882352941176471e-01,14078291
3.806897618540966e+03,3.804275813637635e+03,5.882352941176471e-01,14078293
3.808222268882966e+03,3.806457563000613e+03,5.882352941176471e-01,14078295
3.810085117245781e+03,3.808320411363428e+03,5.882352941176471e-01,14078297
3.810427030305671e+03,3.808636167949026e+03,5.882352941176470e-01,14078298
3.810427030305671e+03,3.804322651526737e+03,1.764705882352941e+00,14078294
3.812020779658079e+03,3.809567275848378e+03,5.882352941176471e-01,14078300
3.812020779658079e+03,3.808668455099710e+03,5.882352941176471e-01,14078299
3.813956442070377e+03,3.806726618257779e+03,1.764705882352941e+00,14078296
3.814343580864528e+03,3.812578874982175e+03,5.882352941176471e-01,14078302
3.815973598852914e+03,3.812912052911095e+03,5.882352941176471e-01,14078303
3.816101274401014e+03,3.814335118420653e+03,5.882352941176471e-01,14078306
3.817872992629234e+03,3.812571862636308e+03,1.764705882352941e+00,14078301
3.818695976197538e+03,3.816931270315185e+03,5.882352941176471e-01,14078307
3.821699573885123e+03,3.819934868002770e+03,5.882352941176471e-01,14078308
3.822024045095459e+03,3.820259339213106e+03,5.882352941176471e-01,14078309
3.823513378998679e+03,3.821748673116326e+03,5.882352941176471e-01,14078310
3.824781486952557e+03,3.823016781070204e+03,5.882352941176471e-01,14078311
3.828770277656676e+03,3.827005571774323e+03,5.882352941176471e-01,14078313
3.828946684358701e+03,3.825417272593995e+03,1.176470588235294e+00,14078312
3.831096247707122e+03,3.829331541824769e+03,5.882352941176471e-01,14078314
3.831401829718434e+03,3.829637123836081e+03,5.882352941176471e-01,14078315
3.831504120818377e+03,3.829739414936024e+03,5.882352941176471e-01,14078316
3.833268826700730e+03,3.831424847790084e+03,5.882352941176471e-01,14078319
3.834905991530284e+03,3.831712159634239e+03,5.882352941176471e-01,14078320
3.834905991530284e+03,3.832061767139758e+03,5.882352941176471e-01,14078321
3.834905991530284e+03,3.832205651237651e+03,5.882352941176471e-01,14078322
3.836670697412636e+03,3.830075151678941e+03,1.176470588235294e+00,14078317
3.837027861698777e+03,3.835263155816424e+03,5.882352941176471e-01,14078324
3.838435403294989e+03,3.831014667513641e+03,1.764705882352941e+00,14078318
3.839598673932576e+03,3.837833968050223e+03,5.882352941176471e-01,14078326
3.841363379814928e+03,3.839039488700885e+03,5.882352941176471e-01,14078328
3.841964815059695e+03,3.835861241227043e+03,1.764705882352941e+00,14078325
3.843128085697281e+03,3.840732542969322e+03,5.882352941176471e-01,14078329
3.843729520942048e+03,3.838262829687687e+03,1.764705882352941e+00,14078327
3.843805694019166e+03,3.842040988136813e+03,5.882352941176471e-01,14078330
3.844892791579634e+03,3.842713077626916e+03,5.882352941176471e-01,14078331
3.845860710372328e+03,3.844096004489975e+03,5.882352941176471e-01,14078332
3.846056651372036e+03,3.844291945489683e+03,5.882352941176471e-01,14078333
3.846657497461987e+03,3.844404971421196e+03,5.882352941176471e-01,14078334
3.847650502551493e+03,3.845885796669140e+03,5.882352941176471e-01,14078335
3.848713638633475e+03,3.846948932751122e+03,5.882352941176471e-01,14078336
3.851574782318208e+03,3.849810076435856e+03,5.882352941176471e-01,14078340
3.852616650131139e+03,3.847322532484080e+03,1.764705882352941e+00,14078337
3.854381356013492e+03,3.852216950824032e+03,5.882352941176471e-01,14078342
3.854982398173829e+03,3.847923574644417e+03,1.764705882352941e+00,14078338
3.856747104056181e+03,3.854924863605918e+03,5.882352941176471e-01,14078344
3.858136198591548e+03,3.851062025704991e+03,1.764705882352941e+00,14078341
3.858136198591548e+03,3.849538099993133e+03,1.764705882352941e+00,14078339
3.858692581993086e+03,3.855102465523599e+03,5.882352941176471e-01,14078345
3.860179096174670e+03,3.857139155215468e+03,5.882352941176471e-01,14078348
3.863708507939376e+03,3.852936787024785e+03,1.764705882352941e+00,14078343
3.863708507939376e+03,3.857108648165285e+03,1.764705882352941e+00,14078347
3.863708507939376e+03,3.857352887684435e+03,1.764705882352941e+00,14078349
3.866299365409300e+03,3.864534659526947e+03,5.882352941176471e-01,14078351
3.869500912873207e+03,3.865971501108501e+03,1.176470588235294e+00,14078352
3.871495859097704e+03,3.868924902904612e+03,5.882352941176471e-01,14078355
3.871726099439847e+03,3.866431981792789e+03,1.764705882352941e+00,14078353
3.872043486216793e+03,3.866749368569734e+03,1.764705882352941e+00,14078354
3.877757884842955e+03,3.872463767195896e+03,1.764705882352941e+00,14078357
3.879522590725308e+03,3.877283303219335e+03,5.882352941176471e-01,14078362
3.879797298786384e+03,3.873341713934734e+03,1.764705882352941e+00,14078358
3.881562004668737e+03,3.879744875457809e+03,5.882352941176471e-01,14078366
3.884379807568341e+03,3.874906219472617e+03,1.764705882352941e+00,14078360
3.885272907840343e+03,3.882872732053435e+03,5.882352941176471e-01,14078368
3.885617964942069e+03,3.878917376551901e+03,1.764705882352941e+00,14078363
3.886264956956512e+03,3.884500251074159e+03,5.882352941176471e-01,14078370
3.887210142273559e+03,3.884609936873070e+03,5.882352941176471e-01,14078372
3.887210142273559e+03,3.884535639643570e+03,5.882352941176471e-01,14078371
3.890619110532446e+03,3.881300254143124e+03,1.764705882352941e+00,14078367
3.890802878610702e+03,3.889038172728349e+03,5.882352941176471e-01,14078374
3.891559074603571e+03,3.885910130340052e+03,1.764705882352941e+00,14078373
3.892737542341075e+03,3.890972836458722e+03,5.882352941176471e-01,14078376
3.893564452143221e+03,3.891799746260868e+03,5.882352941176471e-01,14078377
3.894802981400081e+03,3.893038275517728e+03,5.882352941176471e-01,14078378
3.896017963227489e+03,3.890723845580430e+03,1.764705882352941e+00,14078375
3.897093863907927e+03,3.893442754326529e+03,1.176470588235294e+00,14078379
3.897404372922991e+03,3.895639667040638e+03,5.882352941176471e-01,14078380
3.898458019558628e+03,3.896693313676275e+03,5.882352941176471e-01,14078381
3.901037714388202e+03,3.899273008505849e+03,5.882352941176471e-01,14078383
3.902923560137107e+03,3.901158854254754e+03,5.882352941176471e-01,14078385
3.904247978873364e+03,3.898953861226305e+03,1.764705882352941e+00,14078382
3.904564143775308e+03,3.902199510337740e+03,5.882352941176471e-01,14078387
3.906328849657661e+03,3.901951614045104e+03,1.176470588235294e+00,14078386
3.906572694433590e+03,3.904807988551237e+03,5.882352941176471e-01,14078388
3.907777390638070e+03,3.900910609766451e+03,1.764705882352941e+00,14078384
3.908782625060947e+03,3.907017919178594e+03,5.882352941176471e-01,14078389
3.909022769359590e+03,3.907258063477237e+03,5.882352941176471e-01,14078390
3.912907943008812e+03,3.911143237126459e+03,5.882352941176471e-01,14078392
3.914798865837594e+03,3.911269454072888e+03,1.176470588235294e+00,14078393
3.916156099843746e+03,3.913237895492474e+03,5.882352941176471e-01,14078395
3.916437354773518e+03,3.910515299469850e+03,1.764705882352941e+00,14078391
3.916563571719947e+03,3.914564735324811e+03,5.882352941176471e-01,14078398
3.918108309012613e+03,3.915596899180956e+03,5.882352941176471e-01,14078400
3.918108309012613e+03,3.915247895071187e+03,5.882352941176471e-01,14078399
3.920092983484653e+03,3.911976656218296e+03,1.764705882352941e+00,14078394
3.921637720777319e+03,3.917059420578802e+03,1.176470588235294e+00,14078402
3.924096827826995e+03,3.922332121944642e+03,5.882352941176471e-01,14078404
3.925751862625929e+03,3.923132954320505e+03,5.882352941176471e-01,14078406
3.927516568508282e+03,3.925718457021347e+03,5.882352941176471e-01,14078408
3.927626239591700e+03,3.922222450861223e+03,1.764705882352941e+00,14078403
3.930991364063261e+03,3.922506627694871e+03,1.764705882352941e+00,14078405
3.931155651356406e+03,3.924325949786951e+03,1.764705882352941e+00,14078407
3.931384773316363e+03,3.925998584770317e+03,1.764705882352941e+00,14078409
3.932920357238759e+03,3.931117589919946e+03,5.882352941176471e-01,14078411
3.934520775827967e+03,3.928101079855973e+03,1.176470588235294e+00,14078410
3.935347590919872e+03,3.933582885037519e+03,5.882352941176471e-01,14078414
3.936285481710320e+03,3.934507960429628e+03,5.882352941176471e-01,14078415
3.936697364454252e+03,3.931692125197471e+03,1.176470588235294e+00,14078412
3.938613621089204e+03,3.936848915206851e+03,5.882352941176471e-01,14078416
3.938877002684577e+03,3.933294006647241e+03,1.764705882352941e+00,14078413
3.939572325753485e+03,3.937807619871132e+03,5.882352941176471e-01,14078417
3.943287533903888e+03,3.941522828021535e+03,5.882352941176471e-01,14078419
3.943612565665035e+03,3.941847859782682e+03,5.882352941176471e-01,14078420
3.944092858257188e+03,3.938798740610129e+03,1.764705882352941e+00,14078418
3.945088836096533e+03,3.942637249476742e+03,5.882352941176471e-01,14078421
3.945377271547388e+03,3.943360726524473e+03,5.882352941176471e-01,14078423
3.946122096254057e+03,3.943737798273282e+03,5.882352941176471e-01,14078424
3.947045832279456e+03,3.944642376056354e+03,5.882352941176471e-01,14078427
3.948502626153343e+03,3.945519069597999e+03,5.882352941176471e-01,14078429
3.948502626153343e+03,3.945602747864341e+03,5.882352941176471e-01,14078430
3.951000204755805e+03,3.949235498873452e+03,5.882352941176471e-01,14078432
3.952032037918048e+03,3.945735121243132e+03,1.764705882352941e+00,14078431
3.952032037918048e+03,3.944621922486220e+03,1.764705882352941e+00,14078426
3.952764910638158e+03,3.950058305726184e+03,5.882352941176471e-01,14078433
3.957998592212095e+03,3.952704474565036e+03,1.764705882352941e+00,14078434
3.958702408369553e+03,3.953408290722494e+03,1.764705882352941e+00,14078435
3.962755061149368e+03,3.960990355267015e+03,5.882352941176471e-01,14078436
3.966151107416515e+03,3.963982692289959e+03,5.882352941176471e-01,14078441
3.966151107416515e+03,3.963256805117550e+03,5.882352941176471e-01,14078440
3.966611442261252e+03,3.961317324614194e+03,1.764705882352941e+00,14078437
3.967975431335361e+03,3.965753271539222e+03,5.882352941176471e-01,14078443
3.967975431335361e+03,3.965157852586312e+03,5.882352941176471e-01,14078442
3.968376148143605e+03,3.966329961525993e+03,5.882352941176471e-01,14078445
3.969740137217714e+03,3.967973740893195e+03,5.882352941176471e-01,14078447
3.969740137217714e+03,3.967402011819875e+03,5.882352941176471e-01,14078446
3.970174805059932e+03,3.968081514017147e+03,5.882352941176471e-01,14078448
3.971939510942285e+03,3.969913876284617e+03,5.882352941176471e-01,14078452
3.975184566466284e+03,3.972116892961326e+03,5.882352941176471e-01,14078455
3.975433051968039e+03,3.962228748457353e+03,1.764705882352941e+00,14078438
3.978838220981868e+03,3.971971300518120e+03,1.764705882352941e+00,14078454
3.978838220981868e+03,3.970310048429144e+03,1.764705882352941e+00,14078453
3.979083469950662e+03,3.975827136496616e+03,5.882352941176471e-01,14078460
3.980602926864220e+03,3.978697822015434e+03,5.882352941176471e-01,14078461
3.982314286843444e+03,3.973495016384687e+03,1.764705882352941e+00,14078458
3.982434938750850e+03,3.979616441388313e+03,5.882352941176471e-01,14078462
3.982612881715368e+03,3.975554058185956e+03,1.764705882352941e+00,14078459
3.984139318679500e+03,3.981100720278281e+03,5.882352941176471e-01,14078466
3.984798047211213e+03,3.983033341328860e+03,5.882352941176471e-01,14078467
3.985904024561853e+03,3.984056602726584e+03,5.882352941176471e-01,14078468
3.985905363944448e+03,3.984140658062095e+03,5.882352941176471e-01,14078469
3.986561413710971e+03,3.980703885870635e+03,1.176470588235294e+00,14078465
3.987739342885420e+03,3.985974637003067e+03,5.882352941176471e-01,14078470
3.989518903565385e+03,3.987754197683032e+03,5.882352941176471e-01,14078471
3.991306440283815e+03,3.988512417952997e+03,5.882352941176471e-01,14078474
3.991518970005343e+03,3.989553149819500e+03,5.882352941176471e-01,14078477
3.992201041476913e+03,3.987989558240637e+03,1.176470588235294e+00,14078472
3.995755005943371e+03,3.993688406817738e+03,5.882352941176471e-01,14078483
3.998614589013674e+03,3.996756653413885e+03,5.882352941176471e-01,14078488
4.000887445285769e+03,3.990774131437254e+03,1.176470588235294e+00,14078478
4.002188474174083e+03,3.999591587348343e+03,5.882352941176471e-01,14078491
4.002652151168122e+03,3.991527965026910e+03,1.764705882352941e+00,14078479
4.004339577551468e+03,3.995085177248968e+03,1.176470588235294e+00,14078485
4.006104283433821e+03,3.994876734916004e+03,1.764705882352941e+00,14078484
4.006181562932828e+03,4.000606804516334e+03,1.764705882352941e+00,14078493
4.007868989316174e+03,4.004741925164108e+03,5.882352941176471e-01,14078496
4.009633695198527e+03,4.006835621026647e+03,5.882352941176471e-01,14078498
4.009710974697534e+03,4.003652821756127e+03,1.764705882352941e+00,14078494
4.011437040830383e+03,4.004639495238043e+03,1.176470588235294e+00,14078495
4.013182426837985e+03,4.011353695047663e+03,5.882352941176471e-01,14078502
4.013201746712736e+03,4.006897983797009e+03,1.764705882352941e+00,14078499
4.014956792657714e+03,4.010739000667132e+03,1.176470588235294e+00,14078501
4.016718278560941e+03,4.013556171838976e+03,5.882352941176471e-01,14078504
4.016718278560941e+03,4.013937161790105e+03,5.882352941176471e-01,14078505
4.016721498540066e+03,4.008433016666970e+03,1.764705882352941e+00,14078500
4.018482984443294e+03,4.015548893987419e+03,5.882352941176471e-01,14078508
4.018482984443294e+03,4.015127582673488e+03,5.882352941176471e-01,14078507
4.020247690325647e+03,4.018062982495700e+03,5.882352941176471e-01,14078510
4.020250910304772e+03,4.012089877877204e+03,1.764705882352941e+00,14078503
4.022013469534375e+03,4.018760129785746e+03,5.882352941176471e-01,14078512
4.022013469534375e+03,4.019168947877815e+03,5.882352941176471e-01,14078513
4.025542881299081e+03,4.018744991561155e+03,1.764705882352941e+00,14078511
4.025542881299081e+03,4.017589830810937e+03,1.764705882352941e+00,14078509
4.029072293063787e+03,4.023613401331544e+03,1.764705882352941e+00,14078514
4.030568481080421e+03,4.027787867867895e+03,5.882352941176471e-01,14078517
4.030672224860956e+03,4.023757531377650e+03,1.764705882352941e+00,14078515
4.032385058853041e+03,4.029420771045208e+03,5.882352941176471e-01,14078520
4.032601704828493e+03,4.026831581754644e+03,1.764705882352941e+00,14078516
4.034149764735394e+03,4.031929261020179e+03,5.882352941176471e-01,14078523
4.034424535965353e+03,4.032659830083000e+03,5.882352941176471e-01,14078524
4.035856345363240e+03,4.030193050188185e+03,1.176470588235294e+00,14078521
4.037269703307541e+03,4.035504997425188e+03,5.882352941176471e-01,14078525
4.037679176500100e+03,4.031744792791449e+03,1.764705882352941e+00,14078522
4.041770739481384e+03,4.036476621834325e+03,1.764705882352941e+00,14078526
4.042964596744585e+03,4.037670479097526e+03,1.764705882352941e+00,14078527
4.043642700175746e+03,4.041691386509038e+03,5.882352941176471e-01,14078530
4.043642700175746e+03,4.041376783590473e+03,5.882352941176471e-01,14078529
4.046494008509291e+03,4.040220543223050e+03,1.764705882352941e+00,14078528
4.047124943458332e+03,4.045360237575979e+03,5.882352941176471e-01,14078532
4.048258714391643e+03,4.046236951567478e+03,5.882352941176471e-01,14078533
4.048595314430268e+03,4.046562136911528e+03,5.882352941176471e-01,14078534
4.050023420273996e+03,4.047348952817246e+03,5.882352941176471e-01,14078535
4.050557315136790e+03,4.048792609254437e+03,5.882352941176471e-01,14078536
4.050654355223038e+03,4.045065902665562e+03,1.764705882352941e+00,14078531
4.056549440024423e+03,4.051255322377364e+03,1.764705882352941e+00,14078537
4.056701269587024e+03,4.051407151939965e+03,1.764705882352941e+00,14078538
4.057095290134655e+03,4.051801172487596e+03,1.764705882352941e+00,14078539
4.058435609556857e+03,4.054747995419271e+03,5.882352941176471e-01,14078541
4.060200315439210e+03,4.057228970266948e+03,5.882352941176471e-01,14078547
4.060200315439210e+03,4.057159518492111e+03,5.882352941176471e-01,14078546
4.060815930076910e+03,4.059051224194557e+03,5.882352941176471e-01,14078548
4.061869407232788e+03,4.054319788470887e+03,1.176470588235294e+00,14078540
4.063634113115141e+03,4.057018954567399e+03,1.764705882352941e+00,14078545
4.064329454462822e+03,4.062564748580469e+03,5.882352941176471e-01,14078550
4.064497710990421e+03,4.060968299225715e+03,1.176470588235294e+00,14078549
4.067685030890608e+03,4.062975380377647e+03,1.176470588235294e+00,14078551
4.069317530713581e+03,4.067552824831228e+03,5.882352941176471e-01,14078555
4.069449736772961e+03,4.063130219975224e+03,1.764705882352941e+00,14078552
4.076126747740303e+03,4.074140496537275e+03,5.882352941176471e-01,14078559
4.077137819988794e+03,4.071843702341736e+03,1.764705882352941e+00,14078556
4.077747885062787e+03,4.074750350915643e+03,5.882352941176471e-01,14078561
4.077747885062787e+03,4.074549178450466e+03,5.882352941176471e-01,14078560
4.079512590945140e+03,4.072597335975597e+03,1.176470588235294e+00,14078557
4.080733750046873e+03,4.078969044164520e+03,5.882352941176471e-01,14078563
4.081277296827493e+03,4.074074904738213e+03,1.764705882352941e+00,14078558
4.082845155036997e+03,4.079865779718386e+03,5.882352941176471e-01,14078566
4.083042002709846e+03,4.081253798708529e+03,5.882352941176471e-01,14078569
4.084708284755774e+03,4.081784320809536e+03,5.882352941176471e-01,14078570
4.084916784685449e+03,4.076932989821215e+03,1.764705882352941e+00,14078562
4.088237696520480e+03,4.085480813391318e+03,5.882352941176471e-01,14078573
4.088341946485318e+03,4.082171086795255e+03,1.764705882352941e+00,14078571
4.088341946485318e+03,4.079199733989615e+03,1.764705882352941e+00,14078564
4.090054527385252e+03,4.086920723750264e+03,5.882352941176471e-01,14078574
4.091871358250024e+03,4.083199343772320e+03,1.764705882352941e+00,14078572
4.093583939149958e+03,4.087994371882744e+03,1.764705882352941e+00,14078575
4.093610001641167e+03,4.091033516167982e+03,5.882352941176471e-01,14078578
4.093610001641167e+03,4.090739927230296e+03,5.882352941176471e-01,14078577
4.095361676277915e+03,4.093352270477956e+03,5.882352941176471e-01,14078580
4.097130725908803e+03,4.093894666521076e+03,5.882352941176471e-01,14078581
4.097130725908803e+03,4.093905283049915e+03,5.882352941176471e-01,14078582
4.097139413405873e+03,4.089155384153983e+03,1.764705882352941e+00,14078576
4.098895431791156e+03,4.095898017174609e+03,5.882352941176471e-01,14078584
4.100660137673509e+03,4.092038717412958e+03,1.764705882352941e+00,14078579
4.102424843555862e+03,4.098841479045834e+03,1.176470588235294e+00,14078586
4.102749423588248e+03,4.097455305941189e+03,1.764705882352941e+00,14078585
4.104717166716320e+03,4.102952460833967e+03,5.882352941176471e-01,14078589
4.106218063959620e+03,4.104153358064694e+03,5.882352941176471e-01,14078592
4.106218063959620e+03,4.104073907436633e+03,5.882352941176471e-01,14078591
4.109712966812567e+03,4.101319572630584e+03,1.764705882352941e+00,14078587
4.111044318781316e+03,4.103118787424696e+03,1.176470588235294e+00,14078590
4.112376743644672e+03,4.105267761077970e+03,1.176470588235294e+00,14078594
4.112809024663669e+03,4.101812558587509e+03,1.764705882352941e+00,14078588
4.114141449527025e+03,4.106986309792689e+03,1.764705882352941e+00,14078595
4.114357590036524e+03,4.111812272141626e+03,5.882352941176471e-01,14078597
4.116014225664128e+03,4.112952148368386e+03,5.882352941176471e-01,14078599
4.116122295918877e+03,4.111985717024389e+03,1.176470588235294e+00,14078598
4.117778931546480e+03,4.115739919277504e+03,5.882352941176471e-01,14078602
4.119543637428833e+03,4.116345659878789e+03,5.882352941176471e-01,14078604
4.119758654327670e+03,4.117936865302149e+03,5.882352941176471e-01,14078606
4.121560186495047e+03,4.119795480612694e+03,5.882352941176471e-01,14078607
4.122154645937613e+03,4.115732899104082e+03,1.176470588235294e+00,14078601
4.122966102549452e+03,4.113442100337177e+03,1.764705882352941e+00,14078600
4.123324892377400e+03,4.121422388343916e+03,5.882352941176471e-01,14078608
4.126053250943081e+03,4.124288545060728e+03,5.882352941176471e-01,14078611
4.126089786008238e+03,4.121617530213649e+03,1.176470588235294e+00,14078609
4.127842313535539e+03,4.124662301343973e+03,5.882352941176471e-01,14078613
4.127854491890591e+03,4.121824656715508e+03,1.764705882352941e+00,14078610
4.129607019417892e+03,4.127300544224820e+03,5.882352941176471e-01,14078615
4.131371725300245e+03,4.129382874205240e+03,5.882352941176471e-01,14078618
4.131383903655297e+03,4.124615595896262e+03,1.764705882352941e+00,14078612
4.133136431182598e+03,4.130516120192310e+03,5.882352941176471e-01,14078620
4.133136431182598e+03,4.130004318095270e+03,5.882352941176471e-01,14078619
4.134024873301300e+03,4.128042809530703e+03,1.176470588235294e+00,14078617
4.135789579183653e+03,4.127318996621540e+03,1.764705882352941e+00,14078616
4.136921802850072e+03,4.135157096967719e+03,5.882352941176471e-01,14078622
4.137469591883892e+03,4.135364546409874e+03,5.882352941176471e-01,14078623
4.139318990948359e+03,4.133940180119186e+03,1.764705882352941e+00,14078621
4.142333982397089e+03,4.140569276514736e+03,5.882352941176471e-01,14078624
4.146586948729139e+03,4.144822242846786e+03,5.882352941176471e-01,14078626
4.146999522348806e+03,4.141705404701747e+03,1.764705882352941e+00,14078625
4.147856865964459e+03,4.146092160082107e+03,5.882352941176471e-01,14078627
4.150389458037203e+03,4.146860046272497e+03,1.176470588235294e+00,14078628
4.151828674072344e+03,4.150063968189991e+03,5.882352941176471e-01,14078629
4.155557803726603e+03,4.153793097844250e+03,5.882352941176471e-01,14078631
4.155788738513941e+03,4.154024032631589e+03,5.882352941176471e-01,14078632
4.157322509608956e+03,4.154846289525260e+03,5.882352941176471e-01,14078633
4.158100484014392e+03,4.152806366367333e+03,1.764705882352941e+00,14078630
4.158221657486752e+03,4.156456951604399e+03,5.882352941176471e-01,14078634
4.160035905361460e+03,4.158271199479107e+03,5.882352941176471e-01,14078635
4.163186388621738e+03,4.161421682739385e+03,5.882352941176471e-01,14078636
4.169415480035887e+03,4.167650774153534e+03,5.882352941176471e-01,14078639
4.169850182986539e+03,4.164556065339480e+03,1.764705882352941e+00,14078637
4.170424787034387e+03,4.168258494111188e+03,5.882352941176471e-01,14078640
4.171180185918240e+03,4.166895375269681e+03,1.176470588235294e+00,14078638
4.171751317061763e+03,4.169986611179410e+03,5.882352941176471e-01,14078641
4.172670251490846e+03,4.170905545608493e+03,5.882352941176471e-01,14078642
4.176197298669588e+03,4.174432592787235e+03,5.882352941176471e-01,14078644
4.176444090412745e+03,4.174679384530392e+03,5.882352941176471e-01,14078645
4.176823218828904e+03,4.175058512946551e+03,5.882352941176471e-01,14078646
4.177962004551941e+03,4.175318922132876e+03,5.882352941176471e-01,14078647
4.178587924711257e+03,4.176573741129025e+03,5.882352941176471e-01,14078648
4.179893596390140e+03,4.173213901276887e+03,1.764705882352941e+00,14078643
4.180546450504148e+03,4.178781744621795e+03,5.882352941176471e-01,14078651
4.181630487946519e+03,4.179748548605246e+03,5.882352941176471e-01,14078653
4.181630487946519e+03,4.179224018990958e+03,5.882352941176471e-01,14078652
4.182311156386501e+03,4.180181477418824e+03,5.882352941176471e-01,14078655
4.183395193828872e+03,4.180986658096370e+03,5.882352941176471e-01,14078656
4.184075862268854e+03,4.182053640821174e+03,5.882352941176471e-01,14078657
4.185159899711225e+03,4.182783858219906e+03,5.882352941176470e-01,14078658
4.185159899711225e+03,4.177741159891823e+03,1.764705882352941e+00,14078649
4.186924605593578e+03,4.184794058319030e+03,5.882352941176471e-01,14078660
4.187260615771383e+03,4.185495909889030e+03,5.882352941176471e-01,14078661
4.187605274033560e+03,4.185526505601049e+03,5.882352941176471e-01,14078662
4.189615742422417e+03,4.187851036540064e+03,5.882352941176471e-01,14078663
4.190454017358283e+03,4.184024666027956e+03,1.764705882352941e+00,14078659
4.193634233301095e+03,4.188340115654036e+03,1.764705882352941e+00,14078664
4.194783072310681e+03,4.192892929107148e+03,5.882352941176471e-01,14078668
4.195398939183448e+03,4.193379894138866e+03,5.882352941176471e-01,14078669
4.196350396080139e+03,4.194389964924263e+03,5.882352941176471e-01,14078670
4.199475646026672e+03,4.191253660545976e+03,1.764705882352941e+00,14078666
4.199475646026672e+03,4.191056278433080e+03,1.764705882352941e+00,14078665
4.200338218515568e+03,4.195044100868510e+03,1.764705882352941e+00,14078671
4.201240351909025e+03,4.198286270215167e+03,5.882352941176471e-01,14078672
4.202714262362814e+03,4.200949556480461e+03,5.882352941176471e-01,14078673
4.204175773309063e+03,4.202411067426710e+03,5.882352941176471e-01,14078674
4.204780849426763e+03,4.203016143544410e+03,5.882352941176471e-01,14078675
4.205605447121273e+03,4.203840741238920e+03,5.882352941176471e-01,14078676
4.206778264703230e+03,4.205013558820877e+03,5.882352941176471e-01,14078677
4.208141408336457e+03,4.206376702454104e+03,5.882352941176471e-01,14078678
4.209128810513624e+03,4.207364104631271e+03,5.882352941176471e-01,14078679
4.212967311093186e+03,4.211202605210833e+03,5.882352941176471e-01,14078682
4.216461877005753e+03,4.214558018466435e+03,5.882352941176471e-01,14078686
4.217003384186703e+03,4.210861254148065e+03,1.764705882352941e+00,14078680
4.217920077677476e+03,4.215441715568200e+03,5.882352941176471e-01,14078687
4.218587587675406e+03,4.212932465241048e+03,1.176470588235294e+00,14078684
4.220018538558794e+03,4.217051778196606e+03,5.882352941176471e-01,14078688
4.220352293557759e+03,4.212145517812612e+03,1.764705882352941e+00,14078683
4.221894496107469e+03,4.218611458677399e+03,5.882352941176471e-01,14078690
4.221894496107469e+03,4.219406937436711e+03,5.882352941176471e-01,14078691
4.221894496107469e+03,4.219434219669699e+03,5.882352941176471e-01,14078692
4.223659201989822e+03,4.220477587992750e+03,5.882352941176471e-01,14078693
4.223659201989822e+03,4.221760331640709e+03,5.882352941176471e-01,14078695
4.225423907872175e+03,4.223208407210154e+03,5.882352941176471e-01,14078697
4.228895646566880e+03,4.221529445969036e+03,1.764705882352941e+00,14078694
4.228895646566880e+03,4.217761203345990e+03,1.764705882352941e+00,14078689
4.229864509113058e+03,4.222931712868232e+03,1.764705882352941e+00,14078696
4.230660352449232e+03,4.227177358059541e+03,5.882352941176471e-01,14078699
4.231988832908362e+03,4.229524236637289e+03,5.882352941176471e-01,14078701
4.232425058331585e+03,4.230583744938961e+03,5.882352941176471e-01,14078703
4.234189764213938e+03,4.228671179521354e+03,1.764705882352941e+00,14078700
4.238751482578511e+03,4.233457364931452e+03,1.764705882352941e+00,14078704
4.240030645900259e+03,4.238265940017906e+03,5.882352941176471e-01,14078706
4.241795351782612e+03,4.238160505974033e+03,1.176470588235294e+00,14078705
4.244418055598876e+03,4.238402546707191e+03,1.764705882352941e+00,14078707
4.245219329503445e+03,4.239496393325122e+03,1.764705882352941e+00,14078709
4.246789044405411e+03,4.245024338523058e+03,5.882352941176471e-01,14078711
4.248450196151987e+03,4.245916728813207e+03,5.882352941176471e-01,14078713
4.250214902034340e+03,4.247670719736325e+03,5.882352941176471e-01,14078714
4.250318456170117e+03,4.244920784387281e+03,1.764705882352941e+00,14078710
4.250513447150504e+03,4.245136850150312e+03,1.764705882352941e+00,14078712
4.252380569142070e+03,4.250615863259717e+03,5.882352941176471e-01,14078716
4.254814991421925e+03,4.253050285539572e+03,5.882352941176471e-01,14078718
4.255657588932294e+03,4.250363471285235e+03,1.764705882352941e+00,14078715
4.256028128396770e+03,4.253270230987129e+03,5.882352941176471e-01,14078719
4.259566938335173e+03,4.257802232452820e+03,5.882352941176471e-01,14078728
4.261265188553265e+03,4.254612777482008e+03,1.176470588235294e+00,14078721
4.263029894435618e+03,4.261208652422688e+03,5.882352941176470e-01,14078731
4.263029894435618e+03,4.252149361664473e+03,1.764705882352941e+00,14078717
4.264089882428199e+03,4.262325176545846e+03,5.882352941176471e-01,14078732
4.265147929648831e+03,4.262344592506189e+03,5.882352941176471e-01,14078733
4.265147929648831e+03,4.262681422745215e+03,5.882352941176471e-01,14078735
4.266912635531184e+03,4.264760855062017e+03,5.882352941176471e-01,14078736
4.268677341413537e+03,4.266318367936447e+03,5.882352941176471e-01,14078738
4.269504277380075e+03,4.256129073528980e+03,1.764705882352941e+00,14078725
4.270855515279159e+03,4.262633997640410e+03,1.764705882352941e+00,14078734
4.271281671752528e+03,4.268947869800149e+03,5.882352941176471e-01,14078740
4.272306769381246e+03,4.269529654360275e+03,5.882352941176471e-01,14078742
4.273046377634881e+03,4.271123628733061e+03,5.882352941176471e-01,14078743
4.274384927043865e+03,4.268777357616540e+03,1.764705882352941e+00,14078739
4.275470496934872e+03,4.273705791052519e+03,5.882352941176471e-01,14078744
4.282325032924454e+03,4.279557314568222e+03,5.882352941176471e-01,14078749
4.282627342334778e+03,4.277030915277395e+03,1.764705882352941e+00,14078745
4.282867853259806e+03,4.277333224687719e+03,1.764705882352941e+00,14078746
4.284458502028063e+03,4.282693796145710e+03,5.882352941176471e-01,14078750
4.285854444689160e+03,4.277502047762587e+03,1.764705882352941e+00,14078748
4.286223207910416e+03,4.284426038313705e+03,5.882352941176471e-01,14078752
4.286397265024512e+03,4.282829542962741e+03,1.176470588235294e+00,14078751
4.290985460386830e+03,4.289220754504477e+03,5.882352941176471e-01,14078755
4.291148562336219e+03,4.285493711540940e+03,1.764705882352941e+00,14078753
4.291746664964661e+03,4.286452547317602e+03,1.764705882352941e+00,14078754
4.292831717243877e+03,4.289491862003974e+03,5.882352941176471e-01,14078756
4.294029712611389e+03,4.292265006729036e+03,5.882352941176471e-01,14078758
4.294596423126230e+03,4.290801998498777e+03,1.176470588235294e+00,14078757
4.295023954636361e+03,4.293259248754008e+03,5.882352941176471e-01,14078759
4.297426300806350e+03,4.295661594923997e+03,5.882352941176471e-01,14078760
4.299521987061467e+03,4.297757281179114e+03,5.882352941176471e-01,14078761
4.300943116464852e+03,4.299178410582499e+03,5.882352941176471e-01,14078763
4.301674916872117e+03,4.299910210989764e+03,5.882352941176471e-01,14078764
4.302603665278905e+03,4.299074253514199e+03,1.176470588235294e+00,14078762
4.302742649438138e+03,4.300977943555785e+03,5.882352941176471e-01,14078765
4.303439622754470e+03,4.301052992036683e+03,5.882352941176471e-01,14078766
4.304446008319873e+03,4.302681302437520e+03,5.882352941176471e-01,14078767
4.306210714202226e+03,4.304189433166656e+03,5.882352941176471e-01,14078770
4.308229154051238e+03,4.302935036404179e+03,1.764705882352941e+00,14078768
4.309179914248989e+03,4.303885796601930e+03,1.764705882352941e+00,14078769
4.309351548566180e+03,4.307586842683827e+03,5.882352941176471e-01,14078771
4.311425009951716e+03,4.309660304069363e+03,5.882352941176471e-01,14078772
4.311876383817273e+03,4.310111677934920e+03,5.882352941176471e-01,14078773
4.312142736498068e+03,4.310378030615715e+03,5.882352941176471e-01,14078774
4.313641089699626e+03,4.311840126734179e+03,5.882352941176471e-01,14078776
4.314268260480530e+03,4.312503554598177e+03,5.882352941176471e-01,14078777
4.314965972619661e+03,4.312809557947855e+03,5.882352941176471e-01,14078778
4.316674141403802e+03,4.314909435521449e+03,5.882352941176471e-01,14078779
4.317170501464332e+03,4.311436560854955e+03,1.764705882352941e+00,14078775
4.318687027316420e+03,4.315752727901482e+03,5.882352941176471e-01,14078781
4.319267203524021e+03,4.315737791759315e+03,1.176470588235294e+00,14078780
4.320451733198773e+03,4.318658226945894e+03,5.882352941176471e-01,14078783
4.321315417063447e+03,4.319550711181094e+03,5.882352941176471e-01,14078784
4.322216439081126e+03,4.316320179474085e+03,1.764705882352941e+00,14078782
4.326882049363029e+03,4.325117343480676e+03,5.882352941176471e-01,14078785
4.327903062253683e+03,4.326138356371330e+03,5.882352941176471e-01,14078786
4.328646755245382e+03,4.326609267294463e+03,5.882352941176471e-01,14078788
4.330037554237036e+03,4.328272848354683e+03,5.882352941176471e-01,14078789
4.330411461127735e+03,4.328389944896419e+03,5.882352941176471e-01,14078790
4.331737172944932e+03,4.326443055297873e+03,1.764705882352941e+00,14078787
4.331802260119389e+03,4.329081675027655e+03,5.882352941176471e-01,14078791
4.332439561333482e+03,4.330674855451129e+03,5.882352941176471e-01,14078792
4.334204267215835e+03,4.332339967204659e+03,5.882352941176471e-01,14078795
4.335483653454599e+03,4.333676026853562e+03,5.882352941176471e-01,14078797
4.335483653454599e+03,4.333008650396671e+03,5.882352941176471e-01,14078796
4.335968973098188e+03,4.333861201239736e+03,5.882352941176471e-01,14078798
4.339134395130202e+03,4.336874861437013e+03,5.882352941176471e-01,14078800
4.339255725041099e+03,4.331975701587144e+03,1.764705882352941e+00,14078794
4.339255725041099e+03,4.331932781792643e+03,1.764705882352941e+00,14078793
4.340913561391857e+03,4.339148855509504e+03,5.882352941176471e-01,14078802
4.341005970544150e+03,4.334955147486774e+03,1.176470588235294e+00,14078799
4.344447977999670e+03,4.342683272117317e+03,5.882352941176471e-01,14078806
4.345447040631541e+03,4.340152922984482e+03,1.764705882352941e+00,14078803
4.347972384921269e+03,4.340582489320251e+03,1.764705882352941e+00,14078804
4.348739451812072e+03,4.342965579566739e+03,1.764705882352941e+00,14078807
4.348739451812072e+03,4.341443627698485e+03,1.764705882352941e+00,14078805
4.349737090803622e+03,4.346989597376268e+03,5.882352941176471e-01,14078808
4.350576536893288e+03,4.348474614273150e+03,5.882352941176471e-01,14078810
4.350576536893288e+03,4.348464962712732e+03,5.882352941176471e-01,14078809
4.351501796685975e+03,4.348956589408661e+03,5.882352941176471e-01,14078812
4.352341242775641e+03,4.350143562565517e+03,5.882352941176471e-01,14078813
4.352549802880347e+03,4.350785096997994e+03,5.882352941176471e-01,14078814
4.353969334070734e+03,4.352204628188381e+03,5.882352941176471e-01,14078815
4.355293030822490e+03,4.353528324940137e+03,5.882352941176471e-01,14078816
4.357878663562974e+03,4.356113957680621e+03,5.882352941176471e-01,14078817
4.359163783331554e+03,4.357399077449201e+03,5.882352941176471e-01,14078818
4.361127304562187e+03,4.357597892797481e+03,1.176470588235294e+00,14078819
4.361179594744004e+03,4.359414888861651e+03,5.882352941176471e-01,14078820
4.365633986264250e+03,4.360339868617191e+03,1.764705882352941e+00,14078821
4.367880739039093e+03,4.361964635489915e+03,1.764705882352941e+00,14078822
4.369308531547605e+03,4.366691433744660e+03,5.882352941176471e-01,14078830
4.369308531547605e+03,4.367240010399218e+03,5.882352941176471e-01,14078831
4.371073237429958e+03,4.369286423377219e+03,5.882352941176471e-01,14078833
4.371073237429958e+03,4.368873313917810e+03,5.882352941176471e-01,14078832
4.372899966888089e+03,4.369579957921421e+03,5.882352941176471e-01,14078835
4.372899966888089e+03,4.369737945100454e+03,5.882352941176471e-01,14078836
4.374664672770442e+03,4.371531266964212e+03,5.882352941176471e-01,14078839
4.376962046059278e+03,4.362514877729235e+03,1.764705882352941e+00,14078824
4.378549196139470e+03,4.369432578699161e+03,1.764705882352941e+00,14078834
4.379313974604568e+03,4.377549268722215e+03,5.882352941176471e-01,14078842
4.379958790417501e+03,4.373651539147252e+03,1.764705882352941e+00,14078841
4.380313902021823e+03,4.377835239128220e+03,5.882352941176471e-01,14078843
4.381787376356381e+03,4.380022670474028e+03,5.882352941176471e-01,14078845
4.382843386369274e+03,4.378847254939290e+03,1.176470588235294e+00,14078844
4.382926282664785e+03,4.381161576782432e+03,5.882352941176471e-01,14078846
4.383552082238734e+03,4.381734300777600e+03,5.882352941176471e-01,14078847
4.384608092251627e+03,4.382841135145309e+03,5.882352941176471e-01,14078848
4.384690988547138e+03,4.382898239260472e+03,5.882352941176471e-01,14078849
4.386372798133980e+03,4.384075120701249e+03,5.882352941176471e-01,14078851
4.387158387454544e+03,4.383628975689838e+03,1.176470588235294e+00,14078850
4.390642759749287e+03,4.385348642102228e+03,1.764705882352941e+00,14078852
4.391666915781038e+03,4.386313177166881e+03,1.764705882352941e+00,14078853
4.393333152599248e+03,4.391334651527288e+03,5.882352941176471e-01,14078857
4.393333152599248e+03,4.391291679516695e+03,5.882352941176471e-01,14078856
4.394172171513993e+03,4.387940565888047e+03,1.764705882352941e+00,14078854
4.395097858481601e+03,4.391872787175679e+03,5.882352941176471e-01,14078858
4.396862564363954e+03,4.394574288957980e+03,5.882352941176470e-01,14078860
4.396862564363954e+03,4.388944277103039e+03,1.764705882352941e+00,14078855
4.400092311800386e+03,4.395241325166856e+03,1.176470588235294e+00,14078861
4.400391976128660e+03,4.396830154751227e+03,1.176470588235294e+00,14078864
4.400391976128660e+03,4.394263684722235e+03,1.764705882352941e+00,14078859
4.402056793901588e+03,4.398889546041135e+03,5.882352941176471e-01,14078865
4.402056793901588e+03,4.399317264238088e+03,5.882352941176471e-01,14078866
4.402056793901588e+03,4.399790672343249e+03,5.882352941176471e-01,14078867
4.403821499783941e+03,4.400591812612621e+03,5.882352941176471e-01,14078869
4.403821499783941e+03,4.400501423314742e+03,5.882352941176471e-01,14078868
4.405412841470917e+03,4.403648135588564e+03,5.882352941176471e-01,14078870
4.407954808047786e+03,4.406190102165433e+03,5.882352941176471e-01,14078871
4.408154293313358e+03,4.406389587431005e+03,5.882352941176471e-01,14078872
4.414212686592530e+03,4.412447980710177e+03,5.882352941176471e-01,14078874
4.414364076873185e+03,4.409069959226126e+03,1.764705882352941e+00,14078873
4.415989400027962e+03,4.413244271988565e+03,5.882352941176471e-01,14078876
4.417823797274103e+03,4.415487503263279e+03,5.882352941176471e-01,14078880
4.417959282792348e+03,4.412665165145289e+03,1.764705882352941e+00,14078875
4.419588503156456e+03,4.417559710952201e+03,5.882352941176471e-01,14078882
4.419656245915578e+03,4.415563685447635e+03,1.176470588235294e+00,14078881
4.421387080418370e+03,4.418933352813235e+03,5.882352941176471e-01,14078883
4.421387080418370e+03,4.419078307266523e+03,5.882352941176471e-01,14078884
4.421420951797931e+03,4.414230697922148e+03,1.764705882352941e+00,14078879
4.423168721990504e+03,4.420095953048822e+03,5.882352941176471e-01,14078885
4.423168721990504e+03,4.420746858231267e+03,5.882352941176471e-01,14078887
4.424933427872857e+03,4.420410784582205e+03,1.176470588235294e+00,14078886
4.424933427872857e+03,4.422746662555107e+03,5.882352941176471e-01,14078889
4.425055695741888e+03,4.423290989859535e+03,5.882352941176471e-01,14078890
4.427581396352607e+03,4.425816690470254e+03,5.882352941176471e-01,14078892
4.430227545519915e+03,4.424436556076936e+03,1.764705882352941e+00,14078891
4.430660361795399e+03,4.428286901108169e+03,5.882352941176471e-01,14078895
4.432226974610067e+03,4.430462268727714e+03,5.882352941176471e-01,14078897
4.432490033244312e+03,4.427130950030693e+03,1.176470588235294e+00,14078893
4.434254739126665e+03,4.429656926846914e+03,1.176470588235294e+00,14078896
4.435610903304716e+03,4.433367923442800e+03,5.882352941176471e-01,14078901
4.437459910032357e+03,4.434555336099972e+03,5.882352941176471e-01,14078903
4.437544210877645e+03,4.431025016136317e+03,1.764705882352941e+00,14078898
4.439280816478235e+03,4.436250807338736e+03,5.882352941176471e-01,14078905
4.439280816478235e+03,4.436377995451179e+03,5.882352941176471e-01,14078906
4.439548856773724e+03,4.434183400803516e+03,1.764705882352941e+00,14078902
4.441555779747285e+03,4.439791073864932e+03,5.882352941176471e-01,14078908
4.445165129282440e+03,4.439871011635381e+03,1.764705882352941e+00,14078909
4.446040222015789e+03,4.440746104368730e+03,1.764705882352941e+00,14078910
4.447102372279261e+03,4.441808254632202e+03,1.764705882352941e+00,14078911
4.448292868751261e+03,4.445476709135591e+03,5.882352941176471e-01,14078914
4.450057574633614e+03,4.448115399838762e+03,5.882352941176471e-01,14078917
4.450057574633614e+03,4.447787878875109e+03,5.882352941176471e-01,14078916
4.450631784043967e+03,4.444267054704501e+03,1.764705882352941e+00,14078912
4.451822280515967e+03,4.449694460973814e+03,5.882352941176471e-01,14078918
4.453586986398320e+03,4.445489117169002e+03,1.764705882352941e+00,14078915
4.456022997637307e+03,4.454258291754954e+03,5.882352941176471e-01,14078919
4.456411001045398e+03,4.454646295163046e+03,5.882352941176471e-01,14078920
4.458622003094580e+03,4.456857297212227e+03,5.882352941176471e-01,14078922
4.461557712832476e+03,4.456263595185417e+03,1.764705882352941e+00,14078921
4.463655665966037e+03,4.461890960083684e+03,5.882352941176471e-01,14078924
4.464111040814159e+03,4.462346334931806e+03,5.882352941176471e-01,14078925
4.464493874419041e+03,4.459199756771982e+03,1.764705882352941e+00,14078923
4.465597106518998e+03,4.463832400636645e+03,5.882352941176471e-01,14078926
4.466868803317874e+03,4.465104097435521e+03,5.882352941176471e-01,14078927
4.466948759014042e+03,4.465184053131689e+03,5.882352941176471e-01,14078928
4.472540380928010e+03,4.470775675045657e+03,5.882352941176471e-01,14078931
4.473925608725861e+03,4.468631491078802e+03,1.764705882352941e+00,14078929
4.476069792692716e+03,4.470373440328432e+03,1.764705882352941e+00,14078930
4.476091633969925e+03,4.474326928087572e+03,5.882352941176471e-01,14078933
4.477432263857844e+03,4.471139327085909e+03,1.764705882352941e+00,14078932
4.478293765715917e+03,4.476529059833564e+03,5.882352941176471e-01,14078934
4.480212791555079e+03,4.478448085672726e+03,5.882352941176471e-01,14078935
4.481433978476710e+03,4.479669272594357e+03,5.882352941176471e-01,14078936
4.482668638549522e+03,4.480903932667169e+03,5.882352941176471e-01,14078937
4.485264638975388e+03,4.483499933093035e+03,5.882352941176471e-01,14078939
4.486432835533984e+03,4.481138717886925e+03,1.764705882352941e+00,14078938
4.487060753662857e+03,4.485296047780504e+03,5.882352941176471e-01,14078941
4.488197541416337e+03,4.485370123529593e+03,5.882352941176471e-01,14078942
4.488825459545210e+03,4.486889429119545e+03,5.882352941176471e-01,14078943
4.489995034955508e+03,4.484700917308450e+03,1.764705882352941e+00,14078940
4.491759740837861e+03,4.489989297853287e+03,5.882352941176471e-01,14078948
4.493822011956242e+03,4.488248274332792e+03,1.176470588235294e+00,14078946
4.495586717838594e+03,4.487206191824464e+03,1.764705882352941e+00,14078944
4.499252215873804e+03,4.490727019680992e+03,1.764705882352941e+00,14078949
4.499252215873804e+03,4.489232868321568e+03,1.764705882352941e+00,14078947
4.500866906644510e+03,4.493274738164511e+03,1.764705882352941e+00,14078951
4.501016921756157e+03,4.498584446016634e+03,5.882352941176471e-01,14078954
4.502706620082687e+03,4.499911087061340e+03,5.882352941176471e-01,14078957
4.502706620082687e+03,4.499598513290518e+03,5.882352941176471e-01,14078956
4.502781627638510e+03,4.498634889730909e+03,1.176470588235294e+00,14078955
4.504819909824877e+03,4.503055203942524e+03,5.882352941176471e-01,14078959
4.506521340009003e+03,4.504194700405408e+03,5.882352941176471e-01,14078961
4.506584615707229e+03,4.502991928244297e+03,1.176470588235294e+00,14078958
4.508286045891356e+03,4.505922812500666e+03,5.882352941176471e-01,14078962
4.508493094381433e+03,4.503198976734374e+03,1.764705882352941e+00,14078960
4.508562102315776e+03,4.506797396433423e+03,5.882352941176471e-01,14078963
4.513713080430982e+03,4.508418962783923e+03,1.764705882352941e+00,14078964
4.518237647101320e+03,4.516472941218967e+03,5.882352941176471e-01,14078967
4.518640894335249e+03,4.513346776688190e+03,1.764705882352941e+00,14078965
4.518720455725293e+03,4.513426338078235e+03,1.764705882352941e+00,14078966
4.520203976600637e+03,4.517904520119186e+03,5.882352941176471e-01,14078969
4.520203976600637e+03,4.516982935920555e+03,5.882352941176471e-01,14078968
4.524014573372352e+03,4.518656471730453e+03,1.764705882352941e+00,14078970
4.526331245917562e+03,4.522801834152856e+03,1.176470588235294e+00,14078971
4.527538237146039e+03,4.524008825381333e+03,1.176470588235294e+00,14078972
4.529051788042316e+03,4.527287082159963e+03,5.882352941176471e-01,14078973
4.530151188498805e+03,4.528386482616452e+03,5.882352941176471e-01,14078975
4.530819297288695e+03,4.529054591406342e+03,5.882352941176471e-01,14078976
4.530897885881787e+03,4.527368474117081e+03,1.176470588235294e+00,14078974
4.532205629731402e+03,4.530440923849049e+03,5.882352941176471e-01,14078977
4.533108594556189e+03,4.531343888673836e+03,5.882352941176471e-01,14078978
4.534947918242938e+03,4.532378634402883e+03,5.882352941176471e-01,14078981
4.536712624125291e+03,4.534647845251149e+03,5.882352941176471e-01,14078983
4.536798356075557e+03,4.535033650193204e+03,5.882352941176471e-01,14078984
4.537838502197158e+03,4.531493124282628e+03,1.764705882352941e+00,14078979
4.540156303939731e+03,4.532636997541443e+03,1.764705882352941e+00,14078982
4.540324533879223e+03,4.538559827996870e+03,5.882352941176471e-01,14078985
4.541921009822084e+03,4.539832567388926e+03,5.882352941176471e-01,14078987
4.542464576154662e+03,4.540699870272310e+03,5.882352941176471e-01,14078988
4.544234206386665e+03,4.538940088739606e+03,1.764705882352941e+00,14078986
4.545936259815879e+03,4.544171553933526e+03,5.882352941176471e-01,14078990
4.547215127469143e+03,4.540883398912508e+03,1.764705882352941e+00,14078989
4.548631094495491e+03,4.546866388613139e+03,5.882352941176471e-01,14078991
4.549423693703117e+03,4.547658987820764e+03,5.882352941176471e-01,14078992
4.550521366881672e+03,4.548756660999319e+03,5.882352941176471e-01,14078994
4.551739833727869e+03,4.549569499096921e+03,5.882352941176471e-01,14078996
4.552470937658329e+03,4.550016593148679e+03,5.882352941176471e-01,14078997
4.552953105467823e+03,4.550798664223129e+03,5.882352941176471e-01,14079000
4.553504539610222e+03,4.551546188616974e+03,5.882352941176471e-01,14079001
4.554385691946794e+03,4.552620986064441e+03,5.882352941176471e-01,14079002
4.557155793500049e+03,4.548210421963163e+03,1.764705882352941e+00,14078993
4.558138845029406e+03,4.555848201648241e+03,5.882352941176471e-01,14079007
4.558138845029406e+03,4.554908191904865e+03,5.882352941176471e-01,14079006
4.559084454339800e+03,4.556732729523522e+03,5.882352941176471e-01,14079008
4.560849160222153e+03,4.558630321105199e+03,5.882352941176471e-01,14079012
4.561995907511307e+03,4.553068468700254e+03,1.764705882352941e+00,14079003
4.562613866104506e+03,4.560145112694442e+03,5.882352941176471e-01,14079013
4.563432962676465e+03,4.557401725936146e+03,1.764705882352941e+00,14079011
4.563813428750032e+03,4.562048722867679e+03,5.882352941176471e-01,14079014
4.567129767546471e+03,4.565365061664118e+03,5.882352941176471e-01,14079015
4.569384191435803e+03,4.567619485553450e+03,5.882352941176471e-01,14079016
4.572074112280348e+03,4.570309406397995e+03,5.882352941176471e-01,14079019
4.573669414214123e+03,4.568375296567064e+03,1.764705882352941e+00,14079017
4.573746838756834e+03,4.571272195037216e+03,5.882352941176471e-01,14079020
4.575603524045054e+03,4.570217426992129e+03,1.764705882352941e+00,14079018
4.577586216129732e+03,4.575821510247379e+03,5.882352941176471e-01,14079022
4.577766869394146e+03,4.576002163511793e+03,5.882352941176471e-01,14079023
4.581067753522601e+03,4.575770935475553e+03,1.176470588235294e+00,14079021
4.581090340508525e+03,4.578390145572361e+03,5.882352941176471e-01,14079027
4.581753779325098e+03,4.579989073442745e+03,5.882352941176471e-01,14079028
4.582843752897916e+03,4.580519189945413e+03,5.882352941176471e-01,14079030
4.584608458780269e+03,4.582720345779557e+03,5.882352941176471e-01,14079032
4.586678015808871e+03,4.577313832869679e+03,1.764705882352941e+00,14079025
4.586678015808871e+03,4.577070133092588e+03,1.764705882352941e+00,14079024
4.590105810524827e+03,4.580243885468475e+03,1.764705882352941e+00,14079029
4.590105810524827e+03,4.581142776736101e+03,1.764705882352941e+00,14079031
4.590105810524827e+03,4.584465209099316e+03,1.764705882352941e+00,14079033
4.592840390681114e+03,4.591075684798761e+03,5.882352941176471e-01,14079034
4.597952822461533e+03,4.596188116579180e+03,5.882352941176471e-01,14079035
4.598253616967437e+03,4.596488911085084e+03,5.882352941176471e-01,14079036
4.599501536267334e+03,4.597736830384981e+03,5.882352941176471e-01,14079037
4.604760993684639e+03,4.599466876037580e+03,1.764705882352941e+00,14079038
4.604858276670808e+03,4.599564159023749e+03,1.764705882352941e+00,14079039
4.606364946308652e+03,4.603319092138860e+03,5.882352941176471e-01,14079043
4.606574341060076e+03,4.601627709094754e+03,1.176470588235294e+00,14079041
4.608129652191005e+03,4.605330175662544e+03,5.882352941176471e-01,14079044
4.608339046942429e+03,4.600910075403252e+03,1.764705882352941e+00,14079040
4.608947513758718e+03,4.607182807876365e+03,5.882352941176471e-01,14079045
4.610651703445803e+03,4.608886997563450e+03,5.882352941176471e-01,14079046
4.610828678812485e+03,4.609063972930132e+03,5.882352941176471e-01,14079048
4.612442635698511e+03,4.610326154190024e+03,5.882352941176471e-01,14079050
4.612593384694838e+03,4.608939450304161e+03,1.176470588235294e+00,14079047
4.614207341580864e+03,4.611216039789796e+03,5.882352941176471e-01,14079051
4.614347977524617e+03,4.612583271642264e+03,5.882352941176471e-01,14079052
4.615977103989504e+03,4.613094350155922e+03,5.882352941176471e-01,14079053
4.615982160515792e+03,4.609330927009242e+03,1.764705882352941e+00,14079049
4.617877389289322e+03,4.614260344322761e+03,1.176470588235294e+00,14079055
4.621452583705946e+03,4.619103841016002e+03,5.882352941176471e-01,14079059
4.621498366357863e+03,4.616204248710805e+03,1.764705882352941e+00,14079056
4.622189910700032e+03,4.616895793052973e+03,1.764705882352941e+00,14079057
4.623217289588299e+03,4.620211314971004e+03,5.882352941176471e-01,14079061
4.623954616582385e+03,4.621702885254125e+03,5.882352941176471e-01,14079062
4.625027778122569e+03,4.617066050675445e+03,1.764705882352941e+00,14079058
4.628511407235358e+03,4.622755754727507e+03,1.764705882352941e+00,14079063
4.629817504190403e+03,4.624523386543344e+03,1.764705882352941e+00,14079064
4.632040819000064e+03,4.628413540913817e+03,1.176470588235294e+00,14079067
4.633237237931386e+03,4.626505871438032e+03,1.764705882352941e+00,14079066
4.633237237931386e+03,4.626068736378252e+03,1.764705882352941e+00,14079065
4.634403734348078e+03,4.631198279722140e+03,5.882352941176471e-01,14079069
4.636168440230431e+03,4.630851564140516e+03,1.176470588235294e+00,14079068
4.636430540732512e+03,4.634665834850159e+03,5.882352941176471e-01,14079071
4.638251041435578e+03,4.636486335553225e+03,5.882352941176471e-01,14079072
4.638978723055048e+03,4.633684605407989e+03,1.764705882352941e+00,14079070
4.641222472861947e+03,4.637693061097241e+03,1.176470588235294e+00,14079073
4.642674352832010e+03,4.640909646949657e+03,5.882352941176471e-01,14079075
4.642987178744300e+03,4.640991046271636e+03,5.882352941176471e-01,14079076
4.644421083352494e+03,4.642075309555440e+03,5.882352941176471e-01,14079078
4.644421083352494e+03,4.641373179687679e+03,5.882352941176471e-01,14079077
4.646516590509006e+03,4.640873696225920e+03,1.764705882352941e+00,14079074
4.646681764531892e+03,4.644917058649539e+03,5.882352941176471e-01,14079079
4.648855278680004e+03,4.647090572797651e+03,5.882352941176471e-01,14079080
4.651161364174916e+03,4.649396658292563e+03,5.882352941176471e-01,14079083
4.652836663661314e+03,4.650316950990076e+03,5.882352941176471e-01,14079084
4.654627728313429e+03,4.651274329875343e+03,5.882352941176471e-01,14079085
4.654648061535815e+03,4.649311229484949e+03,1.764705882352941e+00,14079082
4.654648061535815e+03,4.649307251896608e+03,1.764705882352941e+00,14079081
4.656402600806975e+03,4.652871808687663e+03,5.882352941176471e-01,14079089
4.656995615686982e+03,4.655230909804629e+03,5.882352941176471e-01,14079091
4.658167306689327e+03,4.655791229640505e+03,5.882352941176471e-01,14079092
4.658760321569335e+03,4.656625005634417e+03,5.882352941176471e-01,14079093
4.659932012571680e+03,4.653851392992605e+03,1.764705882352941e+00,14079090
4.663893819953601e+03,4.662129114071248e+03,5.882352941176471e-01,14079095
4.664282124977083e+03,4.658988007330025e+03,1.764705882352941e+00,14079094
4.665737933592805e+03,4.663973227710452e+03,5.882352941176471e-01,14079096
4.666566097304607e+03,4.664801391422254e+03,5.882352941176471e-01,14079097
4.667532819027256e+03,4.665768113144903e+03,5.882352941176471e-01,14079098
4.670320911559274e+03,4.668556205676921e+03,5.882352941176471e-01,14079099
4.671714818500210e+03,4.669950112617857e+03,5.882352941176471e-01,14079101
4.672096107599064e+03,4.668566695834358e+03,1.176470588235294e+00,14079100
4.672316247123101e+03,4.670551541240748e+03,5.882352941176471e-01,14079102
4.675360481619153e+03,4.673595775736800e+03,5.882352941176471e-01,14079104
4.678623420007026e+03,4.673329302359968e+03,1.764705882352941e+00,14079103
4.679142434183191e+03,4.677377728300838e+03,5.882352941176471e-01,14079105
4.679545788700196e+03,4.677781082817843e+03,5.882352941176471e-01,14079106
4.686092983814332e+03,4.682563572049626e+03,1.176470588235294e+00,14079107
4.689975277324120e+03,4.684681159677061e+03,1.764705882352941e+00,14079108
4.694447649978367e+03,4.689153532331308e+03,1.764705882352941e+00,14079109
4.694773581285937e+03,4.689479463638879e+03,1.764705882352941e+00,14079110
4.695100676278365e+03,4.693335970396012e+03,5.882352941176471e-01,14079111
4.696418673050776e+03,4.694653967168423e+03,5.882352941176471e-01,14079112
4.698440344694591e+03,4.696675638812238e+03,5.882352941176471e-01,14079115
4.700067698932996e+03,4.694756319608914e+03,1.764705882352941e+00,14079113
4.701969756459297e+03,4.696513577775346e+03,1.764705882352941e+00,14079114
4.703584756001230e+03,4.700404475399001e+03,5.882352941176471e-01,14079119
4.703597110697702e+03,4.697069434533024e+03,1.764705882352941e+00,14079116
4.703734462341650e+03,4.699592524300570e+03,1.176470588235294e+00,14079118
4.705956489551970e+03,4.704191783669617e+03,5.882352941176471e-01,14079121
4.707114167765936e+03,4.702953971504696e+03,1.176470588235294e+00,14079120
4.708878873648289e+03,4.706932132896610e+03,5.882352941176471e-01,14079124
4.709536170113916e+03,4.707761754635116e+03,5.882352941176471e-01,14079125
4.710051147385128e+03,4.706006758349211e+03,1.176470588235294e+00,14079122
4.710972227763456e+03,4.708676931232410e+03,5.882352941176471e-01,14079126
4.712736933645809e+03,4.708711972352761e+03,1.176470588235294e+00,14079127
4.715535600777840e+03,4.710241483130781e+03,1.764705882352941e+00,14079128
4.717128384884244e+03,4.713427051343589e+03,1.176470588235294e+00,14079130
4.718893090766597e+03,4.713001237714781e+03,1.764705882352941e+00,14079129
4.720060061244193e+03,4.713727918689285e+03,1.764705882352941e+00,14079131
4.723589473008899e+03,4.716783126996396e+03,1.764705882352941e+00,14079132
4.724770693652454e+03,4.717182561762919e+03,1.764705882352941e+00,14079133
4.725564799152313e+03,4.722535654441962e+03,5.882352941176471e-01,14079138
4.727519487818530e+03,4.725754781936177e+03,5.882352941176471e-01,14079142
4.729284193700883e+03,4.726344231810084e+03,5.882352941176471e-01,14079143
4.729706365265847e+03,4.722021043357345e+03,1.764705882352941e+00,14079136
4.729706365265847e+03,4.720637211357680e+03,1.764705882352941e+00,14079135
4.733024691248071e+03,4.730732112640545e+03,5.882352941176471e-01,14079147
4.733621245839393e+03,4.724010713531022e+03,1.764705882352941e+00,14079140
4.735187100191305e+03,4.728040021679828e+03,1.176470588235294e+00,14079144
4.736951806073658e+03,4.728265135563262e+03,1.764705882352941e+00,14079145
4.737427710356998e+03,4.735663004474645e+03,5.882352941176471e-01,14079149
4.738318808895129e+03,4.731692570953364e+03,1.764705882352941e+00,14079148
4.738716511956011e+03,4.736131174277900e+03,5.882352941176471e-01,14079150
4.739513762178968e+03,4.737749056296615e+03,5.882352941176471e-01,14079151
4.741998298949829e+03,4.740233593067476e+03,5.882352941176471e-01,14079152
4.748437372047429e+03,4.746672666165076e+03,5.882352941176471e-01,14079154
4.750313927052719e+03,4.745019809405660e+03,1.764705882352941e+00,14079153
4.750378223641186e+03,4.748613517758833e+03,5.882352941176471e-01,14079155
4.750768422175929e+03,4.749003716293576e+03,5.882352941176471e-01,14079156
4.753963021584223e+03,4.752198315701870e+03,5.882352941176471e-01,14079158
4.755169673397796e+03,4.751640261633090e+03,1.176470588235294e+00,14079157
4.756671912128184e+03,4.754907206245831e+03,5.882352941176471e-01,14079160
4.758063970789256e+03,4.752769853142197e+03,1.764705882352941e+00,14079159
4.758905949580555e+03,4.757141243698202e+03,5.882352941176471e-01,14079161
4.761360334897555e+03,4.759595629015202e+03,5.882352941176471e-01,14079162
4.762007129042378e+03,4.760242423160025e+03,5.882352941176471e-01,14079163
4.762461643263985e+03,4.760696937381632e+03,5.882352941176471e-01,14079164
4.763125040779908e+03,4.761077529800726e+03,5.882352941176471e-01,14079165
4.768321360525849e+03,4.766556654643496e+03,5.882352941176471e-01,14079168
4.769799014826074e+03,4.764504897179015e+03,1.764705882352941e+00,14079166
4.770745322566613e+03,4.768508718395529e+03,5.882352941176471e-01,14079170
4.771850772290555e+03,4.765451204919555e+03,1.764705882352941e+00,14079167
4.772510028448966e+03,4.770011627204522e+03,5.882352941176471e-01,14079172
4.775093132473133e+03,4.766557451790393e+03,1.764705882352941e+00,14079169
4.775380184055261e+03,4.769869949811013e+03,1.764705882352941e+00,14079171
4.775585697033478e+03,4.773820991151125e+03,5.882352941176471e-01,14079173
4.777049206076904e+03,4.774903662377426e+03,5.882352941176471e-01,14079175
4.777049206076904e+03,4.774493840925591e+03,5.882352941176471e-01,14079174
4.777403537839693e+03,4.775638831957340e+03,5.882352941176471e-01,14079177
4.778932022546854e+03,4.775726217086918e+03,5.882352941176471e-01,14079178
4.778932022546854e+03,4.776518977703272e+03,5.882352941176471e-01,14079179
4.780696728429207e+03,4.777630998540350e+03,5.882352941176471e-01,14079181
4.780906146383383e+03,4.779141440501030e+03,5.882352941176471e-01,14079182
4.782461434311560e+03,4.776702367311117e+03,1.764705882352941e+00,14079180
4.784458155580472e+03,4.782693449698119e+03,5.882352941176471e-01,14079184
4.785990846076265e+03,4.779336282695998e+03,1.764705882352941e+00,14079183
4.787673080453503e+03,4.785908374571150e+03,5.882352941176471e-01,14079187
4.787734695183124e+03,4.784122811913303e+03,1.176470588235294e+00,14079185
4.789426312286497e+03,4.787069382047987e+03,5.882352941176471e-01,14079188
4.789437786335856e+03,4.785896900521791e+03,1.176470588235294e+00,14079186
4.792251169113421e+03,4.790486463231068e+03,5.882352941176471e-01,14079190
4.792838166565647e+03,4.791073460683294e+03,5.882352941176471e-01,14079191
4.793254850035591e+03,4.789725438270885e+03,1.176470588235294e+00,14079189
4.796678509232235e+03,4.794913803349882e+03,5.882352941176471e-01,14079194
4.797545286760480e+03,4.791979465931221e+03,1.764705882352941e+00,14079192
4.798443215114588e+03,4.795570431753863e+03,5.882352941176471e-01,14079195
4.798545880639655e+03,4.793251762992596e+03,1.764705882352941e+00,14079193
4.800496842530718e+03,4.798732136648365e+03,5.882352941176471e-01,14079197
4.801793036704968e+03,4.800028330822615e+03,5.882352941176471e-01,14079198
4.802261548413071e+03,4.800301875881999e+03,5.882352941176471e-01,14079199
4.803611251530118e+03,4.798317133883060e+03,1.764705882352941e+00,14079196
4.804471765387297e+03,4.802707059504944e+03,5.882352941176471e-01,14079200
4.807578022348337e+03,4.805813316465984e+03,5.882352941176471e-01,14079203
4.808533824063539e+03,4.806599389686800e+03,5.882352941176471e-01,14079204
4.808906934976086e+03,4.803612817329027e+03,1.764705882352941e+00,14079201
4.809342728230690e+03,4.805004412298833e+03,1.176470588235294e+00,14079202
4.810298529945891e+03,4.808238753091475e+03,5.882352941176471e-01,14079205
4.810671640858439e+03,4.808603280157931e+03,5.882352941176471e-01,14079206
4.811107434113043e+03,4.809277071570247e+03,5.882352941176471e-01,14079207
4.812487013797438e+03,4.810722307915085e+03,5.882352941176471e-01,14079208
4.812957708257188e+03,4.811193002374836e+03,5.882352941176471e-01,14079209
4.814487066909666e+03,4.811504543773025e+03,5.882352941176471e-01,14079211
4.816349079238670e+03,4.813959582980992e+03,5.882352941176471e-01,14079213
4.816349079238670e+03,4.813963884691963e+03,5.882352941176471e-01,14079214
4.816543692131972e+03,4.811249574484913e+03,1.764705882352941e+00,14079210
4.818113785121023e+03,4.815922752721652e+03,5.882352941176471e-01,14079217
4.819878491003376e+03,4.817384488987152e+03,5.882352941176471e-01,14079218
4.820073103896678e+03,4.811619547793148e+03,1.764705882352941e+00,14079212
4.821643196885729e+03,4.814812041600904e+03,1.764705882352941e+00,14079216
4.821847204464706e+03,4.820082498582353e+03,5.882352941176471e-01,14079220
4.823460445565494e+03,4.821695739683141e+03,5.882352941176471e-01,14079222
4.823559367549646e+03,4.819595432086333e+03,1.176470588235294e+00,14079219
4.825212015748494e+03,4.822779745429327e+03,5.882352941176471e-01,14079224
4.826976721630847e+03,4.824834988487462e+03,5.882352941176471e-01,14079228
4.827088779314352e+03,4.820918574102987e+03,1.764705882352941e+00,14079221
4.830534147816429e+03,4.828049676169139e+03,5.882352941176471e-01,14079230
4.830562162237306e+03,4.824379653600156e+03,1.764705882352941e+00,14079227
4.830562162237306e+03,4.822062688022035e+03,1.764705882352941e+00,14079223
4.832312860909220e+03,4.829771449623266e+03,5.882352941176471e-01,14079233
4.832312860909220e+03,4.829289877121945e+03,5.882352941176471e-01,14079232
4.834077566791573e+03,4.831770628515817e+03,5.882352941176471e-01,14079234
4.834091574002012e+03,4.826586137554943e+03,1.764705882352941e+00,14079229
4.839363454026743e+03,4.834069336379684e+03,1.764705882352941e+00,14079235
4.841128159909096e+03,4.837085665389270e+03,1.176470588235294e+00,14079236
4.843339040243510e+03,4.838044922596452e+03,1.764705882352941e+00,14079237
4.844657571673802e+03,4.838462233072873e+03,1.764705882352941e+00,14079238
4.846165736178595e+03,4.844118920985983e+03,5.882352941176471e-01,14079243
4.846914029018629e+03,4.845149323136276e+03,5.882352941176471e-01,14079245
4.848678734900982e+03,4.846850883414894e+03,5.882352941176471e-01,14079247
4.850222234223216e+03,4.840385882664786e+03,1.764705882352941e+00,14079239
4.850443440783335e+03,4.847934077708286e+03,5.882352941176471e-01,14079250
4.852097543385628e+03,4.850102652511863e+03,5.882352941176471e-01,14079253
4.855467987216258e+03,4.844583963625812e+03,1.764705882352941e+00,14079244
4.855467987216258e+03,4.845728962048552e+03,1.764705882352941e+00,14079246
4.855467987216258e+03,4.847096934453806e+03,1.764705882352941e+00,14079248
4.857232693098611e+03,4.850056568677099e+03,1.176470588235294e+00,14079252
4.857232693098611e+03,4.855295480448988e+03,5.882352941176471e-01,14079255
4.857232693098611e+03,4.853298710179372e+03,5.882352941176471e-01,14079254
4.858997398980964e+03,4.856783295537190e+03,5.882352941176471e-01,14079257
4.858997398980964e+03,4.855720359775936e+03,5.882352941176471e-01,14079256
4.859447064638854e+03,4.857682358756501e+03,5.882352941176471e-01,14079258
4.861146272252371e+03,4.859381566370018e+03,5.882352941176471e-01,14079259
4.864728853055239e+03,4.862964147172886e+03,5.882352941176471e-01,14079260
4.867080524967998e+03,4.865315819085645e+03,5.882352941176471e-01,14079262
4.868337282872108e+03,4.866572576989755e+03,5.882352941176471e-01,14079263
4.868368047190078e+03,4.863073929543019e+03,1.764705882352941e+00,14079261
4.868845230850351e+03,4.867021103447212e+03,5.882352941176471e-01,14079264
4.870117370913446e+03,4.867866118914688e+03,5.882352941176471e-01,14079266
4.870117370913446e+03,4.867155612856538e+03,5.882352941176471e-01,14079265
4.873557166851447e+03,4.871792460969094e+03,5.882352941176471e-01,14079269
4.874406261265493e+03,4.871899652439360e+03,5.882352941176471e-01,14079270
4.875104316890541e+03,4.869810199243482e+03,1.764705882352941e+00,14079267
4.877086578616153e+03,4.870876849500787e+03,1.764705882352941e+00,14079268
4.877935673030199e+03,4.876129818016190e+03,5.882352941176471e-01,14079273
4.879000320433454e+03,4.877235614551101e+03,5.882352941176471e-01,14079274
4.880615990380859e+03,4.874381567182146e+03,1.764705882352941e+00,14079271
4.880765026315807e+03,4.878369921986220e+03,5.882352941176471e-01,14079276
4.881922890529058e+03,4.879400844216335e+03,5.882352941176471e-01,14079278
4.881922890529058e+03,4.879130597410723e+03,5.882352941176471e-01,14079277
4.883687596411411e+03,4.880937039100182e+03,5.882352941176471e-01,14079279
4.884291090031658e+03,4.875467560619893e+03,1.764705882352941e+00,14079272
4.885452302293764e+03,4.881194727181045e+03,1.176470588235294e+00,14079280
4.886371617355657e+03,4.884606911473304e+03,5.882352941176471e-01,14079281
4.887217008176117e+03,4.877515513891418e+03,1.764705882352941e+00,14079275
4.888559018648240e+03,4.886027888257356e+03,5.882352941176471e-01,14079283
4.890323724530593e+03,4.887469839767415e+03,5.882352941176471e-01,14079285
4.890323724530593e+03,4.887939816005015e+03,5.882352941176471e-01,14079286
4.890746419940823e+03,4.884612885224316e+03,1.764705882352941e+00,14079282
4.892088430412946e+03,4.889679865204268e+03,5.882352941176471e-01,14079288
4.892088430412946e+03,4.888899157552804e+03,5.882352941176471e-01,14079287
4.892511125823176e+03,4.890479982135093e+03,5.882352941176471e-01,14079289
4.893853136295299e+03,4.891045538985639e+03,5.882352941176471e-01,14079290
4.894275831705529e+03,4.886068010207601e+03,1.176470588235294e+00,14079284
4.895617842177652e+03,4.892006620209348e+03,1.176470588235294e+00,14079291
4.896227884239342e+03,4.894463178356989e+03,5.882352941176471e-01,14079292
4.897992590121694e+03,4.895831319400057e+03,5.882352941176471e-01,14079295
4.898752448685782e+03,4.896301357449378e+03,5.882352941176471e-01,14079296
4.900137225286091e+03,4.895551350220941e+03,1.176470588235294e+00,14079294
4.901901931168444e+03,4.895223036921076e+03,1.764705882352941e+00,14079293
4.902676665707064e+03,4.897246041200661e+03,1.764705882352941e+00,14079297
4.908044674282449e+03,4.902750556635390e+03,1.764705882352941e+00,14079298
4.909008330785788e+03,4.906769437949575e+03,5.882352941176471e-01,14079301
4.909370902880128e+03,4.904076785233069e+03,1.764705882352941e+00,14079299
4.911574086047154e+03,4.905478919021082e+03,1.764705882352941e+00,14079300
4.911634774671422e+03,4.909870068789069e+03,5.882352941176471e-01,14079302
4.912801889477436e+03,4.911037183595083e+03,5.882352941176471e-01,14079303
4.913338791929507e+03,4.911481531476570e+03,5.882352941176471e-01,14079304
4.913673793380557e+03,4.911909087498204e+03,5.882352941176471e-01,14079305
4.914566595359789e+03,4.912037838703572e+03,5.882352941176471e-01,14079306
4.918960379960237e+03,4.913666262313178e+03,1.764705882352941e+00,14079307
4.920620178519864e+03,4.915326060872805e+03,1.764705882352941e+00,14079308
4.920760674820865e+03,4.917601242500526e+03,5.882352941176471e-01,14079310
4.920796263799140e+03,4.915502146152081e+03,1.764705882352941e+00,14079309
4.924219838435070e+03,4.919974216208477e+03,1.176470588235294e+00,14079313
4.925531287265632e+03,4.922971643786267e+03,5.882352941176471e-01,14079315
4.925984544317423e+03,4.919399556293189e+03,1.764705882352941e+00,14079312
4.927749250199776e+03,4.922001875500926e+03,1.764705882352941e+00,14079314
4.928698077440370e+03,4.926933371558017e+03,5.882352941176471e-01,14079316
4.929917146388442e+03,4.928152440506089e+03,5.882352941176471e-01,14079317
4.931092494749059e+03,4.929327788866706e+03,5.882352941176471e-01,14079318
4.931157393964819e+03,4.929392688082466e+03,5.882352941176471e-01,14079319
4.931681852270795e+03,4.929894682893262e+03,5.882352941176471e-01,14079320
4.932857200631412e+03,4.931078112995009e+03,5.882352941176471e-01,14079321
4.934256105081422e+03,4.932491399199069e+03,5.882352941176471e-01,14079322
4.935185295712847e+03,4.933420589830494e+03,5.882352941176471e-01,14079323
4.935247351676764e+03,4.933482645794411e+03,5.882352941176471e-01,14079324
4.937089719113930e+03,4.935325013231577e+03,5.882352941176471e-01,14079325
4.938786675336437e+03,4.937021969454084e+03,5.882352941176471e-01,14079326
4.939560287388414e+03,4.937795581506061e+03,5.882352941176471e-01,14079327
4.939731845701953e+03,4.937967139819600e+03,5.882352941176471e-01,14079328
4.940551381218790e+03,4.938069995142765e+03,5.882352941176471e-01,14079329
4.942933184452303e+03,4.941168478569950e+03,5.882352941176471e-01,14079331
4.944854405035473e+03,4.939549596015097e+03,1.764705882352941e+00,14079330
4.948009969767891e+03,4.942715852120833e+03,1.764705882352941e+00,14079332
4.949821385234922e+03,4.947204999134106e+03,5.882352941176471e-01,14079336
4.950041353021136e+03,4.944747235374077e+03,1.764705882352941e+00,14079333
4.951586091117275e+03,4.949188885418885e+03,5.882352941176471e-01,14079343
4.952063399801894e+03,4.950298693919541e+03,5.882352941176471e-01,14079344
4.953442892276963e+03,4.945362513972907e+03,1.176470588235294e+00,14079334
4.955207598159316e+03,4.946862703434075e+03,1.764705882352941e+00,14079335
4.956972304041669e+03,4.954734366620359e+03,5.882352941176471e-01,14079348
4.957145728946544e+03,4.948072249214129e+03,1.764705882352941e+00,14079340
4.958737009924022e+03,4.956531966107356e+03,5.882352941176471e-01,14079349
4.958960284937624e+03,4.957195579055271e+03,5.882352941176471e-01,14079350
4.959887644628092e+03,4.952404778851533e+03,1.764705882352941e+00,14079346
4.961948616574920e+03,4.960183910692567e+03,5.882352941176471e-01,14079351
4.966486537117924e+03,4.963616284853490e+03,5.882352941176471e-01,14079355
4.966512360399119e+03,4.961218242752060e+03,1.764705882352941e+00,14079352
4.968251243000277e+03,4.965742828209428e+03,5.882352941176471e-01,14079359
4.968431485627860e+03,4.966666779745507e+03,5.882352941176471e-01,14079360
4.970106070196421e+03,4.967796473545373e+03,5.882352941176471e-01,14079363
4.970106070196421e+03,4.967023845065802e+03,5.882352941176471e-01,14079362
4.971870776078774e+03,4.969820226891178e+03,5.882352941176471e-01,14079365
4.971870776078774e+03,4.968607408929257e+03,5.882352941176471e-01,14079364
4.971972537114523e+03,4.962905478790828e+03,1.764705882352941e+00,14079353
4.973635481961127e+03,4.971772633709641e+03,5.882352941176471e-01,14079367
4.975400187843480e+03,4.973163350570113e+03,5.882352941176471e-01,14079370
4.975400187843480e+03,4.972179861956492e+03,5.882352941176471e-01,14079369
4.977164893725833e+03,4.975285025037688e+03,5.882352941176471e-01,14079371
4.977184079711207e+03,4.975419373828854e+03,5.882352941176471e-01,14079372
4.978040545781988e+03,4.964995248788224e+03,1.764705882352941e+00,14079358
4.978939192600873e+03,4.975756601889624e+03,5.882352941176471e-01,14079374
4.978939192600873e+03,4.975684620183618e+03,5.882352941176471e-01,14079373
4.980703898483226e+03,4.978441012666763e+03,5.882352941176471e-01,14079375
4.981760597996394e+03,4.971267357980622e+03,1.764705882352941e+00,14079366
4.982509002627667e+03,4.979888336495922e+03,5.882352941176471e-01,14079377
4.984273708510020e+03,4.980128756208599e+03,1.176470588235294e+00,14079378
4.984350735204723e+03,4.982586029322370e+03,5.882352941176471e-01,14079379
4.985290009761100e+03,4.979019989125049e+03,1.764705882352941e+00,14079376
4.986070387983416e+03,4.984305682101063e+03,5.882352941176471e-01,14079380
4.987302667780430e+03,4.985537961898078e+03,5.882352941176471e-01,14079381
4.988207049516247e+03,4.986442343633895e+03,5.882352941176471e-01,14079382
4.992874258708636e+03,4.991109552826283e+03,5.882352941176471e-01,14079383
4.992975593323258e+03,4.991210887440905e+03,5.882352941176471e-01,14079384
4.993604812400993e+03,4.991840106518640e+03,5.882352941176471e-01,14079385
4.994740299205611e+03,4.992904845918793e+03,5.882352941176471e-01,14079387
4.996058953076676e+03,4.993170451425706e+03,5.882352941176471e-01,14079388
4.997823658959029e+03,4.993252992915318e+03,1.176470588235294e+00,14079389
4.998269710970316e+03,4.992686438523529e+03,1.764705882352941e+00,14079386
4.999588364841382e+03,4.997348160405926e+03,5.882352941176471e-01,14079392
5.000253207568313e+03,4.998488501685960e+03,5.882352941176471e-01,14079394
5.001353070723735e+03,4.998945453086799e+03,5.882352941176471e-01,14079395
5.001730790695863e+03,4.996655463764447e+03,1.176470588235294e+00,14079391
5.003782619333019e+03,4.997904572546404e+03,1.764705882352941e+00,14079393
5.006647188370794e+03,5.000902920992486e+03,1.764705882352941e+00,14079396
5.007312031097725e+03,5.001588626419995e+03,1.764705882352941e+00,14079397
5.008600754239211e+03,5.006484180194279e+03,5.882352941176471e-01,14079401
5.009122141916968e+03,5.007357436034615e+03,5.882352941176471e-01,14079402
5.010603451491997e+03,5.004710577939362e+03,1.176470588235294e+00,14079399
5.012221776855308e+03,5.009397497273019e+03,5.882352941176471e-01,14079404
5.012368157374350e+03,5.003377764604350e+03,1.764705882352941e+00,14079398
5.014059672997182e+03,5.006169651428342e+03,1.176470588235294e+00,14079400
5.014249065088700e+03,5.012484359206347e+03,5.882352941176471e-01,14079408
5.015824378879535e+03,5.008340931683870e+03,1.764705882352941e+00,14079403
5.017472882929891e+03,5.010548681824347e+03,1.764705882352941e+00,14079406
5.019138742934713e+03,5.017374037052360e+03,5.882352941176471e-01,14079409
5.020014310251745e+03,5.018249604369392e+03,5.882352941176471e-01,14079410
5.020234430516993e+03,5.018469724634640e+03,5.882352941176471e-01,14079411
5.020903448817066e+03,5.019061992569909e+03,5.882352941176471e-01,14079412
5.022413300875511e+03,5.020648594993158e+03,5.882352941176471e-01,14079414
5.023543722016451e+03,5.019960563112536e+03,1.176470588235294e+00,14079413
5.025740481260453e+03,5.023975775378100e+03,5.882352941176471e-01,14079416
5.025837009645171e+03,5.024072303762818e+03,5.882352941176471e-01,14079417
5.027431680468893e+03,5.022137562821834e+03,1.764705882352941e+00,14079415
5.027553451335165e+03,5.024395555847187e+03,5.882352941176471e-01,14079418
5.029301872480706e+03,5.027537166598353e+03,5.882352941176471e-01,14079420
5.031082863099871e+03,5.024888860755103e+03,1.764705882352941e+00,14079419
5.033469731750653e+03,5.031705025868300e+03,5.882352941176471e-01,14079422
5.034013146162732e+03,5.032248440280379e+03,5.882352941176471e-01,14079423
5.034380078755431e+03,5.029085961108372e+03,1.764705882352941e+00,14079421
5.036144784637783e+03,5.034236577668915e+03,5.882352941176471e-01,14079428
5.037406704324418e+03,5.035284910304838e+03,5.882352941176471e-01,14079430
5.037406704324418e+03,5.034543860873748e+03,5.882352941176471e-01,14079429
5.039389951778158e+03,5.032640863618348e+03,1.176470588235294e+00,14079425
5.041078238401290e+03,5.039129163170529e+03,5.882352941176471e-01,14079434
5.041154657660511e+03,5.032394952919941e+03,1.764705882352941e+00,14079424
5.042893890456457e+03,5.037472407377363e+03,1.176470588235294e+00,14079432
5.044658596338810e+03,5.035744994018005e+03,1.764705882352941e+00,14079431
5.046372356048349e+03,5.044511830766526e+03,5.882352941176471e-01,14079437
5.046423302221163e+03,5.040053062516979e+03,1.764705882352941e+00,14079435
5.048188008103516e+03,5.042058068791436e+03,1.764705882352941e+00,14079436
5.048382435444315e+03,5.046617729561962e+03,5.882352941176471e-01,14079438
5.050049927656268e+03,5.047778615330407e+03,5.882352941176471e-01,14079441
5.051814633538621e+03,5.048765953853658e+03,5.882352941176471e-01,14079442
5.051814633538621e+03,5.049127042647302e+03,5.882352941176471e-01,14079443
5.052117643391567e+03,5.046823525744508e+03,1.764705882352941e+00,14079439
5.053579339420974e+03,5.051312819332544e+03,5.882352941176471e-01,14079444
5.055344045303327e+03,5.052150492961785e+03,5.882352941176470e-01,14079446
5.055344045303327e+03,5.047271617644770e+03,1.764705882352941e+00,14079440
5.058873457068033e+03,5.052025201693265e+03,1.764705882352941e+00,14079445
5.059176466920979e+03,5.053717118077496e+03,1.764705882352941e+00,14079447
5.061463093022242e+03,5.056168975375183e+03,1.764705882352941e+00,14079448
5.062488339745370e+03,5.060723633863017e+03,5.882352941176471e-01,14079450
5.064015737766734e+03,5.060486326002028e+03,1.176470588235294e+00,14079449
5.066710162943145e+03,5.063180751178439e+03,1.176470588235294e+00,14079451
5.067594587096962e+03,5.065829881214609e+03,5.882352941176471e-01,14079452
5.071389227074569e+03,5.069624521192216e+03,5.882352941176471e-01,14079454
5.072018311241793e+03,5.070253605359441e+03,5.882352941176471e-01,14079455
5.073308343198550e+03,5.070554277845906e+03,5.882352941176471e-01,14079456
5.073771285283758e+03,5.068477167636699e+03,1.764705882352941e+00,14079453
5.073783017124146e+03,5.071698047557824e+03,5.882352941176471e-01,14079458
5.075304520123507e+03,5.072961026511622e+03,5.882352941176471e-01,14079459
5.077069226005860e+03,5.072962979998448e+03,1.176470588235294e+00,14079460
5.077069226005860e+03,5.074816824161755e+03,5.882352941176471e-01,14079462
5.077781834582387e+03,5.075550606988370e+03,5.882352941176471e-01,14079463
5.080045722572668e+03,5.078281016690315e+03,5.882352941176471e-01,14079464
5.080543693337667e+03,5.078778987455314e+03,5.882352941176471e-01,14079465
5.080598637770566e+03,5.074252422817681e+03,1.764705882352941e+00,14079461
5.084672910617630e+03,5.081143498852924e+03,1.176470588235294e+00,14079466
5.087513982993881e+03,5.084962085252346e+03,5.882352941176471e-01,14079470
5.087614075694287e+03,5.082319958047228e+03,1.764705882352941e+00,14079467
5.090587451870609e+03,5.084837391335572e+03,1.764705882352941e+00,14079469
5.090587451870609e+03,5.083884478528769e+03,1.764705882352941e+00,14079468
5.092352157752962e+03,5.090445240473161e+03,5.882352941176471e-01,14079474
5.092352157752962e+03,5.090079315082627e+03,5.882352941176471e-01,14079473
5.094429868012913e+03,5.091947506268229e+03,5.882352941176471e-01,14079475
5.095055876768110e+03,5.089761759121051e+03,1.764705882352941e+00,14079472
5.096194573895266e+03,5.094119591266780e+03,5.882352941176471e-01,14079478
5.097959279777619e+03,5.092204385209009e+03,1.764705882352941e+00,14079476
5.098152385321882e+03,5.095473500381904e+03,5.882352941176471e-01,14079480
5.099723985659972e+03,5.097291057085276e+03,5.882352941176471e-01,14079484
5.099917091204235e+03,5.097959778187273e+03,5.882352941176471e-01,14079485
5.102885589742837e+03,5.096580784983793e+03,1.764705882352941e+00,14079482
5.102885589742837e+03,5.095391565860245e+03,1.764705882352941e+00,14079479
5.103824585156610e+03,5.102006252810497e+03,5.882352941176471e-01,14079487
5.106415001507543e+03,5.100295173391904e+03,1.764705882352941e+00,14079486
5.107987828578989e+03,5.106223122696636e+03,5.882352941176471e-01,14079488
5.108734664639594e+03,5.106969958757241e+03,5.882352941176471e-01,14079489
5.110851545953673e+03,5.109086840071320e+03,5.882352941176471e-01,14079490
5.115200536805485e+03,5.109906419158426e+03,1.764705882352941e+00,14079491
5.116642501912001e+03,5.111348384264942e+03,1.764705882352941e+00,14079492
5.117055383798703e+03,5.113817858652585e+03,5.882352941176471e-01,14079495
5.117055383798703e+03,5.113710408876224e+03,5.882352941176471e-01,14079494
5.118877692703328e+03,5.117112986820975e+03,5.882352941176471e-01,14079496
5.120171913676707e+03,5.113616113144863e+03,1.764705882352941e+00,14079493
5.120642398585681e+03,5.118838444695849e+03,5.882352941176471e-01,14079498
5.122121310018154e+03,5.119375350931970e+03,5.882352941176471e-01,14079499
5.122407104468034e+03,5.120418167622166e+03,5.882352941176471e-01,14079503
5.122615276148502e+03,5.117321158501443e+03,1.764705882352941e+00,14079497
5.124373189073776e+03,5.122608483191423e+03,5.882352941176471e-01,14079504
5.126806671714368e+03,5.123277259949662e+03,1.176470588235294e+00,14079506
5.127904572609833e+03,5.122610454962774e+03,1.764705882352941e+00,14079505
5.130588988073816e+03,5.125294870426757e+03,1.764705882352941e+00,14079507
5.131002611134737e+03,5.129237905252384e+03,5.882352941176471e-01,14079509
5.132767317017090e+03,5.130923184289199e+03,5.882352941176471e-01,14079511
5.134113655434586e+03,5.128059914540922e+03,1.764705882352941e+00,14079508
5.134926329282661e+03,5.132435567893408e+03,5.882352941176471e-01,14079514
5.134926329282661e+03,5.131705176118454e+03,5.882352941176471e-01,14079513
5.138049404123329e+03,5.135434795929323e+03,5.882352941176471e-01,14079519
5.138616903918288e+03,5.129829364827211e+03,1.764705882352941e+00,14079510
5.139814110005682e+03,5.137460785114872e+03,5.882352941176471e-01,14079520
5.141578815888035e+03,5.139144418234223e+03,5.882352941176471e-01,14079522
5.142433849505303e+03,5.134032155929019e+03,1.764705882352941e+00,14079516
5.143535948935332e+03,5.138241831288274e+03,1.764705882352941e+00,14079521
5.144198555387656e+03,5.141789119230880e+03,5.882352941176471e-01,14079524
5.145124788775420e+03,5.142441513479568e+03,5.882352941176471e-01,14079525
5.145963261270009e+03,5.143955863863127e+03,5.882352941176471e-01,14079528
5.146977427678906e+03,5.144620837271959e+03,5.882352941176471e-01,14079530
5.146977427678906e+03,5.144235591330104e+03,5.882352941176471e-01,14079529
5.148235050356810e+03,5.141432805942851e+03,1.176470588235294e+00,14079523
5.148235050356810e+03,5.143376644015746e+03,1.176470588235294e+00,14079527
5.151837636137842e+03,5.150072930255489e+03,5.882352941176471e-01,14079531
5.153208334257726e+03,5.151443628375373e+03,5.882352941176471e-01,14079532
5.155271716150601e+03,5.153507010268248e+03,5.882352941176471e-01,14079533
5.155289304411793e+03,5.153524598529440e+03,5.882352941176471e-01,14079534
5.157036422032954e+03,5.154614050225334e+03,5.882352941176471e-01,14079536
5.157302579194395e+03,5.153773167429689e+03,1.176470588235294e+00,14079535
5.157458291298516e+03,5.155693585416164e+03,5.882352941176471e-01,14079537
5.162463618260733e+03,5.156432857327163e+03,1.764705882352941e+00,14079539
5.162463618260733e+03,5.155804093194184e+03,1.764705882352941e+00,14079538
5.165605785396408e+03,5.162728868419317e+03,5.882352941176471e-01,14079543
5.165850771641029e+03,5.164086065758676e+03,5.882352941176471e-01,14079544
5.165993030025439e+03,5.159924423120318e+03,1.764705882352941e+00,14079540
5.167554230962227e+03,5.164705851627406e+03,5.882352941176471e-01,14079546
5.167789559600327e+03,5.160201170842234e+03,1.176470588235294e+00,14079541
5.169318936844579e+03,5.164662350817741e+03,1.176470588235294e+00,14079545
5.169318936844579e+03,5.166301663655130e+03,5.882352941176471e-01,14079549
5.169567849803361e+03,5.167803143921008e+03,5.882352941176471e-01,14079550
5.171422726265511e+03,5.169658020383158e+03,5.882352941176471e-01,14079553
5.174782596260928e+03,5.168362693593976e+03,1.764705882352941e+00,14079552
5.174782596260928e+03,5.168171063942239e+03,1.764705882352941e+00,14079551
5.176377760373991e+03,5.173226858405158e+03,5.882352941176471e-01,14079556
5.178312008025634e+03,5.171677521975500e+03,1.764705882352941e+00,14079555
5.178312008025634e+03,5.170426398450953e+03,1.764705882352941e+00,14079554
5.180638109170783e+03,5.178873403288430e+03,5.882352941176471e-01,14079559
5.181671878021050e+03,5.177039455215343e+03,1.176470588235294e+00,14079558
5.181841419790340e+03,5.175846602871290e+03,1.764705882352941e+00,14079557
5.182402815053136e+03,5.180142724092113e+03,5.882352941176471e-01,14079560
5.183886823304091e+03,5.181686949602060e+03,5.882352941176471e-01,14079562
5.185201289785756e+03,5.180722311915712e+03,1.176470588235294e+00,14079561
5.185651529186444e+03,5.181703895980653e+03,1.176470588235294e+00,14079563
5.185805620930490e+03,5.184040915048137e+03,5.882352941176471e-01,14079564
5.191068577326173e+03,5.185774459679114e+03,1.764705882352941e+00,14079565
5.192154506984483e+03,5.186860389337425e+03,1.764705882352941e+00,14079566
5.192548108838495e+03,5.187253991191436e+03,1.764705882352941e+00,14079567
5.193125556387481e+03,5.190896650315492e+03,5.882352941176471e-01,14079568
5.193981858014838e+03,5.191653123684082e+03,5.882352941176471e-01,14079570
5.194890262269834e+03,5.192702750978165e+03,5.882352941176471e-01,14079573
5.197511269779544e+03,5.193901777946767e+03,1.176470588235294e+00,14079574
5.197521652567133e+03,5.195756946684780e+03,5.882352941176471e-01,14079575
5.197842226485554e+03,5.192279797280487e+03,1.764705882352941e+00,14079572
5.199600161591820e+03,5.197835455709467e+03,5.882352941176471e-01,14079576
5.202274091039034e+03,5.200509385156681e+03,5.882352941176471e-01,14079579
5.203069290619741e+03,5.200624558311344e+03,5.882352941176471e-01,14079580
5.205178671309170e+03,5.203413965426817e+03,5.882352941176471e-01,14079581
5.205391866013149e+03,5.199686111575500e+03,1.764705882352941e+00,14079578
5.205391866013149e+03,5.199539878855035e+03,1.764705882352941e+00,14079577
5.207559069177627e+03,5.205794363295274e+03,5.882352941176471e-01,14079582
5.207567288544597e+03,5.205802582662244e+03,5.882352941176471e-01,14079583
5.210120326258503e+03,5.208355620376150e+03,5.882352941176471e-01,14079584
5.213167749113869e+03,5.211403043231516e+03,5.882352941176471e-01,14079587
5.214517794070139e+03,5.209223676423080e+03,1.764705882352941e+00,14079585
5.215297285438236e+03,5.212666886444679e+03,5.882352941176471e-01,14079590
5.216165483406179e+03,5.213743497163431e+03,5.882352941176471e-01,14079595
5.216165483406179e+03,5.213654189703221e+03,5.882352941176471e-01,14079594
5.219260796186913e+03,5.212156344146798e+03,1.764705882352941e+00,14079588
5.219260796186913e+03,5.210606517863287e+03,1.764705882352941e+00,14079586
5.220692755840975e+03,5.217919942280962e+03,5.882352941176471e-01,14079598
5.220692755840975e+03,5.217445348966996e+03,5.882352941176471e-01,14079597
5.222790207951619e+03,5.216830597847977e+03,1.764705882352941e+00,14079596
5.224274344887133e+03,5.220744933122427e+03,1.176470588235294e+00,14079599
5.224295543950432e+03,5.220766132185726e+03,1.176470588235294e+00,14079600
5.225523454010887e+03,5.223758748128534e+03,5.882352941176471e-01,14079601
5.231031174745317e+03,5.229266468862964e+03,5.882352941176471e-01,14079603
5.232108748050797e+03,5.226814630403738e+03,1.764705882352941e+00,14079602
5.235516242076454e+03,5.233751536194101e+03,5.882352941176471e-01,14079605
5.236625899685597e+03,5.234861193803244e+03,5.882352941176471e-01,14079606
5.237280947958807e+03,5.234900031864022e+03,5.882352941176471e-01,14079607
5.238228415271709e+03,5.232934297624650e+03,1.764705882352941e+00,14079604
5.239374200930677e+03,5.237609495048324e+03,5.882352941176471e-01,14079608
5.241367687786056e+03,5.239602981903704e+03,5.882352941176471e-01,14079610
5.241733437605617e+03,5.239968731723264e+03,5.882352941176471e-01,14079611
5.243987290126222e+03,5.242222584243869e+03,5.882352941176471e-01,14079612
5.244490127431007e+03,5.239196009783948e+03,1.764705882352941e+00,14079609
5.247345168656384e+03,5.245580462774031e+03,5.882352941176471e-01,14079613
5.252859948002234e+03,5.251095242119881e+03,5.882352941176471e-01,14079616
5.254558998683960e+03,5.249264881036901e+03,1.764705882352941e+00,14079614
5.254624653884587e+03,5.251762396437495e+03,5.882352941176471e-01,14079617
5.254821465064310e+03,5.249527347417251e+03,1.764705882352941e+00,14079615
5.256495505599839e+03,5.254730799717486e+03,5.882352941176471e-01,14079618
5.260087252621597e+03,5.254793134974538e+03,1.764705882352941e+00,14079619
5.260792304151812e+03,5.255498186504753e+03,1.764705882352941e+00,14079620
5.262027747205360e+03,5.260263041323007e+03,5.882352941176471e-01,14079621
5.264537779860260e+03,5.262773073977907e+03,5.882352941176471e-01,14079624
5.266443237835955e+03,5.263684628736328e+03,5.882352941176471e-01,14079625
5.266725436783537e+03,5.261431319136478e+03,1.764705882352941e+00,14079622
5.267002265159057e+03,5.261708147511998e+03,1.764705882352941e+00,14079623
5.268349043192099e+03,5.264748908000273e+03,5.882352941176471e-01,14079628
5.270850968977297e+03,5.269086263094944e+03,5.882352941176471e-01,14079630
5.271331646563109e+03,5.269566940680756e+03,5.882352941176471e-01,14079631
5.271878454956804e+03,5.266209863162355e+03,1.764705882352941e+00,14079629
5.273831913867755e+03,5.272067207985402e+03,5.882352941176471e-01,14079632
5.276294874049633e+03,5.274530168167280e+03,5.882352941176471e-01,14079634
5.278044102573220e+03,5.275063633235471e+03,5.882352941176471e-01,14079636
5.278351699362655e+03,5.274822287597949e+03,1.176470588235294e+00,14079635
5.279808808455573e+03,5.276953079809551e+03,5.882352941176471e-01,14079637
5.279824285814339e+03,5.274514690808514e+03,1.764705882352941e+00,14079633
5.280203750950029e+03,5.278439045067676e+03,5.882352941176471e-01,14079638
5.281581253017309e+03,5.278938640881155e+03,5.882352941176471e-01,14079639
5.285110664782014e+03,5.279101065713157e+03,1.764705882352941e+00,14079640
5.286523610195870e+03,5.281229492548811e+03,1.764705882352941e+00,14079641
5.286875370664367e+03,5.284116906219889e+03,5.882352941176471e-01,14079644
5.287655388238093e+03,5.285220816082818e+03,5.882352941176471e-01,14079645
5.288288316078223e+03,5.286094717128879e+03,5.882352941176471e-01,14079647
5.290228902194824e+03,5.283745102227020e+03,1.176470588235294e+00,14079643
5.291993608077177e+03,5.290077548353401e+03,5.882352941176470e-01,14079651
5.291993608077177e+03,5.282157235817895e+03,1.764705882352941e+00,14079642
5.293070525822857e+03,5.290267705993453e+03,5.882352941176471e-01,14079652
5.293758313959530e+03,5.291366329909356e+03,5.882352941176471e-01,14079655
5.294835231705210e+03,5.292519711377241e+03,5.882352941176471e-01,14079657
5.297388296934656e+03,5.286954902745964e+03,1.764705882352941e+00,14079649
5.297388296934656e+03,5.286550080699604e+03,1.764705882352941e+00,14079648
5.298641569015070e+03,5.295140015220590e+03,5.882352941176471e-01,14079659
5.300611438191006e+03,5.297632829314913e+03,5.882352941176471e-01,14079662
5.300816601484588e+03,5.292295321708437e+03,1.764705882352941e+00,14079656
5.302581307366941e+03,5.300759353189578e+03,5.882352941176471e-01,14079664
5.303411632268713e+03,5.297052681463099e+03,1.764705882352941e+00,14079661
5.303411632268713e+03,5.294936338919983e+03,1.764705882352941e+00,14079658
5.304346013249294e+03,5.302061827411155e+03,5.882352941176471e-01,14079665
5.311614179727538e+03,5.308084767962832e+03,1.176470588235294e+00,14079666
5.311990553242556e+03,5.310225847360203e+03,5.882352941176471e-01,14079668
5.313746791053611e+03,5.308452673406552e+03,1.764705882352941e+00,14079667
5.313877122245303e+03,5.312112416362950e+03,5.882352941176471e-01,14079669
5.314447989438307e+03,5.312683283555954e+03,5.882352941176471e-01,14079670
5.315555821913974e+03,5.313791116031621e+03,5.882352941176471e-01,14079671
5.317204272586311e+03,5.315439566703959e+03,5.882352941176471e-01,14079672
5.317932575031681e+03,5.316167869149328e+03,5.882352941176471e-01,14079673
5.318787908423892e+03,5.317023202541540e+03,5.882352941176471e-01,14079674
5.321429449743724e+03,5.319664743861371e+03,5.882352941176471e-01,14079676
5.322965348431173e+03,5.321200642548820e+03,5.882352941176471e-01,14079677
5.323561680379458e+03,5.318267562732400e+03,1.764705882352941e+00,14079675
5.323632427910135e+03,5.321867722027783e+03,5.882352941176471e-01,14079678
5.324730054313526e+03,5.322088535759510e+03,5.882352941176471e-01,14079679
5.325326386261811e+03,5.323325580079355e+03,5.882352941176471e-01,14079680
5.325807964196986e+03,5.324043258314633e+03,5.882352941176471e-01,14079681
5.326792926170022e+03,5.324091975271852e+03,5.882352941176471e-01,14079682
5.328557632052375e+03,5.324416294822950e+03,1.176470588235294e+00,14079683
5.330364025111637e+03,5.328599319229285e+03,5.882352941176471e-01,14079689
5.331766818351571e+03,5.325494147471104e+03,1.176470588235294e+00,14079684
5.332087043817081e+03,5.330229201674477e+03,5.882352941176471e-01,14079690
5.332407069107668e+03,5.330642363225315e+03,5.882352941176471e-01,14079691
5.335317173792193e+03,5.328531339037692e+03,1.764705882352941e+00,14079688
5.335317173792193e+03,5.327007672180879e+03,1.764705882352941e+00,14079686
5.336622852052243e+03,5.334858146169890e+03,5.882352941176471e-01,14079692
5.339283461154833e+03,5.337518755272480e+03,5.882352941176471e-01,14079693
5.339315983291981e+03,5.337551277409628e+03,5.882352941176471e-01,14079694
5.341876840385464e+03,5.340112134503111e+03,5.882352941176471e-01,14079696
5.342494895593587e+03,5.340730189711234e+03,5.882352941176471e-01,14079697
5.344226120018528e+03,5.342461414136175e+03,5.882352941176471e-01,14079698
5.345284530182669e+03,5.339990412535610e+03,1.764705882352941e+00,14079695
5.346630813702344e+03,5.344866107819991e+03,5.882352941176471e-01,14079699
5.346705647750938e+03,5.344940941868585e+03,5.882352941176471e-01,14079700
5.347169725562027e+03,5.345405019679674e+03,5.882352941176471e-01,14079701
5.348445408950426e+03,5.345731603083186e+03,5.882352941176471e-01,14079703
5.350062641142982e+03,5.348297935260629e+03,5.882352941176471e-01,14079705
5.350210114832779e+03,5.345547908753675e+03,1.176470588235294e+00,14079702
5.351705721114170e+03,5.349941015231817e+03,5.882352941176471e-01,14079706
5.351827347025335e+03,5.350020757927895e+03,5.882352941176471e-01,14079707
5.353531239952105e+03,5.351575024403298e+03,5.882352941176471e-01,14079710
5.353531239952105e+03,5.351406326263689e+03,5.882352941176471e-01,14079709
5.353818981182589e+03,5.350289569417883e+03,1.176470588235294e+00,14079708
5.355295945834458e+03,5.353280685926453e+03,5.882352941176471e-01,14079711
5.356729174613665e+03,5.354964468731312e+03,5.882352941176471e-01,14079712
5.358155171892453e+03,5.356390466010100e+03,5.882352941176471e-01,14079713
5.360604654269863e+03,5.358839948387510e+03,5.882352941176471e-01,14079714
5.364374330514434e+03,5.361286115444012e+03,5.882352941176471e-01,14079718
5.364524962551381e+03,5.359230844904322e+03,1.764705882352941e+00,14079715
5.364801459786455e+03,5.362963404115850e+03,5.882352941176471e-01,14079722
5.367471209426337e+03,5.365706503543984e+03,5.882352941176471e-01,14079723
5.367979058297613e+03,5.361272048021749e+03,1.764705882352941e+00,14079717
5.367979058297613e+03,5.360393022638890e+03,1.764705882352941e+00,14079716
5.369489839744328e+03,5.367278547544307e+03,5.882352941176471e-01,14079724
5.373862718702817e+03,5.368200660337250e+03,1.176470588235294e+00,14079727
5.375627424585170e+03,5.373289164640073e+03,5.882352941176470e-01,14079731
5.375627424585170e+03,5.368000303543658e+03,1.764705882352941e+00,14079726
5.375627424585170e+03,5.367298385541117e+03,1.764705882352941e+00,14079725
5.377392130467523e+03,5.375557255793792e+03,5.882352941176471e-01,14079733
5.377392130467523e+03,5.374887356344828e+03,5.882352941176471e-01,14079732
5.377921285375086e+03,5.376156579492733e+03,5.882352941176471e-01,14079734
5.379332294874788e+03,5.377567588992435e+03,5.882352941176471e-01,14079735
5.379694141998891e+03,5.377929436116538e+03,5.882352941176471e-01,14079737
5.383069179848217e+03,5.377775062201158e+03,1.764705882352941e+00,14079736
5.384626412521847e+03,5.378320337019320e+03,1.764705882352941e+00,14079738
5.385636987581015e+03,5.383872281698662e+03,5.882352941176471e-01,14079740
5.386709231320180e+03,5.383928776647584e+03,5.882352941176471e-01,14079741
5.387027344236159e+03,5.381733226589100e+03,1.764705882352941e+00,14079739
5.388473937202532e+03,5.386484328985010e+03,5.882352941176471e-01,14079744
5.388792050118512e+03,5.386875089878270e+03,5.882352941176471e-01,14079745
5.390238643084885e+03,5.388058263123253e+03,5.882352941176471e-01,14079746
5.390556756000865e+03,5.388734910714108e+03,5.882352941176471e-01,14079747
5.391200598849231e+03,5.385906481202172e+03,1.764705882352941e+00,14079743
5.392162405425228e+03,5.389104737683802e+03,5.882352941176471e-01,14079748
5.392965304731584e+03,5.390935616115736e+03,5.882352941176471e-01,14079750
5.393927111307581e+03,5.389465097937552e+03,1.176470588235294e+00,14079749
5.395400433373702e+03,5.393635727491349e+03,5.882352941176471e-01,14079751
5.396122062035724e+03,5.394357356153372e+03,5.882352941176471e-01,14079752
5.397974355159755e+03,5.394444943395049e+03,1.176470588235294e+00,14079753
5.399007783306088e+03,5.397243077423735e+03,5.882352941176471e-01,14079755
5.401880013533477e+03,5.399662432008344e+03,5.882352941176471e-01,14079758
5.402401735667661e+03,5.397107618020602e+03,1.764705882352941e+00,14079754
5.402677254970889e+03,5.400239909227572e+03,5.882352941176471e-01,14079759
5.403889135555214e+03,5.400990621018619e+03,5.882352941176471e-01,14079760
5.404166441550014e+03,5.402368845812246e+03,5.882352941176471e-01,14079762
5.404441960853242e+03,5.402504565000619e+03,5.882352941176471e-01,14079763
5.406497018650386e+03,5.398350601768772e+03,1.176470588235294e+00,14079756
5.407780587287431e+03,5.402824331780243e+03,1.176470588235294e+00,14079764
5.409321906199673e+03,5.407402468751659e+03,5.882352941176471e-01,14079768
5.411198305567081e+03,5.408831709320222e+03,5.882352941176471e-01,14079769
5.411309999052137e+03,5.405022664682824e+03,1.764705882352941e+00,14079766
5.411791136297445e+03,5.406239268375189e+03,1.764705882352941e+00,14079767
5.414984898373919e+03,5.411455486609213e+03,1.176470588235294e+00,14079771
5.416172387357821e+03,5.414407681475468e+03,5.882352941176471e-01,14079773
5.416903176472221e+03,5.411609058825162e+03,1.764705882352941e+00,14079772
5.420397106647093e+03,5.415102989000034e+03,1.764705882352941e+00,14079774
5.422501215544070e+03,5.420183981955908e+03,5.882352941176471e-01,14079778
5.422840618558694e+03,5.417155908583097e+03,1.764705882352941e+00,14079776
5.422840618558694e+03,5.415125786040848e+03,1.764705882352941e+00,14079775
5.426370030323400e+03,5.417682948770117e+03,1.764705882352941e+00,14079777
5.427346472823652e+03,5.425101357819324e+03,5.882352941176471e-01,14079782
5.427795333191129e+03,5.422001837658072e+03,1.764705882352941e+00,14079780
5.429899442088106e+03,5.423368200691469e+03,1.764705882352941e+00,14079781
5.429972526379407e+03,5.428207820497054e+03,5.882352941176471e-01,14079784
5.434517337180671e+03,5.429223219533612e+03,1.764705882352941e+00,14079785
5.434957593622734e+03,5.431855581215735e+03,5.882352941176471e-01,14079788
5.435193559735165e+03,5.429257558932160e+03,1.764705882352941e+00,14079786
5.436502171284056e+03,5.433521645769385e+03,5.882352941176471e-01,14079793
5.436502171284056e+03,5.433237330111882e+03,5.882352941176471e-01,14079792
5.437070127765961e+03,5.435032263454131e+03,5.882352941176471e-01,14079794
5.438266877166408e+03,5.435852038085895e+03,5.882352941176471e-01,14079797
5.438266877166408e+03,5.435417284032051e+03,5.882352941176471e-01,14079796
5.440031583048761e+03,5.437473995982298e+03,5.882352941176471e-01,14079799
5.440599539530667e+03,5.438812911640852e+03,5.882352941176471e-01,14079800
5.441796288931114e+03,5.436543126163537e+03,1.176470588235294e+00,14079798
5.441796288931114e+03,5.431294854743528e+03,1.764705882352941e+00,14079787
5.443722086241853e+03,5.441957380359500e+03,5.882352941176471e-01,14079801
5.444607220097812e+03,5.442842514215459e+03,5.882352941176471e-01,14079802
5.445500114526576e+03,5.443735408644223e+03,5.882352941176471e-01,14079803
5.447264820408929e+03,5.444680412144485e+03,5.882352941176471e-01,14079806
5.447384936957001e+03,5.443855525192295e+03,1.176470588235294e+00,14079804
5.449151609441174e+03,5.447386903558821e+03,5.882352941176471e-01,14079808
5.449901337744871e+03,5.444088133007039e+03,1.764705882352941e+00,14079805
5.450794232173634e+03,5.447132679553973e+03,1.176470588235294e+00,14079807
5.451584430040590e+03,5.449819724158237e+03,5.882352941176471e-01,14079809
5.453006170924647e+03,5.451241465042294e+03,5.882352941176471e-01,14079810
5.453061014750005e+03,5.451296308867652e+03,5.882352941176471e-01,14079811
5.454017470460051e+03,5.452252764577698e+03,5.882352941176471e-01,14079812
5.454770876807000e+03,5.452293510910358e+03,5.882352941176471e-01,14079813
5.455782323602236e+03,5.454017617719883e+03,5.882352941176471e-01,14079814
5.456535582689353e+03,5.454382535624231e+03,5.882352941176471e-01,14079816
5.457613637262820e+03,5.455306193912341e+03,5.882352941176471e-01,14079818
5.457613637262820e+03,5.454809153126124e+03,5.882352941176471e-01,14079817
5.459378343145173e+03,5.457143488782471e+03,5.882352941176471e-01,14079819
5.460064994454059e+03,5.454150833276345e+03,1.764705882352941e+00,14079815
5.461383366209528e+03,5.458260185729721e+03,5.882352941176471e-01,14079822
5.461383366209528e+03,5.458256664153068e+03,5.882352941176471e-01,14079821
5.463148072091881e+03,5.460682989397787e+03,5.882352941176471e-01,14079824
5.463202973517457e+03,5.461438267635104e+03,5.882352941176471e-01,14079825
5.463594406218765e+03,5.457974113035823e+03,1.764705882352941e+00,14079820
5.464953954043416e+03,5.462033905931106e+03,5.882352941176471e-01,14079827
5.464953954043416e+03,5.461862942559320e+03,5.882352941176471e-01,14079826
5.466718659925769e+03,5.463615538544681e+03,5.882352941176471e-01,14079831
5.467372905998332e+03,5.465608200115979e+03,5.882352941176471e-01,14079832
5.468685944836973e+03,5.465680932023715e+03,5.882352941176471e-01,14079833
5.468888523865824e+03,5.463429987222744e+03,1.764705882352941e+00,14079830
5.470209452710226e+03,5.468444746827873e+03,5.882352941176471e-01,14079835
5.470450650719326e+03,5.468467902597973e+03,5.882352941176471e-01,14079836
5.470653229748177e+03,5.468859549437717e+03,5.882352941176471e-01,14079837
5.472094757597129e+03,5.470147742022460e+03,5.882352941176471e-01,14079839
5.472094757597129e+03,5.470042700975267e+03,5.882352941176471e-01,14079838
5.476444149362263e+03,5.471150031715204e+03,1.764705882352941e+00,14079840
5.478543338729437e+03,5.476778632847084e+03,5.882352941176471e-01,14079843
5.480156886804468e+03,5.474862769157409e+03,1.764705882352941e+00,14079841
5.480308044611790e+03,5.478072786103824e+03,5.882352941176471e-01,14079845
5.483439400595107e+03,5.477870924741740e+03,1.764705882352941e+00,14079844
5.483439400595107e+03,5.476133679091629e+03,1.764705882352941e+00,14079842
5.486264657626079e+03,5.484499951743726e+03,5.882352941176471e-01,14079847
5.486993547268288e+03,5.485228841385935e+03,5.882352941176471e-01,14079848
5.489478836254938e+03,5.484184718607879e+03,1.764705882352941e+00,14079846
5.491947408339014e+03,5.486653290691955e+03,1.764705882352941e+00,14079849
5.494412662349849e+03,5.489691618936872e+03,1.176470588235294e+00,14079854
5.495242198036479e+03,5.488756669966417e+03,1.764705882352941e+00,14079852
5.495242198036479e+03,5.486700051248011e+03,1.764705882352941e+00,14079850
5.496248578448952e+03,5.493672843819653e+03,5.882352941176471e-01,14079855
5.497006903918832e+03,5.494555082783350e+03,5.882352941176471e-01,14079857
5.499581468425762e+03,5.497816762543409e+03,5.882352941176471e-01,14079860
5.501260469893015e+03,5.498254431092093e+03,5.882352941176471e-01,14079861
5.501260469893015e+03,5.498601303611238e+03,5.882352941176471e-01,14079862
5.501497186656071e+03,5.496203069009012e+03,1.764705882352941e+00,14079858
5.504789881657721e+03,5.502532607505703e+03,5.882352941176471e-01,14079865
5.504908240039249e+03,5.499626660784989e+03,1.176470588235294e+00,14079863
5.505026598420777e+03,5.497645353713209e+03,1.764705882352941e+00,14079859
5.507560167685909e+03,5.505795461803556e+03,5.882352941176471e-01,14079866
5.507624845461256e+03,5.505860139578903e+03,5.882352941176471e-01,14079867
5.509847060185028e+03,5.506317648420322e+03,1.176470588235294e+00,14079868
5.510865627676138e+03,5.509100921793785e+03,5.882352941176471e-01,14079869
5.511302567166450e+03,5.509537861284097e+03,5.882352941176471e-01,14079870
5.512780885573847e+03,5.511016179691494e+03,5.882352941176471e-01,14079871
5.515601840250925e+03,5.513837134368572e+03,5.882352941176471e-01,14079873
5.515814432167750e+03,5.514049726285397e+03,5.882352941176471e-01,14079874
5.515816853663816e+03,5.514052147781463e+03,5.882352941176471e-01,14079875
5.517472842091691e+03,5.515455508456210e+03,5.882352941176471e-01,14079877
5.517472842091691e+03,5.514652912634539e+03,5.882352941176471e-01,14079876
5.517525998107609e+03,5.512231880460550e+03,1.176470588235294e+00,14079872
5.521475732008240e+03,5.519711026125887e+03,5.882352941176471e-01,14079880
5.522766959738749e+03,5.517280401096417e+03,1.764705882352941e+00,14079878
5.523410152981543e+03,5.520852740818557e+03,5.882352941176471e-01,14079881
5.523579868072494e+03,5.518285750425435e+03,1.764705882352941e+00,14079879
5.528226855677377e+03,5.526462149795024e+03,5.882352941176471e-01,14079883
5.530747709374320e+03,5.528983003491968e+03,5.882352941176471e-01,14079885
5.532249242190376e+03,5.529386821727679e+03,5.882352941176471e-01,14079887
5.534277121139026e+03,5.528719830425670e+03,1.764705882352941e+00,14079884
5.534551229690521e+03,5.529257112043462e+03,1.764705882352941e+00,14079886
5.539732168721964e+03,5.537967462839611e+03,5.882352941176471e-01,14079888
5.540373643715260e+03,5.538608937832907e+03,5.882352941176471e-01,14079890
5.541560836375223e+03,5.539796130492870e+03,5.882352941176471e-01,14079891
5.542040762689434e+03,5.540149226461441e+03,5.882352941176471e-01,14079892
5.543903055479966e+03,5.538511350924728e+03,1.764705882352941e+00,14079889
5.544099449603647e+03,5.542334743721294e+03,5.882352941176471e-01,14079893
5.546156961498438e+03,5.542627549733732e+03,1.176470588235294e+00,14079894
5.547578268961605e+03,5.544708429732908e+03,5.882352941176471e-01,14079897
5.549431004305190e+03,5.547363454346733e+03,5.882352941176471e-01,14079898
5.549686373263144e+03,5.544048857196900e+03,1.764705882352941e+00,14079895
5.549921925478231e+03,5.544627807831172e+03,1.764705882352941e+00,14079896
5.551323394666520e+03,5.547754327884068e+03,5.882352941176471e-01,14079900
5.554420823109532e+03,5.552656117227179e+03,5.882352941176471e-01,14079903
5.554852806431226e+03,5.549149687216460e+03,1.764705882352941e+00,14079901
5.556197315923315e+03,5.553728027747634e+03,5.882352941176471e-01,14079906
5.556197315923315e+03,5.553726954083886e+03,5.882352941176471e-01,14079905
5.559653122149182e+03,5.550835486203133e+03,1.764705882352941e+00,14079902
5.560006329457309e+03,5.556889040293195e+03,5.882352941176471e-01,14079911
5.561417828031535e+03,5.559477156461840e+03,5.882352941176471e-01,14079913
5.561861483101937e+03,5.560096777219584e+03,5.882352941176471e-01,14079914
5.563182533913888e+03,5.560099723129551e+03,5.882352941176471e-01,14079915
5.563396734073703e+03,5.552673797624325e+03,1.764705882352941e+00,14079904
5.564594365152684e+03,5.556336323071627e+03,1.176470588235294e+00,14079909
5.564594365152684e+03,5.554686661556098e+03,1.176470588235294e+00,14079908
5.566263720300612e+03,5.564499014418259e+03,5.882352941176471e-01,14079916
5.567495689990994e+03,5.565730984108641e+03,5.882352941176471e-01,14079917
5.568025909982330e+03,5.566261204099977e+03,5.882352941176471e-01,14079918
5.568787165987137e+03,5.567022460104784e+03,5.882352941176471e-01,14079919
5.571064368542005e+03,5.569299662659652e+03,5.882352941176471e-01,14079920
5.572802735171068e+03,5.571038029288715e+03,5.882352941176471e-01,14079921
5.573333510222629e+03,5.571568804340276e+03,5.882352941176471e-01,14079922
5.573560292811598e+03,5.571795586929245e+03,5.882352941176471e-01,14079923
5.574738174538732e+03,5.572973468656379e+03,5.882352941176471e-01,14079924
5.575098216104982e+03,5.573300104470509e+03,5.882352941176471e-01,14079925
5.577473602997926e+03,5.575708897115573e+03,5.882352941176471e-01,14079927
5.577761487726595e+03,5.575996781844242e+03,5.882352941176471e-01,14079928
5.579165463401313e+03,5.573871345754255e+03,1.764705882352941e+00,14079926
5.579526193608947e+03,5.577492458606400e+03,5.882352941176471e-01,14079930
5.581290899491300e+03,5.579520978382739e+03,5.882352941176471e-01,14079932
5.582731297905502e+03,5.579678262693824e+03,5.882352941176471e-01,14079933
5.582767720644985e+03,5.576830170421502e+03,1.764705882352941e+00,14079929
5.584514215157596e+03,5.581627683993765e+03,5.882352941176471e-01,14079935
5.584820311256006e+03,5.578906818904198e+03,1.764705882352941e+00,14079931
5.586278921039949e+03,5.582286962852797e+03,1.176470588235294e+00,14079936
5.586278921039949e+03,5.584325839940739e+03,5.882352941176471e-01,14079937
5.590730575018422e+03,5.588965869136069e+03,5.882352941176471e-01,14079939
5.590774402972944e+03,5.589009697090591e+03,5.882352941176471e-01,14079940
5.590969316883317e+03,5.585675199236258e+03,1.764705882352941e+00,14079938
5.592539108855297e+03,5.590769590281618e+03,5.882352941176471e-01,14079944
5.593892184772344e+03,5.592127478889991e+03,5.882352941176471e-01,14079945
5.594346994935872e+03,5.592582289053519e+03,5.882352941176471e-01,14079946
5.595853796747821e+03,5.593264136621222e+03,5.882352941176471e-01,14079947
5.596050702840945e+03,5.590169943074379e+03,1.764705882352941e+00,14079941
5.596825164365278e+03,5.595060458482925e+03,5.882352941176471e-01,14079949
5.599149400133418e+03,5.597384694251065e+03,5.882352941176471e-01,14079950
5.599177274666954e+03,5.597412568784601e+03,5.882352941176471e-01,14079951
5.601299588567723e+03,5.599534882685370e+03,5.882352941176471e-01,14079952
5.602252639536253e+03,5.600487933653901e+03,5.882352941176471e-01,14079953
5.603457732467961e+03,5.601693026585608e+03,5.882352941176471e-01,14079955
5.605879083706394e+03,5.600584966059335e+03,1.764705882352941e+00,14079954
5.606095706515210e+03,5.604331000632857e+03,5.882352941176471e-01,14079957
5.606266946490247e+03,5.602737534725541e+03,1.176470588235294e+00,14079956
5.608951467156208e+03,5.607186761273855e+03,5.882352941176471e-01,14079959
5.608964628584489e+03,5.607199922702136e+03,5.882352941176471e-01,14079960
5.610417029620426e+03,5.607856098400015e+03,5.882352941176471e-01,14079962
5.610417029620426e+03,5.607822355761808e+03,5.882352941176471e-01,14079961
5.612435620386975e+03,5.610670914504622e+03,5.882352941176471e-01,14079963
5.612494040349195e+03,5.606588474437586e+03,1.764705882352941e+00,14079958
5.613971474218666e+03,5.612206768336313e+03,5.882352941176471e-01,14079964
5.614872425265815e+03,5.613107719383462e+03,5.882352941176471e-01,14079965
5.616809857242756e+03,5.615045151360403e+03,5.882352941176471e-01,14079966
5.620875939835240e+03,5.619111233952887e+03,5.882352941176471e-01,14079969
5.621868473250256e+03,5.620103767367903e+03,5.882352941176471e-01,14079970
5.623140383211307e+03,5.617846265564248e+03,1.764705882352941e+00,14079967
5.623633179132609e+03,5.621045948331908e+03,5.882352941176471e-01,14079971
5.624356131628058e+03,5.618289841513662e+03,1.764705882352941e+00,14079968
5.626545757849707e+03,5.624781051967354e+03,5.882352941176471e-01,14079973
5.628434500858365e+03,5.622087969684929e+03,1.764705882352941e+00,14079972
5.629851769476188e+03,5.628087063593835e+03,5.882352941176471e-01,14079974
5.631796849220105e+03,5.628267437455399e+03,1.176470588235294e+00,14079975
5.632679527827869e+03,5.630914821945516e+03,5.882352941176471e-01,14079977
5.633688127482631e+03,5.631923421600278e+03,5.882352941176471e-01,14079978
5.634384305628384e+03,5.632304935523310e+03,5.882352941176471e-01,14079980
5.636149011510737e+03,5.634342212678788e+03,5.882352941176471e-01,14079982
5.637913717393090e+03,5.635634341884321e+03,5.882352941176471e-01,14079984
5.638373372936547e+03,5.630794965781840e+03,1.764705882352941e+00,14079976
5.638982245129690e+03,5.636358223046005e+03,5.882352941176471e-01,14079985
5.639828026236781e+03,5.638063320354428e+03,5.882352941176471e-01,14079986
5.642132419317155e+03,5.635303616715297e+03,1.764705882352941e+00,14079983
5.642132419317155e+03,5.633514494935717e+03,1.764705882352941e+00,14079981
5.643897125199508e+03,5.642024004827439e+03,5.882352941176471e-01,14079990
5.645571883215524e+03,5.643021450558834e+03,5.882352941176471e-01,14079991
5.645661831081861e+03,5.638984551106113e+03,1.764705882352941e+00,14079987
5.647562008299989e+03,5.645797302417636e+03,5.882352941176471e-01,14079996
5.649101294980230e+03,5.646774143100348e+03,5.882352941176471e-01,14079997
5.649292706011743e+03,5.647449489241673e+03,5.882352941176471e-01,14079999
5.650866000862583e+03,5.648345977599578e+03,5.882352941176471e-01,14080000
5.650910974795752e+03,5.640404146636293e+03,1.176470588235294e+00,14079989
5.652675680678105e+03,5.643090687420597e+03,1.764705882352941e+00,14079992
5.652767654077086e+03,5.651002948194734e+03,5.882352941176471e-01,14080002
5.656235750242471e+03,5.645729286076437e+03,1.764705882352941e+00,14079995
5.656235750242471e+03,5.644686836562139e+03,1.764705882352941e+00,14079994
5.657962640258409e+03,5.650598183820574e+03,1.764705882352941e+00,14080001
5.658576086130137e+03,5.655243704305408e+03,5.882352941176471e-01,14080004
5.660340792012490e+03,5.655981946863778e+03,1.176470588235294e+00,14080006
5.662105497894843e+03,5.655948449373222e+03,1.764705882352941e+00,14080005
5.663630771609899e+03,5.661866065727546e+03,5.882352941176471e-01,14080007
5.665357443941535e+03,5.663592738059182e+03,5.882352941176471e-01,14080009
5.666216171043643e+03,5.664451465161290e+03,5.882352941176471e-01,14080010
5.667691885296050e+03,5.662397767648991e+03,1.764705882352941e+00,14080008
5.670672059510150e+03,5.668907353627797e+03,5.882352941176471e-01,14080013
5.671811324587723e+03,5.668281912823017e+03,1.176470588235294e+00,14080012
5.673002838655667e+03,5.667708721008608e+03,1.764705882352941e+00,14080011
5.674607206035773e+03,5.672842500153420e+03,5.882352941176471e-01,14080014
5.676362875530838e+03,5.674598169648485e+03,5.882352941176471e-01,14080016
5.677552325262096e+03,5.675394209761504e+03,5.882352941176471e-01,14080018
5.678127581413191e+03,5.676095127516267e+03,5.882352941176471e-01,14080019
5.680713111873808e+03,5.675050369073756e+03,1.764705882352941e+00,14080017
5.680713111873808e+03,5.674022913497390e+03,1.764705882352941e+00,14080015
5.682321915483465e+03,5.680557209601112e+03,5.882352941176471e-01,14080020
5.682494529578496e+03,5.680729823696143e+03,5.882352941176471e-01,14080021
5.684086621365818e+03,5.681748259713690e+03,5.882352941176471e-01,14080023
5.685639299103214e+03,5.683323336347071e+03,5.882352941176471e-01,14080026
5.686227683635796e+03,5.684462977753443e+03,5.882352941176471e-01,14080028
5.687404004985567e+03,5.685038577249934e+03,5.882352941176471e-01,14080029
5.689361031987914e+03,5.682483291616221e+03,1.764705882352941e+00,14080024
5.689361031987914e+03,5.681685831048594e+03,1.764705882352941e+00,14080022
5.690933416750273e+03,5.682748295435712e+03,1.764705882352941e+00,14080025
5.691125737870267e+03,5.688463112100997e+03,5.882352941176471e-01,14080030
5.691221575898723e+03,5.689456870016370e+03,5.882352941176471e-01,14080031
5.692794283192623e+03,5.690388088004656e+03,5.882352941176471e-01,14080033
5.692794283192623e+03,5.689874720467368e+03,5.882352941176471e-01,14080032
5.695437402766718e+03,5.691907991002013e+03,1.176470588235294e+00,14080034
5.698122118630283e+03,5.696357412747930e+03,5.882352941176471e-01,14080035
5.698124684710119e+03,5.696359978827766e+03,5.882352941176471e-01,14080036
5.698284529464816e+03,5.696519823582463e+03,5.882352941176471e-01,14080037
5.701036520764293e+03,5.699271814881940e+03,5.882352941176471e-01,14080039
5.701651530394989e+03,5.698043938724684e+03,1.176470588235294e+00,14080038
5.702604006150720e+03,5.700839300268367e+03,5.882352941176471e-01,14080040
5.703158148099523e+03,5.701393442217170e+03,5.882352941176471e-01,14080041
5.704432369680504e+03,5.702667663798151e+03,5.882352941176471e-01,14080043
5.705051898070786e+03,5.702908629330678e+03,5.882352941176471e-01,14080045
5.706197075562856e+03,5.704188084932452e+03,5.882352941176471e-01,14080046
5.706857257453726e+03,5.705092551571373e+03,5.882352941176471e-01,14080047
5.707368865948880e+03,5.702702127545490e+03,1.176470588235294e+00,14080044
5.708680823368754e+03,5.706916117486401e+03,5.882352941176471e-01,14080048
5.709133571831233e+03,5.701614801216585e+03,1.764705882352941e+00,14080042
5.709755577629004e+03,5.707990871746651e+03,5.882352941176471e-01,14080049
5.712622938199443e+03,5.710858232317090e+03,5.882352941176471e-01,14080051
5.714939903265947e+03,5.709645785618889e+03,1.764705882352941e+00,14080050
5.715956220203056e+03,5.712900224192993e+03,5.882352941176471e-01,14080054
5.716704609148300e+03,5.714733874110189e+03,5.882352941176471e-01,14080056
5.718489195286047e+03,5.716190298187360e+03,5.882352941176471e-01,14080060
5.719908779565465e+03,5.716744369659087e+03,5.882352941176471e-01,14080062
5.719908779565465e+03,5.716905075433579e+03,5.882352941176471e-01,14080063
5.719908779565465e+03,5.717070003592024e+03,5.882352941176471e-01,14080064
5.723944217436658e+03,5.712230678677258e+03,1.764705882352941e+00,14080052
5.723944217436658e+03,5.712535398797995e+03,1.764705882352941e+00,14080053
5.723944217436658e+03,5.713914358748588e+03,1.764705882352941e+00,14080055
5.725708923319011e+03,5.721173844831682e+03,5.882352941176471e-01,14080066
5.725708923319011e+03,5.722109151272977e+03,5.882352941176471e-01,14080067
5.727473629201364e+03,5.722643440487934e+03,1.176470588235294e+00,14080068
5.728601864414942e+03,5.726837158532589e+03,5.882352941176471e-01,14080069
5.731079622672602e+03,5.729314916790249e+03,5.882352941176471e-01,14080071
5.733086870525229e+03,5.729557458760523e+03,1.176470588235294e+00,14080072
5.733131638173482e+03,5.727837520526423e+03,1.764705882352941e+00,14080070
5.734312350235562e+03,5.732547644353209e+03,5.882352941176471e-01,14080073
5.734851576407581e+03,5.732945072939429e+03,5.882352941176471e-01,14080074
5.735054469668938e+03,5.733289763786585e+03,5.882352941176471e-01,14080075
5.736436540232595e+03,5.733802601690834e+03,5.882352941176471e-01,14080077
5.736436540232595e+03,5.733678957870091e+03,5.882352941176471e-01,14080076
5.740349781194282e+03,5.735055663547223e+03,1.764705882352941e+00,14080079
5.740416156850652e+03,5.738651450968299e+03,5.882352941176471e-01,14080081
5.742114487076635e+03,5.740315365290088e+03,5.882352941176471e-01,14080084
5.742180862733005e+03,5.738187554470375e+03,1.176470588235294e+00,14080080
5.743807203501363e+03,5.741788250722961e+03,5.882352941176471e-01,14080086
5.745710274497711e+03,5.738747890092494e+03,1.764705882352941e+00,14080082
5.747336615266069e+03,5.741482721486242e+03,1.764705882352941e+00,14080085
5.747405797823067e+03,5.745303622110530e+03,5.882352941176471e-01,14080090
5.747405797823067e+03,5.745150927415357e+03,5.882352941176471e-01,14080089
5.750438986011234e+03,5.748674280128881e+03,5.882352941176471e-01,14080092
5.750866027030775e+03,5.742971899888687e+03,1.764705882352941e+00,14080088
5.753423493876252e+03,5.748129376229194e+03,1.764705882352941e+00,14080091
5.754651807785435e+03,5.751122396020729e+03,1.176470588235294e+00,14080093
5.758583666585895e+03,5.753289548938836e+03,1.764705882352941e+00,14080094
5.760830066332472e+03,5.755535948685413e+03,1.764705882352941e+00,14080095
5.761067772488497e+03,5.755773654841438e+03,1.764705882352941e+00,14080096
5.762640203956203e+03,5.759317818097688e+03,5.882352941176471e-01,14080099
5.764597184253203e+03,5.759125936105290e+03,1.764705882352941e+00,14080097
5.765009510842226e+03,5.763244804959873e+03,5.882352941176471e-01,14080102
5.766169615720909e+03,5.759288571919831e+03,1.764705882352941e+00,14080098
5.766484889982956e+03,5.763676628933929e+03,5.882352941176471e-01,14080103
5.766774216724579e+03,5.764843183948003e+03,5.882352941176471e-01,14080105
5.769802616302375e+03,5.768037910420022e+03,5.882352941176471e-01,14080107
5.770650074139984e+03,5.768885368257631e+03,5.882352941176471e-01,14080108
5.771463733367968e+03,5.765990372933894e+03,1.764705882352941e+00,14080106
5.774759772101414e+03,5.772995066219061e+03,5.882352941176471e-01,14080111
5.775096733949434e+03,5.769299071563529e+03,1.764705882352941e+00,14080109
5.776692958907777e+03,5.774564393242532e+03,5.882352941176471e-01,14080113
5.778457664790130e+03,5.776408875424798e+03,5.882352941176471e-01,14080115
5.779603499851600e+03,5.772209888984283e+03,1.764705882352941e+00,14080110
5.780222370672483e+03,5.774695955771977e+03,1.764705882352941e+00,14080114
5.781480347736759e+03,5.779715641854406e+03,5.882352941176471e-01,14080117
5.783245053619112e+03,5.781253981591820e+03,5.882352941176471e-01,14080121
5.786161875476200e+03,5.780545687807652e+03,1.764705882352941e+00,14080118
5.786161875476200e+03,5.779360968227090e+03,1.764705882352941e+00,14080116
5.786774465383818e+03,5.780649625010158e+03,1.764705882352941e+00,14080119
5.787926581358553e+03,5.786015155433681e+03,5.882352941176471e-01,14080123
5.789721832573709e+03,5.787957126691356e+03,5.882352941176471e-01,14080126
5.790273331815721e+03,5.785429860004856e+03,1.176470588235294e+00,14080122
5.792038037698074e+03,5.790108701919917e+03,5.882352941176471e-01,14080127
5.793235971672014e+03,5.787654054904625e+03,1.764705882352941e+00,14080125
5.793235971672014e+03,5.786264259142016e+03,1.764705882352941e+00,14080124
5.793910837189611e+03,5.791010854579023e+03,5.882352941176471e-01,14080128
5.795000677554367e+03,5.792317337413767e+03,5.882352941176471e-01,14080131
5.795000677554367e+03,5.792254224916443e+03,5.882352941176471e-01,14080130
5.796220463254342e+03,5.793605000758442e+03,5.882352941176471e-01,14080133
5.797704921314051e+03,5.795940215431698e+03,5.882352941176471e-01,14080134
5.797985169136695e+03,5.793491173306481e+03,1.176470588235294e+00,14080132
5.801811960485001e+03,5.798282548720295e+03,1.176470588235294e+00,14080135
5.803763974482077e+03,5.798469856835018e+03,1.764705882352941e+00,14080136
5.805708122438260e+03,5.803943416555907e+03,5.882352941176471e-01,14080137
5.807436054428735e+03,5.805671348546382e+03,5.882352941176471e-01,14080138
5.808287492993237e+03,5.806522787110884e+03,5.882352941176471e-01,14080140
5.809302601610710e+03,5.807402136788568e+03,5.882352941176471e-01,14080142
5.809302601610710e+03,5.806622519367253e+03,5.882352941176471e-01,14080141
5.811167263363956e+03,5.809402557481603e+03,5.882352941176471e-01,14080143
5.811816904757942e+03,5.805875031145627e+03,1.764705882352941e+00,14080139
5.813095701684599e+03,5.811330995802246e+03,5.882352941176471e-01,14080146
5.814139142884479e+03,5.811581167346831e+03,5.882352941176471e-01,14080148
5.815903848766832e+03,5.813840766761980e+03,5.882352941176471e-01,14080149
5.816567344310909e+03,5.809508520781497e+03,1.764705882352941e+00,14080144
5.817802184694530e+03,5.814495489672067e+03,5.882352941176471e-01,14080150
5.817846728042979e+03,5.811072217201562e+03,1.764705882352941e+00,14080145
5.821517918520776e+03,5.819753212638423e+03,5.882352941176471e-01,14080154
5.821527626943608e+03,5.819762921061255e+03,5.882352941176471e-01,14080155
5.822283491568463e+03,5.820518785686110e+03,5.882352941176471e-01,14080156
5.823287478614545e+03,5.821193251718275e+03,5.882352941176471e-01,14080158
5.823287478614545e+03,5.820818916447204e+03,5.882352941176471e-01,14080157
5.828279721874990e+03,5.825873820724965e+03,5.882352941176471e-01,14080162
5.828746419942318e+03,5.823452302295259e+03,1.764705882352941e+00,14080159
5.830044427757343e+03,5.828245339733021e+03,5.882352941176471e-01,14080165
5.830044427757343e+03,5.827456011437082e+03,5.882352941176471e-01,14080164
5.831029526788361e+03,5.824311253519940e+03,1.176470588235294e+00,14080160
5.831809133639696e+03,5.829565859824341e+03,5.882352941176471e-01,14080167
5.832794232670714e+03,5.830390476141237e+03,5.882352941176471e-01,14080168
5.833573839522048e+03,5.831682929943137e+03,5.882352941176471e-01,14080169
5.835078676453957e+03,5.832141463550409e+03,5.882352941176471e-01,14080170
5.835338545404401e+03,5.829524021387853e+03,1.764705882352941e+00,14080166
5.836843382336309e+03,5.833629096005408e+03,5.882352941176471e-01,14080173
5.837458934480785e+03,5.835195643270040e+03,5.882352941176471e-01,14080175
5.840526682137134e+03,5.837897657688642e+03,5.882352941176471e-01,14080178
5.840680570173253e+03,5.834902316883072e+03,1.764705882352941e+00,14080174
5.840680570173253e+03,5.832177178637964e+03,1.764705882352941e+00,14080171
5.843031908248907e+03,5.841267202366554e+03,5.882352941176471e-01,14080180
5.844056093901840e+03,5.836049911792464e+03,1.764705882352941e+00,14080177
5.844738197194948e+03,5.842973491312595e+03,5.882352941176471e-01,14080181
5.847585505666546e+03,5.843805471227260e+03,1.176470588235294e+00,14080183
5.848896620587270e+03,5.843602502940211e+03,1.764705882352941e+00,14080182
5.849822696957114e+03,5.848057991074761e+03,5.882352941176471e-01,14080184
5.852649685562674e+03,5.849120273797968e+03,1.176470588235294e+00,14080185
5.856416693926957e+03,5.850796090645255e+03,1.764705882352941e+00,14080187
5.856416693926957e+03,5.849652777141092e+03,1.764705882352941e+00,14080186
5.859901243109884e+03,5.851267555882292e+03,1.764705882352941e+00,14080188
5.859901243109884e+03,5.852618106671577e+03,1.764705882352941e+00,14080189
5.859901243109884e+03,5.853315405005786e+03,1.764705882352941e+00,14080190
5.862092329190786e+03,5.857106847421093e+03,5.882352941176471e-01,14080192
5.862092329190786e+03,5.857577492177506e+03,5.882352941176471e-01,14080193
5.865621740955491e+03,5.857794277131500e+03,1.764705882352941e+00,14080194
5.867386446837844e+03,5.865028677249668e+03,5.882352941176471e-01,14080199
5.867386446837844e+03,5.860967193606255e+03,1.764705882352941e+00,14080197
5.867540338971645e+03,5.862246221324587e+03,1.764705882352941e+00,14080198
5.869151152720197e+03,5.866059170810766e+03,5.882352941176471e-01,14080200
5.869311128568811e+03,5.867546422686458e+03,5.882352941176471e-01,14080202
5.870915858602550e+03,5.868484925913912e+03,5.882352941176471e-01,14080203
5.872680564484903e+03,5.867308399948890e+03,1.764705882352941e+00,14080201
5.873920679997495e+03,5.872155974115142e+03,5.882352941176471e-01,14080205
5.874445270367256e+03,5.872539823082403e+03,5.882352941176471e-01,14080206
5.874931910655869e+03,5.873091537655571e+03,5.882352941176471e-01,14080207
5.877450091762201e+03,5.871402498891163e+03,1.764705882352941e+00,14080204
5.877451451717904e+03,5.875686745835551e+03,5.882352941176471e-01,14080209
5.879207259467216e+03,5.877001836548935e+03,5.882352941176471e-01,14080211
5.879216157600257e+03,5.875655233170496e+03,1.176470588235294e+00,14080208
5.880971965349569e+03,5.877845137835476e+03,5.882352941176471e-01,14080214
5.880980863482610e+03,5.876238962142824e+03,1.176470588235294e+00,14080210
5.882736671231922e+03,5.880462528467637e+03,5.882352941176471e-01,14080216
5.884501377114275e+03,5.878646558671984e+03,1.764705882352941e+00,14080215
5.885141711189898e+03,5.883377005307545e+03,5.882352941176471e-01,14080218
5.886558499460019e+03,5.884793793577666e+03,5.882352941176471e-01,14080219
5.887671567091355e+03,5.885906861209002e+03,5.882352941176471e-01,14080220
5.888597707002729e+03,5.883303589355670e+03,1.764705882352941e+00,14080217
5.888772013805984e+03,5.887007307923631e+03,5.882352941176471e-01,14080221
5.892876877538505e+03,5.891112171656152e+03,5.882352941176471e-01,14080223
5.893121104820875e+03,5.891356398938523e+03,5.882352941176471e-01,14080224
5.894053535083402e+03,5.891800943357064e+03,5.882352941176471e-01,14080225
5.894641583420858e+03,5.892582560496927e+03,5.882352941176471e-01,14080226
5.895818240965755e+03,5.893848426868214e+03,5.882352941176471e-01,14080227
5.896406289303211e+03,5.894227079346171e+03,5.882352941176471e-01,14080228
5.896650516585581e+03,5.890524123318696e+03,1.764705882352941e+00,14080222
5.897876971016836e+03,5.895398975647247e+03,5.882352941176471e-01,14080230
5.897876971016836e+03,5.895397285077809e+03,5.882352941176471e-01,14080229
5.898478026266851e+03,5.896713320384498e+03,5.882352941176471e-01,14080231
5.901516944824001e+03,5.899752238941648e+03,5.882352941176471e-01,14080234
5.903295194690099e+03,5.900165482798988e+03,5.882352941176471e-01,14080236
5.903295194690099e+03,5.900946812235664e+03,5.882352941176471e-01,14080237
5.903534936466818e+03,5.896848250943857e+03,1.764705882352941e+00,14080232
5.906824606454805e+03,5.899779326909138e+03,1.764705882352941e+00,14080235
5.906824606454805e+03,5.898378468829709e+03,1.764705882352941e+00,14080233
5.908589312337158e+03,5.906354145981454e+03,5.882352941176471e-01,14080240
5.909460486396141e+03,5.907639167378080e+03,5.882352941176471e-01,14080241
5.910354018219510e+03,5.904166368749082e+03,1.764705882352941e+00,14080238
5.912118724101863e+03,5.905524385347338e+03,1.764705882352941e+00,14080239
5.912320806482914e+03,5.910556100600561e+03,5.882352941176471e-01,14080242
5.912409812164414e+03,5.910645106282061e+03,5.882352941176471e-01,14080243
5.914287970840053e+03,5.912523264957700e+03,5.882352941176471e-01,14080244
5.915975037217815e+03,5.914210331335462e+03,5.882352941176471e-01,14080245
5.916230802548901e+03,5.914466096666548e+03,5.882352941176471e-01,14080246
5.917739743100168e+03,5.914953244497856e+03,5.882352941176471e-01,14080248
5.918141858116576e+03,5.916377152234223e+03,5.882352941176471e-01,14080249
5.918188719984093e+03,5.914659308219387e+03,1.176470588235294e+00,14080247
5.919705506490725e+03,5.917151327297046e+03,5.882352941176471e-01,14080251
5.921290717587748e+03,5.919526011705395e+03,5.882352941176471e-01,14080252
5.921470212373078e+03,5.916911926785229e+03,1.176470588235294e+00,14080250
5.923190044559098e+03,5.920052525107893e+03,5.882352941176471e-01,14080255
5.923190044559098e+03,5.919988238811481e+03,5.882352941176471e-01,14080254
5.925032263014803e+03,5.921988357808255e+03,5.882352941176471e-01,14080258
5.925187288161506e+03,5.919893170514447e+03,1.764705882352941e+00,14080253
5.926823164943212e+03,5.924452850062108e+03,5.882352941176471e-01,14080262
5.926823164943212e+03,5.924060888109282e+03,5.882352941176471e-01,14080261
5.930352576707918e+03,5.922406432396911e+03,1.764705882352941e+00,14080259
5.930481405808565e+03,5.925110851152971e+03,1.764705882352941e+00,14080264
5.932181697140594e+03,5.927929508164735e+03,1.176470588235294e+00,14080266
5.933881988472623e+03,5.926304361509134e+03,1.764705882352941e+00,14080265
5.936280175142834e+03,5.930986057495776e+03,1.764705882352941e+00,14080268
5.936966205831561e+03,5.935201499949208e+03,5.882352941176471e-01,14080269
5.939138168525823e+03,5.937373462643470e+03,5.882352941176471e-01,14080270
5.939969763776207e+03,5.938205057893854e+03,5.882352941176471e-01,14080272
5.940902874408176e+03,5.938711712456939e+03,5.882352941176471e-01,14080273
5.941719964393117e+03,5.939170939657273e+03,5.882352941176471e-01,14080274
5.942797506903069e+03,5.941032801020716e+03,5.882352941176471e-01,14080278
5.945119449545284e+03,5.938147036832083e+03,1.764705882352941e+00,14080271
5.947552853295152e+03,5.941411959757084e+03,1.764705882352941e+00,14080279
5.947552853295152e+03,5.939606102468150e+03,1.764705882352941e+00,14080275
5.948648861309990e+03,5.942022439221673e+03,1.764705882352941e+00,14080280
5.949317559177505e+03,5.945742502162514e+03,5.882352941176471e-01,14080281
5.950534605979793e+03,5.948769900097440e+03,5.882352941176471e-01,14080282
5.954482213141359e+03,5.952717507259006e+03,5.882352941176471e-01,14080283
5.957890406248020e+03,5.954360994483314e+03,1.176470588235294e+00,14080284
5.961284517009661e+03,5.957755105244955e+03,1.176470588235294e+00,14080285
5.962018062150113e+03,5.960253356267761e+03,5.882352941176471e-01,14080287
5.963373346165416e+03,5.960415717710675e+03,5.882352941176471e-01,14080288
5.963535407802117e+03,5.958241290155058e+03,1.764705882352941e+00,14080286
5.963907345215537e+03,5.962142639333184e+03,5.882352941176471e-01,14080291
5.966044547123863e+03,5.964279841241510e+03,5.882352941176471e-01,14080292
5.967514173519560e+03,5.965749467637207e+03,5.882352941176471e-01,14080294
5.970471577985718e+03,5.968706872103365e+03,5.882352941176471e-01,14080296
5.970895477335319e+03,5.965601359688260e+03,1.764705882352941e+00,14080293
5.972660183217672e+03,5.970779537132570e+03,5.882352941176471e-01,14080298
5.973902231770007e+03,5.968608114122948e+03,1.764705882352941e+00,14080295
5.975666937652360e+03,5.973747587782437e+03,5.882352941176471e-01,14080300
5.975772543743134e+03,5.971890969739786e+03,1.176470588235294e+00,14080299
5.976189594982377e+03,5.970478426096075e+03,1.764705882352941e+00,14080297
5.980753248974378e+03,5.978988543092025e+03,5.882352941176471e-01,14080301
5.981025429854596e+03,5.979260723972243e+03,5.882352941176471e-01,14080302
5.981091873035659e+03,5.979327167153306e+03,5.882352941176471e-01,14080303
5.982820695131338e+03,5.981055989248985e+03,5.882352941176471e-01,14080304
5.983117415071347e+03,5.981352709188994e+03,5.882352941176471e-01,14080305
5.986974766478054e+03,5.981680648830995e+03,1.764705882352941e+00,14080306
5.988603949543933e+03,5.986839243661580e+03,5.882352941176471e-01,14080308
5.991238737211813e+03,5.989245803012646e+03,5.882352941176471e-01,14080312
5.991955785748348e+03,5.987709325447107e+03,1.176470588235294e+00,14080309
5.993003443094166e+03,5.990398405748251e+03,5.882352941176471e-01,14080313
5.993720491630700e+03,5.986306516980707e+03,1.764705882352941e+00,14080307
5.995485197513053e+03,5.993514993555988e+03,5.882352941176471e-01,14080318
5.995485197513053e+03,5.993303384261019e+03,5.882352941176471e-01,14080317
5.997060877411037e+03,5.988091512751618e+03,1.176470588235294e+00,14080311
5.998825583293390e+03,5.992526361949010e+03,1.764705882352941e+00,14080315
5.998825583293390e+03,5.991245679976866e+03,1.764705882352941e+00,14080314
6.000590289175743e+03,5.998656743645698e+03,5.882352941176471e-01,14080321
6.000836665713150e+03,5.999071959830797e+03,5.882352941176471e-01,14080322
6.001388222293074e+03,5.999416539236319e+03,5.882352941176471e-01,14080323
6.002354995058096e+03,5.995927730514557e+03,1.176470588235294e+00,14080319
6.003551923614683e+03,6.001787217732330e+03,5.882352941176471e-01,14080324
6.007628878298466e+03,6.002334760651408e+03,1.764705882352941e+00,14080325
6.008404452422055e+03,6.003110334774996e+03,1.764705882352941e+00,14080326
6.010723208363693e+03,6.008958502481340e+03,5.882352941176471e-01,14080329
6.011158290063172e+03,6.008982801058191e+03,5.882352941176471e-01,14080330
6.011540550104795e+03,6.006246432457736e+03,1.764705882352941e+00,14080327
6.012547719922931e+03,6.010783014040578e+03,5.882352941176471e-01,14080331
6.013305255987148e+03,6.011341479292671e+03,5.882352941176471e-01,14080332
6.014312425805284e+03,6.012240554944596e+03,5.882352941176471e-01,14080333
6.014627896150993e+03,6.006689909242560e+03,1.764705882352941e+00,14080328
6.015292390493011e+03,6.012762112326515e+03,5.882352941176471e-01,14080334
6.019606543452343e+03,6.013750113234169e+03,1.764705882352941e+00,14080336
6.021269589493824e+03,6.019504883611471e+03,5.882352941176471e-01,14080337
6.024625201009153e+03,6.022860495126800e+03,5.882352941176471e-01,14080338
6.025188814269519e+03,6.023424108387166e+03,5.882352941176471e-01,14080339
6.027735190667530e+03,6.025970484785177e+03,5.882352941176471e-01,14080340
6.028331545864075e+03,6.026566839981722e+03,5.882352941176471e-01,14080341
6.030638653591282e+03,6.028873947708930e+03,5.882352941176471e-01,14080344
6.031601368605190e+03,6.028071956840485e+03,1.176470588235294e+00,14080343
6.032403359473635e+03,6.030586239953506e+03,5.882352941176471e-01,14080345
6.032853731731169e+03,6.027559614084110e+03,1.764705882352941e+00,14080342
6.036262471433660e+03,6.034497765551307e+03,5.882352941176471e-01,14080347
6.036367339727132e+03,6.032837927962426e+03,1.176470588235294e+00,14080346
6.036508139660966e+03,6.034743433778613e+03,5.882352941176471e-01,14080348
6.038132045609485e+03,6.036318457899797e+03,5.882352941176471e-01,14080350
6.038272845543319e+03,6.036507032397491e+03,5.882352941176471e-01,14080351
6.039861795394014e+03,6.037265533541040e+03,5.882352941176471e-01,14080353
6.040037551425672e+03,6.034873129928638e+03,1.176470588235294e+00,14080349
6.043391207158720e+03,6.037202519973777e+03,1.764705882352941e+00,14080352
6.045446304500575e+03,6.041916892735869e+03,1.176470588235294e+00,14080355
6.048660604366139e+03,6.046895898483786e+03,5.882352941176471e-01,14080356
6.049678922899653e+03,6.047914217017300e+03,5.882352941176471e-01,14080357
6.051473057553730e+03,6.049708351671377e+03,5.882352941176471e-01,14080358
6.055401378927408e+03,6.050107261280349e+03,1.764705882352941e+00,14080359
6.056966053723210e+03,6.051050086481822e+03,1.176470588235294e+00,14080361
6.056966053723210e+03,6.050358508263128e+03,1.176470588235294e+00,14080360
6.057618515443219e+03,6.055465405233962e+03,5.882352941176471e-01,14080365
6.058730759605563e+03,6.056834685199750e+03,5.882352941176471e-01,14080367
6.058730759605563e+03,6.056514649080655e+03,5.882352941176471e-01,14080366
6.060495465487916e+03,6.054089103678514e+03,1.176470588235294e+00,14080364
6.061147927207925e+03,6.059020801057462e+03,5.882352941176471e-01,14080369
6.062260171370269e+03,6.053183796055681e+03,1.764705882352941e+00,14080363
6.062695145850275e+03,6.059658650162901e+03,5.882352941176471e-01,14080370
6.064242364492625e+03,6.062167680335313e+03,5.882352941176471e-01,14080374
6.064565136610424e+03,6.062800430728071e+03,5.882352941176471e-01,14080375
6.065954427936080e+03,6.057330410035152e+03,1.176470588235294e+00,14080368
6.067719133818433e+03,6.060031847695133e+03,1.764705882352941e+00,14080371
6.067906841096781e+03,6.065111368671752e+03,5.882352941176471e-01,14080376
6.068094548375130e+03,6.061328242291373e+03,1.764705882352941e+00,14080373
6.073008004255163e+03,6.069478592490457e+03,1.176470588235294e+00,14080379
6.073013251465492e+03,6.066603616234934e+03,1.764705882352941e+00,14080378
6.075239421198638e+03,6.073474715316285e+03,5.882352941176471e-01,14080381
6.076828784017769e+03,6.071534666370711e+03,1.764705882352941e+00,14080380
6.078855181370931e+03,6.077090475488578e+03,5.882352941176471e-01,14080382
6.082610526060635e+03,6.080845820178282e+03,5.882352941176471e-01,14080383
6.082692045171241e+03,6.080927339288888e+03,5.882352941176471e-01,14080384
6.085715781711640e+03,6.083951075829287e+03,5.882352941176471e-01,14080386
6.086225484692520e+03,6.080931367045461e+03,1.764705882352941e+00,14080385
6.089153728025073e+03,6.087389022142720e+03,5.882352941176471e-01,14080388
6.091753970317023e+03,6.089989264434670e+03,5.882352941176471e-01,14080389
6.092311141368390e+03,6.087017023721331e+03,1.764705882352941e+00,14080387
6.093518676199376e+03,6.091636954383968e+03,5.882352941176471e-01,14080391
6.094602457472503e+03,6.092837751590150e+03,5.882352941176471e-01,14080392
6.095283382081729e+03,6.093292320022247e+03,5.882352941176471e-01,14080393
6.096500518974987e+03,6.094359048024323e+03,5.882352941176471e-01,14080394
6.096633874595117e+03,6.091339756948058e+03,1.764705882352941e+00,14080390
6.097072506882618e+03,6.094915115820726e+03,5.882352941176471e-01,14080396
6.098331902667405e+03,6.096308590961212e+03,5.882352941176471e-01,14080399
6.098331902667405e+03,6.095332219918802e+03,5.882352941176471e-01,14080398
6.098837212764971e+03,6.096800940227541e+03,5.882352941176471e-01,14080400
6.101861314432111e+03,6.097745529020228e+03,1.176470588235294e+00,14080402
6.101861314432111e+03,6.097597762497374e+03,1.176470588235294e+00,14080401
6.103626020314464e+03,6.101551006650787e+03,5.882352941176471e-01,14080404
6.104392651404253e+03,6.100863239639547e+03,1.176470588235294e+00,14080403
6.106474928266386e+03,6.104710222384033e+03,5.882352941176471e-01,14080406
6.108211921420870e+03,6.105325561719080e+03,5.882352941176471e-01,14080409
6.108211921420870e+03,6.104985176727112e+03,5.882352941176471e-01,14080408
6.109976627303223e+03,6.107437166456702e+03,5.882352941176471e-01,14080415
6.110583114875237e+03,6.104516233288950e+03,1.764705882352941e+00,14080405
6.111741333185576e+03,6.109028179244811e+03,5.882352941176471e-01,14080418
6.111741333185576e+03,6.108643126421073e+03,5.882352941176471e-01,14080417
6.112347820757590e+03,6.107557702969241e+03,1.176470588235294e+00,14080416
6.113506039067929e+03,6.111381579170368e+03,5.882352941176471e-01,14080419
6.115035564556654e+03,6.113270858674301e+03,5.882352941176471e-01,14080421
6.116800270439007e+03,6.113877439210748e+03,5.882352941176471e-01,14080423
6.117035450832634e+03,6.111540688891467e+03,1.764705882352941e+00,14080420
6.118682566518173e+03,6.115834429664975e+03,5.882352941176471e-01,14080424
6.118682566518173e+03,6.116375091032759e+03,5.882352941176471e-01,14080425
6.118932078265426e+03,6.113637960618367e+03,1.764705882352941e+00,14080422
6.120477336773756e+03,6.117409537548880e+03,5.882352941176471e-01,14080427
6.120477336773756e+03,6.117149038111588e+03,5.882352941176471e-01,14080426
6.122461490030132e+03,6.120500293139525e+03,5.882352941176471e-01,14080433
6.124014400660385e+03,6.121544448786475e+03,5.882352941176471e-01,14080434
6.124537173856557e+03,6.122772467974204e+03,5.882352941176471e-01,14080436
6.125779106542738e+03,6.123265602088149e+03,5.882352941176471e-01,14080437
6.127026175548340e+03,6.119410853181372e+03,1.176470588235294e+00,14080430
6.128790881430693e+03,6.119976055169751e+03,1.764705882352941e+00,14080431
6.128790881430693e+03,6.118772759637861e+03,1.764705882352941e+00,14080429
6.129473473363305e+03,6.126807305511085e+03,5.882352941176471e-01,14080439
6.131238179245658e+03,6.129164122341654e+03,5.882352941176471e-01,14080442
6.132506913650879e+03,6.121656697378730e+03,1.764705882352941e+00,14080435
6.134084999077751e+03,6.128391359413565e+03,1.764705882352941e+00,14080441
6.134602267184653e+03,6.131296683088740e+03,5.882352941176471e-01,14080444
6.135849704960104e+03,6.133708331885454e+03,5.882352941176471e-01,14080447
6.136437544826860e+03,6.134129705022881e+03,5.882352941176471e-01,14080449
6.138252826251170e+03,6.136488120368817e+03,5.882352941176471e-01,14080454
6.138969969538959e+03,6.131620003302300e+03,1.176470588235294e+00,14080445
6.140734675421312e+03,6.130878005743699e+03,1.764705882352941e+00,14080443
6.142499381303665e+03,6.134719886784410e+03,1.764705882352941e+00,14080453
6.142510022776770e+03,6.140745316894417e+03,5.882352941176471e-01,14080457
6.143905515542123e+03,6.141595696460792e+03,5.882352941176471e-01,14080459
6.143905515542123e+03,6.141568828453749e+03,5.882352941176471e-01,14080458
6.146028793068371e+03,6.138055099193122e+03,1.764705882352941e+00,14080455
6.147434927306829e+03,6.145260452334661e+03,5.882352941176471e-01,14080463
6.147434927306829e+03,6.145007771399677e+03,5.882352941176471e-01,14080462
6.150495627658716e+03,6.139897217608523e+03,1.764705882352941e+00,14080456
6.150495627658716e+03,6.143029452577905e+03,1.764705882352941e+00,14080460
6.150495627658716e+03,6.143174357856923e+03,1.764705882352941e+00,14080461
6.152586051976763e+03,6.149180455792885e+03,5.882352941176471e-01,14080465
6.152586051976763e+03,6.149817310539788e+03,5.882352941176471e-01,14080466
6.154966780636214e+03,6.151309923747951e+03,5.882352941176471e-01,14080469
6.154966780636214e+03,6.151583123249285e+03,5.882352941176471e-01,14080470
6.156731486518566e+03,6.153818097530958e+03,5.882352941176471e-01,14080475
6.158496192400919e+03,6.151962101538418e+03,1.764705882352941e+00,14080471
6.158496192400919e+03,6.148978745438641e+03,1.764705882352941e+00,14080464
6.160672232089368e+03,6.158907526207015e+03,5.882352941176471e-01,14080476
6.162031893886321e+03,6.160267188003968e+03,5.882352941176471e-01,14080478
6.162436937971721e+03,6.160660330936928e+03,5.882352941176471e-01,14080479
6.164589244250623e+03,6.161059832485917e+03,1.176470588235294e+00,14080480
6.165527811299988e+03,6.159261632252526e+03,1.764705882352941e+00,14080477
6.165987028538040e+03,6.162457616773334e+03,1.176470588235294e+00,14080481
6.166632541189958e+03,6.164867835307605e+03,5.882352941176471e-01,14080482
6.170821928947047e+03,6.165507029262355e+03,1.764705882352941e+00,14080483
6.171353104985232e+03,6.166058987338174e+03,1.764705882352941e+00,14080484
6.172852222848492e+03,6.170294778881131e+03,5.882352941176471e-01,14080486
6.173594851952761e+03,6.171830146070408e+03,5.882352941176471e-01,14080488
6.174616928730845e+03,6.172387990320092e+03,5.882352941176471e-01,14080490
6.174616928730845e+03,6.172131924251085e+03,5.882352941176471e-01,14080489
6.177044370947616e+03,6.169985547418204e+03,1.764705882352941e+00,14080485
6.178146340495551e+03,6.170467356119226e+03,1.764705882352941e+00,14080487
6.178780167740010e+03,6.175592012603978e+03,5.882352941176471e-01,14080493
6.180227960000134e+03,6.177336818721997e+03,5.882352941176471e-01,14080496
6.182556716845399e+03,6.175192937795388e+03,1.764705882352941e+00,14080491
6.183822231179932e+03,6.181143161248068e+03,5.882352941176471e-01,14080500
6.185847315967027e+03,6.179274442421375e+03,1.176470588235294e+00,14080497
6.185988839487466e+03,6.177106268808656e+03,1.764705882352941e+00,14080495
6.187493166465077e+03,6.184744630286310e+03,5.882352941176471e-01,14080504
6.187804241677997e+03,6.186039535795644e+03,5.882352941176471e-01,14080505
6.189257872347430e+03,6.186965517898444e+03,5.882352941176471e-01,14080506
6.189710011634522e+03,6.187945305752169e+03,5.882352941176471e-01,14080507
6.190971881921605e+03,6.183844899316068e+03,1.764705882352941e+00,14080502
6.191248647873329e+03,6.188405395265091e+03,5.882352941176471e-01,14080509
6.191248647873329e+03,6.188261104579737e+03,5.882352941176471e-01,14080508
6.192736587803958e+03,6.189980849874073e+03,5.882352941176471e-01,14080510
6.192872289681510e+03,6.184533863754517e+03,1.176470588235294e+00,14080503
6.193159497210773e+03,6.191394791328420e+03,5.882352941176471e-01,14080511
6.195573726338235e+03,6.193809020455882e+03,5.882352941176471e-01,14080512
6.195967405511466e+03,6.194202699629113e+03,5.882352941176471e-01,14080513
6.198787842116596e+03,6.195258430351891e+03,1.176470588235294e+00,14080514
6.200308776329907e+03,6.198544070447554e+03,5.882352941176471e-01,14080515
6.200905322672332e+03,6.199140616789979e+03,5.882352941176471e-01,14080516
6.201680695785883e+03,6.199915989903530e+03,5.882352941176471e-01,14080517
6.202073482212260e+03,6.200166286798111e+03,5.882352941176471e-01,14080518
6.203575872287737e+03,6.201811166405384e+03,5.882352941176471e-01,14080519
6.205340578170090e+03,6.202612151068297e+03,5.882352941176471e-01,14080522
6.206411677534211e+03,6.201889049692422e+03,1.176470588235294e+00,14080520
6.208176383416563e+03,6.202188659251272e+03,1.764705882352941e+00,14080521
6.208947873221834e+03,6.203601539379001e+03,1.764705882352941e+00,14080523
6.209833655949030e+03,6.208068950066677e+03,5.882352941176471e-01,14080524
6.210934470924124e+03,6.209169765041771e+03,5.882352941176471e-01,14080526
6.212467705124790e+03,6.210336889944142e+03,5.882352941176471e-01,14080529
6.212467705124790e+03,6.209999972588888e+03,5.882352941176471e-01,14080528
6.213363067713736e+03,6.211293497953807e+03,5.882352941176471e-01,14080530
6.215127773596089e+03,6.212702546130437e+03,5.882352941176471e-01,14080531
6.215997116889496e+03,6.209767568095004e+03,1.764705882352941e+00,14080527
6.215997116889496e+03,6.208706821678397e+03,1.764705882352941e+00,14080525
6.217313231345158e+03,6.214888741050996e+03,5.882352941176471e-01,14080532
6.217761822771849e+03,6.215969277329522e+03,5.882352941176471e-01,14080534
6.218241451896051e+03,6.216476746013699e+03,5.882352941176471e-01,14080535
6.219153602545290e+03,6.217388896662937e+03,5.882352941176471e-01,14080536
6.219766343216303e+03,6.217395423820856e+03,5.882352941176471e-01,14080537
6.221203293610439e+03,6.219038537394965e+03,5.882352941176471e-01,14080539
6.221531049098656e+03,6.219581080319484e+03,5.882352941176471e-01,14080542
6.222967999492792e+03,6.220537412101455e+03,5.882352941176471e-01,14080543
6.223295754981009e+03,6.217450070492014e+03,1.764705882352941e+00,14080538
6.223479993216259e+03,6.221715287333906e+03,5.882352941176471e-01,14080544
6.225684726145790e+03,6.223920020263437e+03,5.882352941176471e-01,14080546
6.226497411257498e+03,6.224616678854776e+03,5.882352941176471e-01,14080548
6.228401214918783e+03,6.226636509036430e+03,5.882352941176471e-01,14080551
6.230978843792849e+03,6.229109473238002e+03,5.882352941176471e-01,14080553
6.231557976856292e+03,6.224265601278615e+03,1.764705882352941e+00,14080547
6.231557976856292e+03,6.222598961046771e+03,1.764705882352941e+00,14080545
6.233322682738645e+03,6.231074000836316e+03,5.882352941176471e-01,14080556
6.235135634596950e+03,6.233370928714597e+03,5.882352941176471e-01,14080557
6.235909489514760e+03,6.226057792072103e+03,1.764705882352941e+00,14080550
6.235909489514760e+03,6.225618619272471e+03,1.764705882352941e+00,14080549
6.237209488324567e+03,6.234178032863015e+03,5.882352941176471e-01,14080558
6.237674195397113e+03,6.235753930287478e+03,5.882352941176471e-01,14080560
6.239390655303514e+03,6.230065466700045e+03,1.764705882352941e+00,14080554
6.239438901279466e+03,6.237418833101494e+03,5.882352941176471e-01,14080562
6.242340555425105e+03,6.240575849542752e+03,5.882352941176471e-01,14080564
6.242920067068219e+03,6.236825367491247e+03,1.764705882352941e+00,14080561
6.244268311853979e+03,6.238695729618559e+03,1.764705882352941e+00,14080563
6.245219538049875e+03,6.243454832167522e+03,5.882352941176471e-01,14080565
6.249378814696318e+03,6.244084697049259e+03,1.764705882352941e+00,14080566
6.249978087236396e+03,6.244683969589337e+03,1.764705882352941e+00,14080567
6.251143520578671e+03,6.248775283562236e+03,5.882352941176471e-01,14080569
6.253294748348345e+03,6.251530042465992e+03,5.882352941176471e-01,14080570
6.253799607316308e+03,6.248505489669250e+03,1.764705882352941e+00,14080568
6.254219639707384e+03,6.252454933825031e+03,5.882352941176471e-01,14080571
6.258216026367519e+03,6.255015117219006e+03,5.882352941176471e-01,14080575
6.258345817813897e+03,6.256553432288854e+03,5.882352941176471e-01,14080578
6.259980732249872e+03,6.257063894862353e+03,5.882352941176471e-01,14080579
6.260438219339969e+03,6.254482390995438e+03,1.764705882352941e+00,14080572
6.263097943318330e+03,6.261333237435977e+03,5.882352941176471e-01,14080581
6.263620877502035e+03,6.261856171619682e+03,5.882352941176471e-01,14080582
6.264483911242996e+03,6.262273616709735e+03,5.882352941176471e-01,14080583
6.264862649200683e+03,6.260954499478291e+03,1.176470588235294e+00,14080580
6.268914995149094e+03,6.263485359101014e+03,1.764705882352941e+00,14080584
6.269996983069065e+03,6.266467571304359e+03,1.176470588235294e+00,14080586
6.270583259418722e+03,6.265289141771663e+03,1.764705882352941e+00,14080585
6.272591168097605e+03,6.270826462215252e+03,5.882352941176471e-01,14080587
6.273143190241731e+03,6.271378484359378e+03,5.882352941176471e-01,14080589
6.274355873979958e+03,6.272013467892952e+03,5.882352941176471e-01,14080590
6.276441210269249e+03,6.271147092622190e+03,1.764705882352941e+00,14080588
6.276532136808897e+03,6.274767430926544e+03,5.882352941176471e-01,14080591
6.278205916151601e+03,6.276072854877721e+03,5.882352941176471e-01,14080593
6.278538757159529e+03,6.276774051277176e+03,5.882352941176471e-01,14080594
6.278959792852757e+03,6.276814050907439e+03,5.882352941176471e-01,14080595
6.282489204617463e+03,6.275430381088051e+03,1.764705882352941e+00,14080592
6.283666454302624e+03,6.278063409900736e+03,1.764705882352941e+00,14080597
6.283666454302624e+03,6.278038625972399e+03,1.764705882352941e+00,14080596
6.284450143203463e+03,6.281137241097051e+03,5.882352941176471e-01,14080598
6.285431160184977e+03,6.283031854115282e+03,5.882352941176471e-01,14080602
6.285431160184977e+03,6.282783553672933e+03,5.882352941176471e-01,14080601
6.286503998511586e+03,6.284231705701455e+03,5.882352941176471e-01,14080603
6.288960571949683e+03,6.285253133642021e+03,1.176470588235294e+00,14080606
6.289909646046897e+03,6.288144940164544e+03,5.882352941176471e-01,14080607
6.290725277832036e+03,6.285028442055003e+03,1.764705882352941e+00,14080605
6.292897947276311e+03,6.291133241393958e+03,5.882352941176471e-01,14080608
6.294495352762291e+03,6.292730646879938e+03,5.882352941176471e-01,14080609
6.295415465494312e+03,6.293650759611959e+03,5.882352941176471e-01,14080610
6.295869151811058e+03,6.294104445928705e+03,5.882352941176471e-01,14080611
6.300088448865437e+03,6.298009422249758e+03,5.882352941176471e-01,14080617
6.301137228871317e+03,6.298428467629336e+03,5.882352941176471e-01,14080618
6.301338031442891e+03,6.294794331218378e+03,1.764705882352941e+00,14080612
6.303035803134719e+03,6.300426201291496e+03,5.882352941176471e-01,14080621
6.304472201858185e+03,6.301692195231092e+03,5.882352941176471e-01,14080624
6.304472201858185e+03,6.301829271590333e+03,5.882352941176471e-01,14080625
6.304472201858185e+03,6.301876629131375e+03,5.882352941176471e-01,14080626
6.306236907740538e+03,6.304071428229839e+03,5.882352941176471e-01,14080627
6.306236907740538e+03,6.304365268736940e+03,5.882352941176471e-01,14080629
6.308001613622891e+03,6.304588172396735e+03,5.882352941176471e-01,14080630
6.309766319505243e+03,6.306851284072582e+03,5.882352941176471e-01,14080632
6.309974644216133e+03,6.296295174068300e+03,1.764705882352941e+00,14080615
6.311687268920763e+03,6.300286175775704e+03,1.764705882352941e+00,14080620
6.316994732694023e+03,6.311700615046964e+03,1.764705882352941e+00,14080633
6.317279875334640e+03,6.311985757687581e+03,1.764705882352941e+00,14080634
6.318759438576376e+03,6.316709764501584e+03,5.882352941176471e-01,14080637
6.320017098743815e+03,6.312736197691929e+03,1.764705882352941e+00,14080635
6.321057627388482e+03,6.318806671148794e+03,5.882352941176471e-01,14080643
6.321781804626168e+03,6.319826759753397e+03,5.882352941176471e-01,14080644
6.322822333270835e+03,6.320588076295964e+03,5.882352941176471e-01,14080646
6.323546510508521e+03,6.321307984957275e+03,5.882352941176471e-01,14080647
6.324421019653042e+03,6.317528215623776e+03,1.176470588235294e+00,14080638
6.325454625232962e+03,6.323253753278160e+03,5.882352941176471e-01,14080648
6.326185725535395e+03,6.323761623771654e+03,5.882352941176470e-01,14080651
6.326185725535395e+03,6.317763516046957e+03,1.764705882352941e+00,14080639
6.327706731316937e+03,6.325257629545352e+03,5.882352941176471e-01,14080654
6.331188668062999e+03,6.329423962180646e+03,5.882352941176471e-01,14080655
6.331236143081643e+03,6.324639860865724e+03,1.764705882352941e+00,14080653
6.331236143081643e+03,6.324585154136053e+03,1.764705882352941e+00,14080652
6.333332580266942e+03,6.331567874384589e+03,5.882352941176471e-01,14080657
6.336482785710058e+03,6.330447726073281e+03,1.764705882352941e+00,14080656
6.337739844019021e+03,6.332445726371963e+03,1.764705882352941e+00,14080658
6.340402392866746e+03,6.334631607694689e+03,1.176470588235294e+00,14080659
6.340402392866746e+03,6.336058393369820e+03,1.176470588235294e+00,14080661
6.342167098749099e+03,6.340112651676171e+03,5.882352941176470e-01,14080663
6.342167098749099e+03,6.335158044881996e+03,1.764705882352941e+00,14080660
6.342187299326576e+03,6.340422593444223e+03,5.882352941176471e-01,14080664
6.344063843100276e+03,6.342299137217923e+03,5.882352941176471e-01,14080666
6.345676309936328e+03,6.337456656723454e+03,1.764705882352941e+00,14080662
6.345696510513805e+03,6.342771005940938e+03,5.882352941176471e-01,14080667
6.347441015818681e+03,6.345362831796137e+03,5.882352941176471e-01,14080668
6.347593254864982e+03,6.341358028001274e+03,1.764705882352941e+00,14080665
6.349205721701034e+03,6.347043753726137e+03,5.882352941176471e-01,14080670
6.349764585813877e+03,6.347999879931524e+03,5.882352941176471e-01,14080671
6.350247708190235e+03,6.346718296425529e+03,1.176470588235294e+00,14080669
6.351553408960297e+03,6.349788703077944e+03,5.882352941176471e-01,14080672
6.352544752127773e+03,6.350780046245420e+03,5.882352941176471e-01,14080673
6.354288780236251e+03,6.352524074353898e+03,5.882352941176471e-01,14080674
6.355455276542379e+03,6.353690570660026e+03,5.882352941176471e-01,14080675
6.355547272317048e+03,6.353782566434695e+03,5.882352941176471e-01,14080676
6.356053486118604e+03,6.354031085971567e+03,5.882352941176471e-01,14080677
6.357219982424732e+03,6.354673525747039e+03,5.882352941176471e-01,14080678
6.358452925536779e+03,6.356688219654426e+03,5.882352941176471e-01,14080679
6.358932566500876e+03,6.357167860618523e+03,5.882352941176471e-01,14080680
6.359255247996938e+03,6.357490542114585e+03,5.882352941176471e-01,14080681
6.361358699023527e+03,6.359593993141174e+03,5.882352941176471e-01,14080683
6.362178558218063e+03,6.360413852335710e+03,5.882352941176471e-01,14080684
6.363832634388361e+03,6.358538516741302e+03,1.764705882352941e+00,14080682
6.364590551781429e+03,6.361405013871686e+03,5.882352941176471e-01,14080686
6.365597340270714e+03,6.361384783857229e+03,1.176470588235294e+00,14080685
6.366906779161834e+03,6.365142073279481e+03,5.882352941176471e-01,14080689
6.368119963546135e+03,6.361942350667436e+03,1.764705882352941e+00,14080687
6.368383306212129e+03,6.366618600329776e+03,5.882352941176471e-01,14080690
6.371374230769049e+03,6.369609524886696e+03,5.882352941176471e-01,14080691
6.373032929510302e+03,6.371268223627949e+03,5.882352941176471e-01,14080692
6.375994774712534e+03,6.374230068830181e+03,5.882352941176471e-01,14080693
6.381547968527955e+03,6.379783262645602e+03,5.882352941176471e-01,14080695
6.382340649907531e+03,6.377046532260472e+03,1.764705882352941e+00,14080694
6.384536890737237e+03,6.381007478972531e+03,1.176470588235294e+00,14080696
6.387674322806311e+03,6.385909616923958e+03,5.882352941176471e-01,14080698
6.388663201470322e+03,6.386898495587969e+03,5.882352941176471e-01,14080699
6.388892544138337e+03,6.383598426491278e+03,1.764705882352941e+00,14080697
6.390639031200765e+03,6.388874325318412e+03,5.882352941176471e-01,14080701
6.391429706080953e+03,6.389460639066983e+03,5.882352941176471e-01,14080703
6.393211923217393e+03,6.391447217335040e+03,5.882352941176471e-01,14080704
6.394168442965471e+03,6.387900294316247e+03,1.764705882352941e+00,14080700
6.394287589388481e+03,6.388993471741422e+03,1.764705882352941e+00,14080702
6.397557756204281e+03,6.392589350112762e+03,1.176470588235294e+00,14080705
6.398680412791036e+03,6.395971791712058e+03,5.882352941176471e-01,14080710
6.399351140568481e+03,6.397586434686128e+03,5.882352941176471e-01,14080713
6.400445118673389e+03,6.398218470111585e+03,5.882352941176471e-01,14080714
6.400997797273922e+03,6.395409004811057e+03,1.176470588235294e+00,14080709
6.402209824555742e+03,6.397356981398998e+03,1.176470588235294e+00,14080712
6.402762503156275e+03,6.394709726536015e+03,1.764705882352941e+00,14080708
6.403234292422065e+03,6.401469586539712e+03,5.882352941176471e-01,14080715
6.405537097753767e+03,6.403772391871414e+03,5.882352941176471e-01,14080716
6.409052352795112e+03,6.407287646912759e+03,5.882352941176471e-01,14080717
6.411567785995832e+03,6.409803080113479e+03,5.882352941176471e-01,14080719
6.413320855498592e+03,6.411294141190037e+03,5.882352941176471e-01,14080722
6.415085561380945e+03,6.411151683646687e+03,1.176470588235294e+00,14080721
6.415085561380945e+03,6.412518418119490e+03,5.882352941176471e-01,14080724
6.415760327963480e+03,6.409768170974698e+03,1.764705882352941e+00,14080718
6.417796850324169e+03,6.416032144441816e+03,5.882352941176471e-01,14080725
6.423562452539199e+03,6.421797746656846e+03,5.882352941176471e-01,14080726
6.424516638534923e+03,6.422751932652570e+03,5.882352941176471e-01,14080727
6.427711843634302e+03,6.425947137751949e+03,5.882352941176471e-01,14080728
6.428273027884876e+03,6.426508322002523e+03,5.882352941176471e-01,14080729
6.428370373242426e+03,6.426605667360073e+03,5.882352941176471e-01,14080730
6.429519102990219e+03,6.426997145374523e+03,5.882352941176471e-01,14080731
6.430037733767229e+03,6.427796950581430e+03,5.882352941176471e-01,14080733
6.434766461709101e+03,6.432547108807566e+03,5.882352941176471e-01,14080737
6.435031269104170e+03,6.433109517937606e+03,5.882352941176471e-01,14080739
6.435920867862495e+03,6.433327238168699e+03,5.882352941176471e-01,14080740
6.437185628925737e+03,6.435420923043385e+03,5.882352941176471e-01,14080742
6.438623104140949e+03,6.436009927941264e+03,5.882352941176471e-01,14080746
6.440503768894685e+03,6.438739063012332e+03,5.882352941176471e-01,14080749
6.441655392968413e+03,6.431129287833537e+03,1.764705882352941e+00,14080734
6.442210495341346e+03,6.439699017583939e+03,5.882352941176471e-01,14080751
6.443751514142260e+03,6.434255688927842e+03,1.176470588235294e+00,14080741
6.443751514142260e+03,6.435755945149957e+03,1.176470588235294e+00,14080743
6.443751514142260e+03,6.436333144202562e+03,1.176470588235294e+00,14080747
6.445516220024613e+03,6.442827822641471e+03,5.882352941176471e-01,14080752
6.445516220024613e+03,6.443129988020550e+03,5.882352941176471e-01,14080754
6.447280925906966e+03,6.443972582656623e+03,5.882352941176471e-01,14080755
6.448241800044219e+03,6.438511325209821e+03,1.176470588235294e+00,14080748
6.450542393756639e+03,6.447491251263027e+03,5.882352941176471e-01,14080760
6.452307099638991e+03,6.450005939445437e+03,5.882352941176471e-01,14080764
6.454071805521344e+03,6.451766987078908e+03,5.882352941176471e-01,14080766
6.455836511403697e+03,6.452809071911860e+03,5.882352941176471e-01,14080768
6.455924943331882e+03,6.454160237449529e+03,5.882352941176471e-01,14080769
6.459160018967232e+03,6.446957531230492e+03,1.764705882352941e+00,14080757
6.459160018967232e+03,6.445323324944403e+03,1.764705882352941e+00,14080756
6.460924724849585e+03,6.458601853952965e+03,5.882352941176471e-01,14080772
6.461896009879588e+03,6.457967191132793e+03,1.176470588235294e+00,14080771
6.462689430731938e+03,6.456601892232529e+03,1.764705882352941e+00,14080770
6.467918109279808e+03,6.466153403397455e+03,5.882352941176471e-01,14080773
6.469535555337178e+03,6.467770849454826e+03,5.882352941176471e-01,14080774
6.470623036859293e+03,6.468858330976940e+03,5.882352941176471e-01,14080775
6.476544070006296e+03,6.471249952359237e+03,1.764705882352941e+00,14080776
6.477080046615119e+03,6.474355013796178e+03,5.882352941176471e-01,14080780
6.477540128220049e+03,6.471785928968060e+03,1.764705882352941e+00,14080777
6.478308775888649e+03,6.476175322623511e+03,5.882352941176471e-01,14080781
6.479304834102402e+03,6.473226942906114e+03,1.176470588235294e+00,14080779
6.482374164262178e+03,6.476858782759005e+03,1.764705882352941e+00,14080782
6.483602893535708e+03,6.477872233455412e+03,1.764705882352941e+00,14080783
6.484138870144531e+03,6.482113290502766e+03,5.882352941176471e-01,14080786
6.485367599418060e+03,6.482746011987242e+03,5.882352941176471e-01,14080787
6.487276695139673e+03,6.480217871610261e+03,1.764705882352941e+00,14080784
6.487668281909237e+03,6.482016045684704e+03,1.764705882352941e+00,14080785
6.489017336048816e+03,6.486211149669731e+03,5.882352941176471e-01,14080791
6.489017336048816e+03,6.485994687399331e+03,5.882352941176471e-01,14080790
6.489432987791590e+03,6.484743744621141e+03,1.176470588235294e+00,14080788
6.490782041931169e+03,6.488849989346013e+03,5.882352941176471e-01,14080793
6.491033834229456e+03,6.489269128347103e+03,5.882352941176471e-01,14080794
6.492057240918651e+03,6.490292535036298e+03,5.882352941176471e-01,14080795
6.493037395110214e+03,6.491272689227861e+03,5.882352941176471e-01,14080797
6.494018953553080e+03,6.491335796938565e+03,5.882352941176471e-01,14080798
6.494802100992567e+03,6.490493962762068e+03,1.176470588235294e+00,14080796
6.495783659435433e+03,6.493730543706818e+03,5.882352941176471e-01,14080801
6.496076159578228e+03,6.494306909536267e+03,5.882352941176471e-01,14080802
6.498331512757273e+03,6.492451254422803e+03,1.764705882352941e+00,14080800
6.500843612770578e+03,6.499078906888225e+03,5.882352941176471e-01,14080804
6.501077777082491e+03,6.495713946941429e+03,1.764705882352941e+00,14080803
6.502608318652931e+03,6.500237695079290e+03,5.882352941176471e-01,14080806
6.503002491907240e+03,6.501237786024887e+03,5.882352941176471e-01,14080807
6.504497540924674e+03,6.502732835042321e+03,5.882352941176471e-01,14080808
6.504759422320543e+03,6.499465304673484e+03,1.764705882352941e+00,14080805
6.504767197789592e+03,6.502956434858917e+03,5.882352941176471e-01,14080809
6.508688392352835e+03,6.506923686470482e+03,5.882352941176471e-01,14080812
6.509791658571733e+03,6.503514542287712e+03,1.764705882352941e+00,14080810
6.510453098235188e+03,6.507388785930182e+03,5.882352941176471e-01,14080814
6.511143144999572e+03,6.506966395256928e+03,1.176470588235294e+00,14080813
6.512907850881925e+03,6.505435807898000e+03,1.764705882352941e+00,14080811
6.514887566618962e+03,6.513122860736609e+03,5.882352941176471e-01,14080815
6.517073092222777e+03,6.515308386340424e+03,5.882352941176471e-01,14080816
6.518803697141164e+03,6.517038991258811e+03,5.882352941176471e-01,14080818
6.520337142317585e+03,6.518470286463140e+03,5.882352941176471e-01,14080820
6.522333108905870e+03,6.516807730552880e+03,1.764705882352941e+00,14080817
6.522708693896886e+03,6.520943988014533e+03,5.882352941176471e-01,14080821
6.522938519622894e+03,6.517644401975836e+03,1.764705882352941e+00,14080819
6.524285607283731e+03,6.521864877741454e+03,5.882352941176471e-01,14080823
6.526198018344479e+03,6.524433312462126e+03,5.882352941176471e-01,14080824
6.526394584323241e+03,6.524629878440888e+03,5.882352941176471e-01,14080825
6.527815019048437e+03,6.521368475481497e+03,1.764705882352941e+00,14080822
6.528119977009842e+03,6.524683084967112e+03,5.882352941176471e-01,14080826
6.529579724930790e+03,6.527239684935116e+03,5.882352941176471e-01,14080831
6.530605802066300e+03,6.528841096183947e+03,5.882352941176471e-01,14080832
6.531649388774548e+03,6.525133781479396e+03,1.764705882352941e+00,14080827
6.532374318535514e+03,6.529644783024791e+03,5.882352941176471e-01,14080834
6.533109136695496e+03,6.530611517946591e+03,5.882352941176471e-01,14080837
6.533414094656901e+03,6.529519940947613e+03,1.176470588235294e+00,14080833
6.534870175847814e+03,6.533105469965461e+03,5.882352941176471e-01,14080838
6.536241175760305e+03,6.534476469877952e+03,5.882352941176471e-01,14080840
6.536634881730167e+03,6.534702425734964e+03,5.882352941176471e-01,14080841
6.537274091845235e+03,6.533744680080529e+03,1.176470588235294e+00,14080839
6.538202734627589e+03,6.536003563479807e+03,5.882352941176471e-01,14080843
6.539967440509942e+03,6.535906137021420e+03,1.176470588235294e+00,14080842
6.543429687087810e+03,6.541664981205457e+03,5.882352941176471e-01,14080844
6.543440822149753e+03,6.541676116267400e+03,5.882352941176471e-01,14080845
6.547757326254290e+03,6.545992620371937e+03,5.882352941176471e-01,14080846
6.548779353969862e+03,6.547014648087509e+03,5.882352941176471e-01,14080847
6.549762934238671e+03,6.547998228356318e+03,5.882352941176471e-01,14080849
6.552907663771821e+03,6.547613546124762e+03,1.764705882352941e+00,14080848
6.554380049112795e+03,6.552615343230442e+03,5.882352941176471e-01,14080851
6.554942123089899e+03,6.551412711325193e+03,1.176470588235294e+00,14080850
6.555183736694392e+03,6.553419030812039e+03,5.882352941176471e-01,14080852
6.556144754995148e+03,6.554244323405669e+03,5.882352941176471e-01,14080853
6.558228705631348e+03,6.556463999748995e+03,5.882352941176471e-01,14080854
6.558843829160809e+03,6.557079123278456e+03,5.882352941176471e-01,14080855
6.561515060211779e+03,6.559750354329426e+03,5.882352941176471e-01,14080857
6.562893904673277e+03,6.557599787026218e+03,1.764705882352941e+00,14080856
6.565201329415179e+03,6.561671917650473e+03,1.176470588235294e+00,14080858
6.565246671991534e+03,6.563481966109181e+03,5.882352941176471e-01,14080859
6.565548968523761e+03,6.563784262641408e+03,5.882352941176471e-01,14080860
6.567552478982743e+03,6.565787773100390e+03,5.882352941176471e-01,14080862
6.568301569133866e+03,6.566536863251513e+03,5.882352941176471e-01,14080863
6.568822944702327e+03,6.567058238819974e+03,5.882352941176471e-01,14080864
6.571722058375419e+03,6.565147145389458e+03,1.764705882352941e+00,14080861
6.572863315630513e+03,6.567569197983454e+03,1.764705882352941e+00,14080865
6.574628021512866e+03,6.571791572686908e+03,5.882352941176471e-01,14080868
6.574720695991285e+03,6.572955990108932e+03,5.882352941176471e-01,14080869
6.576439064634429e+03,6.574204239914041e+03,5.882352941176471e-01,14080872
6.576439064634429e+03,6.573679633854423e+03,5.882352941176471e-01,14080871
6.577190467529963e+03,6.574817149242241e+03,5.882352941176471e-01,14080873
6.578203770516781e+03,6.575511024219359e+03,5.882352941176471e-01,14080876
6.579927415419957e+03,6.571150223247402e+03,1.764705882352941e+00,14080866
6.581206000298489e+03,6.571725824739407e+03,1.764705882352941e+00,14080867
6.583592800822421e+03,6.578298683175362e+03,1.764705882352941e+00,14080877
6.585221533067016e+03,6.578624696429555e+03,1.764705882352941e+00,14080878
6.586343004216748e+03,6.584578298334395e+03,5.882352941176471e-01,14080880
6.586500117945548e+03,6.580637748200906e+03,1.764705882352941e+00,14080879
6.588107710099101e+03,6.585837865013075e+03,5.882352941176471e-01,14080883
6.588456658218985e+03,6.586691952336632e+03,5.882352941176471e-01,14080884
6.590823816687104e+03,6.584708998529983e+03,1.764705882352941e+00,14080881
6.591646809091307e+03,6.589882103208954e+03,5.882352941176471e-01,14080885
6.592837901450092e+03,6.591073195567739e+03,5.882352941176471e-01,14080886
6.594788411919918e+03,6.593023706037565e+03,5.882352941176471e-01,14080888
6.595412941855897e+03,6.591883530091191e+03,1.176470588235294e+00,14080887
6.596703850070617e+03,6.594939144188264e+03,5.882352941176471e-01,14080889
6.596799672774274e+03,6.595034966891921e+03,5.882352941176471e-01,14080890
6.599847106108912e+03,6.598082400226559e+03,5.882352941176471e-01,14080891
6.599894622814137e+03,6.598129916931784e+03,5.882352941176471e-01,14080892
6.601932542280106e+03,6.600167836397753e+03,5.882352941176471e-01,14080893
6.602629159228759e+03,6.600864453346407e+03,5.882352941176471e-01,14080894
6.603642441996406e+03,6.601877736114053e+03,5.882352941176471e-01,14080895
6.605962684512887e+03,6.604197978630534e+03,5.882352941176471e-01,14080898
6.607257426254856e+03,6.601963308607797e+03,1.764705882352941e+00,14080896
6.607866511399560e+03,6.606101805517207e+03,5.882352941176471e-01,14080899
6.607923276875818e+03,6.602474505923339e+03,1.764705882352941e+00,14080897
6.612035738418512e+03,6.610271032536159e+03,5.882352941176471e-01,14080902
6.612551543901915e+03,6.606335534538578e+03,1.764705882352941e+00,14080900
6.613531179126987e+03,6.610484726030507e+03,5.882352941176471e-01,14080904
6.617060590891693e+03,6.610458707734661e+03,1.764705882352941e+00,14080903
6.617060590891693e+03,6.609732502188403e+03,1.764705882352941e+00,14080901
6.617845661548974e+03,6.612226593781280e+03,1.764705882352941e+00,14080905
6.618825296774046e+03,6.615041029411669e+03,5.882352941176471e-01,14080906
6.620590002656399e+03,6.618078328788673e+03,5.882352941176471e-01,14080909
6.623629596808569e+03,6.617185282632617e+03,1.764705882352941e+00,14080908
6.623629596808569e+03,6.615569871354590e+03,1.764705882352941e+00,14080907
6.624119414421105e+03,6.618335291892984e+03,1.764705882352941e+00,14080910
6.625688193258443e+03,6.621223278428336e+03,5.882352941176471e-01,14080911
6.625688193258443e+03,6.621326753045862e+03,5.882352941176471e-01,14080912
6.625688193258443e+03,6.623135514163152e+03,5.882352941176471e-01,14080913
6.627541553438731e+03,6.624405362056740e+03,5.882352941176471e-01,14080916
6.629306259321084e+03,6.626293005153380e+03,5.882352941176471e-01,14080922
6.629306259321084e+03,6.625909829003281e+03,5.882352941176471e-01,14080921
6.629438179749064e+03,6.627673473866711e+03,5.882352941176471e-01,14080923
6.632664441805105e+03,6.630899735922752e+03,5.882352941176471e-01,14080924
6.632769710871800e+03,6.624848800742377e+03,1.764705882352941e+00,14080918
6.632769710871800e+03,6.624834578228554e+03,1.764705882352941e+00,14080917
6.634614267581524e+03,6.632849561699171e+03,5.882352941176471e-01,14080926
6.637371638543128e+03,6.635606932660775e+03,5.882352941176471e-01,14080928
6.637958559452164e+03,6.631235531500916e+03,1.764705882352941e+00,14080925
6.639126578326264e+03,6.636897811394710e+03,5.882352941176471e-01,14080930
6.639723265334517e+03,6.637652954144741e+03,5.882352941176471e-01,14080931
6.640891284208617e+03,6.635975986999006e+03,1.176470588235294e+00,14080929
6.641590573819859e+03,6.639825867937506e+03,5.882352941176471e-01,14080932
6.642655990090970e+03,6.635587400462342e+03,1.764705882352941e+00,14080927
6.643092942955108e+03,6.641328237072755e+03,5.882352941176471e-01,14080933
6.646248509283945e+03,6.644483803401592e+03,5.882352941176471e-01,14080935
6.647532183872278e+03,6.642238066225219e+03,1.764705882352941e+00,14080934
6.648519039949631e+03,6.646429789406593e+03,5.882352941176471e-01,14080938
6.649888972984645e+03,6.648124267102292e+03,5.882352941176471e-01,14080940
6.652146654158118e+03,6.644989628184925e+03,1.764705882352941e+00,14080936
6.653418384749351e+03,6.646945734572291e+03,1.764705882352941e+00,14080939
6.654591007401689e+03,6.648826496773187e+03,1.764705882352941e+00,14080941
6.657440771805177e+03,6.651430850533893e+03,1.764705882352941e+00,14080942
6.657588140756750e+03,6.655823434874397e+03,5.882352941176471e-01,14080943
6.657817842012743e+03,6.656053136130390e+03,5.882352941176471e-01,14080944
6.662096969456257e+03,6.660332263573904e+03,5.882352941176471e-01,14080946
6.665139076353483e+03,6.659844958706424e+03,1.764705882352941e+00,14080945
6.665385098711778e+03,6.663620392829425e+03,5.882352941176471e-01,14080948
6.665786600481364e+03,6.660492482834305e+03,1.764705882352941e+00,14080947
6.667266096094706e+03,6.665501390212353e+03,5.882352941176471e-01,14080950
6.668737530394122e+03,6.665208118629416e+03,1.176470588235294e+00,14080949
6.669172654094200e+03,6.667407948211847e+03,5.882352941176471e-01,14080952
6.670499208805438e+03,6.667997626166829e+03,5.882352941176471e-01,14080954
6.671085795825400e+03,6.668780750651036e+03,5.882352941176471e-01,14080956
6.672263914687791e+03,6.669469525791894e+03,5.882352941176471e-01,14080958
6.674321914080125e+03,6.667647935349095e+03,1.764705882352941e+00,14080953
6.674321914080125e+03,6.666963742098657e+03,1.764705882352941e+00,14080951
6.675980578906838e+03,6.674215873024485e+03,5.882352941176471e-01,14080959
6.677664341447098e+03,6.675899635564745e+03,5.882352941176471e-01,14080961
6.678093470861644e+03,6.676328764979291e+03,5.882352941176471e-01,14080962
6.679242776394202e+03,6.675713364629496e+03,1.176470588235294e+00,14080960
6.681417891575684e+03,6.679653185693331e+03,5.882352941176471e-01,14080964
6.682183418191038e+03,6.680080593506797e+03,5.882352941176471e-01,14080966
6.683289767338526e+03,6.681525061456173e+03,5.882352941176471e-01,14080967
6.684038816533224e+03,6.681595669540952e+03,5.882352941176471e-01,14080968
6.684947303340390e+03,6.678654006426332e+03,1.764705882352941e+00,14080963
6.685054473220879e+03,6.682319456880787e+03,5.882352941176471e-01,14080971
6.685803522415577e+03,6.683433604846284e+03,5.882352941176471e-01,14080972
6.686712009222743e+03,6.684478394444715e+03,5.882352941176471e-01,14080973
6.687568228297930e+03,6.685436433372449e+03,5.882352941176471e-01,14080974
6.688543677116794e+03,6.679720147705029e+03,1.764705882352941e+00,14080965
6.689332934180283e+03,6.686888204147982e+03,5.882352941176471e-01,14080976
6.692006126869802e+03,6.686586177603368e+03,1.764705882352941e+00,14080975
6.692816987457052e+03,6.690441618829374e+03,5.882352941176471e-01,14080979
6.695940968928133e+03,6.689786485506811e+03,1.764705882352941e+00,14080978
6.695940968928133e+03,6.689287575692346e+03,1.764705882352941e+00,14080977
6.699040197805707e+03,6.693264224396331e+03,1.764705882352941e+00,14080981
6.699040197805707e+03,6.691336070563894e+03,1.764705882352941e+00,14080980
6.699262092489699e+03,6.697497386607346e+03,5.882352941176471e-01,14080982
6.702643574465077e+03,6.699815431976976e+03,5.882352941176471e-01,14080987
6.702643574465077e+03,6.699764013387449e+03,5.882352941176471e-01,14080986
6.704908913016974e+03,6.697613756951733e+03,1.764705882352941e+00,14080983
6.706172986229783e+03,6.704101684991839e+03,5.882352941176471e-01,14080991
6.707305655505731e+03,6.704836525709887e+03,5.882352941176471e-01,14080993
6.707305655505731e+03,6.704663584571746e+03,5.882352941176471e-01,14080992
6.710457510845121e+03,6.701629817587040e+03,1.764705882352941e+00,14080988
6.710457510845121e+03,6.702085960028157e+03,1.764705882352941e+00,14080989
6.710457510845121e+03,6.703928396810731e+03,1.764705882352941e+00,14080990
6.712222216727474e+03,6.709513330874421e+03,5.882352941176471e-01,14080995
6.712222216727474e+03,6.708673629083038e+03,5.882352941176471e-01,14080994
6.713995243665010e+03,6.711519052067564e+03,5.882352941176471e-01,14080999
6.715759949547362e+03,6.713449006110224e+03,5.882352941176471e-01,14081001
6.715759949547362e+03,6.713097460556235e+03,5.882352941176471e-01,14081000
6.717524655429715e+03,6.715343182263907e+03,5.882352941176471e-01,14081004
6.719289361312068e+03,6.717082019692849e+03,5.882352941176471e-01,14081006
6.719671475558962e+03,6.717872975384007e+03,5.882352941176471e-01,14081007
6.721123961785908e+03,6.714377357911903e+03,1.176470588235294e+00,14081002
6.721158909081651e+03,6.710482474010669e+03,1.764705882352941e+00,14080996
6.725486235292373e+03,6.723721529410021e+03,5.882352941176471e-01,14081008
6.725969295273169e+03,6.724204589390816e+03,5.882352941176471e-01,14081009
6.731798875777665e+03,6.726504758130606e+03,1.764705882352941e+00,14081010
6.731831158222958e+03,6.726537040575900e+03,1.764705882352941e+00,14081011
6.732808309386405e+03,6.729492592115860e+03,5.882352941176471e-01,14081014
6.733579722882664e+03,6.728588028043213e+03,1.176470588235294e+00,14081013
6.733579722882664e+03,6.727514191739346e+03,1.176470588235294e+00,14081012
6.735974717795737e+03,6.734210011913384e+03,5.882352941176471e-01,14081015
6.736353884014749e+03,6.734589178132396e+03,5.882352941176471e-01,14081016
6.737741355405081e+03,6.735976649522728e+03,5.882352941176471e-01,14081017
6.740094959555791e+03,6.738330253673438e+03,5.882352941176471e-01,14081019
6.741074472363716e+03,6.739309766481363e+03,5.882352941176471e-01,14081020
6.742206540847705e+03,6.736912423200646e+03,1.764705882352941e+00,14081018
6.742785839473479e+03,6.741021133591126e+03,5.882352941176471e-01,14081021
6.744773089020039e+03,6.741243677255333e+03,1.176470588235294e+00,14081022
6.745969545497049e+03,6.744204839614696e+03,5.882352941176471e-01,14081023
6.746641616778461e+03,6.744876910896108e+03,5.882352941176471e-01,14081025
6.747734251379402e+03,6.745067626008112e+03,5.882352941176471e-01,14081026
6.749835392791242e+03,6.744541275144183e+03,1.764705882352941e+00,14081024
6.749850316697050e+03,6.748085610814697e+03,5.882352941176471e-01,14081027
6.752164754488234e+03,6.750400048605881e+03,5.882352941176471e-01,14081028
6.752391264752170e+03,6.750626558869817e+03,5.882352941176471e-01,14081029
6.753929460370587e+03,6.751663455772902e+03,5.882352941176471e-01,14081031
6.755160356974895e+03,6.751630945210189e+03,1.176470588235294e+00,14081030
6.755831941893851e+03,6.754067236011498e+03,5.882352941176471e-01,14081032
6.757596647776204e+03,6.755825983642985e+03,5.882352941176471e-01,14081035
6.758582354022236e+03,6.756817648139883e+03,5.882352941176471e-01,14081036
6.759361353658557e+03,6.755099548155984e+03,1.176470588235294e+00,14081034
6.760356309143953e+03,6.754954776779529e+03,1.764705882352941e+00,14081033
6.761680244596586e+03,6.759915538714233e+03,5.882352941176471e-01,14081037
6.763054758918411e+03,6.761290053036058e+03,5.882352941176471e-01,14081038
6.764050900034719e+03,6.762286194152366e+03,5.882352941176471e-01,14081039
6.765187343985833e+03,6.763422638103480e+03,5.882352941176471e-01,14081040
6.768383053581265e+03,6.766618347698912e+03,5.882352941176471e-01,14081042
6.769976441051781e+03,6.764682323404722e+03,1.764705882352941e+00,14081041
6.772697577537073e+03,6.767403459890014e+03,1.764705882352941e+00,14081043
6.772936178767174e+03,6.771171472884821e+03,5.882352941176471e-01,14081044
6.772964280008354e+03,6.771199574126001e+03,5.882352941176471e-01,14081045
6.774856106832285e+03,6.773091400949932e+03,5.882352941176471e-01,14081046
6.775956508491413e+03,6.774191802609060e+03,5.882352941176471e-01,14081048
6.777721214373766e+03,6.775915156342504e+03,5.882352941176471e-01,14081053
6.778386550716186e+03,6.776076331217263e+03,5.882352941176471e-01,14081054
6.781117975397465e+03,6.774254765082393e+03,1.764705882352941e+00,14081049
6.781117975397465e+03,6.773437250311924e+03,1.764705882352941e+00,14081047
6.784412519164347e+03,6.782647813281995e+03,5.882352941176471e-01,14081057
6.785425901868771e+03,6.782985667760987e+03,5.882352941176471e-01,14081059
6.786503238227618e+03,6.781823163004302e+03,1.176470588235294e+00,14081055
6.787190607751124e+03,6.785064545526183e+03,5.882352941176471e-01,14081062
6.788611628871724e+03,6.785724118003736e+03,5.882352941176471e-01,14081063
6.788611628871724e+03,6.786353964995015e+03,5.882352941176471e-01,14081064
6.788955313633477e+03,6.782874775859101e+03,1.764705882352941e+00,14081058
6.791632295137437e+03,6.789867589255084e+03,5.882352941176471e-01,14081066
6.793905746518783e+03,6.788054563509428e+03,1.764705882352941e+00,14081065
6.796542672471558e+03,6.791248554824500e+03,1.764705882352941e+00,14081067
6.796558488596388e+03,6.794793782714035e+03,5.882352941176471e-01,14081069
6.798194239702551e+03,6.795358118955040e+03,5.882352941176471e-01,14081071
6.799958945584904e+03,6.796861307234315e+03,5.882352941176471e-01,14081073
6.799987263711291e+03,6.798222557828938e+03,5.882352941176471e-01,14081074
6.801824288117060e+03,6.794551689286486e+03,1.764705882352941e+00,14081068
6.803502516412803e+03,6.796607865625902e+03,1.764705882352941e+00,14081072
6.803502516412803e+03,6.795083919064003e+03,1.764705882352941e+00,14081070
6.803588993999413e+03,6.800991390471803e+03,5.882352941176471e-01,14081075
6.805296048157360e+03,6.803297427250785e+03,5.882352941176471e-01,14081078
6.807060754039713e+03,6.804918080387433e+03,5.882352941176471e-01,14081080
6.807060754039713e+03,6.805062878849011e+03,5.882352941176471e-01,14081081
6.809063312809819e+03,6.805319747022322e+03,5.882352941176471e-01,14081082
6.810828018692172e+03,6.807476996593282e+03,5.882352941176471e-01,14081089
6.811138990602190e+03,6.802552159451550e+03,1.176470588235294e+00,14081077
6.812722832115366e+03,6.809581599326515e+03,5.882352941176471e-01,14081090
6.812903696484542e+03,6.801826489318542e+03,1.764705882352941e+00,14081076
6.814668402366895e+03,6.811088233773854e+03,1.176470588235294e+00,14081092
6.815681336402641e+03,6.813916630520289e+03,5.882352941176471e-01,14081094
6.816252243880072e+03,6.812624851957883e+03,1.176470588235294e+00,14081093
6.816942624270525e+03,6.815177918388172e+03,5.882352941176471e-01,14081095
6.817446042284994e+03,6.815561445534092e+03,5.882352941176471e-01,14081096
6.821233810688774e+03,6.818469096567228e+03,5.882352941176471e-01,14081100
6.821546361527131e+03,6.816215056083778e+03,1.764705882352941e+00,14081097
6.822998516571127e+03,6.819996881101151e+03,5.882352941176471e-01,14081102
6.824763222453480e+03,6.822557339362905e+03,5.882352941176471e-01,14081103
6.825153299497231e+03,6.818172002173213e+03,1.764705882352941e+00,14081099
6.825153299497231e+03,6.817704398924068e+03,1.764705882352941e+00,14081098
6.828682711261937e+03,6.819644452060600e+03,1.764705882352941e+00,14081101
6.830057340100539e+03,6.824115151157648e+03,1.764705882352941e+00,14081104
6.830447417144290e+03,6.824764585373539e+03,1.764705882352941e+00,14081105
6.832017084504767e+03,6.829295996330462e+03,5.882352941176471e-01,14081107
6.832606298562777e+03,6.830562276999164e+03,5.882352941176471e-01,14081109
6.833781790387120e+03,6.831752742636350e+03,5.882352941176471e-01,14081110
6.835841103298478e+03,6.829827265848138e+03,1.764705882352941e+00,14081108
6.835841103298478e+03,6.829076886798071e+03,1.764705882352941e+00,14081106
6.839370515063184e+03,6.837584590693786e+03,5.882352941176470e-01,14081114
6.839370515063184e+03,6.832868492623512e+03,1.764705882352941e+00,14081111
6.840840613916532e+03,6.834706775544943e+03,1.764705882352941e+00,14081112
6.841135220945537e+03,6.838751703706977e+03,5.882352941176471e-01,14081115
6.842605319798885e+03,6.839745054386006e+03,5.882352941176471e-01,14081116
6.842899926827890e+03,6.840883210776098e+03,5.882352941176470e-01,14081117
6.842899926827890e+03,6.835828967832983e+03,1.764705882352941e+00,14081113
6.844407812019092e+03,6.841196132760186e+03,5.882352941176471e-01,14081118
6.844664632710243e+03,6.842661999305666e+03,5.882352941176471e-01,14081121
6.845415859333203e+03,6.843651153450850e+03,5.882352941176471e-01,14081122
6.846429338592596e+03,6.844518409563218e+03,5.882352941176471e-01,14081125
6.849399898829411e+03,6.847307929638235e+03,5.882352941176471e-01,14081130
6.851164604711764e+03,6.848209656796582e+03,5.882352941176471e-01,14081133
6.852728334868373e+03,6.843943185208109e+03,1.176470588235294e+00,14081123
6.854493040750726e+03,6.851403518136931e+03,5.882352941176470e-01,14081135
6.854493040750726e+03,6.845159002138657e+03,1.764705882352941e+00,14081127
6.854493040750726e+03,6.845156136405771e+03,1.764705882352941e+00,14081126
6.856257746633079e+03,6.853122012646553e+03,5.882352941176471e-01,14081138
6.858022452515432e+03,6.853184083784122e+03,1.176470588235294e+00,14081139
6.859787158397785e+03,6.854421731941278e+03,1.764705882352941e+00,14081140
6.859787158397785e+03,6.848832910501225e+03,1.764705882352941e+00,14081134
6.861569045808673e+03,6.858840876813639e+03,5.882352941176471e-01,14081145
6.863333751691026e+03,6.859945563776146e+03,5.882352941176471e-01,14081147
6.865472917649946e+03,6.858091178629572e+03,1.764705882352941e+00,14081143
6.865472917649946e+03,6.856668191743864e+03,1.764705882352941e+00,14081141
6.867123206564275e+03,6.864336749417989e+03,5.882352941176471e-01,14081150
6.868945120930639e+03,6.865826503595044e+03,5.882352941176471e-01,14081154
6.868945120930639e+03,6.865928396731439e+03,5.882352941176471e-01,14081155
6.869002329414651e+03,6.862692426038373e+03,1.764705882352941e+00,14081148
6.870709826812992e+03,6.867823526256253e+03,5.882352941176471e-01,14081156
6.870848393573736e+03,6.869083687691383e+03,5.882352941176471e-01,14081157
6.872474532695345e+03,6.865394907217051e+03,1.764705882352941e+00,14081153
6.874486525488181e+03,6.872721819605828e+03,5.882352941176471e-01,14081158
6.877545588622071e+03,6.875780882739719e+03,5.882352941176471e-01,14081161
6.878745548120935e+03,6.875216136356230e+03,1.176470588235294e+00,14081159
6.879310294504424e+03,6.877313930262947e+03,5.882352941176471e-01,14081162
6.880513993736269e+03,6.877592505122312e+03,5.882352941176471e-01,14081163
6.880517733469250e+03,6.875223615822191e+03,1.764705882352941e+00,14081160
6.884848156443263e+03,6.879554038796204e+03,1.764705882352941e+00,14081165
6.886612862325616e+03,6.884746470879053e+03,5.882352941176471e-01,14081174
6.887019375859577e+03,6.884996465612646e+03,5.882352941176471e-01,14081175
6.889186083601910e+03,6.887421377719557e+03,5.882352941176471e-01,14081176
6.889802726003224e+03,6.881741310336091e+03,1.764705882352941e+00,14081167
6.889802726003224e+03,6.881644997594650e+03,1.764705882352941e+00,14081166
6.890982147087815e+03,6.887522476247202e+03,5.882352941176471e-01,14081177
6.892746852970168e+03,6.890691633923439e+03,5.882352941176471e-01,14081182
6.893628440408002e+03,6.891568613301519e+03,5.882352941176471e-01,14081183
6.895521736552850e+03,6.893757030670497e+03,5.882352941176471e-01,14081184
6.895834705512614e+03,6.889377324151591e+03,1.764705882352941e+00,14081180
6.895834705512614e+03,6.889248798809014e+03,1.764705882352941e+00,14081179
6.897536817603014e+03,6.894289230205377e+03,5.882352941176471e-01,14081185
6.897536817603014e+03,6.894548283376951e+03,5.882352941176471e-01,14081187
6.899301523485367e+03,6.896884562766795e+03,5.882352941176471e-01,14081191
6.899301523485367e+03,6.896554098607761e+03,5.882352941176471e-01,14081190
6.901066229367720e+03,6.894509030965129e+03,1.764705882352941e+00,14081186
6.901251970279977e+03,6.899248606893651e+03,5.882352941176471e-01,14081193
6.902830935250073e+03,6.899858746222138e+03,5.882352941176471e-01,14081195
6.903016676162330e+03,6.898946312058460e+03,1.176470588235294e+00,14081192
6.904688511588554e+03,6.902696086442850e+03,5.882352941176471e-01,14081198
6.904688511588554e+03,6.902140214764301e+03,5.882352941176471e-01,14081197
6.906484174289617e+03,6.903999292093670e+03,5.882352941176471e-01,14081199
6.906484174289617e+03,6.904143081564314e+03,5.882352941176471e-01,14081200
6.906546087927036e+03,6.901250804023067e+03,1.764705882352941e+00,14081196
6.911778291936676e+03,6.906319816621529e+03,1.764705882352941e+00,14081202
6.911952305124545e+03,6.910061019578539e+03,5.882352941176471e-01,14081206
6.913815593846410e+03,6.912050887964057e+03,5.882352941176471e-01,14081209
6.917188418375647e+03,6.908340880620754e+03,1.764705882352941e+00,14081203
6.917188418375647e+03,6.908504906098923e+03,1.764705882352941e+00,14081204
6.917188418375647e+03,6.908872465353405e+03,1.764705882352941e+00,14081205
6.919113565605224e+03,6.915120630256569e+03,5.882352941176471e-01,14081210
6.919113565605224e+03,6.915279400403674e+03,5.882352941176471e-01,14081211
6.919113565605224e+03,6.915446215798793e+03,5.882352941176471e-01,14081212
6.920878271487577e+03,6.919000948481199e+03,5.882352941176471e-01,14081215
6.920878271487577e+03,6.917830183764545e+03,5.882352941176471e-01,14081214
6.921205570473648e+03,6.910798691541999e+03,1.176470588235294e+00,14081207
6.922642977369930e+03,6.920770432037966e+03,5.882352941176471e-01,14081217
6.925201461755909e+03,6.923321748328165e+03,5.882352941176471e-01,14081221
6.926120203522069e+03,6.919768163577366e+03,1.176470588235294e+00,14081216
6.926718970007909e+03,6.922350338698535e+03,1.176470588235294e+00,14081219
6.927884909404422e+03,6.925619842776100e+03,5.882352941176471e-01,14081222
6.928483675890262e+03,6.921672049991203e+03,1.764705882352941e+00,14081218
6.929563266365950e+03,6.927798560483597e+03,5.882352941176471e-01,14081223
6.930788177010459e+03,6.928315746538559e+03,5.882352941176471e-01,14081226
6.931495439608879e+03,6.929730733726526e+03,5.882352941176471e-01,14081227
6.932552882892812e+03,6.928058067533512e+03,1.176470588235294e+00,14081225
6.934236470335414e+03,6.927843309022937e+03,1.764705882352941e+00,14081224
6.936818743483703e+03,6.935054037601350e+03,5.882352941176471e-01,14081228
6.939080798268920e+03,6.937316092386567e+03,5.882352941176471e-01,14081230
6.941116280048707e+03,6.935822162401648e+03,1.764705882352941e+00,14081229
6.942628578581570e+03,6.939392304066832e+03,5.882352941176471e-01,14081235
6.942796850147896e+03,6.937343645208483e+03,1.176470588235294e+00,14081231
6.944393284463922e+03,6.942419596326102e+03,5.882352941176471e-01,14081236
6.944561556030249e+03,6.937773578202989e+03,1.764705882352941e+00,14081232
6.948123415061103e+03,6.942829297414045e+03,1.764705882352941e+00,14081237
6.949771537894145e+03,6.943481480679928e+03,1.764705882352941e+00,14081239
6.949771537894145e+03,6.942977574460985e+03,1.764705882352941e+00,14081238
6.953417532708162e+03,6.947612876576331e+03,1.764705882352941e+00,14081240
6.953914069640901e+03,6.952149363758548e+03,5.882352941176471e-01,14081241
6.955182238590515e+03,6.952798059041024e+03,5.882352941176471e-01,14081243
6.956147515501101e+03,6.954382809618748e+03,5.882352941176471e-01,14081244
6.957507922405463e+03,6.955743216523110e+03,5.882352941176471e-01,14081245
6.958004987211560e+03,6.952710869564502e+03,1.764705882352941e+00,14081242
6.960277661825205e+03,6.958512955942852e+03,5.882352941176471e-01,14081247
6.962164023224292e+03,6.956869905577233e+03,1.764705882352941e+00,14081246
6.963808826853934e+03,6.962044120971581e+03,5.882352941176471e-01,14081249
6.966070210601273e+03,6.960776092954215e+03,1.764705882352941e+00,14081248
6.967401575211694e+03,6.964245493476560e+03,5.882352941176471e-01,14081252
6.967505906425100e+03,6.965641559231282e+03,5.882352941176471e-01,14081254
6.969166281094047e+03,6.966485242446309e+03,5.882352941176471e-01,14081255
6.969584925992029e+03,6.967820220109676e+03,5.882352941176471e-01,14081256
6.969807138288497e+03,6.963867473545047e+03,1.764705882352941e+00,14081250
6.970930986976400e+03,6.968331537411828e+03,5.882352941176471e-01,14081257
6.971455982748198e+03,6.969691276865845e+03,5.882352941176471e-01,14081258
6.975355031738823e+03,6.973590325856470e+03,5.882352941176471e-01,14081261
6.975566829011070e+03,6.972037417246364e+03,1.176470588235294e+00,14081260
6.976418977653697e+03,6.971124860006638e+03,1.764705882352941e+00,14081259
6.979039451663817e+03,6.976935577544424e+03,5.882352941176471e-01,14081267
6.979039451663817e+03,6.976845722257932e+03,5.882352941176471e-01,14081266
6.980804157546170e+03,6.978900600219236e+03,5.882352941176471e-01,14081272
6.980804157546170e+03,6.978851982049982e+03,5.882352941176471e-01,14081271
6.982583156058110e+03,6.980818450175757e+03,5.882352941176471e-01,14081274
6.983823836770888e+03,6.981227514150062e+03,5.882352941176471e-01,14081276
6.984347861940463e+03,6.982212849668308e+03,5.882352941176471e-01,14081277
6.985271226160253e+03,6.973968041740305e+03,1.176470588235294e+00,14081262
6.986112567822816e+03,6.984191818694735e+03,5.882352941176471e-01,14081278
6.987035932042606e+03,6.974187825887408e+03,1.764705882352941e+00,14081263
6.987185252561779e+03,6.985420546679426e+03,5.882352941176471e-01,14081279
6.988182893978660e+03,6.980157714254055e+03,1.176470588235294e+00,14081273
6.988800637924958e+03,6.986873128888971e+03,5.882352941176471e-01,14081280
6.991913815177518e+03,6.990149109295165e+03,5.882352941176471e-01,14081281
6.993316051370130e+03,6.991551345487777e+03,5.882352941176471e-01,14081282
6.993574420801055e+03,6.991809714918702e+03,5.882352941176471e-01,14081283
6.995600445143899e+03,6.993835739261546e+03,5.882352941176471e-01,14081285
6.998076322378116e+03,6.992782204731057e+03,1.764705882352941e+00,14081284
7.001577857062509e+03,6.999813151180156e+03,5.882352941176471e-01,14081286
7.002901176448678e+03,7.001136470566325e+03,5.882352941176471e-01,14081287
7.003969192953694e+03,7.002204487071341e+03,5.882352941176471e-01,14081288
7.009593744387504e+03,7.007829038505151e+03,5.882352941176471e-01,14081291
7.011027546958520e+03,7.005733429311461e+03,1.764705882352941e+00,14081289
7.011548407992216e+03,7.006254290345157e+03,1.764705882352941e+00,14081290
7.012792252840873e+03,7.009717686958453e+03,5.882352941176471e-01,14081293
7.013331304643745e+03,7.011566598761392e+03,5.882352941176471e-01,14081295
7.014556958723226e+03,7.011620201357669e+03,5.882352941176471e-01,14081296
7.014963712394785e+03,7.008595731553358e+03,1.176470588235294e+00,14081292
7.015001969396700e+03,7.013237263514347e+03,5.882352941176471e-01,14081297
7.016728418277138e+03,7.014778959987869e+03,5.882352941176471e-01,14081298
7.018086370487931e+03,7.011169130876459e+03,1.764705882352941e+00,14081294
7.021737414076957e+03,7.019972708194604e+03,5.882352941176471e-01,14081301
7.022198184117794e+03,7.016904066470735e+03,1.764705882352941e+00,14081299
7.022798375908051e+03,7.017504258260992e+03,1.764705882352941e+00,14081300
7.024563081790404e+03,7.022634063729161e+03,5.882352941176471e-01,14081304
7.025912499267419e+03,7.023224014523828e+03,5.882352941176471e-01,14081306
7.025912499267419e+03,7.023441696104146e+03,5.882352941176471e-01,14081307
7.029441911032125e+03,7.020412638808568e+03,1.764705882352941e+00,14081302
7.029441911032125e+03,7.021587120834843e+03,1.764705882352941e+00,14081303
7.029441911032125e+03,7.023141648619519e+03,1.764705882352941e+00,14081305
7.031255317435785e+03,7.029490611553432e+03,5.882352941176471e-01,14081311
7.032995673057484e+03,7.029813027238989e+03,5.882352941176471e-01,14081312
7.032995673057484e+03,7.030301113441617e+03,5.882352941176471e-01,14081313
7.032995673057484e+03,7.030762088993457e+03,5.882352941176471e-01,14081314
7.036610699772445e+03,7.034706370572241e+03,5.882352941176471e-01,14081322
7.038690819541560e+03,7.026993191685108e+03,1.176470588235294e+00,14081310
7.040356664303579e+03,7.033209710433122e+03,1.176470588235294e+00,14081321
7.040356664303579e+03,7.035377960543282e+03,1.176470588235294e+00,14081323
7.040455525423913e+03,7.026499851958847e+03,1.764705882352941e+00,14081309
7.042121370185932e+03,7.038895838443539e+03,5.882352941176471e-01,14081325
7.045650781950638e+03,7.039698270048544e+03,1.764705882352941e+00,14081326
7.047231607657882e+03,7.045246974327406e+03,5.882352941176471e-01,14081330
7.047231607657882e+03,7.045073381595404e+03,5.882352941176471e-01,14081329
7.049596536629607e+03,7.043518315718068e+03,1.764705882352941e+00,14081327
7.050761019422588e+03,7.047377962302793e+03,5.882352941176471e-01,14081333
7.051663957554723e+03,7.049204845423287e+03,5.882352941176471e-01,14081335
7.052525725304941e+03,7.050201966715133e+03,5.882352941176471e-01,14081337
7.054892389942050e+03,7.047101634676476e+03,1.764705882352941e+00,14081332
7.054892389942050e+03,7.046376328884293e+03,1.764705882352941e+00,14081331
7.056422212817618e+03,7.054412091449569e+03,5.882352941176471e-01,14081339
7.056657095824403e+03,7.054684067414651e+03,5.882352941176471e-01,14081341
7.058343507371161e+03,7.055706020801578e+03,5.882352941176471e-01,14081342
7.058421801706756e+03,7.052866240573527e+03,1.764705882352941e+00,14081338
7.060108213253514e+03,7.058122341692102e+03,5.882352941176471e-01,14081346
7.060108213253514e+03,7.057104781735001e+03,5.882352941176471e-01,14081345
7.061872919135867e+03,7.059026829723500e+03,5.882352941176471e-01,14081349
7.061951213471462e+03,7.056133573022822e+03,1.764705882352941e+00,14081343
7.063637625018220e+03,7.061265193732519e+03,5.882352941176471e-01,14081350
7.065402330900573e+03,7.063503941041351e+03,5.882352941176471e-01,14081352
7.065480625236168e+03,7.059016429838182e+03,1.764705882352941e+00,14081348
7.067167036782926e+03,7.061733837535973e+03,1.176470588235294e+00,14081351
7.067167036782926e+03,7.064143550280774e+03,5.882352941176471e-01,14081354
7.069010037000874e+03,7.063712871225355e+03,1.764705882352941e+00,14081353
7.070905710912440e+03,7.069141005030087e+03,5.882352941176471e-01,14081355
7.072725166957463e+03,7.070960461075111e+03,5.882352941176471e-01,14081356
7.073334396463227e+03,7.071569690580874e+03,5.882352941176471e-01,14081357
7.074226243006539e+03,7.072461537124186e+03,5.882352941176471e-01,14081358
7.076020869614183e+03,7.074256163731830e+03,5.882352941176471e-01,14081360
7.078031259931843e+03,7.074501848167138e+03,1.176470588235294e+00,14081361
7.078453942347319e+03,7.076689236464966e+03,5.882352941176471e-01,14081362
7.078873069901063e+03,7.073578952254004e+03,1.764705882352941e+00,14081359
7.080238836788313e+03,7.078474130905960e+03,5.882352941176471e-01,14081363
7.081715375407497e+03,7.079950669525144e+03,5.882352941176471e-01,14081365
7.082003542670666e+03,7.080148794678278e+03,5.882352941176471e-01,14081366
7.084678087645085e+03,7.082705496468568e+03,5.882352941176471e-01,14081369
7.085244787172203e+03,7.079383969998027e+03,1.764705882352941e+00,14081364
7.086726143290997e+03,7.082094402862110e+03,1.176470588235294e+00,14081368
7.088490849173350e+03,7.080842751530401e+03,1.764705882352941e+00,14081367
7.090255555055703e+03,7.083679818171148e+03,1.176470588235294e+00,14081370
7.092020260938056e+03,7.085433574732984e+03,1.764705882352941e+00,14081371
7.093233802488318e+03,7.087313936617002e+03,1.764705882352941e+00,14081373
7.093233802488318e+03,7.085932214552373e+03,1.764705882352941e+00,14081372
7.093900594150405e+03,7.090519386249466e+03,5.882352941176471e-01,14081374
7.098527920135377e+03,7.092193701933051e+03,1.764705882352941e+00,14081377
7.100466439784250e+03,7.098701733901897e+03,5.882352941176471e-01,14081379
7.103256083459370e+03,7.097961965812311e+03,1.764705882352941e+00,14081378
7.104092821626753e+03,7.102328115744400e+03,5.882352941176471e-01,14081380
7.106552909275468e+03,7.104788203393115e+03,5.882352941176471e-01,14081383
7.108013578231904e+03,7.102719460584845e+03,1.764705882352941e+00,14081381
7.108782455707973e+03,7.106494701579853e+03,5.882352941176471e-01,14081386
7.111880957305961e+03,7.103953178611066e+03,1.764705882352941e+00,14081382
7.112311867472679e+03,7.106234437837766e+03,1.764705882352941e+00,14081385
7.113024131147634e+03,7.109646924990430e+03,5.882352941176471e-01,14081388
7.113645663188314e+03,7.111615557102758e+03,5.882352941176471e-01,14081391
7.115841279237384e+03,7.108689512850607e+03,1.764705882352941e+00,14081387
7.117022194653331e+03,7.115257488770978e+03,5.882352941176471e-01,14081393
7.120243660495743e+03,7.114949542848684e+03,1.764705882352941e+00,14081392
7.121396482633027e+03,7.116102364985968e+03,1.764705882352941e+00,14081394
7.122280569633474e+03,7.120400609268155e+03,5.882352941176471e-01,14081397
7.123773072260448e+03,7.120032750817760e+03,1.176470588235294e+00,14081396
7.124389191251279e+03,7.122624485368926e+03,5.882352941176471e-01,14081398
7.124925894397733e+03,7.118751157868768e+03,1.764705882352941e+00,14081395
7.125845837638217e+03,7.123527343469876e+03,5.882352941176471e-01,14081400
7.126690600280086e+03,7.124394451056117e+03,5.882352941176471e-01,14081401
7.127791906874345e+03,7.126027200991992e+03,5.882352941176471e-01,14081402
7.128534537095198e+03,7.126769831212845e+03,5.882352941176471e-01,14081403
7.129375249402923e+03,7.123124582194597e+03,1.764705882352941e+00,14081399
7.129602173322526e+03,7.126984864217815e+03,5.882352941176471e-01,14081404
7.130719599131413e+03,7.128288791142657e+03,5.882352941176471e-01,14081407
7.130719599131413e+03,7.127883028006001e+03,5.882352941176471e-01,14081406
7.131366879204879e+03,7.129512606211642e+03,5.882352941176471e-01,14081408
7.134923816286670e+03,7.133159110404317e+03,5.882352941176471e-01,14081410
7.136013716778472e+03,7.130395933724196e+03,1.764705882352941e+00,14081409
7.136606879013156e+03,7.134842173130803e+03,5.882352941176471e-01,14081411
7.139818697159119e+03,7.138053991276766e+03,5.882352941176471e-01,14081413
7.141418084110518e+03,7.137888672345812e+03,1.176470588235294e+00,14081412
7.145246589202320e+03,7.143481883319967e+03,5.882352941176471e-01,14081414
7.146947994467450e+03,7.145183288585097e+03,5.882352941176471e-01,14081415
7.148550711999221e+03,7.146786006116868e+03,5.882352941176471e-01,14081416
7.150279913639782e+03,7.148515207757429e+03,5.882352941176471e-01,14081417
7.150707932281124e+03,7.148943226398771e+03,5.882352941176471e-01,14081418
7.151004188199598e+03,7.149239482317245e+03,5.882352941176471e-01,14081419
7.152614305418165e+03,7.150849599535812e+03,5.882352941176471e-01,14081420
7.156485663738333e+03,7.151191546091274e+03,1.764705882352941e+00,14081421
7.158144680924345e+03,7.152451614351198e+03,1.764705882352941e+00,14081422
7.159776403831335e+03,7.154845754453427e+03,1.176470588235294e+00,14081425
7.160015075503039e+03,7.153627965730503e+03,1.764705882352941e+00,14081424
7.160436414108404e+03,7.158671708226051e+03,5.882352941176471e-01,14081428
7.161700224161491e+03,7.158988864211827e+03,5.882352941176471e-01,14081430
7.163117236204984e+03,7.161352530322631e+03,5.882352941176471e-01,14081432
7.163464930043844e+03,7.158905334434819e+03,1.176470588235294e+00,14081429
7.164075851640126e+03,7.162311145757773e+03,5.882352941176471e-01,14081433
7.173219806140798e+03,7.167925688493739e+03,1.764705882352941e+00,14081434
7.173902938021385e+03,7.172138232139032e+03,5.882352941176471e-01,14081435
7.175264705737335e+03,7.173499999854982e+03,5.882352941176471e-01,14081436
7.177444010720089e+03,7.175679304837736e+03,5.882352941176471e-01,14081437
7.178547262074551e+03,7.176782556192198e+03,5.882352941176471e-01,14081438
7.178618453896438e+03,7.176853748014085e+03,5.882352941176471e-01,14081439
7.180347563867847e+03,7.177964683929193e+03,5.882352941176471e-01,14081441
7.182738128367148e+03,7.176948738741398e+03,1.764705882352941e+00,14081440
7.183876975632553e+03,7.178220857933208e+03,1.764705882352941e+00,14081442
7.184663906904730e+03,7.182899201022377e+03,5.882352941176471e-01,14081443
7.186689548482522e+03,7.183160136717816e+03,1.176470588235294e+00,14081444
7.188193318669436e+03,7.184644326927735e+03,1.176470588235294e+00,14081446
7.189171093279612e+03,7.183316261421924e+03,1.764705882352941e+00,14081445
7.190462373850226e+03,7.188697667967873e+03,5.882352941176471e-01,14081447
7.191624036969673e+03,7.189859331087320e+03,5.882352941176471e-01,14081448
7.195243032221199e+03,7.193478050668983e+03,5.882352941176471e-01,14081452
7.195826614830552e+03,7.191713620456493e+03,1.176470588235294e+00,14081450
7.196365455832230e+03,7.191071338185172e+03,1.764705882352941e+00,14081449
7.197591320712905e+03,7.195784874530822e+03,5.882352941176471e-01,14081455
7.199356026595257e+03,7.194225026855105e+03,1.176470588235294e+00,14081453
7.202500806776160e+03,7.196017999599793e+03,1.764705882352941e+00,14081457
7.202500806776160e+03,7.195888719781599e+03,1.764705882352941e+00,14081456
7.204137302130578e+03,7.201851752131609e+03,5.882352941176471e-01,14081462
7.206030218540865e+03,7.199369773984865e+03,1.764705882352941e+00,14081459
7.206030218540865e+03,7.198188492998736e+03,1.764705882352941e+00,14081458
7.208312548817667e+03,7.206547842935314e+03,5.882352941176471e-01,14081463
7.210329328100937e+03,7.206799916336231e+03,1.176470588235294e+00,14081464
7.212141604712304e+03,7.210376898829951e+03,5.882352941176471e-01,14081465
7.213040667335699e+03,7.211275961453346e+03,5.882352941176471e-01,14081467
7.213906310594657e+03,7.211872244216979e+03,5.882352941176471e-01,14081468
7.216570079100405e+03,7.211108656633573e+03,1.764705882352941e+00,14081466
7.218167480162985e+03,7.212770981308535e+03,1.764705882352941e+00,14081469
7.219985493665591e+03,7.217205997582872e+03,5.882352941176471e-01,14081474
7.219985493665591e+03,7.216938658037178e+03,5.882352941176471e-01,14081473
7.220205001090906e+03,7.218440295208553e+03,5.882352941176471e-01,14081475
7.221750199547944e+03,7.219887729079181e+03,5.882352941176471e-01,14081477
7.223514905430297e+03,7.221545102412701e+03,5.882352941176471e-01,14081479
7.223954168904098e+03,7.214683994059518e+03,1.764705882352941e+00,14081470
7.225279611312650e+03,7.223058125383055e+03,5.882352941176471e-01,14081480
7.225499243049550e+03,7.220617735066166e+03,1.176470588235294e+00,14081478
7.225499243049550e+03,7.218700081254066e+03,1.176470588235294e+00,14081476
7.227044317195003e+03,7.224413078886585e+03,5.882352941176471e-01,14081481
7.227356410032532e+03,7.225591704150179e+03,5.882352941176471e-01,14081482
7.229748073871402e+03,7.226218662106696e+03,1.176470588235294e+00,14081483
7.230950188657137e+03,7.229185482774784e+03,5.882352941176471e-01,14081484
7.231184394853672e+03,7.229419688971319e+03,5.882352941176471e-01,14081485
7.231512779753755e+03,7.229526443880882e+03,5.882352941176471e-01,14081486
7.232831997637757e+03,7.230644916175234e+03,5.882352941176471e-01,14081488
7.232831997637757e+03,7.229875576396827e+03,5.882352941176471e-01,14081487
7.233277485636108e+03,7.231255639334410e+03,5.882352941176471e-01,14081489
7.237173291488490e+03,7.235408585606137e+03,5.882352941176471e-01,14081495
7.238126115284816e+03,7.235465576977494e+03,5.882352941176471e-01,14081496
7.240309944528628e+03,7.232323317454938e+03,1.764705882352941e+00,14081491
7.240309944528628e+03,7.232051481913365e+03,1.764705882352941e+00,14081490
7.241865088730251e+03,7.233660275518511e+03,1.764705882352941e+00,14081493
7.245105046653142e+03,7.243340340770789e+03,5.882352941176471e-01,14081499
7.246005022308507e+03,7.240710904661448e+03,1.764705882352941e+00,14081497
7.246503677324815e+03,7.241209559677756e+03,1.764705882352941e+00,14081498
7.246911186573369e+03,7.244071905447015e+03,5.882352941176471e-01,14081500
7.248019055699014e+03,7.245767844424144e+03,5.882352941176471e-01,14081503
7.248019055699014e+03,7.245187914728891e+03,5.882352941176471e-01,14081502
7.252825901119525e+03,7.251061195237172e+03,5.882352941176471e-01,14081506
7.255550439074173e+03,7.250256321427114e+03,1.764705882352941e+00,14081504
7.255756868817944e+03,7.250462751170885e+03,1.764705882352941e+00,14081505
7.257319007578965e+03,7.255554301696612e+03,5.882352941176471e-01,14081507
7.257333376724394e+03,7.255568670842041e+03,5.882352941176471e-01,14081508
7.264528176675955e+03,7.262763470793602e+03,5.882352941176471e-01,14081511
7.266292882558308e+03,7.263865385262400e+03,5.882352941176471e-01,14081513
7.267036296120121e+03,7.261595275208201e+03,1.764705882352941e+00,14081509
7.270187431331343e+03,7.263493744810260e+03,1.764705882352941e+00,14081512
7.270187431331343e+03,7.261875942192768e+03,1.764705882352941e+00,14081510
7.270575405780971e+03,7.267528511237378e+03,5.882352941176471e-01,14081516
7.272340111663324e+03,7.267045994016265e+03,1.176470588235294e+00,14081515
7.273707145199904e+03,7.264922474563602e+03,1.764705882352941e+00,14081514
7.275573693642736e+03,7.273290634557766e+03,5.882352941176471e-01,14081520
7.276784111751132e+03,7.271111195583572e+03,1.176470588235294e+00,14081518
7.276784111751132e+03,7.271354446068007e+03,1.176470588235294e+00,14081519
7.278548817633484e+03,7.276017840168932e+03,5.882352941176470e-01,14081522
7.278548817633484e+03,7.269009219921428e+03,1.764705882352941e+00,14081517
7.280313523515837e+03,7.273465613022625e+03,1.764705882352941e+00,14081521
7.280858133726502e+03,7.279093427844149e+03,5.882352941176471e-01,14081523
7.282078229398190e+03,7.280022095803729e+03,5.882352941176471e-01,14081525
7.283842935280543e+03,7.281442024445749e+03,5.882352941176471e-01,14081527
7.284775437998250e+03,7.279481320351191e+03,1.764705882352941e+00,14081524
7.286152251373560e+03,7.280726918182811e+03,1.764705882352941e+00,14081526
7.287963287607237e+03,7.284433875842531e+03,1.176470588235294e+00,14081528
7.288299935819108e+03,7.286535229936755e+03,5.882352941176471e-01,14081529
7.289727993489590e+03,7.287451063535080e+03,5.882352941176471e-01,14081531
7.290393479322779e+03,7.288628773440426e+03,5.882352941176471e-01,14081532
7.291994320769441e+03,7.286700203122382e+03,1.764705882352941e+00,14081530
7.293411128516341e+03,7.291133660016927e+03,5.882352941176471e-01,14081535
7.294105667233196e+03,7.291800145896034e+03,5.882352941176471e-01,14081537
7.295175834398694e+03,7.292995098911610e+03,5.882352941176471e-01,14081539
7.295870373115549e+03,7.293537612782651e+03,5.882352941176471e-01,14081541
7.295870373115549e+03,7.293423335838353e+03,5.882352941176471e-01,14081540
7.296940540281047e+03,7.294865123698012e+03,5.882352941176471e-01,14081542
7.297635078997902e+03,7.295612202028383e+03,5.882352941176471e-01,14081543
7.298308598034207e+03,7.289288880411514e+03,1.176470588235294e+00,14081533
7.299399784880255e+03,7.297312333355728e+03,5.882352941176471e-01,14081545
7.300073303916560e+03,7.297675138978478e+03,5.882352941176471e-01,14081546
7.301164490762608e+03,7.299259036404095e+03,5.882352941176471e-01,14081547
7.302234657928106e+03,7.296880651670007e+03,1.764705882352941e+00,14081544
7.304096055866899e+03,7.301378676882594e+03,5.882352941176471e-01,14081550
7.304743016395565e+03,7.302869121567250e+03,5.882352941176471e-01,14081554
7.305860761749252e+03,7.303279892157176e+03,5.882352941176471e-01,14081555
7.306880304062480e+03,7.301146233318580e+03,1.176470588235294e+00,14081548
7.308645009944833e+03,7.302379696012767e+03,1.764705882352941e+00,14081553
7.308645009944833e+03,7.301280975943137e+03,1.764705882352941e+00,14081549
7.310409715827186e+03,7.307826423710047e+03,5.882352941176471e-01,14081557
7.312928186041222e+03,7.307634068394163e+03,1.764705882352941e+00,14081556
7.313482475692044e+03,7.311717769809691e+03,5.882352941176471e-01,14081558
7.316926196091600e+03,7.315161490209247e+03,5.882352941176471e-01,14081559
7.317250647792947e+03,7.315485941910594e+03,5.882352941176471e-01,14081560
7.318907203108185e+03,7.316209041886865e+03,5.882352941176471e-01,14081563
7.318907203108185e+03,7.316168608742957e+03,5.882352941176471e-01,14081562
7.321306987020327e+03,7.316012869373268e+03,1.764705882352941e+00,14081561
7.321994955261649e+03,7.320230249379296e+03,5.882352941176471e-01,14081566
7.323060253963667e+03,7.321167066571998e+03,5.882352941176471e-01,14081568
7.323060253963667e+03,7.320767926995909e+03,5.882352941176471e-01,14081567
7.324824959846020e+03,7.322634996824883e+03,5.882352941176471e-01,14081573
7.326589665728373e+03,7.319519403259949e+03,1.764705882352941e+00,14081565
7.327297796599217e+03,7.325533090716865e+03,5.882352941176471e-01,14081574
7.327769104081133e+03,7.321346980560765e+03,1.764705882352941e+00,14081569
7.329062502481570e+03,7.327285051301967e+03,5.882352941176471e-01,14081576
7.329533809963486e+03,7.327416770302396e+03,5.882352941176471e-01,14081577
7.330848510344362e+03,7.328944303037592e+03,5.882352941176471e-01,14081579
7.332378197643763e+03,7.330095368597788e+03,5.882352941176471e-01,14081582
7.332613216226715e+03,7.330689459652536e+03,5.882352941176471e-01,14081583
7.334142903526115e+03,7.331827906100937e+03,5.882352941176471e-01,14081585
7.335528949822358e+03,7.327084079996704e+03,1.176470588235294e+00,14081575
7.337293655704711e+03,7.328504780168239e+03,1.764705882352941e+00,14081578
7.338285214355505e+03,7.331439024203506e+03,1.764705882352941e+00,14081584
7.339058361587064e+03,7.335077386112122e+03,1.176470588235294e+00,14081587
7.340373749613915e+03,7.338609043731563e+03,5.882352941176471e-01,14081588
7.345590049358119e+03,7.343825343475766e+03,5.882352941176471e-01,14081589
7.346418409054759e+03,7.344653703172406e+03,5.882352941176471e-01,14081590
7.346504279377691e+03,7.344739573495338e+03,5.882352941176471e-01,14081591
7.351101000702810e+03,7.349336294820457e+03,5.882352941176471e-01,14081593
7.352865706585163e+03,7.350582316225173e+03,5.882352941176471e-01,14081595
7.353403847442938e+03,7.348109729795879e+03,1.764705882352941e+00,14081592
7.355471353678314e+03,7.350177236031255e+03,1.764705882352941e+00,14081594
7.357517722009957e+03,7.355753016127604e+03,5.882352941176471e-01,14081598
7.358386399565998e+03,7.353092281918939e+03,1.764705882352941e+00,14081596
7.359784066919391e+03,7.354489949272332e+03,1.764705882352941e+00,14081597
7.360229034145633e+03,7.357579308056528e+03,5.882352941176471e-01,14081600
7.361993740027986e+03,7.359853428900490e+03,5.882352941176471e-01,14081604
7.363758445910339e+03,7.361648809686570e+03,5.882352941176471e-01,14081605
7.364945625803128e+03,7.358542256960562e+03,1.764705882352941e+00,14081602
7.364945625803128e+03,7.357521647862248e+03,1.764705882352941e+00,14081599
7.365699638445363e+03,7.362478868003664e+03,5.882352941176471e-01,14081606
7.367464344327716e+03,7.365587560766806e+03,5.882352941176471e-01,14081610
7.368485964692959e+03,7.365710476027191e+03,5.882352941176471e-01,14081611
7.368737756021685e+03,7.366732185935731e+03,5.882352941176471e-01,14081613
7.369309216048451e+03,7.367544510166099e+03,5.882352941176471e-01,14081614
7.370250670575312e+03,7.368020112826456e+03,5.882352941176471e-01,14081615
7.372512814880583e+03,7.365208344256979e+03,1.764705882352941e+00,14081609
7.372512814880583e+03,7.364111419215681e+03,1.764705882352941e+00,14081608
7.374255587049163e+03,7.370984669817622e+03,5.882352941176471e-01,14081617
7.376042226645289e+03,7.370704241570684e+03,1.764705882352941e+00,14081616
7.376238127655675e+03,7.374473421773322e+03,5.882352941176471e-01,14081619
7.377784998813869e+03,7.371631662297790e+03,1.764705882352941e+00,14081618
7.377904883032835e+03,7.374960562745614e+03,5.882352941176471e-01,14081621
7.377904883032835e+03,7.374610766694219e+03,5.882352941176471e-01,14081620
7.379549704696222e+03,7.376797445920239e+03,5.882352941176471e-01,14081622
7.382171658613385e+03,7.380406952731032e+03,5.882352941176471e-01,14081625
7.383199000679894e+03,7.377857489388154e+03,1.764705882352941e+00,14081623
7.384419575384996e+03,7.379125457737937e+03,1.764705882352941e+00,14081624
7.384869566605150e+03,7.383104860722797e+03,5.882352941176471e-01,14081626
7.387634676492241e+03,7.384105264727536e+03,1.176470588235294e+00,14081627
7.389155696917676e+03,7.387390991035323e+03,5.882352941176471e-01,14081629
7.390851794388534e+03,7.385557676741475e+03,1.764705882352941e+00,14081628
7.391773440027807e+03,7.390008734145454e+03,5.882352941176471e-01,14081631
7.393578427276574e+03,7.391813721394221e+03,5.882352941176471e-01,14081632
7.393743386965644e+03,7.391978681083291e+03,5.882352941176471e-01,14081633
7.395002271837909e+03,7.389708154190850e+03,1.764705882352941e+00,14081630
7.395343133158927e+03,7.392025174667870e+03,5.882352941176471e-01,14081634
7.395675462155599e+03,7.393606901372395e+03,5.882352941176471e-01,14081635
7.396766977720262e+03,7.394078125580848e+03,5.882352941176471e-01,14081637
7.397107839041280e+03,7.395062455567520e+03,5.882352941176471e-01,14081638
7.397584874843014e+03,7.395820168960661e+03,5.882352941176471e-01,14081639
7.404569327584622e+03,7.399166213584230e+03,1.764705882352941e+00,14081641
7.404569327584622e+03,7.397944241299990e+03,1.764705882352941e+00,14081640
7.405668549148188e+03,7.399384206290897e+03,1.764705882352941e+00,14081642
7.406366145318479e+03,7.403167484018348e+03,5.882352941176471e-01,14081645
7.407956452158260e+03,7.404668733617894e+03,5.882352941176471e-01,14081649
7.407956452158260e+03,7.404633551287631e+03,5.882352941176471e-01,14081648
7.409895557083185e+03,7.402860141928945e+03,1.764705882352941e+00,14081644
7.412258088174198e+03,7.410493382291845e+03,5.882352941176471e-01,14081653
7.412573195350250e+03,7.410808489467897e+03,5.882352941176471e-01,14081654
7.413250569805318e+03,7.407613123801653e+03,1.764705882352941e+00,14081652
7.414180347644577e+03,7.411303660814245e+03,5.882352941176471e-01,14081656
7.415123393026298e+03,7.413358687143946e+03,5.882352941176471e-01,14081657
7.416977693318567e+03,7.414728001410641e+03,5.882352941176471e-01,14081659
7.417709759409282e+03,7.410919574401188e+03,1.764705882352941e+00,14081655
7.419474465291635e+03,7.417306638597971e+03,5.882352941176471e-01,14081663
7.421239171173988e+03,7.419130894568004e+03,5.882352941176471e-01,14081664
7.421755491069807e+03,7.415302581846130e+03,1.764705882352941e+00,14081661
7.421755491069807e+03,7.413389054245417e+03,1.764705882352941e+00,14081658
7.423003877056341e+03,7.420700135902317e+03,5.882352941176471e-01,14081665
7.424918892237042e+03,7.423154186354689e+03,5.882352941176471e-01,14081667
7.425284902834513e+03,7.416789243802071e+03,1.764705882352941e+00,14081662
7.426052774411884e+03,7.423154862015397e+03,5.882352941176471e-01,14081668
7.426683598119395e+03,7.424587428637777e+03,5.882352941176471e-01,14081669
7.428893998273823e+03,7.427129292391470e+03,5.882352941176471e-01,14081671
7.429582186176590e+03,7.422523362647178e+03,1.764705882352941e+00,14081666
7.430579020481572e+03,7.425239836735849e+03,1.764705882352941e+00,14081670
7.431346892058943e+03,7.429000084115268e+03,5.882352941176471e-01,14081673
7.432421629348547e+03,7.429962486211082e+03,5.882352941176471e-01,14081674
7.433111597941296e+03,7.431201605117618e+03,5.882352941176471e-01,14081676
7.434186335230900e+03,7.432049698877655e+03,5.882352941176471e-01,14081677
7.434876303823649e+03,7.432706499063867e+03,5.882352941176471e-01,14081679
7.436055771148017e+03,7.434291065265664e+03,5.882352941176471e-01,14081680
7.436376110163497e+03,7.430394616823460e+03,1.176470588235294e+00,14081675
7.436376110163497e+03,7.428970120568463e+03,1.176470588235294e+00,14081672
7.438034036374024e+03,7.435130837445313e+03,5.882352941176471e-01,14081681
7.438034036374024e+03,7.435808294658354e+03,5.882352941176471e-01,14081682
7.439798742256376e+03,7.437902257563799e+03,5.882352941176471e-01,14081684
7.441563448138729e+03,7.439105023275670e+03,5.882352941176470e-01,14081686
7.441563448138729e+03,7.435975157538582e+03,1.764705882352941e+00,14081683
7.443328154021082e+03,7.440288008663894e+03,5.882352941176471e-01,14081687
7.443435234415039e+03,7.438141116767980e+03,1.764705882352941e+00,14081685
7.445128553368088e+03,7.441724259741587e+03,5.882352941176471e-01,14081689
7.445128553368088e+03,7.442894818518532e+03,5.882352941176471e-01,14081690
7.445128553368088e+03,7.443133769952311e+03,5.882352941176471e-01,14081691
7.448657965132793e+03,7.441193934027489e+03,1.764705882352941e+00,14081688
7.450732029350822e+03,7.447973744798245e+03,5.882352941176471e-01,14081698
7.453942940856393e+03,7.445445648038223e+03,1.764705882352941e+00,14081692
7.453942940856393e+03,7.445928616549578e+03,1.764705882352941e+00,14081693
7.453942940856393e+03,7.446138354273665e+03,1.764705882352941e+00,14081694
7.455972549810344e+03,7.450816216241632e+03,5.882352941176471e-01,14081700
7.457737255692697e+03,7.455365531996560e+03,5.882352941176471e-01,14081707
7.457737255692697e+03,7.454472746999589e+03,5.882352941176471e-01,14081706
7.459534356041687e+03,7.456495360136751e+03,5.882352941176471e-01,14081708
7.459534356041687e+03,7.456743029775527e+03,5.882352941176471e-01,14081709
7.459850501792655e+03,7.448042050456731e+03,1.764705882352941e+00,14081699
7.462688300689251e+03,7.460923594806898e+03,5.882352941176471e-01,14081712
7.464828473688746e+03,7.457834439092610e+03,1.764705882352941e+00,14081711
7.465026076905602e+03,7.463261371023249e+03,5.882352941176471e-01,14081714
7.466388698808683e+03,7.463808818900527e+03,5.882352941176471e-01,14081715
7.466593179571099e+03,7.464676129832181e+03,5.882352941176471e-01,14081717
7.468153404691036e+03,7.465301932798348e+03,5.882352941176471e-01,14081718
7.468555488670308e+03,7.462807150138126e+03,1.764705882352941e+00,14081713
7.470018470575212e+03,7.468253764692859e+03,5.882352941176471e-01,14081720
7.471306559597755e+03,7.469385730247051e+03,5.882352941176471e-01,14081722
7.471783176457565e+03,7.469560374583488e+03,5.882352941176471e-01,14081723
7.472774588814276e+03,7.470362099684109e+03,5.882352941176471e-01,14081725
7.472774588814276e+03,7.470307092949605e+03,5.882352941176471e-01,14081724
7.475808294400627e+03,7.468948500383738e+03,1.764705882352941e+00,14081721
7.475808294400627e+03,7.467777147833049e+03,1.764705882352941e+00,14081719
7.478263074548784e+03,7.476498368666431e+03,5.882352941176471e-01,14081727
7.478278624723573e+03,7.474749212958867e+03,1.176470588235294e+00,14081726
7.480027780431137e+03,7.477508981940949e+03,5.882352941176471e-01,14081729
7.482588048793304e+03,7.480823342910951e+03,5.882352941176471e-01,14081730
7.482733704193564e+03,7.477439586546505e+03,1.764705882352941e+00,14081728
7.487785411467580e+03,7.482491293820522e+03,1.764705882352941e+00,14081731
7.490571066030971e+03,7.485276948383912e+03,1.764705882352941e+00,14081732
7.490728909892845e+03,7.488964204010492e+03,5.882352941176471e-01,14081733
7.493059875999545e+03,7.491295170117192e+03,5.882352941176471e-01,14081735
7.495844989536485e+03,7.494080283654132e+03,5.882352941176471e-01,14081736
7.496483549483560e+03,7.491189431836502e+03,1.764705882352941e+00,14081734
7.499553660569847e+03,7.497788954687494e+03,5.882352941176471e-01,14081737
7.499956201349011e+03,7.498191495466658e+03,5.882352941176471e-01,14081738
7.503649492488006e+03,7.501884786605653e+03,5.882352941176471e-01,14081741
7.505005778398963e+03,7.499711660751904e+03,1.764705882352941e+00,14081739
7.505378508256356e+03,7.503489638987600e+03,5.882352941176471e-01,14081743
7.507839202151189e+03,7.501813406377647e+03,1.176470588235294e+00,14081740
7.508955854330608e+03,7.507191148448255e+03,5.882352941176471e-01,14081746
7.509603908033542e+03,7.507544110700248e+03,5.882352941176470e-01,14081747
7.509603908033542e+03,7.501907551089076e+03,1.764705882352941e+00,14081742
7.513109352643475e+03,7.505359429453723e+03,1.764705882352941e+00,14081745
7.513109352643475e+03,7.504771264334369e+03,1.764705882352941e+00,14081744
7.514249971977667e+03,7.508246461255578e+03,1.764705882352941e+00,14081748
7.515135294729167e+03,7.510991878337375e+03,5.882352941176471e-01,14081750
7.515135294729167e+03,7.510905548579389e+03,5.882352941176471e-01,14081749
7.518222045118123e+03,7.515855091683956e+03,5.882352941176471e-01,14081756
7.519986751000476e+03,7.517402831677250e+03,5.882352941176471e-01,14081757
7.520764633086713e+03,7.513893061253493e+03,1.764705882352941e+00,14081752
7.521751456882829e+03,7.519977482618074e+03,5.882352941176471e-01,14081760
7.522929076117418e+03,7.515161662970654e+03,1.176470588235294e+00,14081755
7.523516162765182e+03,7.521730326927781e+03,5.882352941176471e-01,14081762
7.525280868647535e+03,7.523151936378533e+03,5.882352941176471e-01,14081766
7.525280868647535e+03,7.523116288627707e+03,5.882352941176471e-01,14081765
7.526552094137268e+03,7.524503121969400e+03,5.882352941176471e-01,14081767
7.527045574529888e+03,7.525118590131794e+03,5.882352941176471e-01,14081768
7.528645786948034e+03,7.521564107383417e+03,1.176470588235294e+00,14081761
7.528645786948034e+03,7.521980072483526e+03,1.176470588235294e+00,14081763
7.530410492830387e+03,7.519009917413320e+03,1.764705882352941e+00,14081759
7.532175198712740e+03,7.529431247670918e+03,5.882352941176470e-01,14081771
7.532175198712740e+03,7.525150196909102e+03,1.764705882352941e+00,14081769
7.535704610477446e+03,7.529697826954526e+03,1.764705882352941e+00,14081772
7.535704610477446e+03,7.527343377416324e+03,1.764705882352941e+00,14081770
7.536187808151120e+03,7.534423102268767e+03,5.882352941176471e-01,14081775
7.538593430985944e+03,7.536828725103591e+03,5.882352941176471e-01,14081776
7.539111379955162e+03,7.537346674072809e+03,5.882352941176471e-01,14081777
7.539183727060525e+03,7.537419021178172e+03,5.882352941176471e-01,14081778
7.540876085837515e+03,7.538742839651872e+03,5.882352941176471e-01,14081780
7.541147810975673e+03,7.539383105093320e+03,5.882352941176471e-01,14081781
7.542207198664729e+03,7.539783285882238e+03,5.882352941176471e-01,14081782
7.543585288051864e+03,7.541820582169511e+03,5.882352941176471e-01,14081783
7.544405497602220e+03,7.538677786900023e+03,1.764705882352941e+00,14081779
7.545997960264639e+03,7.543654059271679e+03,5.882352941176471e-01,14081787
7.547455875786735e+03,7.544964069980531e+03,5.882352941176471e-01,14081789
7.547934909366926e+03,7.542468548499933e+03,1.764705882352941e+00,14081784
7.549380259529152e+03,7.546578496057412e+03,5.882352941176471e-01,14081790
7.551293044192323e+03,7.544593276223397e+03,1.176470588235294e+00,14081788
7.553057750074675e+03,7.546790759954820e+03,1.764705882352941e+00,14081791
7.553057750074675e+03,7.542640206333392e+03,1.764705882352941e+00,14081785
7.553315523865730e+03,7.549972574652424e+03,5.882352941176471e-01,14081793
7.558351867721734e+03,7.552869198942464e+03,1.764705882352941e+00,14081796
7.558351867721734e+03,7.551808591774432e+03,1.764705882352941e+00,14081795
7.558697268457116e+03,7.553403150810057e+03,1.764705882352941e+00,14081797
7.560116573604087e+03,7.556618739556496e+03,5.882352941176471e-01,14081798
7.563645985368793e+03,7.557085045470468e+03,1.764705882352941e+00,14081799
7.566238706259272e+03,7.560944588612213e+03,1.764705882352941e+00,14081800
7.568735544561107e+03,7.566970838678754e+03,5.882352941176471e-01,14081803
7.571365191520339e+03,7.566071073873280e+03,1.764705882352941e+00,14081801
7.572248340359258e+03,7.566954222712199e+03,1.764705882352941e+00,14081802
7.572391362718400e+03,7.569599900129473e+03,5.882352941176471e-01,14081805
7.573129897402692e+03,7.570627933093986e+03,5.882352941176471e-01,14081806
7.575777752123964e+03,7.568861950953694e+03,1.764705882352941e+00,14081804
7.576748327456483e+03,7.574496267759908e+03,5.882352941176471e-01,14081809
7.577831791749203e+03,7.572537674102144e+03,1.764705882352941e+00,14081807
7.578910098613753e+03,7.576659647215119e+03,5.882352941176471e-01,14081812
7.578910098613753e+03,7.576274664182660e+03,5.882352941176471e-01,14081811
7.580701103584213e+03,7.578936397701860e+03,5.882352941176471e-01,14081815
7.581887207402130e+03,7.573218915691777e+03,1.176470588235294e+00,14081808
7.582697054593780e+03,7.580932348711427e+03,5.882352941176471e-01,14081816
7.583651913284483e+03,7.575561605357213e+03,1.764705882352941e+00,14081810
7.585705920199054e+03,7.578735469404016e+03,1.764705882352941e+00,14081814
7.585705920199054e+03,7.578071008733146e+03,1.764705882352941e+00,14081813
7.587356311051713e+03,7.584227512887043e+03,5.882352941176471e-01,14081818
7.589121016934066e+03,7.586369022523082e+03,5.882352941176471e-01,14081820
7.589235331963760e+03,7.583712584257313e+03,1.764705882352941e+00,14081817
7.590923827826317e+03,7.587595415838798e+03,5.882352941176471e-01,14081822
7.592967661270306e+03,7.584902623567472e+03,1.176470588235294e+00,14081819
7.594732367152659e+03,7.592040338072860e+03,5.882352941176470e-01,14081825
7.594732367152659e+03,7.587675388745755e+03,1.764705882352941e+00,14081823
7.594732367152659e+03,7.586393884691724e+03,1.764705882352941e+00,14081821
7.599636311935521e+03,7.597871606053168e+03,5.882352941176471e-01,14081828
7.599933941136479e+03,7.598169235254126e+03,5.882352941176471e-01,14081829
7.601083395249625e+03,7.598672924622905e+03,5.882352941176471e-01,14081830
7.603418812898690e+03,7.596359989369278e+03,1.764705882352941e+00,14081826
7.604612807014331e+03,7.597553983484919e+03,1.764705882352941e+00,14081827
7.606884952363780e+03,7.601345606286666e+03,1.764705882352941e+00,14081832
7.606884952363780e+03,7.599583478142263e+03,1.764705882352941e+00,14081831
7.608395938512585e+03,7.605136212238042e+03,5.882352941176471e-01,14081836
7.608395938512585e+03,7.604963579691331e+03,5.882352941176471e-01,14081835
7.610414364128486e+03,7.603940750019800e+03,1.764705882352941e+00,14081834
7.612241255756391e+03,7.610476549874038e+03,5.882352941176471e-01,14081838
7.613690056159643e+03,7.607856180934400e+03,1.764705882352941e+00,14081837
7.614384376195521e+03,7.612619670313168e+03,5.882352941176471e-01,14081840
7.616725113630934e+03,7.614268842520368e+03,5.882352941176471e-01,14081842
7.616725113630934e+03,7.614344503650194e+03,5.882352941176471e-01,14081843
7.617310414755665e+03,7.612016297108606e+03,1.764705882352941e+00,14081839
7.618611383399348e+03,7.616846677516996e+03,5.882352941176471e-01,14081845
7.619075120638018e+03,7.616942175010928e+03,5.882352941176471e-01,14081846
7.620376089281701e+03,7.618533752862214e+03,5.882352941176471e-01,14081847
7.621897667391932e+03,7.613771733419288e+03,1.764705882352941e+00,14081841
7.622441596283810e+03,7.620138274816991e+03,5.882352941176471e-01,14081851
7.622441596283810e+03,7.619350850639702e+03,5.882352941176471e-01,14081850
7.624984284913000e+03,7.623219579030647e+03,5.882352941176471e-01,14081852
7.625699043602577e+03,7.618681123647282e+03,1.764705882352941e+00,14081848
7.625699043602577e+03,7.615617901978207e+03,1.764705882352941e+00,14081844
7.626837730210611e+03,7.623578177730263e+03,5.882352941176471e-01,14081853
7.627801748098163e+03,7.625161763743517e+03,5.882352941176471e-01,14081855
7.628602436092964e+03,7.626713039442275e+03,5.882352941176471e-01,14081858
7.629566453980515e+03,7.627716993147776e+03,5.882352941176471e-01,14081860
7.629566453980515e+03,7.627222621813348e+03,5.882352941176471e-01,14081859
7.630367141975317e+03,7.625387367039049e+03,1.176470588235294e+00,14081856
7.631331159862868e+03,7.629433804217869e+03,5.882352941176471e-01,14081861
7.632237504286859e+03,7.630472798404506e+03,5.882352941176471e-01,14081863
7.635158236851040e+03,7.629864119203981e+03,1.764705882352941e+00,14081862
7.635539807063510e+03,7.633775101181157e+03,5.882352941176471e-01,14081864
7.636022166864371e+03,7.634257460982018e+03,5.882352941176471e-01,14081865
7.639188711973690e+03,7.637424006091337e+03,5.882352941176471e-01,14081867
7.639278800933491e+03,7.637514095051138e+03,5.882352941176471e-01,14081868
7.640452354498099e+03,7.634820207894334e+03,1.764705882352941e+00,14081866
7.641020984575894e+03,7.638308238814365e+03,5.882352941176471e-01,14081870
7.641020984575894e+03,7.637904362740371e+03,5.882352941176471e-01,14081869
7.642347673866068e+03,7.639880025979812e+03,5.882352941176471e-01,14081873
7.642785690458247e+03,7.640713581469332e+03,5.882352941176471e-01,14081875
7.642851307862777e+03,7.641086601980424e+03,5.882352941176471e-01,14081876
7.647032934655862e+03,7.645268228773509e+03,5.882352941176471e-01,14081877
7.647239862973828e+03,7.645475157091475e+03,5.882352941176471e-01,14081878
7.648468090593893e+03,7.646703384711540e+03,5.882352941176471e-01,14081879
7.649141001960804e+03,7.647376296078451e+03,5.882352941176471e-01,14081881
7.650232796476246e+03,7.647959523565183e+03,5.882352941176471e-01,14081882
7.650669637792005e+03,7.648904931909652e+03,5.882352941176471e-01,14081883
7.650798416471720e+03,7.646780622224467e+03,1.176470588235294e+00,14081880
7.651997502358599e+03,7.649352218782891e+03,5.882352941176471e-01,14081884
7.653642878870237e+03,7.651878172987884e+03,5.882352941176471e-01,14081885
7.653767140312215e+03,7.652002434429862e+03,5.882352941176471e-01,14081886
7.654037409441304e+03,7.652272703558951e+03,5.882352941176471e-01,14081887
7.657199527449568e+03,7.655434821567215e+03,5.882352941176471e-01,14081890
7.658999127238285e+03,7.653044537185559e+03,1.764705882352941e+00,14081889
7.658999127238285e+03,7.652618448569840e+03,1.764705882352941e+00,14081888
7.662516907700869e+03,7.656083438524993e+03,1.764705882352941e+00,14081891
7.664690116958928e+03,7.662861055686593e+03,5.882352941176471e-01,14081897
7.665701756563958e+03,7.660063076015281e+03,1.764705882352941e+00,14081895
7.665701756563958e+03,7.659395999311870e+03,1.764705882352941e+00,14081894
7.666454822841281e+03,7.663046985725649e+03,5.882352941176471e-01,14081898
7.669231168328664e+03,7.660729937329179e+03,1.764705882352941e+00,14081896
7.669631071694988e+03,7.667154725081558e+03,5.882352941176471e-01,14081903
7.670995874211017e+03,7.668888574227072e+03,5.882352941176471e-01,14081904
7.673095347934510e+03,7.669937816881146e+03,5.882352941176471e-01,14081905
7.673262731855080e+03,7.666318000897921e+03,1.764705882352941e+00,14081900
7.673262731855080e+03,7.664748710986783e+03,1.764705882352941e+00,14081899
7.675027437737433e+03,7.673159468784176e+03,5.882352941176471e-01,14081914
7.676754160326725e+03,7.673572025552358e+03,5.882352941176471e-01,14081917
7.678518866209078e+03,7.673393094745970e+03,1.176470588235294e+00,14081916
7.678518866209078e+03,7.675774118432528e+03,5.882352941176471e-01,14081919
7.678946410866994e+03,7.671829172856488e+03,1.764705882352941e+00,14081908
7.680283572091431e+03,7.677643317502862e+03,5.882352941176471e-01,14081920
7.681520248048507e+03,7.679755542166154e+03,5.882352941176471e-01,14081922
7.684927441424871e+03,7.679633323777812e+03,1.764705882352941e+00,14081921
7.686692147307224e+03,7.684772761325920e+03,5.882352941176471e-01,14081927
7.687823693696273e+03,7.685729332818018e+03,5.882352941176471e-01,14081928
7.688540935853999e+03,7.686454056292410e+03,5.882352941176471e-01,14081929
7.688873013181550e+03,7.681542565183809e+03,1.764705882352941e+00,14081923
7.690066561017110e+03,7.687348830021536e+03,5.882352941176471e-01,14081932
7.690066561017110e+03,7.686860312636068e+03,5.882352941176471e-01,14081931
7.690637719063903e+03,7.688555634917608e+03,5.882352941176471e-01,14081934
7.691831266899463e+03,7.689345288738155e+03,5.882352941176471e-01,14081936
7.691831266899463e+03,7.689325653696977e+03,5.882352941176471e-01,14081935
7.693786358797413e+03,7.690922112280202e+03,5.882352941176471e-01,14081938
7.693786358797413e+03,7.691339043558088e+03,5.882352941176471e-01,14081939
7.693786358797413e+03,7.691384201086578e+03,5.882352941176471e-01,14081940
7.695662215487119e+03,7.692645408622673e+03,5.882352941176471e-01,14081941
7.695662215487119e+03,7.692810192007882e+03,5.882352941176471e-01,14081942
7.697950741826587e+03,7.682697989760262e+03,1.176470588235294e+00,14081925
7.699191627251825e+03,7.696645098997740e+03,5.882352941176471e-01,14081949
7.699947043178093e+03,7.697435449053615e+03,5.882352941176471e-01,14081950
7.700956333134178e+03,7.698413932764893e+03,5.882352941176471e-01,14081952
7.703224649634043e+03,7.694540012481604e+03,1.764705882352941e+00,14081947
7.703224649634043e+03,7.694064235815795e+03,1.764705882352941e+00,14081946
7.704638769487075e+03,7.701412045330007e+03,5.882352941176471e-01,14081954
7.704989355516396e+03,7.701109357722369e+03,1.176470588235294e+00,14081953
7.705183387230139e+03,7.703418681347786e+03,5.882352941176471e-01,14081955
7.709890266570153e+03,7.708125560687800e+03,5.882352941176471e-01,14081956
7.711696890616247e+03,7.709932184733894e+03,5.882352941176471e-01,14081958
7.712724477828830e+03,7.710959771946477e+03,5.882352941176471e-01,14081959
7.713597401834917e+03,7.708303284187858e+03,1.764705882352941e+00,14081957
7.714857743046068e+03,7.712715558047494e+03,5.882352941176471e-01,14081962
7.714857743046068e+03,7.712474846113389e+03,5.882352941176471e-01,14081961
7.715362107717270e+03,7.711428335236836e+03,1.176470588235294e+00,14081960
7.716622448928421e+03,7.713880678021738e+03,5.882352941176471e-01,14081963
7.717989776102079e+03,7.716225070219726e+03,5.882352941176471e-01,14081964
7.718201804708735e+03,7.716437098826382e+03,5.882352941176471e-01,14081965
7.725620821547545e+03,7.723856115665192e+03,5.882352941176471e-01,14081967
7.726658618950068e+03,7.724893913067715e+03,5.882352941176471e-01,14081968
7.728329035816074e+03,7.723034918169015e+03,1.764705882352941e+00,14081966
7.728925981547724e+03,7.727161275665371e+03,5.882352941176471e-01,14081970
7.730093741698427e+03,7.726539935638600e+03,1.176470588235294e+00,14081969
7.731366612886191e+03,7.729601907003838e+03,5.882352941176471e-01,14081972
7.731834053285659e+03,7.728157954738932e+03,1.176470588235294e+00,14081971
7.734249247873871e+03,7.732484541991518e+03,5.882352941176471e-01,14081973
7.735990519350336e+03,7.734225813467983e+03,5.882352941176471e-01,14081974
7.739396518792263e+03,7.737631812909910e+03,5.882352941176471e-01,14081977
7.739584708342865e+03,7.737749175096073e+03,5.882352941176471e-01,14081978
7.740518046523052e+03,7.736055296578159e+03,1.176470588235294e+00,14081975
7.741864839919136e+03,7.740100134036783e+03,5.882352941176471e-01,14081979
7.742282752405405e+03,7.736345456606783e+03,1.764705882352941e+00,14081976
7.743908154125669e+03,7.741413532340439e+03,5.882352941176471e-01,14081981
7.745672860008022e+03,7.743283687742893e+03,5.882352941176471e-01,14081986
7.745672860008022e+03,7.743075149456007e+03,5.882352941176471e-01,14081985
7.746642640953618e+03,7.744877935071265e+03,5.882352941176471e-01,14081987
7.747437565890375e+03,7.745386272496662e+03,5.882352941176471e-01,14081988
7.747944343549293e+03,7.741694619849509e+03,1.176470588235294e+00,14081982
7.749202271772727e+03,7.747258637817961e+03,5.882352941176471e-01,14081989
7.749709049431646e+03,7.740929294392123e+03,1.764705882352941e+00,14081980
7.750212935277048e+03,7.748448229394695e+03,5.882352941176471e-01,14081990
7.752880057434251e+03,7.751115351551898e+03,5.882352941176471e-01,14081992
7.753081888859783e+03,7.749552477095078e+03,1.176470588235294e+00,14081991
7.753189256834231e+03,7.751424550951878e+03,5.882352941176471e-01,14081993
7.755282693044167e+03,7.753517987161814e+03,5.882352941176471e-01,14081998
7.758568826729666e+03,7.752178195213282e+03,1.764705882352941e+00,14081995
7.758568826729666e+03,7.751867509954377e+03,1.764705882352941e+00,14081994
7.762071207596682e+03,7.760201634510871e+03,5.882352941176471e-01,14082008
7.763835913479035e+03,7.761769684073522e+03,5.882352941176471e-01,14082010
7.764172786064637e+03,7.762408080182284e+03,5.882352941176471e-01,14082011
7.765600619361388e+03,7.763552720303333e+03,5.882352941176471e-01,14082012
7.765841242636818e+03,7.755729798671745e+03,1.176470588235294e+00,14082000
7.767605948519171e+03,7.760540633283635e+03,1.176470588235294e+00,14082009
7.767605948519171e+03,7.754297259786367e+03,1.764705882352941e+00,14081999
7.769130031126094e+03,7.766819968852091e+03,5.882352941176471e-01,14082014
7.771135360283877e+03,7.764659951333006e+03,1.764705882352941e+00,14082013
7.772949569349871e+03,7.767655451702812e+03,1.764705882352941e+00,14082015
7.776316894078533e+03,7.771022776431474e+03,1.764705882352941e+00,14082016
7.777251790510498e+03,7.771957672863439e+03,1.764705882352941e+00,14082017
7.778143909014061e+03,7.774614497249356e+03,1.176470588235294e+00,14082018
7.781611011725592e+03,7.775310736650537e+03,1.764705882352941e+00,14082019
7.781671659961639e+03,7.779906954079286e+03,5.882352941176471e-01,14082021
7.783384889104264e+03,7.781169035907787e+03,5.882352941176471e-01,14082023
7.783384889104264e+03,7.779957988760994e+03,5.882352941176471e-01,14082022
7.783436365843992e+03,7.779864648835878e+03,1.176470588235294e+00,14082020
7.785149594986617e+03,7.782378867109425e+03,5.882352941176471e-01,14082025
7.786914300868970e+03,7.782164061353122e+03,1.176470588235294e+00,14082024
7.787480144610700e+03,7.785715438728347e+03,5.882352941176471e-01,14082026
7.789646578612971e+03,7.787881872730618e+03,5.882352941176471e-01,14082029
7.790109445539237e+03,7.788159215483855e+03,5.882352941176471e-01,14082030
7.792690688554492e+03,7.786580033774532e+03,1.764705882352941e+00,14082027
7.793207135318116e+03,7.791442429435763e+03,5.882352941176471e-01,14082032
7.794940696260029e+03,7.789643546828249e+03,1.764705882352941e+00,14082031
7.799220237903719e+03,7.797455532021366e+03,5.882352941176471e-01,14082034
7.800381934784585e+03,7.798617228902232e+03,5.882352941176471e-01,14082035
7.802749649668425e+03,7.797393447317621e+03,1.764705882352941e+00,14082033
7.803911346549291e+03,7.801350526319673e+03,5.882352941176471e-01,14082039
7.806258366531883e+03,7.800055892304473e+03,1.764705882352941e+00,14082037
7.806258366531883e+03,7.798787810777359e+03,1.764705882352941e+00,14082036
7.809593673596509e+03,7.806455214774786e+03,5.882352941176471e-01,14082043
7.809593673596509e+03,7.806572142964896e+03,5.882352941176471e-01,14082044
7.809787778296588e+03,7.803459427164668e+03,1.764705882352941e+00,14082040
7.811455431828902e+03,7.806131880387433e+03,1.176470588235294e+00,14082042
7.813220137711255e+03,7.805346323089122e+03,1.764705882352941e+00,14082041
7.814984843593607e+03,7.808697969734876e+03,1.764705882352941e+00,14082046
7.816708650514514e+03,7.814351519014367e+03,5.882352941176471e-01,14082051
7.819111530080077e+03,7.810640028897407e+03,1.764705882352941e+00,14082047
7.820238062279220e+03,7.816895262228913e+03,5.882352941176470e-01,14082054
7.820238062279220e+03,7.814527841318908e+03,1.764705882352941e+00,14082052
7.820876235962430e+03,7.818975171990534e+03,5.882352941176471e-01,14082055
7.822002768161573e+03,7.815880755676253e+03,1.176470588235294e+00,14082053
7.823216264385967e+03,7.821451558503614e+03,5.882352941176471e-01,14082057
7.823767474043926e+03,7.819916105343918e+03,1.176470588235294e+00,14082056
7.824115400896969e+03,7.822350695014616e+03,5.882352941176471e-01,14082058
7.826230800572195e+03,7.824466094689842e+03,5.882352941176471e-01,14082059
7.828955852799155e+03,7.827191146916802e+03,5.882352941176471e-01,14082062
7.829611320688504e+03,7.827288250321762e+03,5.882352941176471e-01,14082063
7.831376026570857e+03,7.829265732437836e+03,5.882352941176471e-01,14082064
7.832200494961991e+03,7.826621607713064e+03,1.764705882352941e+00,14082061
7.832200494961991e+03,7.826081908923798e+03,1.764705882352941e+00,14082060
7.837798619232406e+03,7.836033913350053e+03,5.882352941176471e-01,14082067
7.838108333568293e+03,7.832814215921234e+03,1.764705882352941e+00,14082065
7.838418824053041e+03,7.833124706405983e+03,1.764705882352941e+00,14082066
7.839718182282702e+03,7.837079731688021e+03,5.882352941176471e-01,14082069
7.839718182282702e+03,7.836350717482076e+03,5.882352941176471e-01,14082068
7.842035081717691e+03,7.840270375835338e+03,5.882352941176471e-01,14082071
7.843712941700100e+03,7.838134647813146e+03,1.764705882352941e+00,14082070
7.844070714138281e+03,7.840541302373576e+03,1.176470588235294e+00,14082072
7.844347193186537e+03,7.842582487304184e+03,5.882352941176471e-01,14082073
7.845716162541241e+03,7.843124296625637e+03,5.882352941176471e-01,14082075
7.845716162541241e+03,7.842906010568415e+03,5.882352941176471e-01,14082074
7.847480868423594e+03,7.845136319233170e+03,5.882352941176471e-01,14082079
7.849245574305947e+03,7.846914171550708e+03,5.882352941176471e-01,14082081
7.849245574305947e+03,7.846589143993775e+03,5.882352941176471e-01,14082080
7.849641310833596e+03,7.844264908144529e+03,1.764705882352941e+00,14082077
7.851142192364183e+03,7.847896472970920e+03,5.882352941176471e-01,14082082
7.851142192364183e+03,7.848856665361762e+03,5.882352941176471e-01,14082083
7.854671604128888e+03,7.851752674701048e+03,5.882352941176470e-01,14082086
7.854671604128888e+03,7.849211928842548e+03,1.764705882352941e+00,14082084
7.854671604128888e+03,7.845079783439761e+03,1.764705882352941e+00,14082078
7.856436310011241e+03,7.853141580662874e+03,5.882352941176471e-01,14082088
7.858201015893594e+03,7.855091360879006e+03,5.882352941176470e-01,14082090
7.858201015893594e+03,7.849964411724506e+03,1.764705882352941e+00,14082085
7.860016263818242e+03,7.857327255886214e+03,5.882352941176471e-01,14082092
7.860117347902831e+03,7.854823230255773e+03,1.764705882352941e+00,14082089
7.861780969700595e+03,7.859889655868172e+03,5.882352941176471e-01,14082095
7.861780969700595e+03,7.859812678943692e+03,5.882352941176471e-01,14082094
7.863646759667537e+03,7.857251402506614e+03,1.764705882352941e+00,14082091
7.863724153585254e+03,7.861959447702901e+03,5.882352941176471e-01,14082096
7.867916048144208e+03,7.866151342261855e+03,5.882352941176471e-01,14082097
7.868155742618843e+03,7.866391036736491e+03,5.882352941176471e-01,14082098
7.870510305130264e+03,7.868745599247911e+03,5.882352941176471e-01,14082099
7.870928847282216e+03,7.869164141399863e+03,5.882352941176471e-01,14082100
7.875245731283536e+03,7.872260419413647e+03,5.882352941176471e-01,14082104
7.876482515799302e+03,7.871831462076545e+03,1.176470588235294e+00,14082102
7.878247221681655e+03,7.871897261301423e+03,1.764705882352941e+00,14082103
7.878247221681655e+03,7.871601176961115e+03,1.764705882352941e+00,14082101
7.881746583976224e+03,7.873024950567997e+03,1.764705882352941e+00,14082105
7.881806682916498e+03,7.876512565269439e+03,1.764705882352941e+00,14082106
7.882993021674415e+03,7.879348967495810e+03,5.882352941176471e-01,14082108
7.883571388798851e+03,7.881766966654725e+03,5.882352941176471e-01,14082113
7.887783774097661e+03,7.879344346009366e+03,1.764705882352941e+00,14082107
7.889047376696784e+03,7.882680409679754e+03,1.764705882352941e+00,14082114
7.890310979295908e+03,7.888255587307917e+03,5.882352941176471e-01,14082119
7.891032138765148e+03,7.884937335867059e+03,1.176470588235294e+00,14082116
7.892075685178261e+03,7.889703565168420e+03,5.882352941176471e-01,14082121
7.892805054489714e+03,7.890509638700919e+03,5.882352941176471e-01,14082122
7.894569760372067e+03,7.892747215861294e+03,5.882352941176471e-01,14082128
7.894873616249326e+03,7.892866391528500e+03,5.882352941176471e-01,14082129
7.899393034696816e+03,7.887400779849484e+03,1.764705882352941e+00,14082118
7.899393034696816e+03,7.889487489068805e+03,1.764705882352941e+00,14082120
7.899393034696816e+03,7.891048558449574e+03,1.764705882352941e+00,14082124
7.901157740579169e+03,7.897928225583790e+03,5.882352941176471e-01,14082134
7.901157740579169e+03,7.896369314006510e+03,5.882352941176471e-01,14082133
7.902922446461521e+03,7.900156976841416e+03,5.882352941176470e-01,14082135
7.902922446461521e+03,7.901117190601028e+03,5.882352941176470e-01,14082136
7.902922446461521e+03,7.893333677811736e+03,1.764705882352941e+00,14082132
7.904687152343874e+03,7.901408244669618e+03,5.882352941176471e-01,14082138
7.904687152343874e+03,7.902650657051403e+03,5.882352941176471e-01,14082139
7.906451858226227e+03,7.901202650019576e+03,1.176470588235294e+00,14082137
7.906451858226227e+03,7.903164590879700e+03,5.882352941176471e-01,14082140
7.906876639616740e+03,7.905111933734387e+03,5.882352941176471e-01,14082141
7.908216564108580e+03,7.905928194380935e+03,5.882352941176471e-01,14082142
7.908565028419960e+03,7.906800322537607e+03,5.882352941176471e-01,14082143
7.910802194052740e+03,7.909037488170387e+03,5.882352941176471e-01,14082144
7.911171139853740e+03,7.909406433971387e+03,5.882352941176471e-01,14082146
7.912566899935093e+03,7.909736316442672e+03,5.882352941176471e-01,14082147
7.914469047898807e+03,7.909174930251749e+03,1.764705882352941e+00,14082145
7.915722426903898e+03,7.913957721021545e+03,5.882352941176471e-01,14082148
7.916811394474533e+03,7.915046688592180e+03,5.882352941176471e-01,14082149
7.917430546476026e+03,7.915665840593673e+03,5.882352941176471e-01,14082150
7.921009317166179e+03,7.919244611283826e+03,5.882352941176471e-01,14082152
7.922003902324448e+03,7.920239196442095e+03,5.882352941176471e-01,14082153
7.923295824352465e+03,7.918001706705406e+03,1.764705882352941e+00,14082151
7.926303434813238e+03,7.920412683371555e+03,1.764705882352941e+00,14082154
7.926904023718115e+03,7.923998230962868e+03,5.882352941176471e-01,14082157
7.927298019971507e+03,7.921739540254303e+03,1.764705882352941e+00,14082155
7.928668729600468e+03,7.926708547755066e+03,5.882352941176471e-01,14082162
7.930625075727710e+03,7.928860369845357e+03,5.882352941176471e-01,14082163
7.930827431736213e+03,7.923144132724609e+03,1.764705882352941e+00,14082156
7.931867627754849e+03,7.925218105436707e+03,1.764705882352941e+00,14082159
7.932490959614314e+03,7.930392014894948e+03,5.882352941176471e-01,14082165
7.932490959614314e+03,7.929568277445823e+03,5.882352941176471e-01,14082164
7.936414010753300e+03,7.934649304870947e+03,5.882352941176471e-01,14082166
7.937151606083685e+03,7.935386900201332e+03,5.882352941176471e-01,14082167
7.938591514359023e+03,7.936826808476670e+03,5.882352941176471e-01,14082168
7.939780270979142e+03,7.938015565096789e+03,5.882352941176471e-01,14082169
7.940641472195009e+03,7.938876766312656e+03,5.882352941176471e-01,14082170
7.942401577294796e+03,7.940636871412443e+03,5.882352941176471e-01,14082171
7.946274521629406e+03,7.944509815747053e+03,5.882352941176471e-01,14082172
7.947215502725417e+03,7.945450796843064e+03,5.882352941176471e-01,14082173
7.948039227511758e+03,7.945654792442324e+03,5.882352941176471e-01,14082175
7.949100175830019e+03,7.945570764065313e+03,1.176470588235294e+00,14082174
7.949725608654905e+03,7.947960902772552e+03,5.882352941176471e-01,14082176
7.953485482651227e+03,7.951720776768874e+03,5.882352941176471e-01,14082179
7.954305220622029e+03,7.949011102974970e+03,1.764705882352941e+00,14082177
7.954857187432518e+03,7.949563069785459e+03,1.764705882352941e+00,14082178
7.955358959809088e+03,7.951766132804624e+03,5.882352941176471e-01,14082180
7.956069926504382e+03,7.953703025202242e+03,5.882352941176471e-01,14082182
7.956621893314871e+03,7.954726031515503e+03,5.882352941176471e-01,14082183
7.957123665691440e+03,7.955076749151829e+03,5.882352941176471e-01,14082184
7.963185621487377e+03,7.961420915605024e+03,5.882352941176471e-01,14082185
7.963788650552055e+03,7.962023944669702e+03,5.882352941176471e-01,14082186
7.966281717223022e+03,7.964517011340669e+03,5.882352941176471e-01,14082189
7.967682968406317e+03,7.965918262523964e+03,5.882352941176471e-01,14082190
7.968046423105375e+03,7.966020257485854e+03,5.882352941176471e-01,14082191
7.969257492464780e+03,7.963963374817722e+03,1.764705882352941e+00,14082187
7.971022198347133e+03,7.969017358654014e+03,5.882352941176471e-01,14082193
7.971330560420042e+03,7.969565854537689e+03,5.882352941176471e-01,14082194
7.971533647371724e+03,7.964111369143254e+03,1.764705882352941e+00,14082188
7.973095266302394e+03,7.971069823957601e+03,5.882352941176471e-01,14082195
7.974433429862821e+03,7.967368874514778e+03,1.764705882352941e+00,14082192
7.975325058784480e+03,7.973560352902127e+03,5.882352941176471e-01,14082197
7.978756507684085e+03,7.973462390037026e+03,1.764705882352941e+00,14082196
7.981569465935396e+03,7.975650756426639e+03,1.764705882352941e+00,14082199
7.981569465935396e+03,7.975043372615984e+03,1.764705882352941e+00,14082198
7.982285919448791e+03,7.975873834475877e+03,1.764705882352941e+00,14082200
7.984447926907401e+03,7.982683221025048e+03,5.882352941176471e-01,14082203
7.985089551947776e+03,7.983324846065423e+03,5.882352941176471e-01,14082204
7.987366819663796e+03,7.982072702016738e+03,1.764705882352941e+00,14082202
7.989742044554460e+03,7.984068099752106e+03,1.764705882352941e+00,14082205
7.991303244100709e+03,7.988535444820686e+03,5.882352941176471e-01,14082210
7.991506750436813e+03,7.986648772392438e+03,1.176470588235294e+00,14082207
7.991658498439820e+03,7.986364380792762e+03,1.764705882352941e+00,14082206
7.996305410396178e+03,7.994540704513825e+03,5.882352941176471e-01,14082212
7.996597361747768e+03,7.990846041890574e+03,1.764705882352941e+00,14082211
7.998416779151888e+03,7.996652073269535e+03,5.882352941176471e-01,14082213
7.999193845891874e+03,7.997429140009521e+03,5.882352941176471e-01,14082214
8.000206751187289e+03,7.998442045304936e+03,5.882352941176471e-01,14082215
8.007549604208993e+03,8.005784898326640e+03,5.882352941176471e-01,14082217
8.009279041435198e+03,8.003984923788139e+03,1.764705882352941e+00,14082216
8.012955319786720e+03,8.011190613904367e+03,5.882352941176471e-01,14082218
8.014438063928931e+03,8.012673358046578e+03,5.882352941176471e-01,14082219
8.014586316831464e+03,8.012821610949111e+03,5.882352941176471e-01,14082220
8.014950705314058e+03,8.013185999431705e+03,5.882352941176471e-01,14082221
8.018810392267709e+03,8.017045686385356e+03,5.882352941176471e-01,14082223
8.020658494311863e+03,8.017594268118978e+03,5.882352941176471e-01,14082226
8.022423200194216e+03,8.020214571971519e+03,5.882352941176471e-01,14082230
8.024049864592909e+03,8.015486804939600e+03,1.176470588235294e+00,14082222
8.025042707263970e+03,8.023278001381617e+03,5.882352941176471e-01,14082233
8.025814570475262e+03,8.023548604760523e+03,5.882352941176471e-01,14082234
8.027628217356680e+03,8.025246201196342e+03,5.882352941176471e-01,14082235
8.028330596925951e+03,8.017389552305612e+03,1.764705882352941e+00,14082225
8.028330596925951e+03,8.017212478708957e+03,1.764705882352941e+00,14082224
8.029392923239033e+03,8.025912452473392e+03,5.882352941176471e-01,14082237
8.030095302808304e+03,8.028054739614226e+03,5.882352941176471e-01,14082238
8.031157629121386e+03,8.029231408470899e+03,5.882352941176471e-01,14082239
8.031860008690657e+03,8.029527138708904e+03,5.882352941176470e-01,14082240
8.031860008690657e+03,8.021766577127716e+03,1.764705882352941e+00,14082232
8.032922335003739e+03,8.030120858191305e+03,5.882352941176471e-01,14082241
8.033624714573010e+03,8.031625465219616e+03,5.882352941176471e-01,14082242
8.036420406335154e+03,8.034655700452801e+03,5.882352941176471e-01,14082243
8.037247125127679e+03,8.035482419245326e+03,5.882352941176471e-01,14082244
8.038515502242460e+03,8.036750796360107e+03,5.882352941176471e-01,14082245
8.038656734110951e+03,8.036892028228598e+03,5.882352941176471e-01,14082246
8.041134654280059e+03,8.039369948397706e+03,5.882352941176471e-01,14082248
8.042787694319122e+03,8.041022988436769e+03,5.882352941176471e-01,14082249
8.044047666824538e+03,8.038753549177479e+03,1.764705882352941e+00,14082247
8.048236195819808e+03,8.046471489937455e+03,5.882352941176471e-01,14082252
8.048667732546141e+03,8.043373614899082e+03,1.764705882352941e+00,14082250
8.049684688007871e+03,8.044390570360813e+03,1.764705882352941e+00,14082251
8.050027667174103e+03,8.046527879474323e+03,5.882352941176471e-01,14082253
8.050634625890870e+03,8.048276344027722e+03,5.882352941176471e-01,14082256
8.051449393890224e+03,8.048971013739706e+03,5.882352941176471e-01,14082259
8.054253367828354e+03,8.052488661946001e+03,5.882352941176471e-01,14082262
8.056548104129153e+03,8.051253986482095e+03,1.764705882352941e+00,14082260
8.057360368545403e+03,8.052066250898344e+03,1.764705882352941e+00,14082261
8.060406809389914e+03,8.055112691742855e+03,1.764705882352941e+00,14082263
8.061842221776212e+03,8.056039646569096e+03,1.764705882352941e+00,14082264
8.062171245589426e+03,8.060406539707073e+03,5.882352941176471e-01,14082265
8.064382440149512e+03,8.062617734267159e+03,5.882352941176471e-01,14082267
8.066998542499781e+03,8.061704424852722e+03,1.764705882352941e+00,14082266
8.069449357509097e+03,8.067684651626744e+03,5.882352941176471e-01,14082269
8.069747756389052e+03,8.067983050506699e+03,5.882352941176471e-01,14082270
8.070059277106896e+03,8.064765159459837e+03,1.764705882352941e+00,14082268
8.072664523622818e+03,8.070899817740466e+03,5.882352941176471e-01,14082272
8.074743475156155e+03,8.068207918212162e+03,1.764705882352941e+00,14082271
8.075327203754214e+03,8.073562497871861e+03,5.882352941176471e-01,14082274
8.076508181038508e+03,8.074645711540197e+03,5.882352941176471e-01,14082275
8.077643374679978e+03,8.072349257032919e+03,1.764705882352941e+00,14082273
8.078662039319567e+03,8.075850765490941e+03,5.882352941176471e-01,14082278
8.078662039319567e+03,8.075555011025541e+03,5.882352941176471e-01,14082277
8.080887788420174e+03,8.079123082537821e+03,5.882352941176471e-01,14082280
8.081172786444684e+03,8.075190476038286e+03,1.764705882352941e+00,14082276
8.081188581677315e+03,8.079423875794962e+03,5.882352941176471e-01,14082281
8.082652494302526e+03,8.079611418365623e+03,5.882352941176471e-01,14082282
8.084516614620059e+03,8.082751908737706e+03,5.882352941176471e-01,14082284
8.085820730791807e+03,8.084056024909454e+03,5.882352941176471e-01,14082285
8.086281320502412e+03,8.084413541570203e+03,5.882352941176471e-01,14082286
8.086718015476755e+03,8.081423897829696e+03,1.764705882352941e+00,14082283
8.088962616033633e+03,8.087197910151280e+03,5.882352941176471e-01,14082288
8.090747461737951e+03,8.088982755855598e+03,5.882352941176471e-01,14082289
8.091114848438866e+03,8.085133782458752e+03,1.764705882352941e+00,14082287
8.093981253062405e+03,8.090451841297699e+03,1.176470588235294e+00,14082290
8.095953223969446e+03,8.093676017904932e+03,5.882352941176471e-01,14082295
8.097717929851799e+03,8.095687813839321e+03,5.882352941176471e-01,14082296
8.099001318976321e+03,8.091510682191498e+03,1.764705882352941e+00,14082291
8.099482635734152e+03,8.093329713794062e+03,1.764705882352941e+00,14082294
8.100779185466347e+03,8.099014479583995e+03,5.882352941176471e-01,14082297
8.101904057005217e+03,8.100139351122864e+03,5.882352941176471e-01,14082298
8.103668762887570e+03,8.101053554788734e+03,5.882352941176471e-01,14082301
8.105507255486370e+03,8.100213137839311e+03,1.764705882352941e+00,14082299
8.106073303113406e+03,8.100246392695915e+03,1.764705882352941e+00,14082300
8.109929622176294e+03,8.108164916293941e+03,5.882352941176471e-01,14082303
8.110123638845611e+03,8.106594227080905e+03,1.176470588235294e+00,14082302
8.112538493766996e+03,8.110773787884643e+03,5.882352941176471e-01,14082306
8.114560776293945e+03,8.109266658646886e+03,1.764705882352941e+00,14082304
8.115223739823353e+03,8.109278872417471e+03,1.764705882352941e+00,14082305
8.116380475085587e+03,8.113857997714342e+03,5.882352941176471e-01,14082308
8.116988445705706e+03,8.115120749153410e+03,5.882352941176471e-01,14082310
8.118145180967940e+03,8.116324947530384e+03,5.882352941176471e-01,14082311
8.118190184840109e+03,8.116425478957756e+03,5.882352941176471e-01,14082312
8.118753151588059e+03,8.116572125310779e+03,5.882352941176471e-01,14082313
8.121674592732646e+03,8.113929242587573e+03,1.764705882352941e+00,14082309
8.121674592732646e+03,8.112906056230171e+03,1.764705882352941e+00,14082307
8.123439298614999e+03,8.120581168383030e+03,5.882352941176471e-01,14082316
8.123585556769292e+03,8.121820850886939e+03,5.882352941176471e-01,14082317
8.125277133574499e+03,8.122391509517023e+03,5.882352941176471e-01,14082318
8.125277133574499e+03,8.122658787561542e+03,5.882352941176471e-01,14082319
8.125665716963178e+03,8.118617538840280e+03,1.764705882352941e+00,14082314
8.127041839456852e+03,8.123895928022773e+03,5.882352941176471e-01,14082320
8.129195128727884e+03,8.120030263950691e+03,1.764705882352941e+00,14082315
8.130366230798826e+03,8.128601524916473e+03,5.882352941176471e-01,14082322
8.130571251221557e+03,8.123954921886029e+03,1.764705882352941e+00,14082321
8.133895642563532e+03,8.130036438943588e+03,1.176470588235294e+00,14082324
8.134489246374942e+03,8.128710766687060e+03,1.764705882352941e+00,14082323
8.137228155723389e+03,8.135463449841036e+03,5.882352941176471e-01,14082326
8.138637522837940e+03,8.135108111073234e+03,1.176470588235294e+00,14082325
8.139929193256369e+03,8.138164487374016e+03,5.882352941176471e-01,14082328
8.140890708998540e+03,8.135596591351482e+03,1.764705882352941e+00,14082327
8.141244612190652e+03,8.139479906308299e+03,5.882352941176471e-01,14082329
8.141693899138722e+03,8.139517551292831e+03,5.882352941176471e-01,14082330
8.144685548157330e+03,8.140195405043779e+03,1.176470588235294e+00,14082332
8.144926720458101e+03,8.143162014575748e+03,5.882352941176471e-01,14082335
8.146450254039683e+03,8.140067162935818e+03,1.764705882352941e+00,14082331
8.146570840190068e+03,8.144072484721179e+03,5.882352941176471e-01,14082337
8.148275252997229e+03,8.146288243185242e+03,5.882352941176471e-01,14082339
8.148275252997229e+03,8.146144959096452e+03,5.882352941176471e-01,14082338
8.150039958879582e+03,8.147413789492618e+03,5.882352941176471e-01,14082340
8.150100251954774e+03,8.143362195828393e+03,1.764705882352941e+00,14082336
8.151828924508110e+03,8.147946933154152e+03,1.176470588235294e+00,14082341
8.153581500517375e+03,8.150991399939041e+03,5.882352941176471e-01,14082345
8.153581500517375e+03,8.150363497801125e+03,5.882352941176471e-01,14082344
8.153771712445438e+03,8.148949584687797e+03,1.176470588235294e+00,14082342
8.155346206399728e+03,8.152974625632068e+03,5.882352941176471e-01,14082347
8.155346206399728e+03,8.152173315035217e+03,5.882352941176471e-01,14082346
8.158147202183816e+03,8.156382496301463e+03,5.882352941176471e-01,14082348
8.159282213078435e+03,8.157517507196082e+03,5.882352941176471e-01,14082349
8.163778851571823e+03,8.158484733924764e+03,1.764705882352941e+00,14082350
8.165956075181632e+03,8.164191369299279e+03,5.882352941176471e-01,14082353
8.166487006194115e+03,8.161192888547056e+03,1.764705882352941e+00,14082351
8.167414515487570e+03,8.164576998196948e+03,5.882352941176471e-01,14082354
8.170016417958820e+03,8.163578838146449e+03,1.764705882352941e+00,14082352
8.170943927252276e+03,8.165169626438085e+03,1.764705882352941e+00,14082355
8.172698012813061e+03,8.170933306930708e+03,5.882352941176471e-01,14082356
8.174703060149583e+03,8.172938354267230e+03,5.882352941176471e-01,14082358
8.175041791031541e+03,8.173277085149188e+03,5.882352941176471e-01,14082359
8.178232471914289e+03,8.172821478246242e+03,1.764705882352941e+00,14082357
8.179414239208707e+03,8.175884827444001e+03,1.176470588235294e+00,14082361
8.179880301775654e+03,8.173560857349074e+03,1.764705882352941e+00,14082360
8.180693069575760e+03,8.178928363693407e+03,5.882352941176471e-01,14082362
8.182786439586272e+03,8.181021733703919e+03,5.882352941176471e-01,14082364
8.183034862440750e+03,8.181270156558397e+03,5.882352941176471e-01,14082365
8.183776422578900e+03,8.181909933001310e+03,5.882352941176471e-01,14082366
8.184716760704944e+03,8.182305809162799e+03,5.882352941176471e-01,14082368
8.184716760704944e+03,8.182290439006898e+03,5.882352941176471e-01,14082367
8.185541128461253e+03,8.183341899702251e+03,5.882352941176471e-01,14082370
8.186481466587297e+03,8.184304284067872e+03,5.882352941176471e-01,14082371
8.188246172469650e+03,8.180247010814194e+03,1.764705882352941e+00,14082363
8.192049704076183e+03,8.190284998193830e+03,5.882352941176471e-01,14082372
8.197067446293919e+03,8.195302740411566e+03,5.882352941176471e-01,14082374
8.197804936650322e+03,8.196040230767969e+03,5.882352941176471e-01,14082375
8.197897214067949e+03,8.192603096420890e+03,1.764705882352941e+00,14082373
8.198832152176272e+03,8.196622093945031e+03,5.882352941176471e-01,14082376
8.204361478905030e+03,8.199067361257972e+03,1.764705882352941e+00,14082377
8.205335730928918e+03,8.203571025046565e+03,5.882352941176471e-01,14082379
8.207514554307567e+03,8.205749848425214e+03,5.882352941176471e-01,14082380
8.208371899557066e+03,8.203077781910007e+03,1.764705882352941e+00,14082378
8.210349801934546e+03,8.208585096052193e+03,5.882352941176471e-01,14082381
8.213890222667289e+03,8.212125516784936e+03,5.882352941176471e-01,14082382
8.213995077656726e+03,8.212230371774373e+03,5.882352941176471e-01,14082383
8.214767394954371e+03,8.213002689072019e+03,5.882352941176471e-01,14082384
8.218595783006930e+03,8.215066371242224e+03,1.176470588235294e+00,14082385
8.222375568659710e+03,8.220610862777357e+03,5.882352941176471e-01,14082386
8.223181187520970e+03,8.221416481638617e+03,5.882352941176471e-01,14082387
8.226836476452032e+03,8.225071770569679e+03,5.882352941176471e-01,14082388
8.227408383855403e+03,8.225643677973051e+03,5.882352941176471e-01,14082389
8.228383926860111e+03,8.226619220977758e+03,5.882352941176471e-01,14082390
8.228765002111196e+03,8.227000296228843e+03,5.882352941176471e-01,14082391
8.229467014886317e+03,8.227702309003964e+03,5.882352941176471e-01,14082392
8.230148632742464e+03,8.228289408978906e+03,5.882352941176471e-01,14082393
8.231231720768670e+03,8.228931059993950e+03,5.882352941176471e-01,14082395
8.232242933122543e+03,8.230478227240190e+03,5.882352941176471e-01,14082396
8.233260538736975e+03,8.231495832854622e+03,5.882352941176471e-01,14082397
8.234110200614595e+03,8.231938195096517e+03,5.882352941176471e-01,14082398
8.234161481419445e+03,8.228867363772386e+03,1.764705882352941e+00,14082394
8.235168053402248e+03,8.233403347519895e+03,5.882352941176471e-01,14082401
8.236346536293393e+03,8.234581830411040e+03,5.882352941176471e-01,14082403
8.237630877754851e+03,8.235866171872498e+03,5.882352941176471e-01,14082404
8.239398555869166e+03,8.237633849986813e+03,5.882352941176471e-01,14082405
8.239404318261654e+03,8.233729174156129e+03,1.764705882352941e+00,14082402
8.247343795279099e+03,8.245579089396746e+03,5.882352941176471e-01,14082406
8.247449069792533e+03,8.245684363910180e+03,5.882352941176471e-01,14082407
8.252444710603273e+03,8.250680004720920e+03,5.882352941176471e-01,14082409
8.254822077392455e+03,8.253057371510102e+03,5.882352941176471e-01,14082410
8.254884157217373e+03,8.253119451335020e+03,5.882352941176471e-01,14082411
8.255621899718649e+03,8.250327782071590e+03,1.764705882352941e+00,14082408
8.256617823187267e+03,8.253469028182185e+03,5.882352941176471e-01,14082413
8.259698359460944e+03,8.257933653578591e+03,5.882352941176471e-01,14082414
8.260147234951973e+03,8.253376013814493e+03,1.764705882352941e+00,14082412
8.260265105640351e+03,8.258500399757998e+03,5.882352941176471e-01,14082415
8.261687503088811e+03,8.258800490280418e+03,5.882352941176471e-01,14082416
8.263452208971164e+03,8.261509443089019e+03,5.882352941176471e-01,14082419
8.264502416886107e+03,8.260973005121401e+03,1.176470588235294e+00,14082418
8.265216914853517e+03,8.263341497107328e+03,5.882352941176470e-01,14082420
8.265216914853517e+03,8.259508443492134e+03,1.764705882352941e+00,14082417
8.268765492027540e+03,8.267000786145187e+03,5.882352941176471e-01,14082425
8.269986176102429e+03,8.263475476841650e+03,1.764705882352941e+00,14082421
8.270511032500576e+03,8.264786879240001e+03,1.764705882352941e+00,14082424
8.271750881984782e+03,8.269261747647345e+03,5.882352941176471e-01,14082428
8.274307737484501e+03,8.268004916343780e+03,1.764705882352941e+00,14082426
8.276038909090257e+03,8.273602344787700e+03,5.882352941176471e-01,14082431
8.276213841019308e+03,8.270919723372250e+03,1.764705882352941e+00,14082429
8.277837149249207e+03,8.272509497325551e+03,1.764705882352941e+00,14082430
8.281333026737316e+03,8.274593359932457e+03,1.764705882352941e+00,14082432
8.282395338657579e+03,8.280630632775226e+03,5.882352941176471e-01,14082433
8.282489514701970e+03,8.280724808819617e+03,5.882352941176471e-01,14082434
8.284584691639182e+03,8.282819985756829e+03,5.882352941176471e-01,14082437
8.287127532904651e+03,8.281833415257592e+03,1.764705882352941e+00,14082435
8.287871664375187e+03,8.282577546728128e+03,1.764705882352941e+00,14082436
8.290277182860085e+03,8.284983065213027e+03,1.764705882352941e+00,14082438
8.293307203020510e+03,8.288013085373451e+03,1.764705882352941e+00,14082439
8.294647008698039e+03,8.289352891050980e+03,1.764705882352941e+00,14082440
8.294939114496566e+03,8.292648476004252e+03,5.882352941176471e-01,14082443
8.296411714580392e+03,8.293325505423983e+03,5.882352941176471e-01,14082444
8.298176420462745e+03,8.296182143687014e+03,5.882352941176471e-01,14082445
8.298468526261272e+03,8.292526329270175e+03,1.764705882352941e+00,14082442
8.298468526261272e+03,8.291276908325564e+03,1.764705882352941e+00,14082441
8.300087179244361e+03,8.298084971109724e+03,5.882352941176471e-01,14082447
8.300597850032663e+03,8.298833144150310e+03,5.882352941176471e-01,14082448
8.303116418382636e+03,8.301351712500283e+03,5.882352941176471e-01,14082450
8.303616591009067e+03,8.296935715799126e+03,1.764705882352941e+00,14082446
8.304685088383777e+03,8.301913326429376e+03,5.882352941176471e-01,14082451
8.305411053863240e+03,8.303646347980887e+03,5.882352941176471e-01,14082454
8.306449794266130e+03,8.304326958939966e+03,5.882352941176471e-01,14082456
8.306449794266130e+03,8.304174072889018e+03,5.882352941176471e-01,14082455
8.307199594885758e+03,8.305434889003405e+03,5.882352941176471e-01,14082457
8.309925613918851e+03,8.300763604856649e+03,1.764705882352941e+00,14082449
8.309979206030836e+03,8.302091781371773e+03,1.764705882352941e+00,14082452
8.311690319801204e+03,8.309668814921489e+03,5.882352941176471e-01,14082459
8.313529621830890e+03,8.311764915948537e+03,5.882352941176471e-01,14082460
8.313803329676926e+03,8.312038623794573e+03,5.882352941176471e-01,14082461
8.314205767242165e+03,8.308911649595106e+03,1.764705882352941e+00,14082458
8.317720374976978e+03,8.315955669094625e+03,5.882352941176471e-01,14082463
8.318802458871588e+03,8.317037752989235e+03,5.882352941176471e-01,14082464
8.319609207321072e+03,8.314315089674013e+03,1.764705882352941e+00,14082462
8.319771519415202e+03,8.318006813532849e+03,5.882352941176471e-01,14082465
8.320655704238022e+03,8.318890998355669e+03,5.882352941176471e-01,14082466
8.321455069250490e+03,8.319104310346820e+03,5.882352941176471e-01,14082468
8.321455069250490e+03,8.318906879250479e+03,5.882352941176471e-01,14082467
8.324422701449674e+03,8.322657995567321e+03,5.882352941176471e-01,14082469
8.327251134644889e+03,8.325486428762536e+03,5.882352941176471e-01,14082471
8.328328796611871e+03,8.326564090729518e+03,5.882352941176471e-01,14082472
8.329005936756701e+03,8.326876303548043e+03,5.882352941176471e-01,14082473
8.329018678145084e+03,8.327253972262731e+03,5.882352941176471e-01,14082474
8.330116372489514e+03,8.328351666607161e+03,5.882352941176471e-01,14082475
8.331839058514407e+03,8.330074352632055e+03,5.882352941176471e-01,14082476
8.332509640908276e+03,8.325476524991996e+03,1.764705882352941e+00,14082470
8.333603764396760e+03,8.331577237989161e+03,5.882352941176471e-01,14082478
8.334004275948300e+03,8.330474864183594e+03,1.176470588235294e+00,14082477
8.335606004258300e+03,8.333841298375947e+03,5.882352941176471e-01,14082479
8.341383767531006e+03,8.337854355766300e+03,1.176470588235294e+00,14082480
8.341665420849632e+03,8.339900714967279e+03,5.882352941176471e-01,14082482
8.345008110277721e+03,8.339713992630662e+03,1.764705882352941e+00,14082481
8.348252750872569e+03,8.346488044990217e+03,5.882352941176471e-01,14082484
8.350309310489005e+03,8.347370324913018e+03,5.882352941176471e-01,14082486
8.350382273922526e+03,8.345088156275467e+03,1.764705882352941e+00,14082483
8.352110498088118e+03,8.349442200396900e+03,5.882352941176471e-01,14082491
8.352280534932713e+03,8.346986417285654e+03,1.764705882352941e+00,14082485
8.355639909852824e+03,8.349513517896472e+03,1.764705882352941e+00,14082492
8.356165316180465e+03,8.354400610298112e+03,5.882352941176471e-01,14082493
8.358959644165852e+03,8.357194938283499e+03,5.882352941176471e-01,14082494
8.361503142138326e+03,8.359332814052070e+03,5.882352941176471e-01,14082498
8.361652507311101e+03,8.359760240292083e+03,5.882352941176471e-01,14082499
8.365739618155444e+03,8.358123095546395e+03,1.764705882352941e+00,14082496
8.365739618155444e+03,8.357973730373620e+03,1.764705882352941e+00,14082495
8.367150791911591e+03,8.360618555740441e+03,1.764705882352941e+00,14082500
8.367504324037797e+03,8.364017218964963e+03,5.882352941176471e-01,14082502
8.368915497793944e+03,8.366785127370313e+03,5.882352941176471e-01,14082504
8.371033735802503e+03,8.364562156184793e+03,1.764705882352941e+00,14082503
8.371467906056347e+03,8.369703200173994e+03,5.882352941176471e-01,14082506
8.373415881172892e+03,8.368121763525833e+03,1.764705882352941e+00,14082505
8.378892487317315e+03,8.373598369670257e+03,1.764705882352941e+00,14082507
8.380171828256939e+03,8.377976186341002e+03,5.882352941176471e-01,14082510
8.380657193199668e+03,8.378892222472794e+03,5.882352941176471e-01,14082511
8.381160059838867e+03,8.375865942191808e+03,1.764705882352941e+00,14082508
8.382421899082021e+03,8.380280586084069e+03,5.882352941176471e-01,14082513
8.383701240021644e+03,8.381908517309048e+03,5.882352941176471e-01,14082515
8.385951310846727e+03,8.382197487624263e+03,1.176470588235294e+00,14082516
8.386971827019542e+03,8.379716705681159e+03,1.764705882352941e+00,14082512
8.386971827019542e+03,8.376642416492233e+03,1.764705882352941e+00,14082509
8.396128273614999e+03,8.393260540922398e+03,5.882352941176471e-01,14082521
8.396128273614999e+03,8.392876797450859e+03,5.882352941176471e-01,14082520
8.398460276232852e+03,8.392228829671670e+03,1.764705882352941e+00,14082517
8.399850086074578e+03,8.396525103733993e+03,5.882352941176471e-01,14082526
8.404396032778920e+03,8.395136391952589e+03,1.764705882352941e+00,14082524
8.404396032778920e+03,8.396482506263082e+03,1.764705882352941e+00,14082525
8.404396032778920e+03,8.398181580539662e+03,1.764705882352941e+00,14082529
8.406160738661273e+03,8.404083752835995e+03,5.882352941176471e-01,14082533
8.406160738661273e+03,8.403390810222566e+03,5.882352941176471e-01,14082532
8.407925444543626e+03,8.405212977619117e+03,5.882352941176470e-01,14082534
8.407925444543626e+03,8.398699306527985e+03,1.764705882352941e+00,14082531
8.410307439697766e+03,8.408542733815413e+03,5.882352941176471e-01,14082535
8.412433291488586e+03,8.408903879723880e+03,1.176470588235294e+00,14082536
8.412853211459004e+03,8.411088505576651e+03,5.882352941176471e-01,14082537
8.416055956299309e+03,8.413696575901747e+03,5.882352941176471e-01,14082541
8.416530862713178e+03,8.414697847511305e+03,5.882352941176471e-01,14082542
8.417820662181662e+03,8.416002463329663e+03,5.882352941176471e-01,14082543
8.418574556132804e+03,8.416135287855317e+03,5.882352941176471e-01,14082544
8.419129398083156e+03,8.412526544534603e+03,1.764705882352941e+00,14082538
8.419695547875257e+03,8.417088837787725e+03,5.882352941176471e-01,14082546
8.420616682990333e+03,8.418370822223456e+03,5.882352941176471e-01,14082549
8.420616682990333e+03,8.418041021804146e+03,5.882352941176471e-01,14082548
8.422381388872686e+03,8.419896456541401e+03,5.882352941176471e-01,14082552
8.425090119855388e+03,8.419147442940150e+03,1.764705882352941e+00,14082550
8.426777466294972e+03,8.425012760412619e+03,5.882352941176471e-01,14082553
8.427794640772053e+03,8.426029934889700e+03,5.882352941176471e-01,14082554
8.428219166985355e+03,8.426454461103002e+03,5.882352941176471e-01,14082555
8.429559346654406e+03,8.427284006717045e+03,5.882352941176471e-01,14082557
8.430217855724613e+03,8.428453149842260e+03,5.882352941176471e-01,14082558
8.430306878059678e+03,8.428476451700550e+03,5.882352941176471e-01,14082559
8.431404229355758e+03,8.429353531326998e+03,5.882352941176471e-01,14082560
8.433747267489319e+03,8.431640177169914e+03,5.882352941176471e-01,14082565
8.433836289824384e+03,8.426735191292587e+03,1.764705882352941e+00,14082556
8.435281794199607e+03,8.430597696699327e+03,1.176470588235294e+00,14082563
8.437046500081960e+03,8.429719700292405e+03,1.764705882352941e+00,14082562
8.439142272474789e+03,8.435612860710083e+03,1.176470588235294e+00,14082566
8.441449133801735e+03,8.436155016154676e+03,1.764705882352941e+00,14082567
8.442721593885227e+03,8.440956888002874e+03,5.882352941176471e-01,14082570
8.443213839684088e+03,8.441271217004140e+03,5.882352941176471e-01,14082571
8.443758914615162e+03,8.438464796968103e+03,1.764705882352941e+00,14082568
8.446693341803062e+03,8.438596976326053e+03,1.764705882352941e+00,14082569
8.448015711532286e+03,8.441551293009559e+03,1.764705882352941e+00,14082572
8.449780417414639e+03,8.447916983937439e+03,5.882352941176471e-01,14082575
8.450116352166942e+03,8.448351646284589e+03,5.882352941176471e-01,14082576
8.451545123296992e+03,8.449453686708339e+03,5.882352941176471e-01,14082577
8.451876881786307e+03,8.446454013748091e+03,1.764705882352941e+00,14082573
8.453475708424002e+03,8.450868834913132e+03,5.882352941176471e-01,14082578
8.453475708424002e+03,8.450989091487137e+03,5.882352941176471e-01,14082579
8.453645763931648e+03,8.446715690793393e+03,1.764705882352941e+00,14082574
8.455827757431402e+03,8.454063051549049e+03,5.882352941176471e-01,14082581
8.456770419917465e+03,8.455005714035112e+03,5.882352941176471e-01,14082582
8.457130126473910e+03,8.453600714709204e+03,1.176470588235294e+00,14082580
8.458459007080121e+03,8.456694301197768e+03,5.882352941176471e-01,14082583
8.459484888045526e+03,8.457720182163173e+03,5.882352941176471e-01,14082584
8.465408934534154e+03,8.461879522769448e+03,1.176470588235294e+00,14082585
8.465616096270248e+03,8.463851390387895e+03,5.882352941176471e-01,14082587
8.468597565299037e+03,8.463303447651979e+03,1.764705882352941e+00,14082586
8.468679446089047e+03,8.466914740206694e+03,5.882352941176471e-01,14082589
8.470703052181212e+03,8.465389528907891e+03,1.764705882352941e+00,14082588
8.471569404103365e+03,8.469804698221012e+03,5.882352941176471e-01,14082590
8.472054710780973e+03,8.470290004898620e+03,5.882352941176471e-01,14082591
8.472555608483162e+03,8.470790902600809e+03,5.882352941176471e-01,14082592
8.473980465270524e+03,8.472215759388171e+03,5.882352941176471e-01,14082594
8.476573804670626e+03,8.474809098788273e+03,5.882352941176471e-01,14082596
8.477084865249435e+03,8.471790747602377e+03,1.764705882352941e+00,14082593
8.478338510552979e+03,8.474677436497917e+03,1.176470588235294e+00,14082595
8.479931157216303e+03,8.478166451333950e+03,5.882352941176471e-01,14082598
8.481490624812100e+03,8.479725918929747e+03,5.882352941176471e-01,14082599
8.481736260027329e+03,8.475036597253915e+03,1.764705882352941e+00,14082597
8.483897032206963e+03,8.482132326324610e+03,5.882352941176471e-01,14082600
8.489484583151596e+03,8.487719877269243e+03,5.882352941176471e-01,14082601
8.492074721522839e+03,8.488545309758133e+03,1.176470588235294e+00,14082602
8.493495772814302e+03,8.491731066931949e+03,5.882352941176471e-01,14082603
8.493829821895730e+03,8.492065116013377e+03,5.882352941176471e-01,14082604
8.494258353284297e+03,8.492493647401944e+03,5.882352941176471e-01,14082605
8.498789890461361e+03,8.493054591625240e+03,1.764705882352941e+00,14082606
8.499952332490597e+03,8.498187626608244e+03,5.882352941176471e-01,14082607
8.502649760199784e+03,8.500885054317431e+03,5.882352941176471e-01,14082608
8.502719482759943e+03,8.500954776877590e+03,5.882352941176471e-01,14082609
8.505166803384018e+03,8.501637391619312e+03,1.176470588235294e+00,14082610
8.505612750412997e+03,8.503848044530644e+03,5.882352941176471e-01,14082611
8.506358361307768e+03,8.504593655425415e+03,5.882352941176471e-01,14082612
8.510775769411239e+03,8.505481651764180e+03,1.764705882352941e+00,14082613
8.512016229237009e+03,8.506722111589950e+03,1.764705882352941e+00,14082614
8.512540475293592e+03,8.509850312063452e+03,5.882352941176471e-01,14082616
8.512760832918973e+03,8.507466715271914e+03,1.764705882352941e+00,14082615
8.514043058147653e+03,8.511978602562224e+03,5.882352941176471e-01,14082618
8.515807764030006e+03,8.511393092438443e+03,1.176470588235294e+00,14082617
8.518739144616969e+03,8.516974438734616e+03,5.882352941176471e-01,14082620
8.520617153748726e+03,8.515323036101667e+03,1.764705882352941e+00,14082619
8.523445691312892e+03,8.519916279548186e+03,1.176470588235294e+00,14082621
8.525203052720720e+03,8.523438346838367e+03,5.882352941176471e-01,14082622
8.525828041454259e+03,8.524063335571906e+03,5.882352941176471e-01,14082623
8.527350987519107e+03,8.525586281636754e+03,5.882352941176471e-01,14082624
8.527546396189271e+03,8.525781690306918e+03,5.882352941176471e-01,14082625
8.531315514791275e+03,8.529550808908922e+03,5.882352941176471e-01,14082628
8.531778633522301e+03,8.526484515875242e+03,1.764705882352941e+00,14082626
8.532645105166166e+03,8.527180134723371e+03,1.764705882352941e+00,14082627
8.533080220673628e+03,8.531305625724193e+03,5.882352941176471e-01,14082629
8.533572499579715e+03,8.531807793697362e+03,5.882352941176471e-01,14082630
8.534409811048519e+03,8.532612001277106e+03,5.882352941176471e-01,14082631
8.535734218373884e+03,8.533969512491532e+03,5.882352941176471e-01,14082632
8.536318282818553e+03,8.534553576936200e+03,5.882352941176471e-01,14082633
8.536806817917850e+03,8.535042112035497e+03,5.882352941176471e-01,14082634
8.539699941536573e+03,8.537935235654220e+03,5.882352941176471e-01,14082637
8.540999398664945e+03,8.537469986900239e+03,1.176470588235294e+00,14082636
8.541462548909397e+03,8.536168431262338e+03,1.764705882352941e+00,14082635
8.542541915225000e+03,8.540777209342647e+03,5.882352941176471e-01,14082638
8.545156095724937e+03,8.543391389842584e+03,5.882352941176471e-01,14082639
8.551443702860934e+03,8.549678996978581e+03,5.882352941176471e-01,14082642
8.551957568610160e+03,8.546663450963101e+03,1.764705882352941e+00,14082640
8.553250688324324e+03,8.551485982441971e+03,5.882352941176471e-01,14082643
8.553821815973700e+03,8.548527698326641e+03,1.764705882352941e+00,14082641
8.556328902597328e+03,8.554564196714975e+03,5.882352941176471e-01,14082644
8.556755189705391e+03,8.554990483823038e+03,5.882352941176471e-01,14082645
8.564852337944803e+03,8.563087632062450e+03,5.882352941176471e-01,14082646
8.565041587952009e+03,8.563276882069656e+03,5.882352941176471e-01,14082647
8.565628917870284e+03,8.563864211987931e+03,5.882352941176471e-01,14082648
8.566617043827156e+03,8.564545427971910e+03,5.882352941176471e-01,14082649
8.568578634247931e+03,8.565049222483225e+03,1.176470588235294e+00,14082650
8.569181991844810e+03,8.567417285962457e+03,5.882352941176471e-01,14082652
8.570612002339900e+03,8.568847296457547e+03,5.882352941176471e-01,14082653
8.571505379420335e+03,8.566211261773276e+03,1.764705882352941e+00,14082651
8.574392182970961e+03,8.572627477088608e+03,5.882352941176471e-01,14082655
8.574695022132124e+03,8.572930316249771e+03,5.882352941176471e-01,14082656
8.576145873032959e+03,8.573035783186728e+03,5.882352941176471e-01,14082657
8.576156888853314e+03,8.572616461268253e+03,1.176470588235294e+00,14082654
8.578086787915669e+03,8.576322082033316e+03,5.882352941176471e-01,14082659
8.578224433896829e+03,8.574641154862800e+03,1.176470588235294e+00,14082658
8.579929754996414e+03,8.578165049114061e+03,5.882352941176471e-01,14082660
8.580261569552595e+03,8.578496863670242e+03,5.882352941176471e-01,14082661
8.582418622269784e+03,8.580653916387431e+03,5.882352941176471e-01,14082662
8.584720950082814e+03,8.582956244200461e+03,5.882352941176471e-01,14082663
8.587065955021099e+03,8.585301249138746e+03,5.882352941176471e-01,14082666
8.588347275593116e+03,8.583053157946057e+03,1.764705882352941e+00,14082664
8.588830660903452e+03,8.585551613845117e+03,5.882352941176471e-01,14082667
8.588898162178970e+03,8.583604044531911e+03,1.764705882352941e+00,14082665
8.590111981475469e+03,8.587563884423865e+03,5.882352941176471e-01,14082668
8.593476527368330e+03,8.591711821485977e+03,5.882352941176471e-01,14082670
8.595191965317266e+03,8.589897847670207e+03,1.764705882352941e+00,14082669
8.595959377697323e+03,8.594194671814970e+03,5.882352941176471e-01,14082673
8.596956671199619e+03,8.594942048015440e+03,5.882352941176471e-01,14082674
8.598899147097269e+03,8.592384068188816e+03,1.764705882352941e+00,14082671
8.599488789462029e+03,8.593650927194011e+03,1.764705882352941e+00,14082672
8.600663852979622e+03,8.598745231719600e+03,5.882352941176471e-01,14082680
8.601253495344382e+03,8.599058445813913e+03,5.882352941176471e-01,14082681
8.603345778236854e+03,8.601581072354501e+03,5.882352941176471e-01,14082682
8.604113325225790e+03,8.597800665857088e+03,1.764705882352941e+00,14082676
8.604113325225790e+03,8.596937927235120e+03,1.764705882352941e+00,14082675
8.605727316838992e+03,8.601615258544962e+03,5.882352941176471e-01,14082683
8.605878031108143e+03,8.604085977500596e+03,5.882352941176471e-01,14082689
8.606259788316378e+03,8.604495082434025e+03,5.882352941176471e-01,14082690
8.607567379855920e+03,8.605269737382845e+03,5.882352941176471e-01,14082692
8.607567379855920e+03,8.605047860936139e+03,5.882352941176471e-01,14082691
8.608429277680893e+03,8.606664571798540e+03,5.882352941176471e-01,14082693
8.610001400257792e+03,8.608236694375439e+03,5.882352941176471e-01,14082694
8.611385262781021e+03,8.609620556898668e+03,5.882352941176471e-01,14082696
8.611766106140145e+03,8.609755584706574e+03,5.882352941176471e-01,14082697
8.612138902446372e+03,8.608609490681666e+03,1.176470588235294e+00,14082695
8.613149968663374e+03,8.610921604174395e+03,5.882352941176471e-01,14082698
8.617412484305885e+03,8.615647778423532e+03,5.882352941176471e-01,14082699
8.617615939413236e+03,8.615851233530883e+03,5.882352941176471e-01,14082700
8.617744688143732e+03,8.615979982261379e+03,5.882352941176471e-01,14082701
8.622774800721208e+03,8.616902849753116e+03,1.764705882352941e+00,14082702
8.622910057060295e+03,8.617548881842414e+03,1.764705882352941e+00,14082704
8.624143537170742e+03,8.622378831288389e+03,5.882352941176471e-01,14082705
8.625026041464497e+03,8.623261335582144e+03,5.882352941176471e-01,14082706
8.628762588375855e+03,8.626997882493502e+03,5.882352941176471e-01,14082707
8.630520482379642e+03,8.628755776497289e+03,5.882352941176471e-01,14082708
8.630712638657680e+03,8.628947932775327e+03,5.882352941176471e-01,14082709
8.631141397497065e+03,8.629376691614712e+03,5.882352941176471e-01,14082710
8.633251602729067e+03,8.631486896846714e+03,5.882352941176471e-01,14082711
8.634361224186547e+03,8.632596518304194e+03,5.882352941176471e-01,14082712
8.636598739339727e+03,8.634834033457374e+03,5.882352941176471e-01,14082715
8.638597134704328e+03,8.636245351755930e+03,5.882352941176471e-01,14082716
8.638974614367623e+03,8.633680496720564e+03,1.764705882352941e+00,14082713
8.639249416382910e+03,8.633955298735851e+03,1.764705882352941e+00,14082714
8.640550580418328e+03,8.637158757003110e+03,5.882352941176471e-01,14082719
8.640550580418328e+03,8.637066118304222e+03,5.882352941176471e-01,14082718
8.643509822460152e+03,8.641745116577799e+03,5.882352941176471e-01,14082721
8.643676782409740e+03,8.641912076527388e+03,5.882352941176471e-01,14082722
8.645232591813027e+03,8.643103979096757e+03,5.882352941176471e-01,14082724
8.646997297695380e+03,8.644879182389276e+03,5.882352941176471e-01,14082725
8.647206194174446e+03,8.641661243518843e+03,1.764705882352941e+00,14082720
8.648762003577732e+03,8.642610837907494e+03,1.764705882352941e+00,14082723
8.650526709460085e+03,8.647404159137311e+03,5.882352941176471e-01,14082728
8.652291415342438e+03,8.646802634402311e+03,1.764705882352941e+00,14082726
8.652500311821505e+03,8.647199189549769e+03,1.764705882352941e+00,14082727
8.653144853960259e+03,8.651380148077906e+03,5.882352941176471e-01,14082729
8.655068264707006e+03,8.653303558824653e+03,5.882352941176471e-01,14082731
8.655519710516045e+03,8.653755004633692e+03,5.882352941176471e-01,14082732
8.657284416398398e+03,8.655110881938849e+03,5.882352941176471e-01,14082735
8.657585532989497e+03,8.655524930511643e+03,5.882352941176471e-01,14082736
8.659142919996648e+03,8.654037529018973e+03,1.176470588235294e+00,14082733
8.660907625879001e+03,8.652198815834254e+03,1.764705882352941e+00,14082730
8.660992876812425e+03,8.659228170930072e+03,5.882352941176471e-01,14082738
8.662447928270924e+03,8.657153810623866e+03,1.764705882352941e+00,14082737
8.663269012418174e+03,8.661504306535821e+03,5.882352941176471e-01,14082740
8.664324835898492e+03,8.662191458037410e+03,5.882352941176471e-01,14082742
8.664324835898492e+03,8.661977179169704e+03,5.882352941176471e-01,14082741
8.666089541780845e+03,8.663695867185128e+03,5.882352941176471e-01,14082743
8.666798424182880e+03,8.659871938892972e+03,1.764705882352941e+00,14082739
8.666852115264136e+03,8.665087409381783e+03,5.882352941176471e-01,14082744
8.669314705480613e+03,8.667549999598260e+03,5.882352941176471e-01,14082746
8.670949830007192e+03,8.668945903083108e+03,5.882352941176471e-01,14082748
8.671282843064254e+03,8.667753431299549e+03,1.176470588235294e+00,14082747
8.672844117245319e+03,8.667420418242486e+03,1.764705882352941e+00,14082745
8.673323230903858e+03,8.671558525021505e+03,5.882352941176471e-01,14082751
8.676308738332138e+03,8.670549417905760e+03,1.764705882352941e+00,14082749
8.676998821024932e+03,8.675234115142579e+03,5.882352941176471e-01,14082752
8.678828007138416e+03,8.676988677852638e+03,5.882352941176471e-01,14082757
8.680000728927587e+03,8.678236023045234e+03,5.882352941176471e-01,14082758
8.680582395236491e+03,8.675363075604841e+03,1.176470588235294e+00,14082753
8.682153212349210e+03,8.679704986152213e+03,5.882352941176471e-01,14082760
8.682347101118844e+03,8.675434504524552e+03,1.764705882352941e+00,14082754
8.684014862616380e+03,8.679493046838851e+03,1.176470588235294e+00,14082759
8.684014862616380e+03,8.676592624856514e+03,1.176470588235294e+00,14082756
8.685682624113915e+03,8.683369082468142e+03,5.882352941176471e-01,14082763
8.685779568498733e+03,8.681409608991547e+03,1.176470588235294e+00,14082762
8.685968901411331e+03,8.684204195528978e+03,5.882352941176471e-01,14082764
8.687511959586147e+03,8.684572289908027e+03,5.882352941176471e-01,14082766
8.687511959586147e+03,8.684387531772759e+03,5.882352941176471e-01,14082765
8.687989562535563e+03,8.686224856653210e+03,5.882352941176471e-01,14082768
8.690087262606353e+03,8.688322556724000e+03,5.882352941176471e-01,14082770
8.692806077233205e+03,8.687152525125136e+03,1.764705882352941e+00,14082769
8.693633092138094e+03,8.691868386255741e+03,5.882352941176471e-01,14082773
8.693936412672168e+03,8.688642295025109e+03,1.764705882352941e+00,14082771
8.694570783115558e+03,8.692538465813971e+03,5.882352941176471e-01,14082774
8.695381380253412e+03,8.689528970710380e+03,1.176470588235294e+00,14082772
8.696813320293732e+03,8.695048614411379e+03,5.882352941176471e-01,14082775
8.700059133376921e+03,8.698294427494568e+03,5.882352941176471e-01,14082777
8.700687969358561e+03,8.695393851711502e+03,1.764705882352941e+00,14082776
8.700709890775674e+03,8.698945184893321e+03,5.882352941176471e-01,14082778
8.702573129859063e+03,8.700808423976710e+03,5.882352941176471e-01,14082779
8.703616116123954e+03,8.701851410241601e+03,5.882352941176471e-01,14082780
8.705649833354762e+03,8.703885127472409e+03,5.882352941176471e-01,14082782
8.705856295058501e+03,8.704091589176148e+03,5.882352941176471e-01,14082783
8.705965761659194e+03,8.702436349894488e+03,1.176470588235294e+00,14082781
8.710148459163246e+03,8.708383753280893e+03,5.882352941176471e-01,14082786
8.711047181853690e+03,8.705220753319130e+03,1.764705882352941e+00,14082785
8.711047181853690e+03,8.705185686606055e+03,1.764705882352941e+00,14082784
8.712201077483122e+03,8.708791034984941e+03,5.882352941176471e-01,14082787
8.712811887736043e+03,8.710532342413276e+03,5.882352941176471e-01,14082791
8.713965783365474e+03,8.711751991016112e+03,5.882352941176471e-01,14082793
8.715730489247827e+03,8.713301740641357e+03,5.882352941176471e-01,14082796
8.717495195130180e+03,8.715678057912039e+03,5.882352941176471e-01,14082797
8.718473160147650e+03,8.712375177912170e+03,1.764705882352941e+00,14082794
8.718473160147650e+03,8.710652200919523e+03,1.764705882352941e+00,14082792
8.719366790667456e+03,8.715823019740419e+03,5.882352941176471e-01,14082798
8.720237866030003e+03,8.717655529612565e+03,5.882352941176471e-01,14082801
8.726217785765234e+03,8.724453079882881e+03,5.882352941176471e-01,14082803
8.727470833087923e+03,8.722176715440865e+03,1.764705882352941e+00,14082802
8.727740674558301e+03,8.725975968675948e+03,5.882352941176471e-01,14082804
8.728276594846915e+03,8.726066005295247e+03,5.882352941176471e-01,14082805
8.729370459705465e+03,8.727069915608711e+03,5.882352941176471e-01,14082808
8.729370459705465e+03,8.726805992163890e+03,5.882352941176471e-01,14082807
8.731230268706853e+03,8.729465562824500e+03,5.882352941176471e-01,14082810
8.732716290566743e+03,8.730613214447840e+03,5.882352941176471e-01,14082813
8.733597080903338e+03,8.731832375020985e+03,5.882352941176471e-01,14082814
8.734365514065778e+03,8.728908194779574e+03,1.176470588235294e+00,14082809
8.735361786785691e+03,8.732998064310224e+03,5.882352941176471e-01,14082815
8.736130219948131e+03,8.729836704371996e+03,1.764705882352941e+00,14082811
8.737248813758163e+03,8.735484107875810e+03,5.882352941176471e-01,14082817
8.739013519640516e+03,8.736756104027164e+03,5.882352941176471e-01,14082818
8.739537310622718e+03,8.730409501017811e+03,1.764705882352941e+00,14082812
8.739659631712837e+03,8.733645275555363e+03,1.764705882352941e+00,14082816
8.742542931405222e+03,8.737981894673511e+03,1.176470588235294e+00,14082819
8.743066722387424e+03,8.739244804553742e+03,1.176470588235294e+00,14082820
8.746401467974774e+03,8.744636762092421e+03,5.882352941176471e-01,14082821
8.749529068774208e+03,8.747764362891855e+03,5.882352941176471e-01,14082823
8.750236433198005e+03,8.744942315550946e+03,1.764705882352941e+00,14082822
8.753934627854187e+03,8.750405216089481e+03,1.176470588235294e+00,14082824
8.754094732385390e+03,8.752330026503037e+03,5.882352941176471e-01,14082826
8.756358209428459e+03,8.751064091781400e+03,1.764705882352941e+00,14082825
8.757046281359227e+03,8.755281575476874e+03,5.882352941176471e-01,14082827
8.758034656701389e+03,8.756269950819036e+03,5.882352941176471e-01,14082828
8.761590154837723e+03,8.759825448955370e+03,5.882352941176471e-01,14082830
8.761833371306118e+03,8.756539253659059e+03,1.764705882352941e+00,14082829
8.763354860720076e+03,8.760687086686312e+03,5.882352941176471e-01,14082832
8.763496578862141e+03,8.759967167097436e+03,1.176470588235294e+00,14082831
8.763768955737457e+03,8.762004249855104e+03,5.882352941176471e-01,14082833
8.765404821710960e+03,8.763640115828607e+03,5.882352941176471e-01,14082834
8.772228126543835e+03,8.766934008896776e+03,1.764705882352941e+00,14082835
8.772952448803149e+03,8.770772007590649e+03,5.882352941176471e-01,14082838
8.773992832426188e+03,8.769423037038443e+03,1.176470588235294e+00,14082836
8.774396491488786e+03,8.772631785606433e+03,5.882352941176471e-01,14082839
8.775757538308541e+03,8.773897719153543e+03,5.882352941176471e-01,14082840
8.776161197371139e+03,8.774269475731563e+03,5.882352941176471e-01,14082841
8.776378511172510e+03,8.770763730328735e+03,1.764705882352941e+00,14082837
8.777522244190894e+03,8.774756788945052e+03,5.882352941176471e-01,14082842
8.780159533422913e+03,8.778394827540560e+03,5.882352941176471e-01,14082845
8.781335699631251e+03,8.777806287866545e+03,1.176470588235294e+00,14082844
8.782803575799788e+03,8.777509458152729e+03,1.764705882352941e+00,14082843
8.783414025880229e+03,8.781649319997876e+03,5.882352941176471e-01,14082846
8.785357532540880e+03,8.783592826658527e+03,5.882352941176471e-01,14082847
8.785662554804542e+03,8.783897848922189e+03,5.882352941176471e-01,14082848
8.790237969639367e+03,8.788473263757014e+03,5.882352941176471e-01,14082850
8.792226531165361e+03,8.789959113331530e+03,5.882352941176471e-01,14082852
8.792845347973554e+03,8.787551230326495e+03,1.764705882352941e+00,14082849
8.793991237047714e+03,8.792174427845423e+03,5.882352941176471e-01,14082855
8.795755942930067e+03,8.793416413291960e+03,5.882352941176471e-01,14082857
8.796660292397463e+03,8.789269751429539e+03,1.764705882352941e+00,14082851
8.798093280841304e+03,8.792283988746504e+03,1.764705882352941e+00,14082856
8.799981344182939e+03,8.798216638300587e+03,5.882352941176471e-01,14082859
8.801692599804919e+03,8.799927893922566e+03,5.882352941176471e-01,14082861
8.802520401987877e+03,8.800755696105524e+03,5.882352941176471e-01,14082862
8.803465537732271e+03,8.798117969824839e+03,1.764705882352941e+00,14082858
8.805174344497258e+03,8.798943323150803e+03,1.764705882352941e+00,14082860
8.808635384849229e+03,8.806549391795678e+03,5.882352941176471e-01,14082867
8.808635384849229e+03,8.806116568144229e+03,5.882352941176471e-01,14082866
8.809523564760924e+03,8.805017394356408e+03,1.176470588235294e+00,14082863
8.810400090731581e+03,8.807963563228289e+03,5.882352941176471e-01,14082868
8.811288270643277e+03,8.809238699094231e+03,5.882352941176471e-01,14082870
8.812291820617758e+03,8.808762408853052e+03,1.176470588235294e+00,14082869
8.814817682407983e+03,8.811166855083478e+03,1.176470588235294e+00,14082872
8.815694208378640e+03,8.809758852785415e+03,1.764705882352941e+00,14082871
8.815872092738818e+03,8.813508073533543e+03,5.882352941176471e-01,14082874
8.816582388290336e+03,8.814529450797524e+03,5.882352941176471e-01,14082875
8.817458914260993e+03,8.815010204529679e+03,5.882352941176471e-01,14082876
8.818347094172689e+03,8.816308307180076e+03,5.882352941176471e-01,14082877
8.819223620143346e+03,8.816695003197666e+03,5.882352941176471e-01,14082878
8.819401504503524e+03,8.812342680974112e+03,1.764705882352941e+00,14082873
8.823112844611884e+03,8.821178821312535e+03,5.882352941176471e-01,14082883
8.823641211819747e+03,8.817834028520545e+03,1.764705882352941e+00,14082879
8.824697644142321e+03,8.822656022774810e+03,5.882352941176471e-01,14082885
8.826462350024674e+03,8.824587523134248e+03,5.882352941176471e-01,14082887
8.828778529563865e+03,8.819583432847178e+03,1.764705882352941e+00,14082881
8.828778529563865e+03,8.818579930122265e+03,1.764705882352941e+00,14082880
8.830267498617799e+03,8.822432325376877e+03,1.764705882352941e+00,14082884
8.830543235446218e+03,8.827343610855809e+03,5.882352941176471e-01,14082888
8.832614529881695e+03,8.830849823999342e+03,5.882352941176471e-01,14082890
8.832790986536825e+03,8.831026280654472e+03,5.882352941176471e-01,14082891
8.834146690376797e+03,8.831565872548238e+03,5.882352941176471e-01,14082893
8.834146690376797e+03,8.831304100968461e+03,5.882352941176471e-01,14082892
8.834555692419178e+03,8.830384733224841e+03,1.176470588235294e+00,14082889
8.839365626782331e+03,8.837600920899978e+03,5.882352941176471e-01,14082895
8.839517910788238e+03,8.835988499023532e+03,1.176470588235294e+00,14082894
8.842764665016666e+03,8.840999959134313e+03,5.882352941176471e-01,14082896
8.843419728134778e+03,8.841655022252425e+03,5.882352941176471e-01,14082897
8.847166837037646e+03,8.843920096031444e+03,5.882352941176471e-01,14082901
8.847624770388026e+03,8.843592362846060e+03,1.176470588235294e+00,14082898
8.848931542919999e+03,8.846052268050289e+03,5.882352941176471e-01,14082904
8.849389476270379e+03,8.844158933466283e+03,1.176470588235294e+00,14082902
8.850769896780250e+03,8.848340567527460e+03,5.882352941176471e-01,14082907
8.852534602662602e+03,8.850756187030582e+03,5.882352941176471e-01,14082911
8.853839168374998e+03,8.849152486853692e+03,1.176470588235294e+00,14082909
8.855603874257351e+03,8.848332590756042e+03,1.764705882352941e+00,14082906
8.855603874257351e+03,8.846261146555414e+03,1.764705882352941e+00,14082905
8.856780344845587e+03,8.853285426770337e+03,5.882352941176471e-01,14082913
8.856780344845587e+03,8.853471191762056e+03,5.882352941176471e-01,14082914
8.858545050727940e+03,8.855745278450839e+03,5.882352941176471e-01,14082915
8.859427403669116e+03,8.850606595832903e+03,1.176470588235294e+00,14082910
8.860362018258521e+03,8.858597312376168e+03,5.882352941176471e-01,14082917
8.861139847903240e+03,8.856476371665095e+03,1.176470588235294e+00,14082916
8.861192109551469e+03,8.852944996948345e+03,1.764705882352941e+00,14082912
8.863580286984666e+03,8.861815581102313e+03,5.882352941176471e-01,14082919
8.864490053703856e+03,8.860960641939150e+03,1.176470588235294e+00,14082918
8.868564025588439e+03,8.863269907941381e+03,1.764705882352941e+00,14082920
8.869724067718359e+03,8.864429950071301e+03,1.764705882352941e+00,14082921
8.871679125142495e+03,8.869914419260142e+03,5.882352941176471e-01,14082924
8.873012310271634e+03,8.867718192624575e+03,1.764705882352941e+00,14082922
8.873326981863026e+03,8.870571290749712e+03,5.882352941176471e-01,14082925
8.873443831024847e+03,8.869797570098320e+03,1.176470588235294e+00,14082923
8.874934351949683e+03,8.871931834059142e+03,5.882352941176471e-01,14082927
8.874934351949683e+03,8.871929398499634e+03,5.882352941176471e-01,14082926
8.876699057832036e+03,8.873641728181370e+03,5.882352941176471e-01,14082929
8.878500862803350e+03,8.875802830477919e+03,5.882352941176471e-01,14082931
8.878796329408750e+03,8.873502211761691e+03,1.764705882352941e+00,14082928
8.882109856073501e+03,8.878812615429358e+03,5.882352941176471e-01,14082938
8.885153922684294e+03,8.875008550127605e+03,1.764705882352941e+00,14082930
8.885639267838206e+03,8.878918550673644e+03,1.764705882352941e+00,14082939
8.885755249832990e+03,8.883990543950637e+03,5.882352941176471e-01,14082941
8.889168679602912e+03,8.881890379826709e+03,1.764705882352941e+00,14082940
8.890448040331353e+03,8.884640778423284e+03,1.764705882352941e+00,14082942
8.890933385485265e+03,8.887964896001090e+03,5.882352941176471e-01,14082945
8.891227261685621e+03,8.889462555803269e+03,5.882352941176471e-01,14082946
8.892308480690484e+03,8.887145510648653e+03,1.176470588235294e+00,14082944
8.894073186572837e+03,8.885241056176706e+03,1.764705882352941e+00,14082943
8.895508714544542e+03,8.891979302779836e+03,1.176470588235294e+00,14082947
8.897187116265239e+03,8.895117318727428e+03,5.882352941176471e-01,14082950
8.897739873801212e+03,8.895861514687429e+03,5.882352941176471e-01,14082951
8.899038126309248e+03,8.893657704500533e+03,1.764705882352941e+00,14082948
8.902715830518588e+03,8.899824850671964e+03,5.882352941176471e-01,14082958
8.902800764761112e+03,8.896514363973246e+03,1.764705882352941e+00,14082952
8.902800764761112e+03,8.894210462036506e+03,1.764705882352941e+00,14082949
8.904565470643465e+03,8.898384559748440e+03,1.176470588235294e+00,14082957
8.906245242283294e+03,8.901983511861111e+03,1.176470588235294e+00,14082961
8.906330176525818e+03,8.897672507530479e+03,1.764705882352941e+00,14082956
8.906923690849670e+03,8.905158984967317e+03,5.882352941176471e-01,14082962
8.908541031246086e+03,8.906776325363734e+03,5.882352941176471e-01,14082963
8.915077728905651e+03,8.909783611258592e+03,1.764705882352941e+00,14082964
8.915254234981010e+03,8.909960117333951e+03,1.764705882352941e+00,14082965
8.916842434788004e+03,8.914593754929103e+03,5.882352941176471e-01,14082969
8.917018940863363e+03,8.915179092566704e+03,5.882352941176471e-01,14082970
8.918314347757785e+03,8.910669938403229e+03,1.176470588235294e+00,14082966
8.919024081709142e+03,8.917259375826790e+03,5.882352941176471e-01,14082971
8.920079053640138e+03,8.917950825320648e+03,5.882352941176470e-01,14082972
8.920079053640138e+03,8.912281668995096e+03,1.764705882352941e+00,14082967
8.921843759522491e+03,8.919684876077326e+03,5.882352941176471e-01,14082974
8.923247246594394e+03,8.921482540712042e+03,5.882352941176471e-01,14082975
8.924683006871171e+03,8.919388889224112e+03,1.764705882352941e+00,14082973
8.925911732302402e+03,8.924147026420049e+03,5.882352941176471e-01,14082976
8.927705130972844e+03,8.925940425090491e+03,5.882352941176471e-01,14082977
8.932236385940178e+03,8.930471680057825e+03,5.882352941176471e-01,14082980
8.933563469407762e+03,8.931254772479457e+03,5.882352941176471e-01,14082981
8.934001091822531e+03,8.930034057643056e+03,1.176470588235294e+00,14082979
8.934176547052734e+03,8.928882429405675e+03,1.764705882352941e+00,14082978
8.935328175290115e+03,8.932674664568224e+03,5.882352941176471e-01,14082982
8.935853525319985e+03,8.933851775279617e+03,5.882352941176471e-01,14082984
8.935853525319985e+03,8.933833274990610e+03,5.882352941176471e-01,14082983
8.937355556187403e+03,8.934835081466398e+03,5.882352941176471e-01,14082986
8.940884967952109e+03,8.934545322353692e+03,1.764705882352941e+00,14082985
8.943079550396029e+03,8.937099637935306e+03,1.764705882352941e+00,14082987
8.944158461464717e+03,8.942141277518153e+03,5.882352941176471e-01,14082991
8.944414379716815e+03,8.938090938961315e+03,1.764705882352941e+00,14082989
8.944844256278382e+03,8.942639175612305e+03,5.882352941176471e-01,14082992
8.945923167347070e+03,8.943160090099925e+03,5.882352941176471e-01,14082993
8.948373668043088e+03,8.939792047781098e+03,1.764705882352941e+00,14082990
8.949552366737884e+03,8.946836482097955e+03,5.882352941176471e-01,14082999
8.951538430120421e+03,8.949220933260077e+03,5.882352941176471e-01,14083000
8.951759787620605e+03,8.945515376693349e+03,1.764705882352941e+00,14082995
8.951759787620605e+03,8.944200909440282e+03,1.764705882352941e+00,14082994
8.955246198683004e+03,8.953481492800651e+03,5.882352941176471e-01,14083006
8.956985104091065e+03,8.954643714244752e+03,5.882352941176471e-01,14083007
8.957656479472629e+03,8.950434017538555e+03,1.764705882352941e+00,14083002
8.959421185354982e+03,8.957442121598837e+03,5.882352941176471e-01,14083011
8.960589430832595e+03,8.958824724950242e+03,5.882352941176471e-01,14083012
8.962472244446294e+03,8.960004930759466e+03,5.882352941176471e-01,14083013
8.962590352177640e+03,8.953455692326359e+03,1.764705882352941e+00,14083005
8.962590352177640e+03,8.951955270910020e+03,1.764705882352941e+00,14083004
8.964315688816211e+03,8.961584096982067e+03,5.882352941176471e-01,14083015
8.964315688816211e+03,8.961929847291469e+03,5.882352941176471e-01,14083016
8.964315688816211e+03,8.962341318199078e+03,5.882352941176471e-01,14083017
8.967891876287441e+03,8.965713818924296e+03,5.882352941176471e-01,14083019
8.968311143950278e+03,8.956062940765833e+03,1.764705882352941e+00,14083009
8.968311143950278e+03,8.955303758220747e+03,1.764705882352941e+00,14083008
8.970075849832631e+03,8.968046955874536e+03,5.882352941176471e-01,14083023
8.971498827845694e+03,8.968906912909710e+03,5.882352941176471e-01,14083025
8.973263533728047e+03,8.970755986192486e+03,5.882352941176471e-01,14083026
8.973831973717289e+03,8.966173946111612e+03,1.764705882352941e+00,14083021
8.973831973717289e+03,8.962880173003827e+03,1.764705882352941e+00,14083018
8.975312459605021e+03,8.972974635193607e+03,5.882352941176471e-01,14083028
8.976600828375670e+03,8.974836122493317e+03,5.882352941176471e-01,14083029
8.978683092332492e+03,8.975730260307113e+03,5.882352941176471e-01,14083031
8.978683092332492e+03,8.976278247538069e+03,5.882352941176471e-01,14083032
8.978841871369727e+03,8.971668423839570e+03,1.764705882352941e+00,14083027
8.980447798214845e+03,8.977617460790861e+03,5.882352941176471e-01,14083034
8.982212504097198e+03,8.974980034263332e+03,1.764705882352941e+00,14083030
8.983302175852506e+03,8.981537469970153e+03,5.882352941176471e-01,14083036
8.983361150572444e+03,8.979831738807738e+03,1.176470588235294e+00,14083035
8.983977209979551e+03,8.982023506099424e+03,5.882352941176471e-01,14083037
8.987720901986299e+03,8.985956196103946e+03,5.882352941176471e-01,14083040
8.988884585189991e+03,8.983590467542932e+03,1.764705882352941e+00,14083038
8.990823935934541e+03,8.989059230052188e+03,5.882352941176471e-01,14083042
8.991250313751004e+03,8.985545664352353e+03,1.764705882352941e+00,14083039
8.992588641816894e+03,8.989664315146460e+03,5.882352941176471e-01,14083043
8.992604487881765e+03,8.986944992297223e+03,1.764705882352941e+00,14083041
8.993770376126895e+03,8.992005670244542e+03,5.882352941176471e-01,14083044
8.994353347699247e+03,8.992088591034666e+03,5.882352941176471e-01,14083045
8.994633409406218e+03,8.992868703523865e+03,5.882352941176471e-01,14083046
8.998646084724135e+03,8.996881378841783e+03,5.882352941176471e-01,14083047
9.000608205985241e+03,8.998843500102888e+03,5.882352941176471e-01,14083049
9.001311094478765e+03,8.999546388596412e+03,5.882352941176471e-01,14083050
9.003631251631368e+03,8.998337133984309e+03,1.764705882352941e+00,14083048
9.005154881426129e+03,9.003390175543777e+03,5.882352941176471e-01,14083051
9.006600228683419e+03,9.004835522801066e+03,5.882352941176471e-01,14083052
9.009950171318541e+03,9.008185465436188e+03,5.882352941176471e-01,14083055
9.011092489668554e+03,9.005798372021495e+03,1.764705882352941e+00,14083053
9.011942659028293e+03,9.006648541381234e+03,1.764705882352941e+00,14083054
9.013801964642389e+03,9.012037258760036e+03,5.882352941176471e-01,14083059
9.014982287621524e+03,9.010207854386077e+03,1.176470588235294e+00,14083056
9.015306828318935e+03,9.010295733391823e+03,1.176470588235294e+00,14083057
9.016746993503877e+03,9.014705756707363e+03,5.882352941176471e-01,14083060
9.017071534201288e+03,9.010726134287725e+03,1.764705882352941e+00,14083058
9.020438675617288e+03,9.018602282985162e+03,5.882352941176471e-01,14083064
9.020702265575468e+03,9.015408147928409e+03,1.764705882352941e+00,14083061
9.022269278989186e+03,9.019004101262238e+03,5.882352941176471e-01,14083065
9.022335176478731e+03,9.016286352967294e+03,1.764705882352941e+00,14083062
9.023444349920730e+03,9.021679644038377e+03,5.882352941176471e-01,14083067
9.025643134326597e+03,9.023878428444244e+03,5.882352941176471e-01,14083068
9.027954336228940e+03,9.026189630346587e+03,5.882352941176471e-01,14083069
9.028262458328810e+03,9.026497752446458e+03,5.882352941176471e-01,14083070
9.030116011613123e+03,9.026586599848417e+03,1.176470588235294e+00,14083071
9.030156021776684e+03,9.028391315894331e+03,5.882352941176471e-01,14083072
9.030633691807222e+03,9.028868985924869e+03,5.882352941176471e-01,14083073
9.031880717495476e+03,9.029773132652434e+03,5.882352941176471e-01,14083074
9.033821511676579e+03,9.032056805794226e+03,5.882352941176471e-01,14083075
9.037390025964633e+03,9.035304510540876e+03,5.882352941176471e-01,14083081
9.038426086298082e+03,9.032158501980815e+03,1.764705882352941e+00,14083076
9.039426903510347e+03,9.032916269791419e+03,1.764705882352941e+00,14083078
9.041847147199357e+03,9.040082441317004e+03,5.882352941176471e-01,14083084
9.042684143611692e+03,9.036107069745761e+03,1.764705882352941e+00,14083082
9.043738680298631e+03,9.040913724408833e+03,5.882352941176471e-01,14083087
9.043738680298631e+03,9.040646912347976e+03,5.882352941176471e-01,14083086
9.046068251805987e+03,9.037942541353102e+03,1.764705882352941e+00,14083083
9.047550524875838e+03,9.044107021675252e+03,5.882352941176471e-01,14083090
9.047550524875838e+03,9.044564579436727e+03,5.882352941176471e-01,14083091
9.047550524875838e+03,9.044731194348000e+03,5.882352941176471e-01,14083092
9.051249059736709e+03,9.043340331129971e+03,1.764705882352941e+00,14083088
9.051249059736709e+03,9.040336095750846e+03,1.764705882352941e+00,14083085
9.053013765619062e+03,9.048057894164332e+03,1.176470588235294e+00,14083095
9.054609348405250e+03,9.049957536646637e+03,1.176470588235294e+00,14083096
9.054778471501415e+03,9.047448522874259e+03,1.764705882352941e+00,14083094
9.057896275868564e+03,9.056131569986211e+03,5.882352941176471e-01,14083098
9.058100100179396e+03,9.056335394297043e+03,5.882352941176471e-01,14083099
9.059646941926540e+03,9.056855495741963e+03,5.882352941176471e-01,14083101
9.059646941926540e+03,9.056494659483641e+03,5.882352941176471e-01,14083100
9.060011610658234e+03,9.058246904775881e+03,5.882352941176471e-01,14083105
9.061411647808893e+03,9.059645237598668e+03,5.882352941176471e-01,14083107
9.063394217826455e+03,9.056061370864323e+03,1.764705882352941e+00,14083097
9.064941059573598e+03,9.059358354405485e+03,1.764705882352941e+00,14083106
9.065288847169211e+03,9.063113601555570e+03,5.882352941176471e-01,14083110
9.065288847169211e+03,9.063073466760261e+03,5.882352941176471e-01,14083109
9.066983995532441e+03,9.064500366782192e+03,5.882352941176471e-01,14083113
9.068748701414794e+03,9.066070842928939e+03,5.882352941176471e-01,14083116
9.069121693354558e+03,9.061889358864908e+03,1.176470588235294e+00,14083108
9.070513407297147e+03,9.068102971351734e+03,5.882352941176471e-01,14083117
9.070886399236911e+03,9.063675159304022e+03,1.764705882352941e+00,14083111
9.071143205221810e+03,9.069378499339457e+03,5.882352941176471e-01,14083118
9.074762202106901e+03,9.072997496224548e+03,5.882352941176471e-01,14083120
9.075903267159258e+03,9.070609149512200e+03,1.764705882352941e+00,14083119
9.076077035405093e+03,9.074312329522740e+03,5.882352941176471e-01,14083121
9.080468343912125e+03,9.078703638029772e+03,5.882352941176471e-01,14083122
9.080475997614176e+03,9.078711291731823e+03,5.882352941176471e-01,14083123
9.081856041470719e+03,9.080091335588366e+03,5.882352941176471e-01,14083124
9.082233049794478e+03,9.080103879577282e+03,5.882352941176471e-01,14083125
9.083620747353072e+03,9.081723402607628e+03,5.882352941176471e-01,14083127
9.086433036807726e+03,9.081138919160667e+03,1.764705882352941e+00,14083126
9.088786546397240e+03,9.085257134632534e+03,1.176470588235294e+00,14083128
9.091026350519130e+03,9.089261644636777e+03,5.882352941176471e-01,14083130
9.092791056401483e+03,9.090332244816845e+03,5.882352941176471e-01,14083132
9.093132491652595e+03,9.087838374005536e+03,1.764705882352941e+00,14083129
9.093636278867933e+03,9.091564320001097e+03,5.882352941176471e-01,14083133
9.095976958021402e+03,9.094212252139049e+03,5.882352941176471e-01,14083134
9.096320468166189e+03,9.090106867103227e+03,1.764705882352941e+00,14083131
9.098480770528663e+03,9.094951358763957e+03,1.176470588235294e+00,14083135
9.098507135898848e+03,9.096742430016495e+03,5.882352941176471e-01,14083136
9.102099597710388e+03,9.100334891828035e+03,5.882352941176471e-01,14083137
9.102332160050443e+03,9.100567454168091e+03,5.882352941176471e-01,14083138
9.102341605210825e+03,9.100576899328472e+03,5.882352941176471e-01,14083139
9.103980584762768e+03,9.101447201873363e+03,5.882352941176471e-01,14083140
9.106348992608439e+03,9.104584286726086e+03,5.882352941176471e-01,14083143
9.107509996527474e+03,9.101944569653997e+03,1.764705882352941e+00,14083141
9.107817450407166e+03,9.102523332760107e+03,1.764705882352941e+00,14083142
9.108113698490792e+03,9.106026548420645e+03,5.882352941176471e-01,14083144
9.109582156289518e+03,9.107803739113517e+03,5.882352941176471e-01,14083146
9.111057756986569e+03,9.109293051104216e+03,5.882352941176471e-01,14083148
9.113093219359836e+03,9.107094886638292e+03,1.764705882352941e+00,14083145
9.113905014597719e+03,9.108610896950661e+03,1.764705882352941e+00,14083147
9.114590537629430e+03,9.112825831747077e+03,5.882352941176471e-01,14083149
9.115935303577044e+03,9.114170597694691e+03,5.882352941176471e-01,14083151
9.117352860181644e+03,9.113823448416938e+03,1.176470588235294e+00,14083150
9.119884655276488e+03,9.114175566819764e+03,1.764705882352941e+00,14083152
9.121741112565292e+03,9.118211700800587e+03,1.176470588235294e+00,14083153
9.122077369479866e+03,9.120312663597513e+03,5.882352941176471e-01,14083155
9.124150136362081e+03,9.118856018715022e+03,1.764705882352941e+00,14083154
9.124874118576123e+03,9.123109412693770e+03,5.882352941176471e-01,14083156
9.126118397394961e+03,9.124353691512608e+03,5.882352941176471e-01,14083158
9.128489854118286e+03,9.126725148235933e+03,5.882352941176471e-01,14083159
9.129134210598886e+03,9.123840092951827e+03,1.764705882352941e+00,14083157
9.129395558361221e+03,9.127630852478868e+03,5.882352941176471e-01,14083160
9.130898916481238e+03,9.128508609491468e+03,5.882352941176471e-01,14083162
9.132060034180839e+03,9.130295328298486e+03,5.882352941176471e-01,14083164
9.133221456978979e+03,9.130389437011524e+03,5.882352941176471e-01,14083165
9.135548677647697e+03,9.128213606382884e+03,1.764705882352941e+00,14083161
9.136750868743685e+03,9.130437540171780e+03,1.764705882352941e+00,14083166
9.136750868743685e+03,9.130249879829661e+03,1.764705882352941e+00,14083163
9.140679719194834e+03,9.138915013312481e+03,5.882352941176471e-01,14083168
9.142217681327744e+03,9.140452975445391e+03,5.882352941176471e-01,14083169
9.144142902592723e+03,9.138848784945664e+03,1.764705882352941e+00,14083167
9.144749097453015e+03,9.141219685688310e+03,1.176470588235294e+00,14083170
9.144968688945570e+03,9.143203983063217e+03,5.882352941176471e-01,14083171
9.145907608475076e+03,9.143822278719496e+03,5.882352941176471e-01,14083172
9.148812868232507e+03,9.147048162350154e+03,5.882352941176471e-01,14083174
9.149151909679293e+03,9.145622497914587e+03,1.176470588235294e+00,14083173
9.149865651208050e+03,9.148100945325697e+03,5.882352941176471e-01,14083175
9.150577574114860e+03,9.148118207053833e+03,5.882352941176471e-01,14083176
9.151273486326025e+03,9.149087554638369e+03,5.882352941176471e-01,14083178
9.151273486326025e+03,9.148861152239689e+03,5.882352941176471e-01,14083177
9.154667990031969e+03,9.152903284149616e+03,5.882352941176471e-01,14083179
9.156427986521525e+03,9.154663280639173e+03,5.882352941176471e-01,14083180
9.158245258730696e+03,9.154715846965991e+03,1.176470588235294e+00,14083181
9.159026717925019e+03,9.157262012042666e+03,5.882352941176471e-01,14083182
9.161639965649721e+03,9.158110553885015e+03,1.176470588235294e+00,14083183
9.162450557451190e+03,9.160685851568837e+03,5.882352941176471e-01,14083184
9.162886565972762e+03,9.161121860090409e+03,5.882352941176471e-01,14083185
9.164433267594329e+03,9.162055401129768e+03,5.882352941176471e-01,14083189
9.164433267594329e+03,9.161658896638731e+03,5.882352941176471e-01,14083188
9.165341534656853e+03,9.162910752753016e+03,5.882352941176471e-01,14083190
9.166197973476682e+03,9.163784830301030e+03,5.882352941176471e-01,14083193
9.166197973476682e+03,9.163739520522421e+03,5.882352941176471e-01,14083192
9.167106240539206e+03,9.165172481812484e+03,5.882352941176471e-01,14083194
9.167962679359035e+03,9.161353035322275e+03,1.176470588235294e+00,14083186
9.168904557146992e+03,9.167139851264640e+03,5.882352941176471e-01,14083195
9.170002611394486e+03,9.168237905512133e+03,5.882352941176471e-01,14083196
9.171083442874479e+03,9.169318736992126e+03,5.882352941176471e-01,14083198
9.171854393203692e+03,9.170089687321339e+03,5.882352941176471e-01,14083199
9.172848148756832e+03,9.171011784163105e+03,5.882352941176471e-01,14083201
9.175383804968398e+03,9.169029944385474e+03,1.764705882352941e+00,14083197
9.176088767914886e+03,9.170668653648252e+03,1.764705882352941e+00,14083200
9.179618179679592e+03,9.173497458173060e+03,1.764705882352941e+00,14083202
9.180647512387211e+03,9.177932955055206e+03,5.882352941176471e-01,14083209
9.180948448895231e+03,9.173591937246062e+03,1.176470588235294e+00,14083203
9.182446605505075e+03,9.180681899622722e+03,5.882352941176471e-01,14083211
9.184677885375538e+03,9.177147198691356e+03,1.764705882352941e+00,14083208
9.184677885375538e+03,9.176988665675955e+03,1.764705882352941e+00,14083207
9.186384269509377e+03,9.184275541413841e+03,5.882352941176471e-01,14083217
9.186384269509377e+03,9.183890228496975e+03,5.882352941176471e-01,14083216
9.188280677846714e+03,9.185351456608414e+03,5.882352941176471e-01,14083218
9.188280677846714e+03,9.185456268767517e+03,5.882352941176471e-01,14083219
9.188544082756682e+03,9.179484679520898e+03,1.764705882352941e+00,14083210
9.192036512979057e+03,9.188507101214351e+03,1.176470588235294e+00,14083221
9.195383935269205e+03,9.193619229386852e+03,5.882352941176471e-01,14083222
9.196137206623631e+03,9.194372500741278e+03,5.882352941176471e-01,14083223
9.196346644289931e+03,9.194581938407578e+03,5.882352941176471e-01,14083224
9.199387103389386e+03,9.197622397507033e+03,5.882352941176471e-01,14083226
9.202138106617248e+03,9.200373400734896e+03,5.882352941176471e-01,14083228
9.202544136263080e+03,9.197250018616021e+03,1.764705882352941e+00,14083225
9.203012109941969e+03,9.197717992294911e+03,1.764705882352941e+00,14083227
9.205051722855953e+03,9.203287016973600e+03,5.882352941176471e-01,14083231
9.206176662035431e+03,9.204211250126169e+03,5.882352941176471e-01,14083232
9.206816428738306e+03,9.204820078875672e+03,5.882352941176471e-01,14083233
9.208176860529878e+03,9.202647250270725e+03,1.764705882352941e+00,14083229
9.209985855057363e+03,9.208221149175010e+03,5.882352941176471e-01,14083235
9.211948305093749e+03,9.210183599211396e+03,5.882352941176471e-01,14083237
9.213348558408370e+03,9.208054440761312e+03,1.764705882352941e+00,14083234
9.215101004063214e+03,9.212930890235874e+03,5.882352941176471e-01,14083241
9.215874728413686e+03,9.209806134646433e+03,1.176470588235294e+00,14083236
9.216967626508840e+03,9.214630662610086e+03,5.882352941176471e-01,14083243
9.218859938593157e+03,9.217095232710804e+03,5.882352941176471e-01,14083247
9.219950589225969e+03,9.213472186931892e+03,1.764705882352941e+00,14083242
9.219950589225969e+03,9.211572344068231e+03,1.764705882352941e+00,14083240
9.220845791274121e+03,9.217190267000180e+03,5.882352941176471e-01,14083248
9.221715295108322e+03,9.219302232190379e+03,5.882352941176471e-01,14083250
9.222610497156474e+03,9.220495498363370e+03,5.882352941176471e-01,14083251
9.223352394788711e+03,9.214679926455511e+03,1.764705882352941e+00,14083244
9.223480000990675e+03,9.221280958187801e+03,5.882352941176471e-01,14083252
9.224746151854945e+03,9.222424596549041e+03,5.882352941176471e-01,14083254
9.226510857737298e+03,9.221793752554137e+03,1.176470588235294e+00,14083253
9.229906392593704e+03,9.228141686711351e+03,5.882352941176471e-01,14083255
9.230247144643115e+03,9.228482438760763e+03,5.882352941176471e-01,14083256
9.230366874841271e+03,9.228602168958918e+03,5.882352941176471e-01,14083257
9.237348852803106e+03,9.232054735156047e+03,1.764705882352941e+00,14083258
9.238374468396414e+03,9.236609762514061e+03,5.882352941176471e-01,14083260
9.239113558685459e+03,9.237026262534198e+03,5.882352941176471e-01,14083261
9.239359209473174e+03,9.234065091826116e+03,1.764705882352941e+00,14083259
9.240878264567812e+03,9.238662224480505e+03,5.882352941176471e-01,14083263
9.241344029277073e+03,9.239579323394720e+03,5.882352941176471e-01,14083264
9.243668586043473e+03,9.237971599851581e+03,1.764705882352941e+00,14083262
9.244454121456118e+03,9.242528843442623e+03,5.882352941176471e-01,14083267
9.245433291925826e+03,9.240924709691413e+03,1.176470588235294e+00,14083265
9.247302587902148e+03,9.245537882019795e+03,5.882352941176471e-01,14083269
9.247361869394502e+03,9.242067751747444e+03,1.764705882352941e+00,14083266
9.249578047123419e+03,9.247813341241066e+03,5.882352941176471e-01,14083270
9.250336322644730e+03,9.248571616762377e+03,5.882352941176471e-01,14083271
9.250580867271094e+03,9.245286749624035e+03,1.764705882352941e+00,14083268
9.251342753005772e+03,9.249172429745938e+03,5.882352941176471e-01,14083272
9.253070445158751e+03,9.251305739276398e+03,5.882352941176471e-01,14083274
9.253605701155810e+03,9.251840995273457e+03,5.882352941176471e-01,14083275
9.255630440291789e+03,9.250096254861887e+03,1.764705882352941e+00,14083273
9.255673793008887e+03,9.253909087126534e+03,5.882352941176471e-01,14083277
9.257273529527678e+03,9.254004932343015e+03,5.882352941176471e-01,14083278
9.259038235410031e+03,9.255088263020432e+03,1.176470588235294e+00,14083279
9.259203204773593e+03,9.253622501116508e+03,1.764705882352941e+00,14083276
9.261327115591797e+03,9.259562409709444e+03,5.882352941176471e-01,14083280
9.266200216482038e+03,9.260906098834979e+03,1.764705882352941e+00,14083281
9.267241227647690e+03,9.261947110000631e+03,1.764705882352941e+00,14083282
9.267661259681833e+03,9.265106625366261e+03,5.882352941176471e-01,14083284
9.267964922364391e+03,9.266074936891194e+03,5.882352941176471e-01,14083285
9.270770639412396e+03,9.264131847917127e+03,1.764705882352941e+00,14083283
9.271494334129097e+03,9.269647527698379e+03,5.882352941176471e-01,14083288
9.272955377328892e+03,9.267451689543743e+03,1.764705882352941e+00,14083286
9.273507534275224e+03,9.271742828392871e+03,5.882352941176471e-01,14083289
9.274300051177102e+03,9.267863164120428e+03,1.764705882352941e+00,14083287
9.274860946128050e+03,9.271746727651109e+03,5.882352941176471e-01,14083290
9.275668498608516e+03,9.273317573208322e+03,5.882352941176471e-01,14083294
9.276625652010403e+03,9.274641389455944e+03,5.882352941176471e-01,14083295
9.278396348584951e+03,9.275852709182281e+03,5.882352941176471e-01,14083297
9.279197910373222e+03,9.273166671704101e+03,1.764705882352941e+00,14083293
9.281002482449602e+03,9.278406927327199e+03,5.882352941176471e-01,14083302
9.282767188331955e+03,9.278986498540957e+03,1.176470588235294e+00,14083303
9.282767188331955e+03,9.280671948895841e+03,5.882352941176471e-01,14083304
9.284031062517701e+03,9.275054465137355e+03,1.764705882352941e+00,14083296
9.286586235173027e+03,9.283056823408321e+03,1.176470588235294e+00,14083305
9.286836087560465e+03,9.285071381678112e+03,5.882352941176471e-01,14083307
9.288359257016678e+03,9.285518161853372e+03,5.882352941176471e-01,14083308
9.288600793442818e+03,9.284838161213270e+03,1.176470588235294e+00,14083306
9.290365499325171e+03,9.288565329605916e+03,5.882352941176471e-01,14083311
9.291888668781384e+03,9.285666292218290e+03,1.764705882352941e+00,14083309
9.293730693425035e+03,9.288436575777976e+03,1.764705882352941e+00,14083310
9.294837491034908e+03,9.291308079270202e+03,1.176470588235294e+00,14083312
9.296105170915337e+03,9.294340465032984e+03,5.882352941176471e-01,14083314
9.296580417116698e+03,9.294815711234345e+03,5.882352941176471e-01,14083315
9.297976950102113e+03,9.296212244219760e+03,5.882352941176471e-01,14083316
9.298266251490800e+03,9.292950354043178e+03,1.764705882352941e+00,14083313
9.300603306924004e+03,9.298838601041651e+03,5.882352941176471e-01,14083318
9.301173098266835e+03,9.299408392384483e+03,5.882352941176471e-01,14083319
9.302214253788006e+03,9.299628159653385e+03,5.882352941176471e-01,14083320
9.302368012806357e+03,9.298684842023300e+03,1.176470588235294e+00,14083317
9.304585286081645e+03,9.302820580199292e+03,5.882352941176471e-01,14083322
9.304702510031541e+03,9.301131849453011e+03,1.176470588235294e+00,14083321
9.308675348470101e+03,9.306910642587749e+03,5.882352941176471e-01,14083324
9.309473091338530e+03,9.307708385456177e+03,5.882352941176471e-01,14083325
9.309640526904333e+03,9.307875821021980e+03,5.882352941176471e-01,14083326
9.310429987418219e+03,9.306101048205392e+03,1.176470588235294e+00,14083323
9.311237797220883e+03,9.308836577043511e+03,5.882352941176471e-01,14083327
9.313334491361442e+03,9.309805079596736e+03,1.176470588235294e+00,14083328
9.315099197243795e+03,9.312989972886723e+03,5.882352941176471e-01,14083331
9.315760864502313e+03,9.313493504573903e+03,5.882352941176471e-01,14083332
9.315932149535882e+03,9.314096842333611e+03,5.882352941176471e-01,14083333
9.316863903126148e+03,9.314789082788488e+03,5.882352941176471e-01,14083334
9.318628609008501e+03,9.316370952065440e+03,5.882352941176471e-01,14083335
9.319375918783804e+03,9.312402737771176e+03,1.764705882352941e+00,14083330
9.319375918783804e+03,9.312231452737607e+03,1.764705882352941e+00,14083329
9.320757776389762e+03,9.317548091001420e+03,5.882352941176471e-01,14083336
9.321797711019054e+03,9.320033005136701e+03,5.882352941176471e-01,14083339
9.324670036430862e+03,9.319357532006318e+03,1.764705882352941e+00,14083338
9.324676281599789e+03,9.322911575717436e+03,5.882352941176471e-01,14083341
9.326143812055098e+03,9.323549523710439e+03,5.882352941176471e-01,14083342
9.326440987482142e+03,9.322323470032276e+03,1.176470588235294e+00,14083340
9.329673223819804e+03,9.323826647589497e+03,1.764705882352941e+00,14083343
9.330705917973302e+03,9.328941212090949e+03,5.882352941176471e-01,14083345
9.333396489775475e+03,9.328102372128416e+03,1.764705882352941e+00,14083344
9.334701989121337e+03,9.332937283238984e+03,5.882352941176471e-01,14083347
9.334967341466863e+03,9.329469776302293e+03,1.764705882352941e+00,14083346
9.341645965948938e+03,9.339881260066585e+03,5.882352941176471e-01,14083353
9.342030970958632e+03,9.336949346318671e+03,1.176470588235294e+00,14083349
9.343795676840985e+03,9.336478089776611e+03,1.764705882352941e+00,14083348
9.346250233159667e+03,9.338262805946890e+03,1.764705882352941e+00,14083352
9.346250233159667e+03,9.338066514563884e+03,1.764705882352941e+00,14083351
9.347325088605690e+03,9.340657614482546e+03,1.764705882352941e+00,14083354
9.349267490966409e+03,9.347502785084056e+03,5.882352941176471e-01,14083356
9.349779644924373e+03,9.344373837410419e+03,1.176470588235294e+00,14083355
9.349840624420558e+03,9.348075918538205e+03,5.882352941176471e-01,14083357
9.351271008275784e+03,9.348228867387218e+03,5.882352941176471e-01,14083358
9.351544350806726e+03,9.349745113820454e+03,5.882352941176471e-01,14083360
9.352826259347315e+03,9.351061553464962e+03,5.882352941176471e-01,14083361
9.353313466601098e+03,9.351548760718745e+03,5.882352941176471e-01,14083362
9.355171490640313e+03,9.353406784757960e+03,5.882352941176471e-01,14083365
9.356027539175936e+03,9.353776957004908e+03,5.882352941176471e-01,14083366
9.358692817051259e+03,9.356854753110212e+03,5.882352941176471e-01,14083370
9.359826675556563e+03,9.357544753453931e+03,5.882352941176471e-01,14083371
9.360920004647381e+03,9.352498127411231e+03,1.764705882352941e+00,14083363
9.361906805127440e+03,9.358900903155317e+03,5.882352941176471e-01,14083374
9.363930812810558e+03,9.358331694290130e+03,1.176470588235294e+00,14083373
9.365695518692911e+03,9.359387955129588e+03,1.764705882352941e+00,14083375
9.365695518692911e+03,9.355747563197718e+03,1.764705882352941e+00,14083369
9.367460224575264e+03,9.364852065530008e+03,5.882352941176471e-01,14083381
9.367460224575264e+03,9.364287414793882e+03,5.882352941176471e-01,14083380
9.369783128745066e+03,9.360618731040718e+03,1.764705882352941e+00,14083376
9.371268735483694e+03,9.368648125924724e+03,5.882352941176471e-01,14083386
9.373172990937910e+03,9.366595451645370e+03,1.764705882352941e+00,14083383
9.373172990937910e+03,9.366574180612261e+03,1.764705882352941e+00,14083382
9.376240233807019e+03,9.374475527924666e+03,5.882352941176471e-01,14083389
9.376562853130753e+03,9.374658727304651e+03,5.882352941176471e-01,14083390
9.376702402702616e+03,9.370198766109486e+03,1.764705882352941e+00,14083387
9.378004939689372e+03,9.375845135054527e+03,5.882352941176471e-01,14083391
9.379874576726369e+03,9.378109870844017e+03,5.882352941176471e-01,14083392
9.380092264895459e+03,9.372267072508899e+03,1.764705882352941e+00,14083388
9.384317188474261e+03,9.382552482591908e+03,5.882352941176471e-01,14083393
9.384467390173873e+03,9.382702684291520e+03,5.882352941176471e-01,14083395
9.387062375172949e+03,9.385297669290596e+03,5.882352941176471e-01,14083396
9.387963507625136e+03,9.382669389978077e+03,1.764705882352941e+00,14083394
9.388861582252874e+03,9.386087833687874e+03,5.882352941176471e-01,14083399
9.389982036536085e+03,9.387416880507911e+03,5.882352941176471e-01,14083400
9.390688189596668e+03,9.388604606727108e+03,5.882352941176471e-01,14083403
9.390688189596668e+03,9.388471153682327e+03,5.882352941176471e-01,14083402
9.391746742418438e+03,9.389047286637197e+03,5.882352941176471e-01,14083405
9.392452895479021e+03,9.385794651528314e+03,1.176470588235294e+00,14083398
9.392452895479021e+03,9.385366671685740e+03,1.176470588235294e+00,14083397
9.393714148814244e+03,9.391949442931891e+03,5.882352941176471e-01,14083406
9.394652165525933e+03,9.392887459643580e+03,5.882352941176471e-01,14083408
9.396405403926056e+03,9.394219377619474e+03,5.882352941176471e-01,14083411
9.396405403926056e+03,9.393772616365572e+03,5.882352941176471e-01,14083410
9.398170109808409e+03,9.396049266698447e+03,5.882352941176471e-01,14083414
9.398993813459749e+03,9.397229107577396e+03,5.882352941176471e-01,14083415
9.399293472462228e+03,9.392841589714659e+03,1.764705882352941e+00,14083407
9.401075093102700e+03,9.399310387220347e+03,5.882352941176471e-01,14083417
9.403464227455467e+03,9.397991663568523e+03,1.764705882352941e+00,14083416
9.406983207395619e+03,9.401689089748560e+03,1.764705882352941e+00,14083418
9.407948346164004e+03,9.406183640281651e+03,5.882352941176471e-01,14083420
9.409313244684808e+03,9.404019127037749e+03,1.764705882352941e+00,14083419
9.410512619160325e+03,9.406821083769799e+03,1.176470588235294e+00,14083421
9.411811346190226e+03,9.410046640307873e+03,5.882352941176471e-01,14083422
9.414261011691632e+03,9.412496305809279e+03,5.882352941176471e-01,14083424
9.414680832163334e+03,9.411151420398628e+03,1.176470588235294e+00,14083423
9.417475061105972e+03,9.415710355223619e+03,5.882352941176471e-01,14083426
9.417647831257114e+03,9.415883125374761e+03,5.882352941176471e-01,14083427
9.418468483118789e+03,9.416703777236436e+03,5.882352941176471e-01,14083428
9.419326152063896e+03,9.417039303091201e+03,5.882352941176471e-01,14083429
9.421090857946249e+03,9.418951233662322e+03,5.882352941176471e-01,14083431
9.421883904601042e+03,9.414825081071631e+03,1.764705882352941e+00,14083425
9.422855563828601e+03,9.419195582589247e+03,1.176470588235294e+00,14083432
9.423648610483395e+03,9.421847466026647e+03,5.882352941176471e-01,14083433
9.424620269710954e+03,9.417225180269453e+03,1.764705882352941e+00,14083430
9.426426258354654e+03,9.424661552472301e+03,5.882352941176471e-01,14083435
9.426746056142024e+03,9.424981350259671e+03,5.882352941176471e-01,14083436
9.428404162761921e+03,9.425560066860002e+03,5.882352941176471e-01,14083437
9.428404162761921e+03,9.425627445472876e+03,5.882352941176471e-01,14083438
9.428860430809527e+03,9.423566313162468e+03,1.764705882352941e+00,14083434
9.432007008648588e+03,9.430242302766235e+03,5.882352941176471e-01,14083443
9.433698280408979e+03,9.427014527322533e+03,1.764705882352941e+00,14083440
9.433771714530940e+03,9.431476586836877e+03,5.882352941176471e-01,14083445
9.436899934197191e+03,9.434729489476042e+03,5.882352941176471e-01,14083449
9.437281352486309e+03,9.428457823074545e+03,1.764705882352941e+00,14083441
9.440539227993721e+03,9.438078547423641e+03,5.882352941176471e-01,14083454
9.440771973357116e+03,9.430634398737384e+03,1.176470588235294e+00,14083444
9.442420306557771e+03,9.440240383457711e+03,5.882352941176471e-01,14083455
9.442536679239469e+03,9.429513352691284e+03,1.764705882352941e+00,14083442
9.444223803334023e+03,9.441101523365250e+03,5.882352941176471e-01,14083458
9.447753215098729e+03,9.445917345175066e+03,5.882352941176471e-01,14083462
9.449023371479511e+03,9.437229580292663e+03,1.764705882352941e+00,14083453
9.450152999171473e+03,9.442852981391676e+03,1.764705882352941e+00,14083460
9.452072852184515e+03,9.450308146302162e+03,5.882352941176471e-01,14083464
9.453047332745788e+03,9.447405694081897e+03,1.764705882352941e+00,14083463
9.453914005459232e+03,9.452149299576879e+03,5.882352941176471e-01,14083466
9.455625523794789e+03,9.453823916393580e+03,5.882352941176471e-01,14083468
9.455678711341585e+03,9.452096112030083e+03,1.176470588235294e+00,14083465
9.456576744510494e+03,9.452194218961425e+03,1.176470588235294e+00,14083467
9.457390229677142e+03,9.455137704781886e+03,5.882352941176471e-01,14083469
9.461056581278268e+03,9.459291875395915e+03,5.882352941176471e-01,14083471
9.461094434931746e+03,9.459329729049393e+03,5.882352941176471e-01,14083472
9.463165586400934e+03,9.461400880518581e+03,5.882352941176471e-01,14083474
9.463493803204114e+03,9.458199685557055e+03,1.764705882352941e+00,14083470
9.464930292283287e+03,9.463042900464859e+03,5.882352941176471e-01,14083476
9.465804604005897e+03,9.463393777991533e+03,5.882352941176471e-01,14083478
9.465804604005897e+03,9.463270760804835e+03,5.882352941176471e-01,14083477
9.466694998165640e+03,9.464693088923983e+03,5.882352941176471e-01,14083479
9.467569309888249e+03,9.465013611019259e+03,5.882352941176471e-01,14083480
9.468459704047993e+03,9.466253526051076e+03,5.882352941176471e-01,14083481
9.469558476793192e+03,9.460566155916471e+03,1.764705882352941e+00,14083473
9.470478118707352e+03,9.468713412824999e+03,5.882352941176471e-01,14083482
9.472768448278867e+03,9.471003742396514e+03,5.882352941176471e-01,14083483
9.474353096792758e+03,9.472588390910405e+03,5.882352941176471e-01,14083485
9.474799321639461e+03,9.473034615757108e+03,5.882352941176471e-01,14083486
9.476526208496177e+03,9.471232090849118e+03,1.764705882352941e+00,14083484
9.480846971398565e+03,9.477317559633859e+03,1.176470588235294e+00,14083487
9.483629988147308e+03,9.481865282264955e+03,5.882352941176471e-01,14083489
9.484358481727693e+03,9.480829069962987e+03,1.176470588235294e+00,14083488
9.484470696269665e+03,9.482705990387312e+03,5.882352941176471e-01,14083490
9.487145008563528e+03,9.485380302681175e+03,5.882352941176471e-01,14083492
9.489022114206261e+03,9.487257408323908e+03,5.882352941176471e-01,14083493
9.489327690952650e+03,9.484033573305591e+03,1.764705882352941e+00,14083491
9.490939608461808e+03,9.488505710144095e+03,5.882352941176471e-01,14083495
9.492092393534622e+03,9.489562841856403e+03,5.882352941176471e-01,14083497
9.492704314344161e+03,9.490585937351254e+03,5.882352941176471e-01,14083499
9.494757216494718e+03,9.492182475732248e+03,5.882352941176471e-01,14083500
9.495045412762921e+03,9.488922869663967e+03,1.764705882352941e+00,14083496
9.495045412762921e+03,9.488304732070930e+03,1.764705882352941e+00,14083494
9.496826977029511e+03,9.495062271147158e+03,5.882352941176471e-01,14083502
9.497754764909360e+03,9.495990059027007e+03,5.882352941176471e-01,14083503
9.497934813125866e+03,9.496170107243513e+03,5.882352941176471e-01,14083504
9.498591682911864e+03,9.496569676152168e+03,5.882352941176471e-01,14083505
9.501067298506962e+03,9.499302592624609e+03,5.882352941176471e-01,14083506
9.502716321759904e+03,9.500951615877551e+03,5.882352941176471e-01,14083508
9.504481027642257e+03,9.502111708365189e+03,5.882352941176471e-01,14083510
9.504596710271668e+03,9.500988905472575e+03,1.176470588235294e+00,14083509
9.504963202866337e+03,9.499669085219278e+03,1.764705882352941e+00,14083507
9.507780382853954e+03,9.506015676971601e+03,5.882352941176471e-01,14083513
9.508169261068638e+03,9.506207588688881e+03,5.882352941176471e-01,14083514
9.508902978086482e+03,9.504639849303932e+03,1.176470588235294e+00,14083511
9.510249091854538e+03,9.507851055204055e+03,5.882352941176471e-01,14083515
9.510667683968835e+03,9.504731455671952e+03,1.764705882352941e+00,14083512
9.512223093794040e+03,9.509576637777397e+03,5.882352941176471e-01,14083519
9.512223093794040e+03,9.508926759650530e+03,5.882352941176471e-01,14083518
9.513987799676392e+03,9.511545504201704e+03,5.882352941176471e-01,14083520
9.514197095733541e+03,9.508799510875732e+03,1.764705882352941e+00,14083517
9.515822270911128e+03,9.512558002318770e+03,5.882352941176471e-01,14083522
9.515822270911128e+03,9.512626542141081e+03,5.882352941176471e-01,14083523
9.515822270911128e+03,9.513349315829177e+03,5.882352941176471e-01,14083524
9.519351682675834e+03,9.511841303589412e+03,1.764705882352941e+00,14083521
9.520410506205246e+03,9.516112278116803e+03,5.882352941176471e-01,14083527
9.520410506205246e+03,9.516196439210220e+03,5.882352941176471e-01,14083528
9.522175212087599e+03,9.519611234811557e+03,5.882352941176471e-01,14083533
9.523939917969952e+03,9.521735612578522e+03,5.882352941176471e-01,14083535
9.525731812785646e+03,9.522613633496721e+03,5.882352941176471e-01,14083537
9.525983310325049e+03,9.514824919756333e+03,1.764705882352941e+00,14083525
9.527496518667999e+03,9.524704069063615e+03,5.882352941176471e-01,14083540
9.529449847704904e+03,9.520514947486638e+03,1.764705882352941e+00,14083534
9.529449847704904e+03,9.519392038104467e+03,1.764705882352941e+00,14083532
9.532916385084759e+03,9.530912913553688e+03,5.882352941176471e-01,14083545
9.535563443908289e+03,9.526753790403060e+03,1.764705882352941e+00,14083541
9.535563443908289e+03,9.527845965591861e+03,1.764705882352941e+00,14083542
9.535563443908289e+03,9.529043424570908e+03,1.764705882352941e+00,14083543
9.537328149790642e+03,9.534148185862566e+03,5.882352941176471e-01,14083546
9.541008540950720e+03,9.539243835068367e+03,5.882352941176471e-01,14083548
9.541995916114602e+03,9.540231210232249e+03,5.882352941176471e-01,14083549
9.542927933613644e+03,9.540624074045999e+03,5.882352941176471e-01,14083550
9.543082620394214e+03,9.537788502747155e+03,1.764705882352941e+00,14083547
9.544977987816297e+03,9.543213281933944e+03,5.882352941176471e-01,14083553
9.546763997352988e+03,9.544999291470635e+03,5.882352941176471e-01,14083555
9.548260822681691e+03,9.542966705034633e+03,1.764705882352941e+00,14083552
9.548576154355374e+03,9.545951047077227e+03,5.882352941176471e-01,14083556
9.548623605475408e+03,9.543329487828349e+03,1.764705882352941e+00,14083554
9.550025528564044e+03,9.547587482528738e+03,5.882352941176471e-01,14083558
9.550364585797744e+03,9.548547702188990e+03,5.882352941176471e-01,14083560
9.552016272602197e+03,9.548802507437813e+03,5.882352941176471e-01,14083561
9.552016272602197e+03,9.549562023643253e+03,5.882352941176471e-01,14083562
9.552016272602197e+03,9.549925168326711e+03,5.882352941176471e-01,14083563
9.553780978484550e+03,9.548471146468062e+03,1.176470588235294e+00,14083559
9.553780978484550e+03,9.550504437358790e+03,5.882352941176471e-01,14083564
9.557385549354949e+03,9.552091431707890e+03,1.764705882352941e+00,14083565
9.559150255237302e+03,9.556685135631278e+03,5.882352941176471e-01,14083571
9.560086398353192e+03,9.553937610525033e+03,1.176470588235294e+00,14083566
9.560914961119655e+03,9.559093939070201e+03,5.882352941176471e-01,14083572
9.561851104235545e+03,9.559545128683578e+03,5.882352941176470e-01,14083573
9.561851104235545e+03,9.554061245897642e+03,1.764705882352941e+00,14083567
9.563615810117898e+03,9.561283262851531e+03,5.882352941176471e-01,14083576
9.563615810117898e+03,9.560961902808236e+03,5.882352941176471e-01,14083575
9.564459492418580e+03,9.562009631448413e+03,5.882352941176471e-01,14083577
9.565380516000251e+03,9.563199496626972e+03,5.882352941176471e-01,14083578
9.567183790038043e+03,9.565419084155690e+03,5.882352941176471e-01,14083580
9.567236597876077e+03,9.563707186111371e+03,1.176470588235294e+00,14083579
9.567897528189813e+03,9.560930080653874e+03,1.764705882352941e+00,14083574
9.568974899839413e+03,9.567113552724086e+03,5.882352941176471e-01,14083582
9.568974899839413e+03,9.566540970762817e+03,5.882352941176471e-01,14083581
9.569662234072165e+03,9.567651666396361e+03,5.882352941176471e-01,14083583
9.570866367638625e+03,9.569101661756272e+03,5.882352941176471e-01,14083585
9.572708317010490e+03,9.570943611128137e+03,5.882352941176471e-01,14083586
9.574289859693838e+03,9.568995742046779e+03,1.764705882352941e+00,14083584
9.574806376744319e+03,9.572415060656259e+03,5.882352941176471e-01,14083589
9.574806376744319e+03,9.571630912629662e+03,5.882352941176471e-01,14083588
9.576054565576191e+03,9.573934823897416e+03,5.882352941176471e-01,14083590
9.578335788509025e+03,9.574404076590255e+03,1.176470588235294e+00,14083591
9.579583977340897e+03,9.571610318831089e+03,1.764705882352941e+00,14083587
9.580100494391378e+03,9.574587750820474e+03,1.764705882352941e+00,14083592
9.582034418201372e+03,9.580269712319019e+03,5.882352941176471e-01,14083593
9.583605696762375e+03,9.581840990880022e+03,5.882352941176471e-01,14083594
9.586626289782499e+03,9.584861583900146e+03,5.882352941176471e-01,14083595
9.588175685146568e+03,9.586410979264215e+03,5.882352941176471e-01,14083596
9.590913325682352e+03,9.589148619799999e+03,5.882352941176471e-01,14083598
9.592640841055573e+03,9.589111429290867e+03,1.176470588235294e+00,14083597
9.593200907266647e+03,9.591436201384294e+03,5.882352941176471e-01,14083599
9.595881050547085e+03,9.592351638782379e+03,1.176470588235294e+00,14083600
9.596746539736883e+03,9.594981833854530e+03,5.882352941176471e-01,14083601
9.598380065119727e+03,9.596615359237374e+03,5.882352941176471e-01,14083603
9.599423696237769e+03,9.597658990355416e+03,5.882352941176471e-01,14083604
9.600144771002080e+03,9.598238338679023e+03,5.882352941176471e-01,14083605
9.600478682025724e+03,9.595184564378665e+03,1.764705882352941e+00,14083602
9.601548939502277e+03,9.599130102896082e+03,5.882352941176471e-01,14083607
9.601548939502277e+03,9.599127798822075e+03,5.882352941176471e-01,14083606
9.603313645384630e+03,9.601466529174663e+03,5.882352941176471e-01,14083609
9.603366825844934e+03,9.601602119962581e+03,5.882352941176471e-01,14083610
9.604151675333556e+03,9.602386969451203e+03,5.882352941176471e-01,14083611
9.605916381215909e+03,9.603824296953498e+03,5.882352941176471e-01,14083613
9.606809633084448e+03,9.600588839503963e+03,1.764705882352941e+00,14083608
9.609061759075510e+03,9.603767641428451e+03,1.764705882352941e+00,14083612
9.609935923861421e+03,9.608171217979068e+03,5.882352941176471e-01,14083614
9.612926686938168e+03,9.611161981055815e+03,5.882352941176471e-01,14083616
9.614446583527892e+03,9.610917171763186e+03,1.176470588235294e+00,14083615
9.615453026194205e+03,9.613688320311852e+03,5.882352941176471e-01,14083617
9.620261681042985e+03,9.618496975160632e+03,5.882352941176471e-01,14083620
9.621345651672520e+03,9.616051534025461e+03,1.764705882352941e+00,14083618
9.621363919164053e+03,9.618766130045732e+03,5.882352941176471e-01,14083621
9.622026386925338e+03,9.619895239767231e+03,5.882352941176471e-01,14083622
9.623455796835150e+03,9.621691090952797e+03,5.882352941176471e-01,14083623
9.624875063437225e+03,9.617834507399347e+03,1.764705882352941e+00,14083619
9.625411011764447e+03,9.623168937835437e+03,5.882352941176471e-01,14083625
9.628309810350930e+03,9.625723585191903e+03,5.882352941176471e-01,14083632
9.628940423529153e+03,9.622731698150865e+03,1.764705882352941e+00,14083624
9.630389822822394e+03,9.623741560405566e+03,1.764705882352941e+00,14083628
9.631428069033921e+03,9.629663363151569e+03,5.882352941176471e-01,14083634
9.631856845341367e+03,9.630092139459014e+03,5.882352941176471e-01,14083635
9.633192774916274e+03,9.631221645968995e+03,5.882352941176471e-01,14083636
9.633901611361369e+03,9.627839723743438e+03,1.764705882352941e+00,14083633
9.634762467258452e+03,9.632997761376099e+03,5.882352941176471e-01,14083637
9.635654558142776e+03,9.633889852260423e+03,5.882352941176471e-01,14083638
9.636491613855965e+03,9.634726907973612e+03,5.882352941176471e-01,14083639
9.638979168476954e+03,9.637214462594601e+03,5.882352941176471e-01,14083640
9.641719730953073e+03,9.639955025070720e+03,5.882352941176471e-01,14083642
9.643027775465488e+03,9.637733657818429e+03,1.764705882352941e+00,14083641
9.643584399363039e+03,9.641819693480686e+03,5.882352941176471e-01,14083643
9.645687494061101e+03,9.643922788178748e+03,5.882352941176471e-01,14083645
9.645846203653168e+03,9.644081497770816e+03,5.882352941176471e-01,14083646
9.646954555503649e+03,9.644090499838624e+03,5.882352941176471e-01,14083647
9.647531554739488e+03,9.645236594179483e+03,5.882352941176471e-01,14083649
9.649296260621841e+03,9.645522897086412e+03,1.176470588235294e+00,14083650
9.651060966504194e+03,9.643378399180756e+03,1.764705882352941e+00,14083644
9.652537172768627e+03,9.650121482839151e+03,5.882352941176471e-01,14083656
9.652537172768627e+03,9.649529969527037e+03,5.882352941176471e-01,14083655
9.653848761380368e+03,9.646115867552555e+03,1.176470588235294e+00,14083651
9.655613467262721e+03,9.648823381190558e+03,1.764705882352941e+00,14083653
9.655613467262721e+03,9.648274258619382e+03,1.764705882352941e+00,14083652
9.657513218149858e+03,9.652568238947792e+03,1.176470588235294e+00,14083657
9.658316402717755e+03,9.656551696835402e+03,5.882352941176471e-01,14083660
9.659210401529819e+03,9.657155008465323e+03,5.882352941176471e-01,14083661
9.661276516768553e+03,9.659511810886200e+03,5.882352941176471e-01,14083663
9.661845814482460e+03,9.654118851389936e+03,1.764705882352941e+00,14083659
9.662739813294525e+03,9.657344692583094e+03,1.764705882352941e+00,14083662
9.664689156178672e+03,9.662924450296319e+03,5.882352941176471e-01,14083665
9.666630508531851e+03,9.664865802649498e+03,5.882352941176471e-01,14083667
9.667312679288457e+03,9.662018561641398e+03,1.764705882352941e+00,14083664
9.668301874580582e+03,9.666159473687536e+03,5.882352941176471e-01,14083669
9.668301874580582e+03,9.665005556531233e+03,5.882352941176471e-01,14083668
9.669077385170810e+03,9.664679122982255e+03,1.176470588235294e+00,14083666
9.671423238055373e+03,9.669658532173020e+03,5.882352941176471e-01,14083670
9.673349541356493e+03,9.671584835474140e+03,5.882352941176471e-01,14083672
9.673494166337346e+03,9.671729460454993e+03,5.882352941176471e-01,14083673
9.675114247238846e+03,9.672042228655013e+03,5.882352941176471e-01,14083674
9.675373118556909e+03,9.670079000909850e+03,1.764705882352941e+00,14083671
9.675798158551287e+03,9.674033452668935e+03,5.882352941176471e-01,14083675
9.681158049168924e+03,9.679393343286571e+03,5.882352941176471e-01,14083676
9.683255334104652e+03,9.681490628222299e+03,5.882352941176471e-01,14083677
9.683473780851675e+03,9.681709074969322e+03,5.882352941176471e-01,14083678
9.684601008871795e+03,9.682836302989442e+03,5.882352941176471e-01,14083679
9.685132053263334e+03,9.683367347380981e+03,5.882352941176471e-01,14083680
9.687799900272643e+03,9.686035194390290e+03,5.882352941176471e-01,14083681
9.688469422270650e+03,9.686704716388297e+03,5.882352941176471e-01,14083682
9.689564606154995e+03,9.687792756933538e+03,5.882352941176471e-01,14083684
9.690244784604721e+03,9.688480078722369e+03,5.882352941176471e-01,14083685
9.690693250736199e+03,9.688928544853847e+03,5.882352941176471e-01,14083686
9.692009490487074e+03,9.690137278784567e+03,5.882352941176471e-01,14083687
9.692962800087233e+03,9.691198094204881e+03,5.882352941176471e-01,14083688
9.693086302139794e+03,9.687156123191587e+03,1.764705882352941e+00,14083683
9.693844962121585e+03,9.692080256239232e+03,5.882352941176471e-01,14083689
9.694728152414911e+03,9.692963446532558e+03,5.882352941176471e-01,14083690
9.696216068584415e+03,9.694451362702062e+03,5.882352941176471e-01,14083691
9.700622890385477e+03,9.698858184503124e+03,5.882352941176471e-01,14083693
9.702387596267830e+03,9.699916000118949e+03,5.882352941176471e-01,14083695
9.703230851631955e+03,9.697936733984897e+03,1.764705882352941e+00,14083692
9.703292877587922e+03,9.700634368833342e+03,5.882352941176471e-01,14083696
9.704995557514308e+03,9.702641439976293e+03,5.882352941176471e-01,14083697
9.705107665377634e+03,9.703342959495281e+03,5.882352941176471e-01,14083698
9.705917008032536e+03,9.699763465823216e+03,1.764705882352941e+00,14083694
9.708524969279014e+03,9.704898916098566e+03,1.176470588235294e+00,14083699
9.710214957280946e+03,9.706685545516240e+03,1.176470588235294e+00,14083700
9.713268066348061e+03,9.711503360465708e+03,5.882352941176471e-01,14083705
9.715394775173702e+03,9.712553033844939e+03,5.882352941176471e-01,14083706
9.715756778116990e+03,9.709468934492097e+03,1.764705882352941e+00,14083702
9.715756778116990e+03,9.709215377867821e+03,1.764705882352941e+00,14083701
9.717400816351580e+03,9.714362619331627e+03,5.882352941176471e-01,14083708
9.717400816351580e+03,9.714629534220289e+03,5.882352941176471e-01,14083709
9.717400816351580e+03,9.715112829786827e+03,5.882352941176471e-01,14083710
9.719165522233933e+03,9.710151789426432e+03,1.176470588235294e+00,14083704
9.719165522233933e+03,9.709991702155276e+03,1.176470588235294e+00,14083703
9.721191083994514e+03,9.719426378112161e+03,5.882352941176471e-01,14083713
9.722568189420422e+03,9.719038777655716e+03,1.176470588235294e+00,14083711
9.722941289657183e+03,9.721176583774830e+03,5.882352941176471e-01,14083714
9.724633424275023e+03,9.719324806408280e+03,1.764705882352941e+00,14083712
9.726119440474876e+03,9.723595291753644e+03,5.882352941176471e-01,14083718
9.728162836039729e+03,9.721389963015073e+03,1.764705882352941e+00,14083715
9.728235407304241e+03,9.722611867999919e+03,1.764705882352941e+00,14083717
9.730063048194711e+03,9.728298342312358e+03,5.882352941176471e-01,14083721
9.731692247804435e+03,9.725277175304263e+03,1.764705882352941e+00,14083719
9.733178264004288e+03,9.726372638189464e+03,1.764705882352941e+00,14083720
9.736036635446670e+03,9.734271929564317e+03,5.882352941176471e-01,14083723
9.736235388511441e+03,9.734470682629088e+03,5.882352941176471e-01,14083724
9.737801341329023e+03,9.734974376050668e+03,5.882352941176471e-01,14083725
9.737990105660593e+03,9.732695988013535e+03,1.764705882352941e+00,14083722
9.738109968604882e+03,9.736345262722529e+03,5.882352941176471e-01,14083726
9.740678215039478e+03,9.738913509157125e+03,5.882352941176471e-01,14083731
9.743237032224760e+03,9.737065357444786e+03,1.764705882352941e+00,14083728
9.743237032224760e+03,9.736644055745719e+03,1.764705882352941e+00,14083727
9.744489628152747e+03,9.741242217736604e+03,5.882352941176471e-01,14083734
9.746766443989466e+03,9.740464189196961e+03,1.764705882352941e+00,14083732
9.748546279286289e+03,9.745891328261833e+03,5.882352941176471e-01,14083739
9.748853217746521e+03,9.743559100099462e+03,1.176470588235294e+00,14083735
9.750515610808796e+03,9.747321585526961e+03,5.882352941176471e-01,14083741
9.750515610808796e+03,9.747769389418271e+03,5.882352941176471e-01,14083742
9.750515610808796e+03,9.748063264912125e+03,5.882352941176471e-01,14083743
9.752446571678589e+03,9.745375300486935e+03,1.176470588235294e+00,14083737
9.754134733224324e+03,9.751014375771117e+03,5.882352941176471e-01,14083748
9.754211277560942e+03,9.752414882667381e+03,5.882352941176470e-01,14083751
9.754211277560942e+03,9.745024432228818e+03,1.764705882352941e+00,14083736
9.755899439106677e+03,9.754102640686789e+03,5.882352941176471e-01,14083752
9.756201499103831e+03,9.754436793221478e+03,5.882352941176471e-01,14083753
9.757740689325648e+03,9.749484670783321e+03,1.764705882352941e+00,14083747
9.758183753774389e+03,9.756419047892036e+03,5.882352941176471e-01,14083754
9.758767923698130e+03,9.757003217815777e+03,5.882352941176471e-01,14083755
9.759505395208001e+03,9.757247745360472e+03,5.882352941176471e-01,14083756
9.760050680901525e+03,9.758285975019172e+03,5.882352941176471e-01,14083757
9.760532629580483e+03,9.758303121457441e+03,5.882352941176471e-01,14083758
9.765048807082436e+03,9.759754689435377e+03,1.764705882352941e+00,14083759
9.765783675134309e+03,9.764018969251956e+03,5.882352941176471e-01,14083760
9.771651306013168e+03,9.766357188366109e+03,1.764705882352941e+00,14083761
9.771730845849329e+03,9.766436728202270e+03,1.764705882352941e+00,14083762
9.773469038452961e+03,9.770846353890705e+03,5.882352941176471e-01,14083767
9.775401893216133e+03,9.769212781911921e+03,1.176470588235294e+00,14083764
9.775883657779549e+03,9.773973485095417e+03,5.882352941176471e-01,14083770
9.777166599098486e+03,9.768673352559675e+03,1.764705882352941e+00,14083763
9.778931304980839e+03,9.776641983957813e+03,5.882352941176471e-01,14083773
9.778931304980839e+03,9.776599146103607e+03,5.882352941176471e-01,14083772
9.779413069544255e+03,9.771833946426205e+03,1.764705882352941e+00,14083769
9.780696010863192e+03,9.778696932156141e+03,5.882352941176471e-01,14083774
9.780700228211345e+03,9.778935522328992e+03,5.882352941176471e-01,14083775
9.782460716745545e+03,9.780557666062600e+03,5.882352941176471e-01,14083776
9.782938263960808e+03,9.774755341248195e+03,1.764705882352941e+00,14083771
9.783176501699319e+03,9.781411795816966e+03,5.882352941176471e-01,14083777
9.785859714152225e+03,9.784095008269872e+03,5.882352941176471e-01,14083779
9.787754834392603e+03,9.781923404187549e+03,1.764705882352941e+00,14083778
9.788031566459658e+03,9.786266860577305e+03,5.882352941176471e-01,14083781
9.788452600610473e+03,9.786586774276914e+03,5.882352941176471e-01,14083782
9.789519540274956e+03,9.787730406939648e+03,5.882352941176471e-01,14083783
9.789796272342011e+03,9.788019700424116e+03,5.882352941176471e-01,14083784
9.791560978224364e+03,9.784923188845767e+03,1.176470588235294e+00,14083780
9.793325684106717e+03,9.791492212220409e+03,5.882352941176471e-01,14083787
9.793746718257531e+03,9.788144881015623e+03,1.764705882352941e+00,14083785
9.794813657922015e+03,9.789028692126293e+03,1.764705882352941e+00,14083786
9.795206566266282e+03,9.792709552435620e+03,5.882352941176471e-01,14083788
9.798412808671114e+03,9.796648102788762e+03,5.882352941176471e-01,14083792
9.799040835904590e+03,9.793558036661142e+03,1.764705882352941e+00,14083790
9.800177514553467e+03,9.797730183418198e+03,5.882352941176471e-01,14083793
9.800464212605869e+03,9.795170094958810e+03,1.764705882352941e+00,14083791
9.803033399046839e+03,9.801268693164487e+03,5.882352941176471e-01,14083795
9.803449878235676e+03,9.801685172353323e+03,5.882352941176471e-01,14083796
9.804798104929192e+03,9.802404004540614e+03,5.882352941176471e-01,14083797
9.805692253832371e+03,9.800398136185312e+03,1.764705882352941e+00,14083794
9.806262233061133e+03,9.804497527178780e+03,5.882352941176471e-01,14083798
9.808189291883815e+03,9.806424586001462e+03,5.882352941176471e-01,14083800
9.810189540608797e+03,9.808424834726445e+03,5.882352941176471e-01,14083801
9.811013060994528e+03,9.805718943347469e+03,1.764705882352941e+00,14083799
9.811676021004829e+03,9.809911315122476e+03,5.882352941176471e-01,14083802
9.813440726887182e+03,9.811422271217923e+03,5.882352941176471e-01,14083805
9.814843648824346e+03,9.811314237059640e+03,1.176470588235294e+00,14083804
9.815483658255856e+03,9.810104933956511e+03,1.764705882352941e+00,14083803
9.816369240341812e+03,9.814604534459459e+03,5.882352941176471e-01,14083806
9.818813148296601e+03,9.815283736531895e+03,1.176470588235294e+00,14083807
9.820372431676375e+03,9.818607725794022e+03,5.882352941176471e-01,14083808
9.824114626701079e+03,9.822349920818726e+03,5.882352941176471e-01,14083810
9.824841101278504e+03,9.819546983631445e+03,1.764705882352941e+00,14083809
9.826014052600704e+03,9.824249346718351e+03,5.882352941176471e-01,14083812
9.826456315585418e+03,9.822926903820712e+03,1.176470588235294e+00,14083811
9.826898167033542e+03,9.825133461151189e+03,5.882352941176471e-01,14083813
9.827778758483057e+03,9.825864606363975e+03,5.882352941176471e-01,14083814
9.828441947191833e+03,9.826292826126471e+03,5.882352941176471e-01,14083815
9.829596993005836e+03,9.827481417687061e+03,5.882352941176471e-01,14083817
9.831971358956539e+03,9.826393112481587e+03,1.764705882352941e+00,14083816
9.833736064838892e+03,9.831902534556774e+03,5.882352941176471e-01,14083823
9.835168735400711e+03,9.832442019366549e+03,5.882352941176471e-01,14083824
9.835500770721245e+03,9.833681654266175e+03,5.882352941176471e-01,14083826
9.835500770721245e+03,9.827885815763909e+03,1.764705882352941e+00,14083819
9.836933441283064e+03,9.833909059758061e+03,5.882352941176471e-01,14083827
9.838698147165417e+03,9.836165461870133e+03,5.882352941176471e-01,14083829
9.839290374652721e+03,9.837283953553342e+03,5.882352941176471e-01,14083830
9.839434681468068e+03,9.829454112833808e+03,1.764705882352941e+00,14083820
9.841055080535074e+03,9.838917069504761e+03,5.882352941176471e-01,14083833
9.841199387350421e+03,9.839331106665133e+03,5.882352941176471e-01,14083834
9.843992264812476e+03,9.835616656072667e+03,1.764705882352941e+00,14083828
9.844584492299779e+03,9.838816188376417e+03,1.764705882352941e+00,14083832
9.845145846766101e+03,9.841860003179109e+03,5.882352941176471e-01,14083836
9.846840015758168e+03,9.845075309875815e+03,5.882352941176471e-01,14083837
9.847395689761503e+03,9.845630983879150e+03,5.882352941176471e-01,14083838
9.847521676577182e+03,9.841616435001395e+03,1.764705882352941e+00,14083835
9.850656762165953e+03,9.847127350401247e+03,1.176470588235294e+00,14083839
9.854655651224730e+03,9.852890945342377e+03,5.882352941176471e-01,14083841
9.856896720941709e+03,9.851602603294650e+03,1.764705882352941e+00,14083840
9.858365655173730e+03,9.856600949291377e+03,5.882352941176471e-01,14083843
9.858543404197609e+03,9.853249286550550e+03,1.764705882352941e+00,14083842
9.859070699363491e+03,9.857305993481138e+03,5.882352941176471e-01,14083844
9.860219235568022e+03,9.858073049306405e+03,5.882352941176471e-01,14083846
9.860219235568022e+03,9.857773141923917e+03,5.882352941176471e-01,14083845
9.862299366617247e+03,9.860534660734894e+03,5.882352941176471e-01,14083848
9.863085042924337e+03,9.861320337041984e+03,5.882352941176471e-01,14083849
9.865828778381953e+03,9.860350336587817e+03,1.764705882352941e+00,14083847
9.867409160117228e+03,9.861705290856926e+03,1.764705882352941e+00,14083850
9.867665459120691e+03,9.865345034777729e+03,5.882352941176471e-01,14083853
9.871194870885397e+03,9.865239062958131e+03,1.764705882352941e+00,14083852
9.871194870885397e+03,9.864208022212370e+03,1.764705882352941e+00,14083851
9.872703277764287e+03,9.866090377969199e+03,1.764705882352941e+00,14083854
9.872967175154241e+03,9.871202469271888e+03,5.882352941176471e-01,14083856
9.874673022849410e+03,9.872215612825125e+03,5.882352941176471e-01,14083858
9.876437728731763e+03,9.874572400151007e+03,5.882352941176471e-01,14083862
9.876496586918947e+03,9.870827105667231e+03,1.764705882352941e+00,14083855
9.878202434614116e+03,9.872040857586731e+03,1.764705882352941e+00,14083857
9.878454044567181e+03,9.876689338684828e+03,5.882352941176471e-01,14083863
9.881713864364262e+03,9.879949158481909e+03,5.882352941176471e-01,14083865
9.883046379294839e+03,9.877752261647780e+03,1.764705882352941e+00,14083864
9.886997879496493e+03,9.881060584323275e+03,1.176470588235294e+00,14083866
9.888762585378846e+03,9.882685228934642e+03,1.764705882352941e+00,14083869
9.888762585378846e+03,9.881227830258139e+03,1.764705882352941e+00,14083867
9.890527291261199e+03,9.883280476739671e+03,1.176470588235294e+00,14083872
9.890527291261199e+03,9.887907543681739e+03,5.882352941176471e-01,14083875
9.892746829236175e+03,9.886427343964108e+03,1.764705882352941e+00,14083873
9.893072830387946e+03,9.891308124505593e+03,5.882352941176471e-01,14083877
9.895838667860491e+03,9.890544550213432e+03,1.764705882352941e+00,14083876
9.896045020643941e+03,9.894280314761588e+03,5.882352941176471e-01,14083878
9.897706550134569e+03,9.895506573796436e+03,5.882352941176471e-01,14083880
9.899471256016922e+03,9.896767988604779e+03,5.882352941176471e-01,14083882
9.899471256016922e+03,9.896987834589556e+03,5.882352941176471e-01,14083883
9.899740868684919e+03,9.894446751037861e+03,1.764705882352941e+00,14083879
9.901235961899275e+03,9.895768137941143e+03,1.176470588235294e+00,14083881
9.902102921956547e+03,9.900338216074194e+03,5.882352941176471e-01,14083885
9.904900347069173e+03,9.903037428289663e+03,5.882352941176471e-01,14083888
9.905518252769870e+03,9.900224135122812e+03,1.764705882352941e+00,14083884
9.907282958652223e+03,9.905459122660453e+03,5.882352941176471e-01,14083889
9.907984344903103e+03,9.902244813325269e+03,1.764705882352941e+00,14083887
9.907984344903103e+03,9.901370935304467e+03,1.764705882352941e+00,14083886
9.909515255368496e+03,9.906289788785210e+03,5.882352941176471e-01,14083890
9.909515255368496e+03,9.906781730250562e+03,5.882352941176471e-01,14083891
9.909515255368496e+03,9.907130934523201e+03,5.882352941176471e-01,14083892
9.911432160531937e+03,9.909667454649584e+03,5.882352941176471e-01,14083893
9.912164679023701e+03,9.910399973141348e+03,5.882352941176471e-01,14083894
9.912317148778598e+03,9.910552442896245e+03,5.882352941176471e-01,14083895
9.913272730280290e+03,9.911087783619080e+03,5.882352941176471e-01,14083896
9.917458796670760e+03,9.911583888263938e+03,1.764705882352941e+00,14083898
9.919999669773917e+03,9.914705552126858e+03,1.764705882352941e+00,14083899
9.920273215512215e+03,9.918508509629862e+03,5.882352941176471e-01,14083900
9.920501547004438e+03,9.918736841122085e+03,5.882352941176471e-01,14083901
9.922134510782120e+03,9.920369804899767e+03,5.882352941176471e-01,14083902
9.922683315195560e+03,9.920918609313207e+03,5.882352941176471e-01,14083903
9.925030417202220e+03,9.923265711319867e+03,5.882352941176471e-01,14083904
9.925233105209455e+03,9.923468399327102e+03,5.882352941176471e-01,14083905
9.929147281903103e+03,9.927382576020750e+03,5.882352941176471e-01,14083906
9.931180651634977e+03,9.929415945752624e+03,5.882352941176471e-01,14083907
9.931930594228292e+03,9.930165888345940e+03,5.882352941176471e-01,14083909
9.932945357517330e+03,9.930350195487735e+03,5.882352941176471e-01,14083910
9.935452533571054e+03,9.930158415923996e+03,1.764705882352941e+00,14083908
9.936027959987113e+03,9.934263254104760e+03,5.882352941176471e-01,14083912
9.937552966419017e+03,9.932258848771958e+03,1.764705882352941e+00,14083911
9.942122789183247e+03,9.940358083300894e+03,5.882352941176471e-01,14083914
9.942834918392965e+03,9.937540800745906e+03,1.764705882352941e+00,14083913
9.944258593225199e+03,9.942493887342846e+03,5.882352941176471e-01,14083915
9.944543941272862e+03,9.942779235390509e+03,5.882352941176471e-01,14083916
9.946023299107552e+03,9.943827205375181e+03,5.882352941176471e-01,14083918
9.946411205068111e+03,9.942881793303405e+03,1.176470588235294e+00,14083917
9.948175910950464e+03,9.946382303182533e+03,5.882352941176471e-01,14083921
9.950834168317818e+03,9.945540050670759e+03,1.764705882352941e+00,14083919
9.951317416754611e+03,9.945940692084613e+03,1.764705882352941e+00,14083920
9.956377250130315e+03,9.954612544247962e+03,5.882352941176471e-01,14083924
9.956472187336891e+03,9.951178069689832e+03,1.764705882352941e+00,14083922
9.957705289630879e+03,9.952411171983820e+03,1.764705882352941e+00,14083923
9.958189424615956e+03,9.955843368262774e+03,5.882352941176471e-01,14083926
9.960375517986921e+03,9.958610812104569e+03,5.882352941176471e-01,14083927
9.960446440099530e+03,9.958681734217177e+03,5.882352941176471e-01,14083928
9.961718836380662e+03,9.955593164485471e+03,1.764705882352941e+00,14083925
9.962175684925579e+03,9.958925348093352e+03,5.882352941176471e-01,14083930
9.962175684925579e+03,9.958911806594169e+03,5.882352941176471e-01,14083929
9.963483542263015e+03,9.961618525149328e+03,5.882352941176471e-01,14083931
9.965705096690285e+03,9.961793761790337e+03,1.176470588235294e+00,14083932
9.968050821000079e+03,9.966286115117726e+03,5.882352941176471e-01,14083933
9.970039772549315e+03,9.966510360784609e+03,1.176470588235294e+00,14083934
9.971945900400233e+03,9.966651782753174e+03,1.764705882352941e+00,14083935
9.971966988954319e+03,9.970202283071966e+03,5.882352941176471e-01,14083936
9.971990446965818e+03,9.970225741083465e+03,5.882352941176471e-01,14083937
9.977264559357982e+03,9.971970441710923e+03,1.764705882352941e+00,14083938
9.979321725395107e+03,9.977557019512754e+03,5.882352941176471e-01,14083939
9.981041146963970e+03,9.979276441081617e+03,5.882352941176471e-01,14083941
9.983177818536890e+03,9.977883700889831e+03,1.764705882352941e+00,14083940
9.984713546763027e+03,9.982841433324230e+03,5.882352941176471e-01,14083944
9.984739329802878e+03,9.979445212155819e+03,1.764705882352941e+00,14083942
9.986478252645380e+03,9.984008030994249e+03,5.882352941176471e-01,14083945
9.986707230301596e+03,9.981184134998321e+03,1.764705882352941e+00,14083943
9.993276509657912e+03,9.987982392010853e+03,1.764705882352941e+00,14083946
9.995982307826875e+03,9.989864576584073e+03,1.764705882352941e+00,14083948
9.995982307826875e+03,9.989757176118131e+03,1.764705882352941e+00,14083947
9.996815999647543e+03,9.991372655103444e+03,1.764705882352941e+00,14083949
9.999663518770869e+03,9.997898812888516e+03,5.882352941176471e-01,14083951
