FinishTime,ArrivalTime,ServiceTime,ID
3.022653075376982e+00,1.257947193024040e+00,5.882352941176471e-01,14645416
4.099077725348154e+00,2.334371842995213e+00,5.882352941176471e-01,14645417
4.731778936645979e+00,2.967073054293038e+00,5.882352941176471e-01,14645418
4.787358957729923e+00,2.974317000759006e+00,5.882352941176471e-01,14645419
5.863783607701095e+00,3.821329915018448e+00,5.882352941176471e-01,14645420
6.634227237816875e+00,4.869521355463934e+00,5.882352941176471e-01,14645421
8.398933120169816e+00,6.539424432726634e+00,5.882352941176471e-01,14645424
9.393195372406978e+00,5.491513566748453e+00,1.176470588235294e+00,14645423
1.044156024273367e+01,8.676854360380724e+00,5.882352941176471e-01,14645425
1.052551493580565e+01,5.231397288746828e+00,1.764705882352941e+00,14645422
1.733391430175806e+01,1.556920841940512e+01,5.882352941176471e-01,14645428
1.997091542999367e+01,1.467679778293485e+01,1.764705882352941e+00,14645426
2.031196671464476e+01,1.854726083229182e+01,5.882352941176471e-01,14645429
2.031971965611858e+01,1.502560200905975e+01,1.764705882352941e+00,14645427
2.185265460768348e+01,2.008794872533054e+01,5.882352941176471e-01,14645430
2.212708842341612e+01,2.036238254106318e+01,5.882352941176471e-01,14645431
2.314156614273448e+01,2.137686026038154e+01,5.882352941176471e-01,14645432
2.768271225701914e+01,2.415330049231326e+01,1.176470588235294e+00,14645433
2.928440021456428e+01,2.751969433221134e+01,5.882352941176471e-01,14645435
2.949640636647428e+01,2.773170048412134e+01,5.882352941176471e-01,14645436
3.091894166925841e+01,2.562482402219959e+01,1.764705882352941e+00,14645434
3.194569117788626e+01,3.018098529553332e+01,5.882352941176471e-01,14645438
3.457851786162310e+01,2.898100294879730e+01,1.764705882352941e+00,14645437
3.711895050830980e+01,3.535424462595686e+01,5.882352941176471e-01,14645439
3.833283154406299e+01,3.656812566171004e+01,5.882352941176471e-01,14645440
3.918403477676683e+01,3.741932889441389e+01,5.882352941176471e-01,14645442
4.009753742641593e+01,3.753163540099777e+01,5.882352941176471e-01,14645443
4.160088144060952e+01,3.983617555825658e+01,5.882352941176471e-01,14645444
4.258381447511875e+01,3.728969682805993e+01,1.764705882352941e+00,14645441
4.391450630544836e+01,4.214980042309542e+01,5.882352941176471e-01,14645445
4.454034878487790e+01,4.277564290252496e+01,5.882352941176471e-01,14645446
4.832833129333331e+01,4.656362541098037e+01,5.882352941176471e-01,14645447
5.009303717568625e+01,4.747022168672788e+01,5.882352941176471e-01,14645450
5.185774305803920e+01,4.917271283964409e+01,5.882352941176471e-01,14645451
5.198261380857934e+01,4.668849616152052e+01,1.764705882352941e+00,14645448
5.229206130265495e+01,4.699794365559613e+01,1.764705882352941e+00,14645449
5.371610200329724e+01,5.057062543792872e+01,5.882352941176471e-01,14645453
5.371610200329724e+01,5.019692124503844e+01,5.882352941176471e-01,14645452
5.647623704729142e+01,5.294682528258554e+01,1.176470588235294e+00,14645456
5.745368501088404e+01,5.568897912853110e+01,5.882352941176471e-01,14645457
5.830084779789861e+01,5.653614191554567e+01,5.882352941176471e-01,14645458
5.889277865463630e+01,5.712807277228335e+01,5.882352941176471e-01,14645459
6.086764594876865e+01,5.910294006641571e+01,5.882352941176471e-01,14645460
6.635519419593229e+01,6.282578243122641e+01,1.176470588235294e+00,14645461
7.063892212781202e+01,6.887421624545908e+01,5.882352941176471e-01,14645462
7.339145432017815e+01,7.162674843782521e+01,5.882352941176471e-01,14645464
7.501461412921491e+01,6.972049648215608e+01,1.764705882352941e+00,14645463
7.770894665610639e+01,7.417953489140050e+01,1.176470588235294e+00,14645465
7.982515597495246e+01,7.806045009259951e+01,5.882352941176471e-01,14645467
8.009357276006238e+01,7.832886687770944e+01,5.882352941176471e-01,14645468
8.096259504957257e+01,7.566847740251375e+01,1.764705882352941e+00,14645466
8.158986185730540e+01,7.915286443947165e+01,5.882352941176471e-01,14645469
8.325294612545343e+01,8.148824024310049e+01,5.882352941176471e-01,14645471
8.558689666210306e+01,8.029277901504424e+01,1.764705882352941e+00,14645470
8.717403524757566e+01,8.540932936522272e+01,5.882352941176471e-01,14645473
8.799655351783631e+01,8.270243587077748e+01,1.764705882352941e+00,14645472
8.823698667448092e+01,8.647228079212798e+01,5.882352941176471e-01,14645474
8.974629869846407e+01,8.798159281611113e+01,5.882352941176471e-01,14645475
9.233495052964163e+01,9.057024464728869e+01,5.882352941176471e-01,14645478
9.312826306059015e+01,9.090362598117339e+01,5.882352941176471e-01,14645479
9.402408711401835e+01,8.872996946695953e+01,1.764705882352941e+00,14645476
9.578879299637129e+01,9.347246243152958e+01,5.882352941176471e-01,14645482
9.710558685201013e+01,9.467937130067038e+01,5.882352941176471e-01,14645484
9.786182201770019e+01,8.959885129588426e+01,1.764705882352941e+00,14645477
9.915877894084712e+01,9.739407305849418e+01,5.882352941176471e-01,14645486
9.962652790005313e+01,9.770014148054584e+01,5.882352941176471e-01,14645487
1.023997044990690e+02,9.456516409399404e+01,1.764705882352941e+00,14645483
1.023997044990690e+02,9.283220616983169e+01,1.764705882352941e+00,14645481
1.037967179875615e+02,1.001726997579374e+02,5.882352941176471e-01,14645490
1.048629171256682e+02,9.946930176970670e+01,1.176470588235294e+00,14645488
1.056223532054528e+02,1.038576473230998e+02,5.882352941176471e-01,14645492
1.066276230080211e+02,9.698095965065001e+01,1.764705882352941e+00,14645485
1.073261297522674e+02,1.003751503914817e+02,1.176470588235294e+00,14645491
1.083923288903741e+02,1.044263765621943e+02,1.176470588235294e+00,14645493
1.083923288903741e+02,1.064999776314247e+02,5.882352941176471e-01,14645496
1.107324497381110e+02,1.089677438557581e+02,5.882352941176471e-01,14645499
1.122847200033931e+02,1.079581653604636e+02,1.176470588235294e+00,14645497
1.133382531030930e+02,1.112106514079133e+02,5.882352941176471e-01,14645501
1.140494258857460e+02,1.085428726216163e+02,1.764705882352941e+00,14645498
1.151888514569431e+02,1.134241455745901e+02,5.882352941176471e-01,14645504
1.174929451789547e+02,1.093357814408504e+02,1.764705882352941e+00,14645500
1.175788376504519e+02,1.116595173163105e+02,1.764705882352941e+00,14645503
1.227093814913196e+02,1.191799697266137e+02,1.176470588235294e+00,14645505
1.257205695617203e+02,1.239558636793674e+02,5.882352941176471e-01,14645508
1.262922667931898e+02,1.209981491461310e+02,1.764705882352941e+00,14645506
1.268696357131342e+02,1.242888013686588e+02,5.882352941176471e-01,14645509
1.274852754440733e+02,1.256605930080273e+02,5.882352941176471e-01,14645511
1.280569726755428e+02,1.262311974566971e+02,5.882352941176471e-01,14645512
1.294632557511088e+02,1.276985498687559e+02,5.882352941176471e-01,14645513
1.303990474778401e+02,1.227845607711823e+02,1.764705882352941e+00,14645507
1.313103242132934e+02,1.285204655120813e+02,5.882352941176471e-01,14645515
1.316086387387427e+02,1.296279809107721e+02,5.882352941176471e-01,14645517
1.322112958892645e+02,1.304465900069115e+02,5.882352941176471e-01,14645518
1.332241873583710e+02,1.312578851825370e+02,5.882352941176471e-01,14645520
1.356931651248989e+02,1.280792269740368e+02,1.764705882352941e+00,14645514
1.367535991230768e+02,1.341545580795822e+02,5.882352941176470e-01,14645522
1.367535991230768e+02,1.309315838327635e+02,1.764705882352941e+00,14645519
1.385183050054298e+02,1.367067451176342e+02,5.882352941176471e-01,14645526
1.385183050054298e+02,1.363282517447159e+02,5.882352941176471e-01,14645525
1.409872827719577e+02,1.326736796511604e+02,1.764705882352941e+00,14645521
1.420477167701357e+02,1.387739117085024e+02,5.882352941176470e-01,14645528
1.420477167701357e+02,1.357920498612564e+02,1.764705882352941e+00,14645524
1.427519886543107e+02,1.383121432839751e+02,1.176470588235294e+00,14645527
1.473418344171945e+02,1.416297933572537e+02,1.764705882352941e+00,14645529
1.480441298579269e+02,1.462794239755739e+02,5.882352941176471e-01,14645531
1.488721498452072e+02,1.464120259256540e+02,5.882352941176471e-01,14645532
1.508712461819004e+02,1.453427380805013e+02,1.764705882352941e+00,14645530
1.534766689093024e+02,1.517119630269495e+02,5.882352941176471e-01,14645535
1.543965053238570e+02,1.491023876767982e+02,1.764705882352941e+00,14645533
1.557064567587104e+02,1.504123391116516e+02,1.764705882352941e+00,14645534
1.570060806740083e+02,1.549082339094362e+02,5.882352941176471e-01,14645538
1.596648573663753e+02,1.524725674390123e+02,1.764705882352941e+00,14645536
1.605354924387142e+02,1.540119463500199e+02,1.764705882352941e+00,14645537
1.610263400103098e+02,1.557322223632510e+02,1.764705882352941e+00,14645539
1.621111547714171e+02,1.577877679472585e+02,5.882352941176471e-01,14645540
1.623001983210671e+02,1.605168467697364e+02,5.882352941176471e-01,14645545
1.652330661797496e+02,1.634683602973967e+02,5.882352941176471e-01,14645547
1.670795373803505e+02,1.617854197332917e+02,1.764705882352941e+00,14645546
1.683496405210257e+02,1.665849346386728e+02,5.882352941176471e-01,14645548
1.692770846595506e+02,1.675123787771977e+02,5.882352941176471e-01,14645549
1.703561872483764e+02,1.685914813660235e+02,5.882352941176471e-01,14645550
1.737592006270175e+02,1.702297888623116e+02,1.176470588235294e+00,14645551
1.746000892731440e+02,1.728353833907910e+02,5.882352941176471e-01,14645552
1.767495457613703e+02,1.749848398790173e+02,5.882352941176471e-01,14645554
1.798502832645978e+02,1.748315425580456e+02,1.176470588235294e+00,14645553
1.816149891469507e+02,1.759688458988993e+02,1.764705882352941e+00,14645555
1.819599427239585e+02,1.787684125122756e+02,5.882352941176471e-01,14645558
1.821324195124623e+02,1.764315862712423e+02,1.764705882352941e+00,14645556
1.833796950293036e+02,1.813224852170434e+02,5.882352941176471e-01,14645561
1.837246486063114e+02,1.817066346128180e+02,5.882352941176471e-01,14645562
1.838971253948153e+02,1.819717053304610e+02,5.882352941176471e-01,14645563
1.866790706303367e+02,1.849143647479837e+02,5.882352941176471e-01,14645564
1.903805082400213e+02,1.871883256644103e+02,5.882352941176471e-01,14645568
1.904378501883475e+02,1.851437325412887e+02,1.764705882352941e+00,14645565
1.904411617206197e+02,1.851470440735609e+02,1.764705882352941e+00,14645566
1.939099200047272e+02,1.919739944321083e+02,5.882352941176471e-01,14645574
1.939672619530534e+02,1.861454557787137e+02,1.764705882352941e+00,14645567
1.955879289901721e+02,1.919718203285583e+02,1.176470588235294e+00,14645573
1.960101998782684e+02,1.942454939959154e+02,5.882352941176471e-01,14645575
1.973526348725251e+02,1.895902650966354e+02,1.764705882352941e+00,14645572
1.977051564466210e+02,1.959404505642681e+02,5.882352941176471e-01,14645576
1.987676912808911e+02,1.970029853985382e+02,5.882352941176471e-01,14645577
1.991173407548780e+02,1.973144779683849e+02,5.882352941176471e-01,14645578
2.050340793643134e+02,1.997399617172546e+02,1.764705882352941e+00,14645579
2.060793094896609e+02,2.043146036073080e+02,5.882352941176471e-01,14645581
2.073199527958617e+02,2.055552469135087e+02,5.882352941176471e-01,14645582
2.085921732654072e+02,2.032980556183484e+02,1.764705882352941e+00,14645580
2.104656005385288e+02,2.081974084025766e+02,5.882352941176471e-01,14645585
2.115410051738186e+02,2.062468875267597e+02,1.764705882352941e+00,14645583
2.122534515846969e+02,2.104887457023440e+02,5.882352941176471e-01,14645589
2.129598907495460e+02,2.110618032922784e+02,5.882352941176471e-01,14645590
2.133057110561715e+02,2.114964583077090e+02,5.882352941176471e-01,14645591
2.147245966318989e+02,2.123628399215735e+02,5.882352941176471e-01,14645594
2.150704169385244e+02,2.130574072884056e+02,5.882352941176471e-01,14645595
2.162720541821149e+02,2.135079786998646e+02,5.882352941176471e-01,14645597
2.162720541821149e+02,2.134699530534562e+02,5.882352941176471e-01,14645596
2.180367600644679e+02,2.119731893270942e+02,1.176470588235294e+00,14645592
2.185766835394151e+02,2.068989820713399e+02,1.764705882352941e+00,14645584
2.198014659468208e+02,2.172231091447369e+02,5.882352941176470e-01,14645599
2.198014659468208e+02,2.088096160469445e+02,1.764705882352941e+00,14645587
2.226207134963600e+02,2.203651122204365e+02,5.882352941176471e-01,14645603
2.245023639940190e+02,2.223612951025375e+02,5.882352941176471e-01,14645604
2.253606246850009e+02,2.194046296982846e+02,1.764705882352941e+00,14645601
2.253606246850009e+02,2.190913017316542e+02,1.764705882352941e+00,14645600
2.268392436703599e+02,2.228546027269721e+02,5.882352941176471e-01,14645606
2.268392436703599e+02,2.229363537250618e+02,5.882352941176471e-01,14645607
2.286039495527128e+02,2.257886776681451e+02,5.882352941176471e-01,14645610
2.286039495527128e+02,2.265493560163674e+02,5.882352941176471e-01,14645611
2.305708012407518e+02,2.288060953583988e+02,5.882352941176471e-01,14645612
2.321333613174187e+02,2.254521894684357e+02,1.764705882352941e+00,14645609
2.321333613174187e+02,2.242703823645508e+02,1.764705882352941e+00,14645608
2.323355071231047e+02,2.289323032753263e+02,5.882352941176471e-01,14645613
2.338980671997716e+02,2.317346549879792e+02,5.882352941176471e-01,14645615
2.351903388905653e+02,2.334256330082124e+02,5.882352941176471e-01,14645616
2.356627730821246e+02,2.316566834116497e+02,1.176470588235294e+00,14645614
2.376311924950242e+02,2.354251731858024e+02,5.882352941176471e-01,14645620
2.391705158033419e+02,2.365968790569091e+02,5.882352941176471e-01,14645621
2.391705158033419e+02,2.367508909090334e+02,5.882352941176471e-01,14645623
2.409352216856948e+02,2.390283815040025e+02,5.882352941176471e-01,14645624
2.444646334504007e+02,2.416835593674800e+02,5.882352941176471e-01,14645628
2.445911140939800e+02,2.345460079302120e+02,1.764705882352941e+00,14645618
2.445911140939800e+02,2.343054942608651e+02,1.764705882352941e+00,14645617
2.463558199763329e+02,2.444930004363548e+02,5.882352941176471e-01,14645630
2.492126760178683e+02,2.394234770905005e+02,1.764705882352941e+00,14645626
2.492126760178683e+02,2.391208617868546e+02,1.764705882352941e+00,14645625
2.498852317410388e+02,2.433763547079173e+02,1.764705882352941e+00,14645629
2.509773819002212e+02,2.482272195963894e+02,5.882352941176471e-01,14645631
2.537727641089625e+02,2.520080582266095e+02,5.882352941176471e-01,14645633
2.548734661500135e+02,2.495793485029546e+02,1.764705882352941e+00,14645632
2.585199453771534e+02,2.567552394948005e+02,5.882352941176471e-01,14645634
2.590092122007385e+02,2.572445063183856e+02,5.882352941176471e-01,14645635
2.605998958868426e+02,2.588351900044896e+02,5.882352941176471e-01,14645636
2.609156971656896e+02,2.591509912833367e+02,5.882352941176471e-01,14645637
2.611470150709254e+02,2.593823091885725e+02,5.882352941176471e-01,14645638
2.662521594446623e+02,2.644874535623094e+02,5.882352941176471e-01,14645641
2.667412226465286e+02,2.645139426198226e+02,5.882352941176471e-01,14645642
2.675866268207319e+02,2.654829069239290e+02,5.882352941176471e-01,14645643
2.682613969279484e+02,2.632118108818227e+02,1.176470588235294e+00,14645639
2.700261028103013e+02,2.640572150560260e+02,1.764705882352941e+00,14645640
2.712638515116392e+02,2.694991456292863e+02,5.882352941176471e-01,14645644
2.717530420396716e+02,2.699883361573186e+02,5.882352941176471e-01,14645645
2.741071776661532e+02,2.723424717838003e+02,5.882352941176471e-01,14645646
2.741373368583560e+02,2.723726309760030e+02,5.882352941176471e-01,14645647
2.745983520337510e+02,2.728336461513980e+02,5.882352941176471e-01,14645648
2.773996138720643e+02,2.756349079897113e+02,5.882352941176471e-01,14645649
2.786602909302517e+02,2.768955850478987e+02,5.882352941176471e-01,14645650
2.813467488929062e+02,2.795820430105532e+02,5.882352941176471e-01,14645653
2.813758671412160e+02,2.795872767569649e+02,5.882352941176471e-01,14645654
2.843866111432988e+02,2.786029439819268e+02,1.764705882352941e+00,14645652
2.843866111432988e+02,2.778464553765102e+02,1.764705882352941e+00,14645651
2.862135141655021e+02,2.828489695204752e+02,5.882352941176471e-01,14645656
2.862135141655021e+02,2.834174099314401e+02,5.882352941176471e-01,14645657
2.862135141655021e+02,2.843561001890319e+02,5.882352941176471e-01,14645658
2.879782200478550e+02,2.856989320320621e+02,5.882352941176471e-01,14645659
2.897429259302079e+02,2.828084966804968e+02,1.764705882352941e+00,14645655
2.906697574238973e+02,2.889050515415444e+02,5.882352941176471e-01,14645661
2.921481395122963e+02,2.898162140764959e+02,5.882352941176471e-01,14645663
2.924344633062503e+02,2.886187277475904e+02,1.176470588235294e+00,14645660
2.932723376949138e+02,2.909176483941511e+02,5.882352941176471e-01,14645664
2.950399559273930e+02,2.932752500450400e+02,5.882352941176471e-01,14645667
2.958178008238529e+02,2.889395089242697e+02,1.176470588235294e+00,14645662
2.958207131739791e+02,2.938630367248300e+02,5.882352941176471e-01,14645668
2.968046618097459e+02,2.945977445773429e+02,5.882352941176471e-01,14645669
2.975825067062059e+02,2.951918784195429e+02,5.882352941176471e-01,14645670
2.989582901403288e+02,2.966050686945538e+02,5.882352941176471e-01,14645671
2.997423026989723e+02,2.916247442447803e+02,1.764705882352941e+00,14645665
3.024332767006886e+02,3.006685708183357e+02,5.882352941176471e-01,14645674
3.024877019050347e+02,2.966282583352549e+02,1.764705882352941e+00,14645672
3.037750352372434e+02,3.014078898500255e+02,5.882352941176471e-01,14645675
3.041979825830415e+02,3.023958431663166e+02,5.882352941176471e-01,14645676
3.055397411195964e+02,3.030298152190421e+02,5.882352941176471e-01,14645677
3.060171136697406e+02,3.002456234725375e+02,1.764705882352941e+00,14645673
3.112008781879181e+02,3.094361723055651e+02,5.882352941176471e-01,14645680
3.120035705170683e+02,3.067094528700095e+02,1.764705882352941e+00,14645678
3.129899137014377e+02,3.112252078190847e+02,5.882352941176471e-01,14645681
3.131983460566477e+02,3.079042284095889e+02,1.764705882352941e+00,14645679
3.142614479916059e+02,3.118676540060137e+02,5.882352941176471e-01,14645683
3.142614479916059e+02,3.116270491552535e+02,5.882352941176471e-01,14645682
3.152186345136923e+02,3.134539286313393e+02,5.882352941176471e-01,14645684
3.169376372703675e+02,3.151729313880145e+02,5.882352941176471e-01,14645685
3.187605948307474e+02,3.169958889483945e+02,5.882352941176471e-01,14645686
3.228274398319511e+02,3.175333221848923e+02,1.764705882352941e+00,14645687
3.232705273827395e+02,3.215058215003866e+02,5.882352941176471e-01,14645689
3.258472880299779e+02,3.205531703829191e+02,1.764705882352941e+00,14645688
3.268546234712458e+02,3.250899175888929e+02,5.882352941176471e-01,14645691
3.288899956708422e+02,3.258505991022112e+02,5.882352941176471e-01,14645695
3.292520042118605e+02,3.272950308921956e+02,5.882352941176471e-01,14645700
3.292520042118605e+02,3.272155118942371e+02,5.882352941176471e-01,14645699
3.324194074355481e+02,3.303160973813017e+02,5.882352941176471e-01,14645702
3.331361136997135e+02,3.252837465866968e+02,1.764705882352941e+00,14645692
3.331361136997135e+02,3.237152383813548e+02,1.764705882352941e+00,14645690
3.349008195820664e+02,3.328723307790175e+02,5.882352941176471e-01,14645703
3.359488192002540e+02,3.285798124658615e+02,1.764705882352941e+00,14645701
3.408483635444248e+02,3.390836576620719e+02,5.882352941176471e-01,14645704
3.423281411559860e+02,3.405634352736331e+02,5.882352941176471e-01,14645705
3.428883180735292e+02,3.411236121911763e+02,5.882352941176471e-01,14645706
3.445735668398615e+02,3.428088609575086e+02,5.882352941176471e-01,14645708
3.461638783848799e+02,3.426344666201740e+02,1.176470588235294e+00,14645707
3.461717838922535e+02,3.444070780099006e+02,5.882352941176471e-01,14645709
3.479285842672328e+02,3.453705073897053e+02,5.882352941176471e-01,14645711
3.490219697373578e+02,3.472572638550048e+02,5.882352941176471e-01,14645712
3.501302478197426e+02,3.448361301726838e+02,1.764705882352941e+00,14645710
3.507866756197107e+02,3.487587632644629e+02,5.882352941176471e-01,14645714
3.520147136700747e+02,3.493810652667102e+02,5.882352941176471e-01,14645715
3.543160873844166e+02,3.485929111609906e+02,1.764705882352941e+00,14645713
3.556517346904024e+02,3.503098877717114e+02,1.764705882352941e+00,14645718
3.559220228428831e+02,3.533359004725747e+02,5.882352941176471e-01,14645721
3.559220228428831e+02,3.523340506401324e+02,5.882352941176471e-01,14645720
3.574164405727553e+02,3.550063084694296e+02,5.882352941176471e-01,14645722
3.577083623397009e+02,3.559436564573479e+02,5.882352941176471e-01,14645723
3.594514346075890e+02,3.522338406542908e+02,1.764705882352941e+00,14645719
3.610809964137016e+02,3.591151662266589e+02,5.882352941176471e-01,14645727
3.621541021651883e+02,3.573961460741915e+02,1.176470588235294e+00,14645724
3.639188080475413e+02,3.579330902696162e+02,1.764705882352941e+00,14645725
3.646104081784074e+02,3.583463878553934e+02,1.764705882352941e+00,14645726
3.656835139298942e+02,3.632904386357012e+02,5.882352941176471e-01,14645729
3.664137280288031e+02,3.646490221464501e+02,5.882352941176471e-01,14645730
3.674482198122471e+02,3.618928573208656e+02,1.764705882352941e+00,14645728
3.694335841214283e+02,3.676688782390754e+02,5.882352941176471e-01,14645733
3.709776315769530e+02,3.648962683064271e+02,1.764705882352941e+00,14645731
3.729816380177987e+02,3.712169321354458e+02,5.882352941176471e-01,14645734
3.734030925306052e+02,3.716383866482523e+02,5.882352941176471e-01,14645735
3.744349120581623e+02,3.726702061758094e+02,5.882352941176471e-01,14645736
3.758556780979962e+02,3.732208796497995e+02,5.882352941176471e-01,14645739
3.758556780979962e+02,3.731022880484311e+02,5.882352941176471e-01,14645738
3.765110497825046e+02,3.729067902378280e+02,1.176470588235294e+00,14645737
3.776203839803492e+02,3.750755257783890e+02,5.882352941176471e-01,14645741
3.793757416457600e+02,3.776110357634070e+02,5.882352941176471e-01,14645742
3.793900079967530e+02,3.776253021144001e+02,5.882352941176471e-01,14645743
3.799055955190904e+02,3.781408896367374e+02,5.882352941176471e-01,14645744
3.835406830259094e+02,3.817759771435565e+02,5.882352941176471e-01,14645747
3.846698592928188e+02,3.787514273770010e+02,1.764705882352941e+00,14645745
3.853053889082624e+02,3.806188071794540e+02,1.176470588235294e+00,14645746
3.859129248265128e+02,3.839321501819315e+02,5.882352941176471e-01,14645749
3.876776307088658e+02,3.857851995689113e+02,5.882352941176471e-01,14645751
3.881992710575247e+02,3.823798460285219e+02,1.764705882352941e+00,14645748
3.893406546408935e+02,3.862871527163788e+02,5.882352941176471e-01,14645753
3.911053605232464e+02,3.887778081806349e+02,5.882352941176471e-01,14645757
3.940628769878066e+02,3.861609478382163e+02,1.764705882352941e+00,14645752
3.940628769878066e+02,3.855061970252118e+02,1.764705882352941e+00,14645750
3.954479670568424e+02,3.921602749880500e+02,5.882352941176471e-01,14645760
3.954479670568424e+02,3.925411391129008e+02,5.882352941176471e-01,14645761
3.954479670568424e+02,3.925693865643744e+02,5.882352941176471e-01,14645762
3.972126729391953e+02,3.948891779227322e+02,5.882352941176471e-01,14645764
3.972126729391953e+02,3.948465836215127e+02,5.882352941176471e-01,14645763
3.995564961227234e+02,3.878565651228059e+02,1.764705882352941e+00,14645756
4.007420847039012e+02,3.911593236655022e+02,1.764705882352941e+00,14645759
4.011281629046846e+02,3.974283514724216e+02,5.882352941176471e-01,14645766
4.042714964686071e+02,3.966577577845258e+02,1.764705882352941e+00,14645765
4.046575746693905e+02,3.979454981171809e+02,1.764705882352941e+00,14645767
4.060362023509600e+02,4.039613040387834e+02,5.882352941176471e-01,14645770
4.061138578193727e+02,4.042984664496674e+02,5.882352941176471e-01,14645771
4.078009082333130e+02,4.058702244510289e+02,5.882352941176471e-01,14645772
4.081869864340964e+02,4.025844460546668e+02,1.764705882352941e+00,14645769
4.118685346101130e+02,4.101038287277600e+02,5.882352941176471e-01,14645773
4.123234433893525e+02,4.105587375069996e+02,5.882352941176471e-01,14645774
4.129668206716724e+02,4.112021147893195e+02,5.882352941176471e-01,14645775
4.136332404924659e+02,4.115562355790316e+02,5.882352941176471e-01,14645776
4.146715257054176e+02,4.129068198230646e+02,5.882352941176471e-01,14645777
4.155768758799662e+02,4.138121699976132e+02,5.882352941176471e-01,14645778
4.163585474191011e+02,4.145938415367482e+02,5.882352941176471e-01,14645779
4.165375240144894e+02,4.147728181321365e+02,5.882352941176471e-01,14645780
4.177324175318866e+02,4.151289657359239e+02,5.882352941176471e-01,14645782
4.177324175318866e+02,4.148639054558293e+02,5.882352941176471e-01,14645781
4.215749175386205e+02,4.198102116562676e+02,5.882352941176471e-01,14645784
4.232573833832698e+02,4.197279716185639e+02,1.176470588235294e+00,14645783
4.250531309406046e+02,4.232884250582516e+02,5.882352941176471e-01,14645785
4.282719086403318e+02,4.265072027579788e+02,5.882352941176471e-01,14645786
4.294248485998061e+02,4.276601427174531e+02,5.882352941176471e-01,14645788
4.300366145226847e+02,4.277214687472555e+02,5.882352941176471e-01,14645789
4.320402151736922e+02,4.267460975266334e+02,1.764705882352941e+00,14645787
4.321521909059886e+02,4.303874850236356e+02,5.882352941176471e-01,14645791
4.350405551964169e+02,4.332758493140640e+02,5.882352941176471e-01,14645793
4.355696269383981e+02,4.297208099794848e+02,1.764705882352941e+00,14645790
4.367796335088966e+02,4.304306437333571e+02,1.764705882352941e+00,14645792
4.371127053734347e+02,4.336314849649381e+02,5.882352941176471e-01,14645794
4.373343328207510e+02,4.355017216384142e+02,5.882352941176471e-01,14645797
4.405832691564752e+02,4.388185632741223e+02,5.882352941176471e-01,14645798
4.421247499007131e+02,4.403600440183601e+02,5.882352941176471e-01,14645799
4.435620283516015e+02,4.417973224692486e+02,5.882352941176471e-01,14645800
4.489345860414905e+02,4.471698801591375e+02,5.882352941176471e-01,14645803
4.497292914277282e+02,4.444351737806694e+02,1.764705882352941e+00,14645801
4.517007159687784e+02,4.499360100864255e+02,5.882352941176471e-01,14645804
4.523352113096493e+02,4.470410936625904e+02,1.764705882352941e+00,14645802
4.534814571111599e+02,4.505474298222211e+02,5.882352941176471e-01,14645806
4.536712380095948e+02,4.517327864888354e+02,5.882352941176471e-01,14645808
4.553410534427303e+02,4.532392382425704e+02,5.882352941176471e-01,14645810
4.558646230743552e+02,4.501418262448889e+02,1.764705882352941e+00,14645805
4.588704652074362e+02,4.530009793863528e+02,1.764705882352941e+00,14645809
4.597642163450819e+02,4.579995104627290e+02,5.882352941176471e-01,14645811
4.611286483240527e+02,4.593639424416998e+02,5.882352941176471e-01,14645812
4.614281727703894e+02,4.596634668880364e+02,5.882352941176471e-01,14645813
4.618513340000619e+02,4.600866281177089e+02,5.882352941176471e-01,14645814
4.629029285293726e+02,4.601757473404458e+02,5.882352941176471e-01,14645815
4.662204162900024e+02,4.644557104076495e+02,5.882352941176471e-01,14645819
4.669338710322844e+02,4.613900114182765e+02,1.764705882352941e+00,14645818
4.669338710322844e+02,4.611477969699866e+02,1.764705882352941e+00,14645817
4.679851221723554e+02,4.645860765979346e+02,5.882352941176471e-01,14645820
4.690489939613277e+02,4.663875212675868e+02,5.882352941176471e-01,14645822
4.690489939613277e+02,4.667720586819590e+02,5.882352941176471e-01,14645823
4.708136998436806e+02,4.662291080955827e+02,1.176470588235294e+00,14645821
4.708136998436806e+02,4.689019670059127e+02,5.882352941176471e-01,14645825
4.743431116083865e+02,4.683896929834076e+02,1.764705882352941e+00,14645824
4.743462645054606e+02,4.725815586231076e+02,5.882352941176471e-01,14645826
4.761078174907395e+02,4.737828287311625e+02,5.882352941176471e-01,14645828
4.761582139007300e+02,4.743935080183771e+02,5.882352941176471e-01,14645829
4.795160879428537e+02,4.727503470702475e+02,1.764705882352941e+00,14645827
4.799303119122509e+02,4.746361942651921e+02,1.764705882352941e+00,14645830
4.799970397895059e+02,4.782323339071530e+02,5.882352941176471e-01,14645831
4.816950177946039e+02,4.795999688745891e+02,5.882352941176471e-01,14645833
4.817617456718589e+02,4.799768673637138e+02,5.882352941176471e-01,14645834
4.830454997075596e+02,4.807178748390282e+02,5.882352941176471e-01,14645835
4.837628500422178e+02,4.819981441598649e+02,5.882352941176471e-01,14645836
4.850173175746111e+02,4.825005215050564e+02,5.882352941176471e-01,14645837
4.852244295593098e+02,4.784203818118782e+02,1.764705882352941e+00,14645832
4.864456646992220e+02,4.846809588168691e+02,5.882352941176471e-01,14645839
4.884435467631860e+02,4.866788408808330e+02,5.882352941176471e-01,14645840
4.891164494532859e+02,4.873517435709329e+02,5.882352941176471e-01,14645841
4.908735254245756e+02,4.891088195422226e+02,5.882352941176471e-01,14645842
4.913349456984042e+02,4.895702398160513e+02,5.882352941176471e-01,14645843
4.934890906684799e+02,4.917243847861270e+02,5.882352941176471e-01,14645845
4.943373756716232e+02,4.925726697892703e+02,5.882352941176471e-01,14645846
4.945583182332489e+02,4.910289064685430e+02,1.176470588235294e+00,14645844
4.956080371286914e+02,4.929782616941700e+02,5.882352941176471e-01,14645847
4.963230241156019e+02,4.943918879313802e+02,5.882352941176471e-01,14645850
4.978952030297260e+02,4.961304971473731e+02,5.882352941176471e-01,14645851
4.987724620441437e+02,4.970077561617908e+02,5.882352941176471e-01,14645852
4.996314933186820e+02,4.941975718241970e+02,1.764705882352941e+00,14645849
4.998557866932385e+02,4.970306691967143e+02,5.882352941176471e-01,14645853
5.013961992010350e+02,4.990817974779496e+02,5.882352941176471e-01,14645856
5.019611831922205e+02,4.997822673178799e+02,5.882352941176471e-01,14645857
5.031609050833879e+02,4.982869585920450e+02,1.176470588235294e+00,14645855
5.054905949569264e+02,4.997875149841242e+02,1.764705882352941e+00,14645858
5.066953619193940e+02,5.049306560370411e+02,5.882352941176471e-01,14645859
5.073786644877405e+02,5.056139586053876e+02,5.882352941176471e-01,14645860
5.074527043445084e+02,5.056879984621555e+02,5.882352941176471e-01,14645861
5.123845753639958e+02,5.106198694816428e+02,5.882352941176471e-01,14645864
5.125219592036349e+02,5.072278415565761e+02,1.764705882352941e+00,14645862
5.138946789209343e+02,5.110298271786135e+02,5.882352941176471e-01,14645865
5.159139871287017e+02,5.103652671562285e+02,1.764705882352941e+00,14645863
5.173865859399223e+02,5.145571692246787e+02,5.882352941176471e-01,14645868
5.180372640840362e+02,5.160995528704888e+02,5.882352941176471e-01,14645869
5.194433988934076e+02,5.138571741752164e+02,1.764705882352941e+00,14645866
5.198019699663891e+02,5.179004091045449e+02,5.882352941176471e-01,14645870
5.209159977046282e+02,5.145078523193303e+02,1.764705882352941e+00,14645867
5.247375165404664e+02,5.181997496227702e+02,1.764705882352941e+00,14645871
5.276870892670825e+02,5.259223833847295e+02,5.882352941176471e-01,14645873
5.277462005294473e+02,5.259814946470944e+02,5.882352941176471e-01,14645874
5.294974012045526e+02,5.242032835574938e+02,1.764705882352941e+00,14645872
5.297208390300669e+02,5.279561331477140e+02,5.882352941176471e-01,14645877
5.314855449124199e+02,5.296979849865220e+02,5.882352941176471e-01,14645881
5.330962249049725e+02,5.268136084584092e+02,1.176470588235294e+00,14645875
5.330962249049725e+02,5.287650925320264e+02,1.176470588235294e+00,14645878
5.348609307873254e+02,5.288855049463628e+02,1.764705882352941e+00,14645879
5.349991214884061e+02,5.317736987193118e+02,5.882352941176471e-01,14645882
5.367638273707591e+02,5.321663388729459e+02,1.176470588235294e+00,14645883
5.367638273707591e+02,5.348751628360764e+02,5.882352941176471e-01,14645887
5.384629959147594e+02,5.358547829205243e+02,5.882352941176471e-01,14645888
5.385861037527113e+02,5.368213978703584e+02,5.882352941176471e-01,14645890
5.402277017971123e+02,5.382210901395041e+02,5.882352941176471e-01,14645891
5.419348371798660e+02,5.335107970082147e+02,1.764705882352941e+00,14645885
5.421155155174172e+02,5.362100736581051e+02,1.764705882352941e+00,14645889
5.436995430622189e+02,5.417502231529501e+02,5.882352941176471e-01,14645893
5.445035301195268e+02,5.427388242371738e+02,5.882352941176471e-01,14645894
5.454890469984671e+02,5.437243411161141e+02,5.882352941176471e-01,14645895
5.455218194441712e+02,5.387497011702434e+02,1.764705882352941e+00,14645892
5.462682360018797e+02,5.437892329656400e+02,5.882352941176471e-01,14645896
5.478173131124899e+02,5.460526072301369e+02,5.882352941176471e-01,14645897
5.502873591811788e+02,5.485226532988259e+02,5.882352941176471e-01,14645898
5.510087731249606e+02,5.492440672426076e+02,5.882352941176471e-01,14645899
5.520520650635318e+02,5.499413074940670e+02,5.882352941176471e-01,14645901
5.529354158814641e+02,5.504646259292843e+02,5.882352941176471e-01,14645903
5.557752715512546e+02,5.533771312617559e+02,5.882352941176471e-01,14645905
5.564443709866235e+02,5.495679409909089e+02,1.764705882352941e+00,14645900
5.564648276461700e+02,5.504407494550812e+02,1.764705882352941e+00,14645902
5.575647090635774e+02,5.541839037323721e+02,5.882352941176471e-01,14645907
5.599942394108759e+02,5.520725217230783e+02,1.764705882352941e+00,14645904
5.617384886336823e+02,5.558247348111944e+02,1.764705882352941e+00,14645909
5.660338594045078e+02,5.642691535221549e+02,5.882352941176471e-01,14645911
5.677985652868608e+02,5.659357151791401e+02,5.882352941176471e-01,14645913
5.688439670785209e+02,5.635498494314620e+02,1.764705882352941e+00,14645910
5.705231255827190e+02,5.652290079356602e+02,1.764705882352941e+00,14645912
5.730465605174798e+02,5.712818546351269e+02,5.882352941176471e-01,14645914
5.749141411031365e+02,5.718126915178143e+02,5.882352941176471e-01,14645918
5.749141411031365e+02,5.717329640147284e+02,5.882352941176471e-01,14645917
5.766788469854894e+02,5.739796648212688e+02,5.882352941176471e-01,14645920
5.771893725062119e+02,5.714361666900825e+02,1.764705882352941e+00,14645915
5.799849618100427e+02,5.782202559276897e+02,5.882352941176471e-01,14645922
5.803637378081436e+02,5.785990319257907e+02,5.882352941176471e-01,14645923
5.809960846482764e+02,5.774666728835705e+02,1.176470588235294e+00,14645921
5.863533721541947e+02,5.845886662718418e+02,5.882352941176471e-01,14645924
5.871372792332543e+02,5.853725733509014e+02,5.882352941176471e-01,14645925
5.921242133077022e+02,5.885948015429963e+02,1.176470588235294e+00,14645927
5.934206789727226e+02,5.881265613256638e+02,1.764705882352941e+00,14645926
5.954040262254777e+02,5.928706106148297e+02,5.882352941176471e-01,14645931
5.954040262254777e+02,5.927864289323524e+02,5.882352941176471e-01,14645930
5.956536250724081e+02,5.902192292636200e+02,1.764705882352941e+00,14645928
5.974183309547610e+02,5.916743503439096e+02,1.176470588235294e+00,14645929
5.989334379901836e+02,5.969703592233351e+02,5.882352941176471e-01,14645936
6.006981438725365e+02,5.988650592404411e+02,5.882352941176471e-01,14645937
6.016711068623069e+02,5.940105214035296e+02,1.764705882352941e+00,14645933
6.024628497548895e+02,5.989047351755186e+02,1.176470588235294e+00,14645938
6.042275556372424e+02,5.963475982742536e+02,1.764705882352941e+00,14645935
6.045465535153052e+02,6.027818476329523e+02,5.882352941176471e-01,14645940
6.052005186270128e+02,6.031286719670391e+02,5.882352941176471e-01,14645941
6.059922615195954e+02,6.035684486981590e+02,5.882352941176471e-01,14645942
6.071516865039111e+02,6.049072337563335e+02,5.882352941176471e-01,14645943
6.077569674019483e+02,6.055734426161035e+02,5.882352941176471e-01,14645945
6.080759652800111e+02,6.015839917699310e+02,1.764705882352941e+00,14645939
6.092190328352827e+02,6.069231250829340e+02,5.882352941176471e-01,14645947
6.092190328352827e+02,6.063287658824427e+02,5.882352941176471e-01,14645946
6.098406711623641e+02,6.079538753747165e+02,5.882352941176471e-01,14645948
6.112409867855031e+02,6.094762809031502e+02,5.882352941176471e-01,14645950
6.125894829054806e+02,6.108247770231277e+02,5.882352941176471e-01,14645951
6.127484445999885e+02,6.085474661610451e+02,1.176470588235294e+00,14645949
6.141483428562108e+02,6.123836369738578e+02,5.882352941176471e-01,14645952
6.165554153675912e+02,6.147907094852383e+02,5.882352941176471e-01,14645954
6.194718994173684e+02,6.141777817703096e+02,1.764705882352941e+00,14645953
6.195303756930774e+02,6.177656698107245e+02,5.882352941176471e-01,14645955
6.198605865412454e+02,6.180958806588925e+02,5.882352941176471e-01,14645956
6.247660170644272e+02,6.184665007564319e+02,1.764705882352941e+00,14645957
6.252680844871513e+02,6.199739668400925e+02,1.764705882352941e+00,14645958
6.282954288291331e+02,6.239633486808778e+02,1.176470588235294e+00,14645961
6.287974962518572e+02,6.220907681944713e+02,1.764705882352941e+00,14645959
6.291495917238831e+02,6.221326980685159e+02,1.764705882352941e+00,14645960
6.300601347114860e+02,6.268972347014524e+02,5.882352941176471e-01,14645962
6.342888817473471e+02,6.289947641002883e+02,1.764705882352941e+00,14645963
6.344437093709419e+02,6.290930170676272e+02,1.764705882352941e+00,14645964
6.353542523585449e+02,6.298612266132379e+02,1.764705882352941e+00,14645965
6.378238456796371e+02,6.360591397972842e+02,5.882352941176471e-01,14645967
6.395829993944059e+02,6.332121987419601e+02,1.764705882352941e+00,14645966
6.395885515619900e+02,6.368174934862422e+02,5.882352941176471e-01,14645969
6.431179633266959e+02,6.364675770152479e+02,1.764705882352941e+00,14645968
6.435264005446596e+02,6.382095432661301e+02,1.764705882352941e+00,14645970
6.448771170414647e+02,6.393863828464355e+02,1.764705882352941e+00,14645971
6.450868878180307e+02,6.429339437636178e+02,5.882352941176471e-01,14645973
6.467467083121007e+02,6.446039311991983e+02,5.882352941176471e-01,14645975
6.468515937003837e+02,6.415721747441662e+02,1.176470588235294e+00,14645972
6.485114141944536e+02,6.462211352152569e+02,5.882352941176471e-01,14645976
6.502761200768066e+02,6.437005403827810e+02,1.764705882352941e+00,14645974
6.508164029695604e+02,6.479226421551702e+02,5.882352941176471e-01,14645978
6.520408259591595e+02,6.497021951901564e+02,5.882352941176471e-01,14645981
6.525811088519133e+02,6.508050511046893e+02,5.882352941176471e-01,14645982
6.534962075765257e+02,6.478927656644802e+02,1.176470588235294e+00,14645977
6.552609134588787e+02,6.495919799799613e+02,1.764705882352941e+00,14645980
6.571963436542260e+02,6.536669318895201e+02,1.176470588235294e+00,14645983
6.578883408855299e+02,6.561236350031770e+02,5.882352941176471e-01,14645985
6.591911875034539e+02,6.538970698563951e+02,1.764705882352941e+00,14645984
6.596008469254313e+02,6.578361410430783e+02,5.882352941176471e-01,14645986
6.612316317951874e+02,6.594669259128345e+02,5.882352941176471e-01,14645987
6.612874718254560e+02,6.595227659431031e+02,5.882352941176471e-01,14645988
6.623754761495210e+02,6.606107702671680e+02,5.882352941176471e-01,14645989
6.635855272898027e+02,6.618208214074498e+02,5.882352941176471e-01,14645990
6.648648245420378e+02,6.631001186596848e+02,5.882352941176471e-01,14645991
6.659442156780465e+02,6.641795097956935e+02,5.882352941176471e-01,14645992
6.673403476405756e+02,6.655756417582226e+02,5.882352941176471e-01,14645993
6.694020713940705e+02,6.676373655117176e+02,5.882352941176471e-01,14645994
6.699592404826000e+02,6.681945346002471e+02,5.882352941176471e-01,14645995
6.711159304636242e+02,6.693512245812713e+02,5.882352941176471e-01,14645996
6.744064872291172e+02,6.708770754644113e+02,1.176470588235294e+00,14645997
6.757337457954610e+02,6.739690399131081e+02,5.882352941176471e-01,14645998
6.764215989852175e+02,6.746568931028645e+02,5.882352941176471e-01,14646000
6.778846388961317e+02,6.761199330137787e+02,5.882352941176471e-01,14646001
6.794444985476252e+02,6.741503809005664e+02,1.764705882352941e+00,14645999
6.798440492668720e+02,6.780793433845191e+02,5.882352941176471e-01,14646003
6.821329289726459e+02,6.768388113255871e+02,1.764705882352941e+00,14646002
6.832684889384224e+02,6.803948373483137e+02,5.882352941176471e-01,14646006
6.844654148378871e+02,6.800336557998079e+02,1.176470588235294e+00,14646005
6.862301207202400e+02,6.790839361706435e+02,1.764705882352941e+00,14646004
6.864966164886825e+02,6.847319106063295e+02,5.882352941176471e-01,14646008
6.867979007031283e+02,6.805239034742957e+02,1.764705882352941e+00,14646007
6.881823802497043e+02,6.864176743673513e+02,5.882352941176471e-01,14646009
6.888726984076861e+02,6.871079925253332e+02,5.882352941176471e-01,14646010
6.908821649618075e+02,6.891174590794545e+02,5.882352941176471e-01,14646012
6.932506385873282e+02,6.879565209402694e+02,1.764705882352941e+00,14646011
6.935095478228824e+02,6.917448419405294e+02,5.882352941176471e-01,14646013
6.936137756233172e+02,6.918490697409643e+02,5.882352941176471e-01,14646014
6.976509634180327e+02,6.958862575356798e+02,5.882352941176471e-01,14646016
6.980186082769601e+02,6.962539023946072e+02,5.882352941176471e-01,14646017
6.988885090130759e+02,6.935943913660170e+02,1.764705882352941e+00,14646015
6.995994917298493e+02,6.968599104777246e+02,5.882352941176471e-01,14646019
7.012889516309745e+02,6.995242457486215e+02,5.882352941176471e-01,14646020
7.030536575133274e+02,7.008926474420626e+02,5.882352941176471e-01,14646022
7.031289034945552e+02,6.964508439842095e+02,1.764705882352941e+00,14646018
7.039625500597572e+02,7.015172430668665e+02,5.882352941176471e-01,14646023
7.048685273831656e+02,7.027285369864968e+02,5.882352941176471e-01,14646024
7.074919618244631e+02,7.004331382950513e+02,1.764705882352941e+00,14646021
7.081972812533450e+02,7.064325753709920e+02,5.882352941176471e-01,14646027
7.083979391478714e+02,7.027735233397260e+02,1.764705882352941e+00,14646025
7.116925412711831e+02,7.097150519466674e+02,5.882352941176471e-01,14646032
7.122361004595153e+02,7.104713945771624e+02,5.882352941176471e-01,14646034
7.135355170340008e+02,7.080948260127418e+02,1.176470588235294e+00,14646028
7.135355170340008e+02,7.081608329986672e+02,1.176470588235294e+00,14646029
7.153002229163537e+02,7.083309846089446e+02,1.764705882352941e+00,14646030
7.170649287987067e+02,7.150925238635541e+02,5.882352941176471e-01,14646036
7.170649287987067e+02,7.088098486969606e+02,1.764705882352941e+00,14646031
7.186626701900510e+02,7.164397797654294e+02,5.882352941176471e-01,14646039
7.204273760724039e+02,7.173903928357428e+02,5.882352941176471e-01,14646040
7.204273760724039e+02,7.174052718877724e+02,5.882352941176471e-01,14646041
7.204273760724039e+02,7.178182088911832e+02,5.882352941176471e-01,14646042
7.243001131675925e+02,7.187731334020955e+02,1.176470588235294e+00,14646044
7.250371993740868e+02,7.147993294433278e+02,1.764705882352941e+00,14646035
7.257214937194627e+02,7.228787326157223e+02,5.882352941176471e-01,14646047
7.278295249322984e+02,7.220479933778694e+02,1.764705882352941e+00,14646046
7.279176075530727e+02,7.261529016707198e+02,5.882352941176471e-01,14646048
7.338831092757076e+02,7.321184033933546e+02,5.882352941176471e-01,14646050
7.341022455556168e+02,7.323375396732639e+02,5.882352941176471e-01,14646051
7.363960961087679e+02,7.311019784617091e+02,1.764705882352941e+00,14646049
7.366531168299380e+02,7.348884109475850e+02,5.882352941176471e-01,14646052
7.368694140852369e+02,7.351047082028840e+02,5.882352941176471e-01,14646053
7.381608019911208e+02,7.354037013662079e+02,5.882352941176471e-01,14646054
7.394865869014702e+02,7.377218810191173e+02,5.882352941176471e-01,14646055
7.422468946951063e+02,7.404821888127534e+02,5.882352941176471e-01,14646058
7.432951497771932e+02,7.380010321301344e+02,1.764705882352941e+00,14646056
7.440116005774593e+02,7.421388444058279e+02,5.882352941176471e-01,14646063
7.468245615418991e+02,7.401179332320921e+02,1.764705882352941e+00,14646057
7.473689107300410e+02,7.405861446797133e+02,1.764705882352941e+00,14646059
7.485892674242520e+02,7.462612592016114e+02,5.882352941176471e-01,14646067
7.497150383350865e+02,7.475314544305915e+02,5.882352941176471e-01,14646069
7.506261479006759e+02,7.450119107073807e+02,1.176470588235294e+00,14646065
7.523908537830289e+02,7.443452880567968e+02,1.764705882352941e+00,14646064
7.527096627148357e+02,7.509449568324828e+02,5.882352941176471e-01,14646070
7.532444500997923e+02,7.472688390227199e+02,1.764705882352941e+00,14646068
7.542890126918315e+02,7.515657559869631e+02,5.882352941176471e-01,14646071
7.544743685971886e+02,7.525910333227034e+02,5.882352941176471e-01,14646074
7.551750866101924e+02,7.534103807278395e+02,5.882352941176471e-01,14646075
7.576603757731917e+02,7.558956698908387e+02,5.882352941176471e-01,14646077
7.584343570935059e+02,7.549049453288000e+02,1.176470588235294e+00,14646076
7.596373074658211e+02,7.578726015834682e+02,5.882352941176471e-01,14646079
7.604302363617529e+02,7.586655304793999e+02,5.882352941176471e-01,14646080
7.619795045264065e+02,7.566853868793477e+02,1.764705882352941e+00,14646078
7.620397804211075e+02,7.602750745387545e+02,5.882352941176471e-01,14646081
7.621949422441058e+02,7.603514363748394e+02,5.882352941176471e-01,14646082
7.637743483561099e+02,7.615001010380395e+02,5.882352941176471e-01,14646084
7.637743483561099e+02,7.614219267512293e+02,5.882352941176471e-01,14646083
7.641171846334783e+02,7.623524787511253e+02,5.882352941176471e-01,14646085
7.690212366187006e+02,7.672565307363477e+02,5.882352941176471e-01,14646087
7.700305982127440e+02,7.682658923303910e+02,5.882352941176471e-01,14646088
7.706020253729153e+02,7.653079077258565e+02,1.764705882352941e+00,14646086
7.718839551743612e+02,7.701192492920083e+02,5.882352941176471e-01,14646090
7.735671249763622e+02,7.718024190940093e+02,5.882352941176471e-01,14646091
7.743153542657594e+02,7.688972997993496e+02,1.764705882352941e+00,14646089
7.749331733271569e+02,7.731684674448039e+02,5.882352941176471e-01,14646092
7.787596019277280e+02,7.769893984326430e+02,5.882352941176471e-01,14646096
7.803475078746189e+02,7.750533902275600e+02,1.764705882352941e+00,14646093
7.805243078100810e+02,7.780592387745983e+02,5.882352941176471e-01,14646097
7.811911283209047e+02,7.752301901630222e+02,1.764705882352941e+00,14646094
7.840658811944791e+02,7.823011753121262e+02,5.882352941176471e-01,14646098
7.841241256360917e+02,7.823594197537388e+02,5.882352941176471e-01,14646099
7.908284526129787e+02,7.855343349659198e+02,1.764705882352941e+00,14646100
7.959666733290963e+02,7.924372615643904e+02,1.176470588235294e+00,14646101
8.013068626726732e+02,7.995421567903202e+02,5.882352941176471e-01,14646103
8.019715784591528e+02,7.966774608120940e+02,1.764705882352941e+00,14646102
8.044653993560857e+02,8.027006934737327e+02,5.882352941176471e-01,14646106
8.079987842861142e+02,8.060481681608412e+02,5.882352941176471e-01,14646115
8.092793916814419e+02,8.066924094318173e+02,5.882352941176471e-01,14646117
8.092793916814419e+02,8.063084380167609e+02,5.882352941176471e-01,14646116
8.110440975637949e+02,8.086978486932249e+02,5.882352941176471e-01,14646120
8.145735093285007e+02,8.121203806057865e+02,5.882352941176471e-01,14646126
8.160797286070781e+02,8.143150227247252e+02,5.882352941176471e-01,14646128
8.163804830125524e+02,8.018901124079163e+02,1.176470588235294e+00,14646104
8.179948116921682e+02,8.116640301936972e+02,1.176470588235294e+00,14646125
8.181451888949053e+02,8.019546474079337e+02,1.764705882352941e+00,14646105
8.197595175745211e+02,8.129267836669859e+02,1.764705882352941e+00,14646127
8.198347061758897e+02,8.179542546218950e+02,5.882352941176471e-01,14646130
8.198347061758897e+02,8.165498392781227e+02,5.882352941176471e-01,14646129
8.229854482223319e+02,8.212207423399790e+02,5.882352941176471e-01,14646132
8.246347918098613e+02,8.222752665616061e+02,5.882352941176471e-01,14646134
8.252863973939801e+02,8.234646196063478e+02,5.882352941176471e-01,14646135
8.265148599870378e+02,8.211053800451554e+02,1.764705882352941e+00,14646131
8.281642035745671e+02,8.217569856292743e+02,1.764705882352941e+00,14646133
8.319894111890214e+02,8.257539146619001e+02,1.764705882352941e+00,14646136
8.334848800209084e+02,8.306071035079500e+02,5.882352941176471e-01,14646144
8.334848800209084e+02,8.306634770878961e+02,5.882352941176471e-01,14646145
8.334848800209084e+02,8.314351732429920e+02,5.882352941176471e-01,14646146
8.362934426583465e+02,8.267833426497451e+02,1.176470588235294e+00,14646138
8.370142917856143e+02,8.348766890276886e+02,5.882352941176471e-01,14646149
8.371967921435878e+02,8.330878205797139e+02,1.176470588235294e+00,14646147
8.380581485406994e+02,8.356145866192084e+02,5.882352941176471e-01,14646150
8.398018433051644e+02,8.380371374228115e+02,5.882352941176471e-01,14646152
8.398253715375416e+02,8.380606656551887e+02,5.882352941176471e-01,14646153
8.405437035503201e+02,8.368180636213164e+02,1.176470588235294e+00,14646151
8.415665491875174e+02,8.394139265352132e+02,5.882352941176471e-01,14646154
8.425512694117797e+02,8.407865635294267e+02,5.882352941176471e-01,14646156
8.434548587202130e+02,8.412043209560570e+02,5.882352941176471e-01,14646158
8.460806811764856e+02,8.400490506058499e+02,1.764705882352941e+00,14646155
8.469842704849189e+02,8.410303471480872e+02,1.764705882352941e+00,14646157
8.478160478073583e+02,8.446532847742933e+02,5.882352941176471e-01,14646161
8.478160478073583e+02,8.446344656381431e+02,5.882352941176471e-01,14646160
8.487489763672719e+02,8.468266053690784e+02,5.882352941176471e-01,14646162
8.495807536897113e+02,8.477403069876468e+02,5.882352941176471e-01,14646163
8.505136822496248e+02,8.485845392791907e+02,5.882352941176471e-01,14646164
8.513454595720642e+02,8.442572967911722e+02,1.764705882352941e+00,14646159
8.521811001415279e+02,8.504163942591749e+02,5.882352941176471e-01,14646165
8.527773971555228e+02,8.510126912731699e+02,5.882352941176471e-01,14646166
8.531101654544171e+02,8.512095449500827e+02,5.882352941176471e-01,14646167
8.539458060238808e+02,8.514489259130523e+02,5.882352941176471e-01,14646168
8.567768357283535e+02,8.550121298460006e+02,5.882352941176471e-01,14646169
8.569963961647530e+02,8.552316902824000e+02,5.882352941176471e-01,14646170
8.614386203315322e+02,8.596739144491792e+02,5.882352941176471e-01,14646173
8.635212941873118e+02,8.582271765402530e+02,1.764705882352941e+00,14646171
8.636646640367934e+02,8.583705463897346e+02,1.764705882352941e+00,14646172
8.655217983447063e+02,8.619923865800004e+02,1.176470588235294e+00,14646174
8.660152641687270e+02,8.642505582863740e+02,5.882352941176471e-01,14646175
8.698811210419560e+02,8.663517092772501e+02,1.176470588235294e+00,14646177
8.704044311402313e+02,8.651103134931725e+02,1.764705882352941e+00,14646176
8.714661182799508e+02,8.690570013409407e+02,5.882352941176471e-01,14646180
8.732308241623038e+02,8.710477794244189e+02,5.882352941176471e-01,14646182
8.739338429049372e+02,8.677569978708869e+02,1.764705882352941e+00,14646178
8.767602359270097e+02,8.706304228528006e+02,1.764705882352941e+00,14646181
8.767602359270097e+02,8.689247593740378e+02,1.764705882352941e+00,14646179
8.785249418093626e+02,8.766840498333592e+02,5.882352941176471e-01,14646184
8.786052462036700e+02,8.750758344389641e+02,1.176470588235294e+00,14646183
8.791013806738251e+02,8.773366747914722e+02,5.882352941176471e-01,14646185
8.814440288895704e+02,8.796793230072175e+02,5.882352941176471e-01,14646187
8.822029083802677e+02,8.804382024979148e+02,5.882352941176471e-01,14646188
8.838190594564214e+02,8.778670470707545e+02,1.764705882352941e+00,14646186
8.843235367283830e+02,8.825588308460300e+02,5.882352941176471e-01,14646192
8.854820445580247e+02,8.830317259648193e+02,5.882352941176471e-01,14646194
8.854820445580247e+02,8.829137730869904e+02,5.882352941176471e-01,14646193
8.860882426107359e+02,8.805648424462615e+02,1.176470588235294e+00,14646189
8.872467504403776e+02,8.846814286839085e+02,5.882352941176471e-01,14646195
8.882617429404409e+02,8.864970370580880e+02,5.882352941176471e-01,14646196
8.920602341709460e+02,8.867661165238872e+02,1.764705882352941e+00,14646197
8.939764135050484e+02,8.922117076226954e+02,5.882352941176471e-01,14646199
8.946064221787023e+02,8.893123045316434e+02,1.764705882352941e+00,14646198
8.960846405277869e+02,8.943199346454340e+02,5.882352941176471e-01,14646200
8.980668767682953e+02,8.963021708859424e+02,5.882352941176471e-01,14646201
9.017667123472377e+02,8.964725947001788e+02,1.764705882352941e+00,14646202
9.049378491591657e+02,9.023541354778735e+02,5.882352941176471e-01,14646206
9.054667829786617e+02,9.014084373944599e+02,1.176470588235294e+00,14646204
9.056374418453799e+02,9.003433241983211e+02,1.764705882352941e+00,14646203
9.067025550415187e+02,9.045174209193260e+02,5.882352941176471e-01,14646207
9.079822208256934e+02,9.062175149433405e+02,5.882352941176471e-01,14646208
9.099637541772291e+02,9.081990482948762e+02,5.882352941176471e-01,14646209
9.102355011959972e+02,9.084707953136443e+02,5.882352941176471e-01,14646210
9.105368065710543e+02,9.087721006887013e+02,5.882352941176471e-01,14646211
9.117284600595821e+02,9.097135090794604e+02,5.882352941176471e-01,14646212
9.123015124534072e+02,9.104284883516075e+02,5.882352941176471e-01,14646214
9.158309242181131e+02,9.099986342480853e+02,1.764705882352941e+00,14646213
9.171584512160249e+02,9.113939860263295e+02,1.764705882352941e+00,14646216
9.171584512160249e+02,9.110254303102019e+02,1.764705882352941e+00,14646215
9.184806480990739e+02,9.145640452183457e+02,5.882352941176471e-01,14646218
9.202453539814269e+02,9.182467418907687e+02,5.882352941176471e-01,14646221
9.202453539814269e+02,9.182237258006927e+02,5.882352941176471e-01,14646220
9.228924128049563e+02,9.152223590758033e+02,1.764705882352941e+00,14646219
9.228924128049563e+02,9.141835984525158e+02,1.764705882352941e+00,14646217
9.233255080725215e+02,9.215608021901685e+02,5.882352941176471e-01,14646222
9.246571186873092e+02,9.225490552238455e+02,5.882352941176471e-01,14646223
9.248268161077201e+02,9.230621102253672e+02,5.882352941176471e-01,14646224
9.264218245696622e+02,9.242713982962423e+02,5.882352941176471e-01,14646226
9.266844999498132e+02,9.249197940674602e+02,5.882352941176471e-01,14646227
9.283178681420906e+02,9.263347732715273e+02,5.882352941176471e-01,14646229
9.288037212262624e+02,9.235096035792036e+02,1.764705882352941e+00,14646225
9.308840476310760e+02,9.291193417487230e+02,5.882352941176471e-01,14646230
9.318472799067965e+02,9.258390226850401e+02,1.764705882352941e+00,14646228
9.326487535134289e+02,9.302283089880632e+02,5.882352941176471e-01,14646232
9.331480691465095e+02,9.313833632641566e+02,5.882352941176471e-01,14646233
9.335076471547073e+02,9.295143187473615e+02,1.176470588235294e+00,14646231
9.346631172123222e+02,9.320415133352602e+02,5.882352941176471e-01,14646235
9.353216692146411e+02,9.335569633322882e+02,5.882352941176471e-01,14646236
9.364278230946751e+02,9.344463112672348e+02,5.882352941176471e-01,14646238
9.364278230946751e+02,9.340944204094093e+02,5.882352941176471e-01,14646237
9.388510809793470e+02,9.319074668598566e+02,1.764705882352941e+00,14646234
9.401767521934873e+02,9.371249389957805e+02,5.882352941176471e-01,14646242
9.419414580758402e+02,9.389274147209392e+02,5.882352941176471e-01,14646244
9.422428581219912e+02,9.403012741620163e+02,5.882352941176471e-01,14646245
9.422930610615558e+02,9.355888751635170e+02,1.764705882352941e+00,14646239
9.437061639581932e+02,9.417385367455170e+02,5.882352941176471e-01,14646247
9.440075640043442e+02,9.386632434177208e+02,1.176470588235294e+00,14646243
9.457722698866971e+02,9.439711042706962e+02,5.882352941176471e-01,14646250
9.469648147155586e+02,9.447540442443995e+02,5.882352941176471e-01,14646252
9.469648147155586e+02,9.442479794721142e+02,5.882352941176471e-01,14646251
9.497985684014414e+02,9.431646419435123e+02,1.764705882352941e+00,14646248
9.504942264802645e+02,9.467660433867740e+02,1.176470588235294e+00,14646253
9.521555582978321e+02,9.503908524154792e+02,5.882352941176471e-01,14646254
9.566717663240108e+02,9.549070604416579e+02,5.882352941176471e-01,14646255
9.577078097697420e+02,9.559431038873891e+02,5.882352941176471e-01,14646256
9.629313155447240e+02,9.576371978976652e+02,1.764705882352941e+00,14646257
9.637355050753593e+02,9.619707991930063e+02,5.882352941176471e-01,14646259
9.649332839330160e+02,9.596391662859572e+02,1.764705882352941e+00,14646258
9.651303009140784e+02,9.633655950317254e+02,5.882352941176471e-01,14646260
9.666641943363414e+02,9.648994884539884e+02,5.882352941176471e-01,14646261
9.671805921014455e+02,9.654158862190925e+02,5.882352941176471e-01,14646262
9.672547317623996e+02,9.654900258800466e+02,5.882352941176471e-01,14646263
9.716237768604895e+02,9.680943650957836e+02,1.176470588235294e+00,14646265
9.731910408690482e+02,9.678969232219893e+02,1.764705882352941e+00,14646264
9.733884827428424e+02,9.714711357684054e+02,5.882352941176471e-01,14646267
9.753177555611636e+02,9.700236379141048e+02,1.764705882352941e+00,14646266
9.785838794530041e+02,9.731570708009031e+02,1.764705882352941e+00,14646269
9.785838794530041e+02,9.727443072899936e+02,1.764705882352941e+00,14646268
9.789462097556606e+02,9.754377359525420e+02,5.882352941176471e-01,14646271
9.803485853353570e+02,9.785282369260683e+02,5.882352941176471e-01,14646273
9.803485853353570e+02,9.777790342869732e+02,5.882352941176471e-01,14646272
9.808253003002484e+02,9.790605944178954e+02,5.882352941176471e-01,14646274
9.821132912177100e+02,9.803238534444898e+02,5.882352941176471e-01,14646275
9.825900061826013e+02,9.807231641163813e+02,5.882352941176471e-01,14646276
9.837636124378281e+02,9.754167979909547e+02,1.764705882352941e+00,14646270
9.838779971000629e+02,9.816363340508245e+02,5.882352941176471e-01,14646277
9.849415151925676e+02,9.822199726413604e+02,5.882352941176471e-01,14646279
9.849415151925676e+02,9.821631698737234e+02,5.882352941176471e-01,14646278
9.876856191459149e+02,9.859209132635620e+02,5.882352941176471e-01,14646280
9.889448574421611e+02,9.871801515598081e+02,5.882352941176471e-01,14646281
9.964878486483313e+02,9.929584368836254e+02,1.176470588235294e+00,14646282
9.969690086337120e+02,9.934395968690062e+02,1.176470588235294e+00,14646283
9.989838701232195e+02,9.954544583585136e+02,1.176470588235294e+00,14646284
9.997508306877424e+02,9.979861248053894e+02,5.882352941176471e-01,14646285
1.003656749982668e+03,9.983626323356091e+02,1.764705882352941e+00,14646286
1.004406561748760e+03,1.002641855866407e+03,5.882352941176471e-01,14646287
1.005676399767251e+03,1.003911693884898e+03,5.882352941176471e-01,14646288
1.007933983415726e+03,1.006169277533373e+03,5.882352941176471e-01,14646291
1.007996780499978e+03,1.004467368735272e+03,1.176470588235294e+00,14646289
1.009719278458453e+03,1.007954572576100e+03,5.882352941176471e-01,14646292
1.010526973435024e+03,1.005232855787965e+03,1.764705882352941e+00,14646290
1.010886464745765e+03,1.009121758863412e+03,5.882352941176471e-01,14646293
1.011483984340806e+03,1.009691133060680e+03,5.882352941176471e-01,14646294
1.012837944626812e+03,1.011073238744459e+03,5.882352941176471e-01,14646296
1.015061480408537e+03,1.012795140931586e+03,5.882352941176471e-01,14646299
1.015821091082083e+03,1.010342792322659e+03,1.764705882352941e+00,14646295
1.016826186290890e+03,1.013944903263675e+03,5.882352941176471e-01,14646301
1.016826186290890e+03,1.013787202950414e+03,5.882352941176471e-01,14646300
1.017585796964435e+03,1.015324611171217e+03,5.882352941176471e-01,14646302
1.021615507631331e+03,1.012709222847265e+03,1.764705882352941e+00,14646298
1.021615507631331e+03,1.011990898543204e+03,1.764705882352941e+00,14646297
1.022327978505192e+03,1.016051092759572e+03,1.764705882352941e+00,14646303
1.023617703804971e+03,1.019001743903302e+03,5.882352941176471e-01,14646305
1.023617703804971e+03,1.020176722879966e+03,5.882352941176471e-01,14646306
1.025880977928883e+03,1.024116272046530e+03,5.882352941176471e-01,14646308
1.027147115569677e+03,1.020939493418256e+03,1.764705882352941e+00,14646307
1.030173818313250e+03,1.028409112430897e+03,5.882352941176471e-01,14646311
1.031171704512561e+03,1.025877586865502e+03,1.764705882352941e+00,14646309
1.031301153825944e+03,1.029536447943591e+03,5.882352941176471e-01,14646312
1.033647002199647e+03,1.027715514182929e+03,1.764705882352941e+00,14646310
1.033693906566070e+03,1.031929200683717e+03,5.882352941176471e-01,14646313
1.034243851268154e+03,1.032479145385801e+03,5.882352941176471e-01,14646314
1.039508165530080e+03,1.034214047883021e+03,1.764705882352941e+00,14646315
1.040484874563123e+03,1.035190756916064e+03,1.764705882352941e+00,14646316
1.041886170098301e+03,1.039303221905851e+03,5.882352941176471e-01,14646325
1.041886170098301e+03,1.038962084778639e+03,5.882352941176471e-01,14646324
1.043650875980654e+03,1.040856925758807e+03,5.882352941176471e-01,14646327
1.044200311925671e+03,1.036614896772974e+03,1.764705882352941e+00,14646317
1.048027161494276e+03,1.042733043847217e+03,1.764705882352941e+00,14646328
1.048944993627713e+03,1.043092727345368e+03,1.764705882352941e+00,14646329
1.051765562833215e+03,1.046471445186157e+03,1.764705882352941e+00,14646330
1.052587414960648e+03,1.050822709078295e+03,5.882352941176471e-01,14646332
1.053321279141335e+03,1.046703948440339e+03,1.764705882352941e+00,14646331
1.053530268715568e+03,1.050994086072732e+03,5.882352941176471e-01,14646333
1.057881532607707e+03,1.052568561434715e+03,1.764705882352941e+00,14646334
1.059244467540572e+03,1.057479761658219e+03,5.882352941176471e-01,14646335
1.063898526259072e+03,1.058604408612013e+03,1.764705882352941e+00,14646336
1.064264654075611e+03,1.060735242310905e+03,1.176470588235294e+00,14646338
1.064375764384637e+03,1.059081646737578e+03,1.764705882352941e+00,14646337
1.065846296049694e+03,1.063100928034892e+03,5.882352941176471e-01,14646340
1.065846296049694e+03,1.062856645496442e+03,5.882352941176471e-01,14646339
1.067784526723600e+03,1.064743854056475e+03,5.882352941176471e-01,14646342
1.067784526723600e+03,1.065541482802289e+03,5.882352941176471e-01,14646343
1.067784526723600e+03,1.065724644900080e+03,5.882352941176471e-01,14646344
1.069549232605953e+03,1.067119083889527e+03,5.882352941176471e-01,14646345
1.071313938488306e+03,1.064602164542000e+03,1.764705882352941e+00,14646341
1.072548051850016e+03,1.070783345967663e+03,5.882352941176471e-01,14646346
1.076262566530978e+03,1.072733154766272e+03,1.176470588235294e+00,14646348
1.076378870970791e+03,1.071084753323732e+03,1.764705882352941e+00,14646347
1.076710270300727e+03,1.074945564418375e+03,5.882352941176471e-01,14646349
1.079426967630328e+03,1.077662261747975e+03,5.882352941176471e-01,14646353
1.081592314202728e+03,1.076060322089261e+03,1.764705882352941e+00,14646350
1.081672988617849e+03,1.076333826580361e+03,1.764705882352941e+00,14646352
1.084921405622410e+03,1.082623939370437e+03,5.882352941176471e-01,14646358
1.085202400382555e+03,1.078364590320627e+03,1.764705882352941e+00,14646354
1.086776884900399e+03,1.084740125886161e+03,5.882352941176471e-01,14646360
1.088541590782751e+03,1.086354522331549e+03,5.882352941176471e-01,14646364
1.088541590782751e+03,1.086020159861330e+03,5.882352941176471e-01,14646363
1.088784776209027e+03,1.087020070326674e+03,5.882352941176471e-01,14646365
1.090306296665104e+03,1.087518019651661e+03,5.882352941176471e-01,14646367
1.090306296665104e+03,1.087193767946344e+03,5.882352941176471e-01,14646366
1.090577748230433e+03,1.088813042348080e+03,5.882352941176471e-01,14646368
1.092071002547457e+03,1.089086651767928e+03,5.882352941176471e-01,14646369
1.093982333328844e+03,1.080451552940701e+03,1.176470588235294e+00,14646356
1.093982333328844e+03,1.082359918409461e+03,1.176470588235294e+00,14646357
1.095747039211197e+03,1.080182981864013e+03,1.764705882352941e+00,14646355
1.095812703400680e+03,1.092638640926064e+03,5.882352941176471e-01,14646373
1.095812703400680e+03,1.092473208371787e+03,5.882352941176471e-01,14646372
1.097555521219872e+03,1.094179325897293e+03,5.882352941176471e-01,14646375
1.097555521219872e+03,1.095184806810985e+03,5.882352941176471e-01,14646376
1.097555521219872e+03,1.095406495246920e+03,5.882352941176471e-01,14646377
1.099320227102225e+03,1.096144206638785e+03,5.882352941176471e-01,14646378
1.101084932984578e+03,1.090318551949268e+03,1.764705882352941e+00,14646371
1.101084932984578e+03,1.089530060702426e+03,1.764705882352941e+00,14646370
1.102849638866930e+03,1.098135573861187e+03,1.176470588235294e+00,14646379
1.102849638866930e+03,1.100201993232718e+03,5.882352941176471e-01,14646380
1.103058918026255e+03,1.101294212143902e+03,5.882352941176471e-01,14646381
1.104614344749283e+03,1.102360558662448e+03,5.882352941176471e-01,14646383
1.104614344749283e+03,1.102000409854607e+03,5.882352941176471e-01,14646382
1.108765117660714e+03,1.107000411778361e+03,5.882352941176471e-01,14646386
1.109569648853916e+03,1.104275531206857e+03,1.764705882352941e+00,14646384
1.110529823543067e+03,1.107788546671278e+03,5.882352941176471e-01,14646389
1.112811858976215e+03,1.111047153093862e+03,5.882352941176471e-01,14646390
1.113034298628296e+03,1.107113053807011e+03,1.764705882352941e+00,14646387
1.113034298628296e+03,1.105797585428192e+03,1.764705882352941e+00,14646385
1.114576564858568e+03,1.112623952384608e+03,5.882352941176471e-01,14646391
1.115039745788487e+03,1.113275039906134e+03,5.882352941176471e-01,14646392
1.115769506564176e+03,1.114004800681823e+03,5.882352941176471e-01,14646393
1.117256871418087e+03,1.115492165535734e+03,5.882352941176471e-01,14646394
1.117893621576907e+03,1.116128915694554e+03,5.882352941176471e-01,14646396
1.119021577300440e+03,1.116736732631003e+03,5.882352941176471e-01,14646397
1.121055243960716e+03,1.115761126313657e+03,1.764705882352941e+00,14646395
1.123157648511163e+03,1.121392942628810e+03,5.882352941176471e-01,14646398
1.131510488573639e+03,1.126216370926581e+03,1.764705882352941e+00,14646399
1.131761465458342e+03,1.126467347811283e+03,1.764705882352941e+00,14646400
1.133236526405035e+03,1.131310893867505e+03,5.882352941176471e-01,14646403
1.135147175943281e+03,1.132439516555196e+03,5.882352941176471e-01,14646405
1.137365736189684e+03,1.135601030307331e+03,5.882352941176471e-01,14646410
1.138674345331860e+03,1.129668446589372e+03,1.764705882352941e+00,14646401
1.139998435337656e+03,1.131763707834469e+03,1.176470588235294e+00,14646404
1.141763141220009e+03,1.131297617766471e+03,1.764705882352941e+00,14646402
1.142261675029319e+03,1.140264923721221e+03,5.882352941176471e-01,14646416
1.144276312482503e+03,1.138732263264613e+03,1.176470588235294e+00,14646412
1.145264715206402e+03,1.135883849361433e+03,1.764705882352941e+00,14646411
1.145264715206402e+03,1.134884722655839e+03,1.764705882352941e+00,14646409
1.146140134108208e+03,1.142761538170980e+03,5.882352941176471e-01,14646417
1.148279978916737e+03,1.146515273034384e+03,5.882352941176471e-01,14646420
1.149541780335166e+03,1.147777074452813e+03,5.882352941176471e-01,14646421
1.150044684799090e+03,1.147802758264379e+03,5.882352941176471e-01,14646422
1.150558832853461e+03,1.144474543969208e+03,1.764705882352941e+00,14646419
1.151809390681443e+03,1.149980522413386e+03,5.882352941176471e-01,14646424
1.152323538735814e+03,1.150406877388356e+03,5.882352941176471e-01,14646425
1.153071192099872e+03,1.151097300775410e+03,5.882352941176471e-01,14646426
1.153574096563796e+03,1.151542511097162e+03,5.882352941176471e-01,14646427
1.155087350214187e+03,1.152647780916862e+03,5.882352941176471e-01,14646428
1.155852950500520e+03,1.148799653501843e+03,1.764705882352941e+00,14646423
1.158616761978893e+03,1.152741060393635e+03,1.764705882352941e+00,14646429
1.159856430286992e+03,1.157404606235750e+03,5.882352941176471e-01,14646433
1.162022786881378e+03,1.154463204823460e+03,1.764705882352941e+00,14646430
1.162551932448433e+03,1.156327018522287e+03,1.764705882352941e+00,14646431
1.163385842051698e+03,1.160915979324720e+03,5.882352941176471e-01,14646435
1.164696673466894e+03,1.162931967584541e+03,5.882352941176471e-01,14646436
1.165552198646084e+03,1.159304892526340e+03,1.764705882352941e+00,14646434
1.166498975777784e+03,1.163774951030033e+03,5.882352941176471e-01,14646438
1.168243798115412e+03,1.163615716402081e+03,1.176470588235294e+00,14646437
1.170008503997765e+03,1.165572082190809e+03,1.176470588235294e+00,14646441
1.170757122744274e+03,1.164771866323968e+03,1.764705882352941e+00,14646440
1.172147519253372e+03,1.169515922120839e+03,5.882352941176471e-01,14646444
1.174832686110700e+03,1.167254205260381e+03,1.764705882352941e+00,14646442
1.175758770522788e+03,1.172622682666024e+03,5.882352941176471e-01,14646448
1.176597391993053e+03,1.174674101845943e+03,5.882352941176471e-01,14646451
1.177523476405140e+03,1.175588821692801e+03,5.882352941176471e-01,14646453
1.177523476405140e+03,1.174904884508107e+03,5.882352941176471e-01,14646452
1.178362097875406e+03,1.175843259444376e+03,5.882352941176471e-01,14646454
1.180528466335271e+03,1.178057611886794e+03,5.882352941176471e-01,14646456
1.180930128912782e+03,1.169801753432172e+03,1.764705882352941e+00,14646445
1.182694834795135e+03,1.180619587912583e+03,5.882352941176471e-01,14646462
1.185219699977401e+03,1.171822931666902e+03,1.764705882352941e+00,14646446
1.186731019426449e+03,1.177858266431289e+03,1.764705882352941e+00,14646455
1.187632850653338e+03,1.181923243519086e+03,1.764705882352941e+00,14646463
1.191838276171735e+03,1.186544158524676e+03,1.764705882352941e+00,14646464
1.193073918193306e+03,1.187779800546247e+03,1.764705882352941e+00,14646465
1.193685238866327e+03,1.190486296164886e+03,5.882352941176471e-01,14646467
1.193753878829049e+03,1.188459761181990e+03,1.764705882352941e+00,14646466
1.194838624075659e+03,1.191961661390094e+03,5.882352941176471e-01,14646470
1.199602041612560e+03,1.194307923965502e+03,1.764705882352941e+00,14646471
1.200428503433609e+03,1.198663797551256e+03,5.882352941176471e-01,14646473
1.201917722042279e+03,1.199258838988135e+03,5.882352941176471e-01,14646475
1.201917722042279e+03,1.199184288045782e+03,5.882352941176471e-01,14646474
1.202367114332972e+03,1.197072996685913e+03,1.764705882352941e+00,14646472
1.203907124069978e+03,1.200870299871132e+03,5.882352941176471e-01,14646478
1.203907124069978e+03,1.201691117310740e+03,5.882352941176471e-01,14646479
1.205671829952331e+03,1.200789358084442e+03,1.176470588235294e+00,14646477
1.207436535834684e+03,1.205575081853029e+03,5.882352941176471e-01,14646484
1.207436535834684e+03,1.204482331082670e+03,5.882352941176471e-01,14646483
1.209201241717037e+03,1.207246635824837e+03,5.882352941176471e-01,14646487
1.209201241717037e+03,1.206349753292386e+03,5.882352941176471e-01,14646486
1.210965947599390e+03,1.205868565192469e+03,1.176470588235294e+00,14646485
1.211279680148045e+03,1.202578954794465e+03,1.764705882352941e+00,14646481
1.212730653481743e+03,1.208064000931995e+03,1.176470588235294e+00,14646488
1.213774848930927e+03,1.212010143048574e+03,5.882352941176471e-01,14646490
1.215537878192111e+03,1.213417357722064e+03,5.882352941176471e-01,14646493
1.216791893575821e+03,1.215027187693468e+03,5.882352941176471e-01,14646495
1.218556599458174e+03,1.216319935810374e+03,5.882352941176471e-01,14646496
1.218959941558880e+03,1.213047785015241e+03,1.764705882352941e+00,14646491
1.218959941558880e+03,1.212005113185066e+03,1.764705882352941e+00,14646489
1.220324088611061e+03,1.217487574330701e+03,5.882352941176471e-01,14646497
1.220724647441233e+03,1.218672959465171e+03,5.882352941176471e-01,14646500
1.222088794493414e+03,1.219767710480568e+03,5.882352941176471e-01,14646501
1.222489353323586e+03,1.213054742027377e+03,1.176470588235294e+00,14646492
1.224254059205939e+03,1.222466707339205e+03,5.882352941176470e-01,14646506
1.224254059205939e+03,1.218562165999242e+03,1.764705882352941e+00,14646499
1.225960202990377e+03,1.223776654972573e+03,5.882352941176471e-01,14646507
1.226018765088292e+03,1.221016210778952e+03,1.176470588235294e+00,14646502
1.229548176852997e+03,1.224021207944667e+03,1.764705882352941e+00,14646508
1.231254320637436e+03,1.225704758136223e+03,1.764705882352941e+00,14646510
1.231254320637436e+03,1.225254084600139e+03,1.764705882352941e+00,14646509
1.233019026519789e+03,1.230447897174103e+03,5.882352941176471e-01,14646513
1.233527448778256e+03,1.228743644010840e+03,1.176470588235294e+00,14646511
1.238192242117667e+03,1.232898124470609e+03,1.764705882352941e+00,14646514
1.238413157904253e+03,1.233119040257194e+03,1.764705882352941e+00,14646515
1.238878123522134e+03,1.233584005875075e+03,1.764705882352941e+00,14646516
1.239956948000020e+03,1.236786958124510e+03,5.882352941176471e-01,14646517
1.241726513064195e+03,1.239264939083811e+03,5.882352941176471e-01,14646520
1.244473826360201e+03,1.238905222469274e+03,1.764705882352941e+00,14646518
1.245516268729015e+03,1.243720821778531e+03,5.882352941176471e-01,14646528
1.246208033771013e+03,1.241174772167384e+03,1.176470588235294e+00,14646523
1.247972739653366e+03,1.239966666363664e+03,1.764705882352941e+00,14646522
1.249229652222001e+03,1.247464946339648e+03,5.882352941176471e-01,14646530
1.249737445535719e+03,1.247805009902977e+03,5.882352941176471e-01,14646531
1.250810386376074e+03,1.245322067080101e+03,1.764705882352941e+00,14646529
1.257381496754277e+03,1.255616790871924e+03,5.882352941176471e-01,14646533
1.258435765335555e+03,1.256671059453202e+03,5.882352941176471e-01,14646534
1.259829080560473e+03,1.258064374678120e+03,5.882352941176471e-01,14646535
1.260092275422915e+03,1.254798157775857e+03,1.764705882352941e+00,14646532
1.261593786442826e+03,1.259411385257907e+03,5.882352941176471e-01,14646537
1.261965177100260e+03,1.258082821619149e+03,1.176470588235294e+00,14646536
1.263443657688342e+03,1.261678951805989e+03,5.882352941176471e-01,14646538
1.264583233357354e+03,1.262818527475001e+03,5.882352941176471e-01,14646540
1.266131994086636e+03,1.264367288204283e+03,5.882352941176471e-01,14646541
1.267061920526352e+03,1.261767802879294e+03,1.764705882352941e+00,14646539
1.267216358314563e+03,1.265451652432210e+03,5.882352941176471e-01,14646542
1.271634157520799e+03,1.268104745756093e+03,1.176470588235294e+00,14646544
1.272116867619491e+03,1.266822749972432e+03,1.764705882352941e+00,14646543
1.274310637191699e+03,1.269016519544640e+03,1.764705882352941e+00,14646545
1.276689982516565e+03,1.272922278100567e+03,1.176470588235294e+00,14646547
1.278454688398918e+03,1.276555485198924e+03,5.882352941176470e-01,14646551
1.278454688398918e+03,1.270934043005879e+03,1.764705882352941e+00,14646546
1.279604754838758e+03,1.277350504445933e+03,5.882352941176471e-01,14646552
1.280602749761218e+03,1.276010800592246e+03,1.176470588235294e+00,14646550
1.282367455643571e+03,1.279844031798143e+03,5.882352941176470e-01,14646553
1.282367455643571e+03,1.273632006515951e+03,1.764705882352941e+00,14646549
1.282367455643571e+03,1.273222977112774e+03,1.764705882352941e+00,14646548
1.284132161525924e+03,1.281004493900945e+03,5.882352941176471e-01,14646555
1.284819568977733e+03,1.283054863095380e+03,5.882352941176471e-01,14646557
1.286180245653640e+03,1.283396771388852e+03,5.882352941176471e-01,14646559
1.286180245653640e+03,1.283265077035625e+03,5.882352941176471e-01,14646558
1.287944951535993e+03,1.285785709607784e+03,5.882352941176471e-01,14646564
1.288005729914503e+03,1.286241024032150e+03,5.882352941176471e-01,14646565
1.289709657418346e+03,1.287897964741614e+03,5.882352941176471e-01,14646566
1.290535978561308e+03,1.282098094861310e+03,1.764705882352941e+00,14646556
1.291535141679209e+03,1.284698918016651e+03,1.764705882352941e+00,14646562
1.292792042180600e+03,1.291027336298247e+03,5.882352941176471e-01,14646567
1.293266238030708e+03,1.291501532148356e+03,5.882352941176471e-01,14646568
1.297419190670958e+03,1.292125073023899e+03,1.764705882352941e+00,14646569
1.298787449150534e+03,1.293493331503475e+03,1.764705882352941e+00,14646570
1.299839843988028e+03,1.298075138105675e+03,5.882352941176471e-01,14646572
1.302914820053514e+03,1.297620702406455e+03,1.764705882352941e+00,14646571
1.304920139135916e+03,1.299626021488857e+03,1.764705882352941e+00,14646573
1.305435618275737e+03,1.303670912393384e+03,5.882352941176471e-01,14646574
1.307075307354874e+03,1.305310601472521e+03,5.882352941176471e-01,14646576
1.308261888935482e+03,1.305549616238337e+03,5.882352941176471e-01,14646578
1.308965030040443e+03,1.305358983172270e+03,1.176470588235294e+00,14646577
1.310604719119580e+03,1.304732477170777e+03,1.764705882352941e+00,14646575
1.310729735922795e+03,1.308668711323116e+03,5.882352941176471e-01,14646580
1.313556006582541e+03,1.309270587999606e+03,1.176470588235294e+00,14646581
1.314134130884286e+03,1.307679682848865e+03,1.764705882352941e+00,14646579
1.314715207215903e+03,1.312950501333550e+03,5.882352941176471e-01,14646582
1.320233144406238e+03,1.318468438523885e+03,5.882352941176471e-01,14646583
1.320755800846513e+03,1.318991094964160e+03,5.882352941176471e-01,14646584
1.323791084901510e+03,1.322026379019157e+03,5.882352941176471e-01,14646587
1.324503864420305e+03,1.319209746773246e+03,1.764705882352941e+00,14646585
1.325555790783863e+03,1.322824790029654e+03,5.882352941176471e-01,14646588
1.325845407295812e+03,1.320551289648754e+03,1.764705882352941e+00,14646586
1.326520384060916e+03,1.324242605386548e+03,5.882352941176471e-01,14646589
1.327320496666216e+03,1.325007491936821e+03,5.882352941176471e-01,14646591
1.330114802462868e+03,1.328350096580515e+03,5.882352941176471e-01,14646593
1.332570320596540e+03,1.327276202949482e+03,1.764705882352941e+00,14646592
1.335023873738264e+03,1.329729756091205e+03,1.764705882352941e+00,14646594
1.335849422593944e+03,1.334084716711591e+03,5.882352941176471e-01,14646595
1.337622722737204e+03,1.334093310972499e+03,1.176470588235294e+00,14646596
1.340730765813163e+03,1.334899309372156e+03,1.764705882352941e+00,14646598
1.340730765813163e+03,1.334379628467792e+03,1.764705882352941e+00,14646597
1.344164334075774e+03,1.338870216428715e+03,1.764705882352941e+00,14646599
1.345743150624749e+03,1.343978444742396e+03,5.882352941176471e-01,14646600
1.346936657194832e+03,1.345171951312479e+03,5.882352941176471e-01,14646602
1.349604180521173e+03,1.347839474638820e+03,5.882352941176471e-01,14646604
1.349794836124472e+03,1.344500718477413e+03,1.764705882352941e+00,14646601
1.352717759610382e+03,1.347423641963323e+03,1.764705882352941e+00,14646603
1.354983843247851e+03,1.353219137365498e+03,5.882352941176471e-01,14646605
1.356155951015546e+03,1.354391245133193e+03,5.882352941176471e-01,14646606
1.358717990144685e+03,1.356953284262332e+03,5.882352941176471e-01,14646607
1.360327433218031e+03,1.358562727335678e+03,5.882352941176471e-01,14646609
1.362000459542370e+03,1.360235753660017e+03,5.882352941176471e-01,14646610
1.362413187526310e+03,1.360648481643957e+03,5.882352941176471e-01,14646611
1.363163049865969e+03,1.357868932218911e+03,1.764705882352941e+00,14646608
1.364552824578493e+03,1.362240392518099e+03,5.882352941176471e-01,14646614
1.366687216506345e+03,1.364922510623992e+03,5.882352941176471e-01,14646615
1.367294577189429e+03,1.361654837679022e+03,1.764705882352941e+00,14646612
1.368082236343199e+03,1.362239185658152e+03,1.764705882352941e+00,14646613
1.368675742442800e+03,1.365237243306214e+03,5.882352941176471e-01,14646616
1.369059283071782e+03,1.367022946587498e+03,5.882352941176471e-01,14646619
1.371257208072311e+03,1.369492502189958e+03,5.882352941176471e-01,14646621
1.373314138711854e+03,1.371549432829501e+03,5.882352941176471e-01,14646623
1.373376353990258e+03,1.367919798558333e+03,1.764705882352941e+00,14646620
1.375078844594207e+03,1.372879568281839e+03,5.882352941176471e-01,14646624
1.375485453174035e+03,1.373720747291682e+03,5.882352941176471e-01,14646625
1.375500211067821e+03,1.370206093420762e+03,1.764705882352941e+00,14646622
1.377257538003281e+03,1.375148833672803e+03,5.882352941176471e-01,14646628
1.378824289299503e+03,1.375541592964618e+03,5.882352941176471e-01,14646630
1.380588995181856e+03,1.377811495118118e+03,5.882352941176471e-01,14646634
1.381063928325405e+03,1.374727023241669e+03,1.764705882352941e+00,14646626
1.382353701064209e+03,1.379524859230843e+03,5.882352941176471e-01,14646635
1.382551655650340e+03,1.377150102617797e+03,1.764705882352941e+00,14646633
1.383355857635832e+03,1.380660064446356e+03,5.882352941176471e-01,14646636
1.385300601755715e+03,1.383535895873362e+03,5.882352941176471e-01,14646639
1.385328610981093e+03,1.383563905098740e+03,5.882352941176471e-01,14646640
1.385883112828915e+03,1.383840459835110e+03,5.882352941176471e-01,14646641
1.388155356774937e+03,1.386390650892584e+03,5.882352941176471e-01,14646643
1.388830013520421e+03,1.382118375181554e+03,1.764705882352941e+00,14646638
1.391684768539643e+03,1.386337898316992e+03,1.764705882352941e+00,14646642
1.393407711761731e+03,1.390600901890228e+03,5.882352941176471e-01,14646648
1.393407711761731e+03,1.390337548980891e+03,5.882352941176471e-01,14646647
1.395161427728757e+03,1.387538880366302e+03,1.764705882352941e+00,14646644
1.395172417644084e+03,1.391983622018217e+03,5.882352941176471e-01,14646649
1.396931628568773e+03,1.394444071259280e+03,5.882352941176471e-01,14646652
1.396931628568773e+03,1.393586124074079e+03,5.882352941176471e-01,14646651
1.398696334451126e+03,1.396429264606532e+03,5.882352941176471e-01,14646653
1.399454989544558e+03,1.397690283662205e+03,5.882352941176471e-01,14646654
1.399539727383755e+03,1.389836537336760e+03,1.764705882352941e+00,14646645
1.402668173505550e+03,1.400903467623197e+03,5.882352941176471e-01,14646656
1.402905479059325e+03,1.399376067294619e+03,1.176470588235294e+00,14646655
1.403543043777109e+03,1.401778337894756e+03,5.882352941176471e-01,14646657
1.405656393967180e+03,1.403891688084827e+03,5.882352941176471e-01,14646658
1.405896222219930e+03,1.404131516337578e+03,5.882352941176471e-01,14646659
1.412342701453435e+03,1.408813289688730e+03,1.176470588235294e+00,14646661
1.412522184201370e+03,1.408992772436664e+03,1.176470588235294e+00,14646662
1.412771689954641e+03,1.407477572307582e+03,1.764705882352941e+00,14646660
1.414197148709756e+03,1.411684538463066e+03,5.882352941176471e-01,14646664
1.417013831096904e+03,1.414499535553263e+03,5.882352941176471e-01,14646668
1.417013831096904e+03,1.414492370000898e+03,5.882352941176471e-01,14646667
1.417726560474461e+03,1.411242723110369e+03,1.764705882352941e+00,14646663
1.418778536979257e+03,1.416377515919825e+03,5.882352941176471e-01,14646669
1.418951430182185e+03,1.417186724299832e+03,5.882352941176471e-01,14646670
1.420716136064538e+03,1.418810011376377e+03,5.882352941176471e-01,14646672
1.421333284170493e+03,1.412620829422618e+03,1.764705882352941e+00,14646665
1.422307948743963e+03,1.420076523704587e+03,5.882352941176471e-01,14646673
1.424245547829244e+03,1.418054077540041e+03,1.764705882352941e+00,14646671
1.427166065187983e+03,1.423636653423277e+03,1.176470588235294e+00,14646675
1.427373962554822e+03,1.425609256672469e+03,5.882352941176471e-01,14646676
1.427774688901529e+03,1.422480571254470e+03,1.764705882352941e+00,14646674
1.429086694095465e+03,1.426291091785172e+03,5.882352941176471e-01,14646678
1.429086694095465e+03,1.425969221948802e+03,5.882352941176471e-01,14646677
1.429539394783882e+03,1.427412946717132e+03,5.882352941176471e-01,14646681
1.431002300207290e+03,1.427811592055608e+03,5.882352941176471e-01,14646682
1.431002300207290e+03,1.428617893204642e+03,5.882352941176471e-01,14646683
1.431002300207290e+03,1.428675934694093e+03,5.882352941176471e-01,14646684
1.434314637359965e+03,1.432549931477612e+03,5.882352941176471e-01,14646686
1.436381176592558e+03,1.434118849190515e+03,5.882352941176471e-01,14646690
1.436381176592558e+03,1.433917109055398e+03,5.882352941176471e-01,14646689
1.438718004067197e+03,1.431659180537785e+03,1.764705882352941e+00,14646685
1.439910588357264e+03,1.433473745929370e+03,1.764705882352941e+00,14646688
1.439910588357264e+03,1.433153598178092e+03,1.764705882352941e+00,14646687
1.441675294239617e+03,1.439031763695436e+03,5.882352941176471e-01,14646695
1.444247441435435e+03,1.436988828275414e+03,1.764705882352941e+00,14646691
1.444285274749528e+03,1.440755862984822e+03,1.176470588235294e+00,14646696
1.447201426182071e+03,1.445436720299718e+03,5.882352941176471e-01,14646700
1.447776853200141e+03,1.445980822798990e+03,5.882352941176471e-01,14646701
1.448584061005377e+03,1.443650867351291e+03,1.176470588235294e+00,14646697
1.450730837946777e+03,1.448785897981230e+03,5.882352941176471e-01,14646705
1.453676376701127e+03,1.445075796306745e+03,1.764705882352941e+00,14646699
1.453676376701127e+03,1.443805681250044e+03,1.764705882352941e+00,14646698
1.454260249711483e+03,1.447954574692016e+03,1.764705882352941e+00,14646704
1.455635706920265e+03,1.452904174330673e+03,5.882352941176471e-01,14646706
1.455635706920265e+03,1.453106027513634e+03,5.882352941176471e-01,14646707
1.455635706920265e+03,1.453238808417201e+03,5.882352941176471e-01,14646708
1.461683439602271e+03,1.459841584381580e+03,5.882352941176471e-01,14646712
1.463061666276082e+03,1.457767548629023e+03,1.764705882352941e+00,14646709
1.465031985416096e+03,1.459557001818155e+03,1.764705882352941e+00,14646711
1.465031985416096e+03,1.458154027837566e+03,1.764705882352941e+00,14646710
1.466745287984033e+03,1.463136753032194e+03,5.882352941176471e-01,14646714
1.466745287984033e+03,1.463477152974795e+03,5.882352941176471e-01,14646715
1.466745287984033e+03,1.463945386169650e+03,5.882352941176471e-01,14646716
1.468509993866386e+03,1.466446178565335e+03,5.882352941176471e-01,14646719
1.468509993866386e+03,1.466237802080335e+03,5.882352941176471e-01,14646718
1.470274699748739e+03,1.462766874465332e+03,1.764705882352941e+00,14646713
1.470862935042857e+03,1.468012580437881e+03,5.882352941176471e-01,14646720
1.470862935042857e+03,1.468414158166807e+03,5.882352941176471e-01,14646721
1.472772414394075e+03,1.471007708511722e+03,5.882352941176471e-01,14646723
1.472951379567247e+03,1.471186673684894e+03,5.882352941176471e-01,14646724
1.474392346807563e+03,1.468438954245430e+03,1.764705882352941e+00,14646722
1.474626602863014e+03,1.472291882003398e+03,5.882352941176471e-01,14646726
1.476391308745367e+03,1.474475382489065e+03,5.882352941176471e-01,14646729
1.478156014627720e+03,1.471570040611803e+03,1.764705882352941e+00,14646725
1.479824351402723e+03,1.477633923402023e+03,5.882352941176471e-01,14646733
1.479824351402723e+03,1.477391020719661e+03,5.882352941176471e-01,14646732
1.481589057285076e+03,1.478953199621670e+03,5.882352941176471e-01,14646734
1.482216883055059e+03,1.473301067676810e+03,1.764705882352941e+00,14646727
1.483452912801566e+03,1.481688206919213e+03,5.882352941176471e-01,14646736
1.485032753267981e+03,1.483268047385628e+03,5.882352941176471e-01,14646737
1.485194309539741e+03,1.479900191892683e+03,1.764705882352941e+00,14646735
1.485544437313666e+03,1.483779731431313e+03,5.882352941176471e-01,14646738
1.486959015422094e+03,1.485071832229096e+03,5.882352941176471e-01,14646740
1.487309143196019e+03,1.485389932186770e+03,5.882352941176471e-01,14646741
1.489564989866926e+03,1.487800283984573e+03,5.882352941176471e-01,14646742
1.490326870915040e+03,1.484626456493757e+03,1.764705882352941e+00,14646739
1.491820542575694e+03,1.490055836693341e+03,5.882352941176471e-01,14646743
1.493468622200684e+03,1.491703916318331e+03,5.882352941176471e-01,14646745
1.496896154656589e+03,1.491602037009530e+03,1.764705882352941e+00,14646744
1.497114660222752e+03,1.491710801281823e+03,1.764705882352941e+00,14646746
1.498660860538942e+03,1.496051781005529e+03,5.882352941176471e-01,14646748
1.498879366105105e+03,1.497008528695871e+03,5.882352941176471e-01,14646749
1.499057833494249e+03,1.497293127611896e+03,5.882352941176471e-01,14646750
1.500425566421295e+03,1.498622344559594e+03,5.882352941176471e-01,14646751
1.502059539476706e+03,1.500294833594353e+03,5.882352941176471e-01,14646752
1.502224838835578e+03,1.500460132953225e+03,5.882352941176471e-01,14646753
1.502319793835388e+03,1.495439437695120e+03,1.764705882352941e+00,14646747
1.503824245359059e+03,1.501770098159590e+03,5.882352941176471e-01,14646754
1.506088128055001e+03,1.504323422172648e+03,5.882352941176471e-01,14646755
1.507315572451034e+03,1.505550866568681e+03,5.882352941176471e-01,14646756
1.508153442647733e+03,1.506388736765380e+03,5.882352941176471e-01,14646757
1.509427406983141e+03,1.507662701100789e+03,5.882352941176471e-01,14646759
1.511347473746879e+03,1.509582767864526e+03,5.882352941176471e-01,14646761
1.511738238257625e+03,1.506444120610566e+03,1.764705882352941e+00,14646758
1.512878561879543e+03,1.509349150114837e+03,1.176470588235294e+00,14646760
1.513239636665223e+03,1.511474930782870e+03,5.882352941176471e-01,14646762
1.513624879836304e+03,1.511860173953951e+03,5.882352941176471e-01,14646763
1.517414372126026e+03,1.515649666243673e+03,5.882352941176471e-01,14646765
1.518849128893153e+03,1.515319717128447e+03,1.176470588235294e+00,14646764
1.519512514133302e+03,1.517747808250949e+03,5.882352941176471e-01,14646766
1.523170225693747e+03,1.520947449694817e+03,5.882352941176471e-01,14646771
1.524934931576100e+03,1.522928951884454e+03,5.882352941176471e-01,14646773
1.526076362748049e+03,1.519637838457025e+03,1.764705882352941e+00,14646767
1.526699637458453e+03,1.524239671107698e+03,5.882352941176471e-01,14646775
1.526929992944794e+03,1.525165287062441e+03,5.882352941176471e-01,14646776
1.528579521083976e+03,1.526168281524409e+03,5.882352941176471e-01,14646777
1.529536556157765e+03,1.520345765879863e+03,1.764705882352941e+00,14646770
1.530502120525771e+03,1.528048641434277e+03,5.882352941176471e-01,14646780
1.530502120525771e+03,1.527991292125102e+03,5.882352941176471e-01,14646779
1.531784044224121e+03,1.529053201762302e+03,5.882352941176471e-01,14646782
1.533548750106474e+03,1.529276816771020e+03,1.176470588235294e+00,14646783
1.534031532290477e+03,1.526231033876741e+03,1.764705882352941e+00,14646778
1.535387611097128e+03,1.531985303573270e+03,5.882352941176471e-01,14646785
1.537152316979481e+03,1.534603534504098e+03,5.882352941176471e-01,14646790
1.537324708326668e+03,1.535560002444315e+03,5.882352941176471e-01,14646791
1.539917493667268e+03,1.532000419220506e+03,1.764705882352941e+00,14646786
1.539917493667268e+03,1.531882917701856e+03,1.764705882352941e+00,14646784
1.540854120091374e+03,1.533979203734916e+03,1.764705882352941e+00,14646789
1.541994408357656e+03,1.537674139930781e+03,5.882352941176471e-01,14646792
1.541994408357656e+03,1.539069335694448e+03,5.882352941176471e-01,14646794
1.543771541602614e+03,1.542006835720262e+03,5.882352941176471e-01,14646795
1.544624972960918e+03,1.542860267078565e+03,5.882352941176471e-01,14646796
1.545523820122362e+03,1.538382274554359e+03,1.764705882352941e+00,14646793
1.548952038687520e+03,1.545422626922814e+03,1.176470588235294e+00,14646797
1.549491853954861e+03,1.547727148072508e+03,5.882352941176471e-01,14646799
1.550070724982853e+03,1.548236803150840e+03,5.882352941176471e-01,14646800
1.551256559837214e+03,1.549129362056043e+03,5.882352941176471e-01,14646801
1.552481450452226e+03,1.546541313218147e+03,1.764705882352941e+00,14646798
1.553030141293052e+03,1.550156983632528e+03,5.882352941176471e-01,14646804
1.553944711203488e+03,1.551274310984185e+03,5.882352941176471e-01,14646806
1.555837825403742e+03,1.554073119521389e+03,5.882352941176471e-01,14646808
1.556559553057758e+03,1.549508943767152e+03,1.764705882352941e+00,14646802
1.557474122968193e+03,1.551495915794522e+03,1.764705882352941e+00,14646807
1.557602531286095e+03,1.554828406962170e+03,5.882352941176471e-01,14646809
1.559238828850546e+03,1.557318449088538e+03,5.882352941176471e-01,14646811
1.560331016497401e+03,1.556801604732695e+03,1.176470588235294e+00,14646810
1.562932744668047e+03,1.557638627020988e+03,1.764705882352941e+00,14646812
1.565702222487115e+03,1.563937516604763e+03,5.882352941176471e-01,14646816
1.565862257944332e+03,1.562125696780553e+03,1.176470588235294e+00,14646813
1.567412694633606e+03,1.562379960121483e+03,1.176470588235294e+00,14646814
1.568550052525774e+03,1.566548554617293e+03,5.882352941176471e-01,14646818
1.569177400515959e+03,1.566812358678557e+03,5.882352941176470e-01,14646819
1.569177400515959e+03,1.562987431949774e+03,1.764705882352941e+00,14646815
1.570314758408127e+03,1.567885868752120e+03,5.882352941176471e-01,14646820
1.570942106398312e+03,1.568729997872794e+03,5.882352941176471e-01,14646821
1.572213123005904e+03,1.569695958888128e+03,5.882352941176471e-01,14646822
1.572706812280665e+03,1.565020640761068e+03,1.764705882352941e+00,14646817
1.574348095844328e+03,1.571838043696190e+03,5.882352941176471e-01,14646827
1.574348095844328e+03,1.571239258734154e+03,5.882352941176471e-01,14646826
1.576384800213292e+03,1.570582075838976e+03,1.764705882352941e+00,14646824
1.577518991676199e+03,1.575754285793846e+03,5.882352941176471e-01,14646831
1.577877507609034e+03,1.575874061730128e+03,5.882352941176471e-01,14646832
1.578257870940523e+03,1.576493165058170e+03,5.882352941176471e-01,14646833
1.579283697558552e+03,1.577088149303447e+03,5.882352941176471e-01,14646834
1.581298554528862e+03,1.573029319057820e+03,1.764705882352941e+00,14646830
1.581824729138576e+03,1.580060023256224e+03,5.882352941176471e-01,14646836
1.583063260411215e+03,1.581057605055048e+03,5.882352941176471e-01,14646837
1.583551988587581e+03,1.577947610784692e+03,1.764705882352941e+00,14646835
1.583891877011012e+03,1.582127171128659e+03,5.882352941176471e-01,14646838
1.588176147990470e+03,1.586411442108118e+03,5.882352941176471e-01,14646840
1.588233488716450e+03,1.586468782834097e+03,5.882352941176471e-01,14646841
1.588357378058274e+03,1.582716657682940e+03,1.764705882352941e+00,14646839
1.589969524235813e+03,1.587320195880040e+03,5.882352941176471e-01,14646843
1.591734230118166e+03,1.586895736782517e+03,1.176470588235294e+00,14646842
1.591826706379917e+03,1.590062000497564e+03,5.882352941176471e-01,14646844
1.594677275306442e+03,1.592912569424089e+03,5.882352941176471e-01,14646845
1.595051270210907e+03,1.593286564328554e+03,5.882352941176471e-01,14646846
1.596441981188795e+03,1.593503884287231e+03,5.882352941176471e-01,14646848
1.596914024672379e+03,1.593384612907673e+03,1.176470588235294e+00,14646847
1.597109285758562e+03,1.595344579876209e+03,5.882352941176471e-01,14646849
1.599693242526432e+03,1.597928536644079e+03,5.882352941176471e-01,14646851
1.601249131860373e+03,1.598703758229951e+03,5.882352941176471e-01,14646854
1.601249131860373e+03,1.598314640567935e+03,5.882352941176471e-01,14646853
1.603693856895065e+03,1.597510903547254e+03,1.764705882352941e+00,14646850
1.604778543625078e+03,1.600457390334738e+03,1.176470588235294e+00,14646855
1.605698079851371e+03,1.603933373969018e+03,5.882352941176471e-01,14646856
1.608803589998252e+03,1.607038884115899e+03,5.882352941176471e-01,14646858
1.611199778936871e+03,1.607670367172165e+03,1.176470588235294e+00,14646859
1.612164351656164e+03,1.606870234009105e+03,1.764705882352941e+00,14646857
1.614195652168390e+03,1.612430946286037e+03,5.882352941176471e-01,14646861
1.615638312887316e+03,1.612108901122610e+03,1.176470588235294e+00,14646860
1.617025911398145e+03,1.615261205515792e+03,5.882352941176471e-01,14646863
1.618890149088422e+03,1.613596031441363e+03,1.764705882352941e+00,14646862
1.621377552204673e+03,1.619612846322320e+03,5.882352941176471e-01,14646865
1.622035718676723e+03,1.616741601029665e+03,1.764705882352941e+00,14646864
1.623800424559076e+03,1.619913649849018e+03,1.176470588235294e+00,14646866
1.625057365732728e+03,1.622191616973532e+03,5.882352941176471e-01,14646869
1.626822071615081e+03,1.624458387716226e+03,5.882352941176471e-01,14646871
1.627658817902357e+03,1.619939651870597e+03,1.764705882352941e+00,14646867
1.628586777497434e+03,1.623051235713584e+03,1.764705882352941e+00,14646870
1.629005150641072e+03,1.625366323423552e+03,5.882352941176471e-01,14646872
1.630351483379787e+03,1.628090386692672e+03,5.882352941176471e-01,14646874
1.631259408989607e+03,1.629494703107254e+03,5.882352941176471e-01,14646875
1.632534562405778e+03,1.626568891229666e+03,1.764705882352941e+00,14646873
1.634069077657732e+03,1.632304371775379e+03,5.882352941176471e-01,14646876
1.638676919298335e+03,1.633382801651276e+03,1.764705882352941e+00,14646877
1.638838945506638e+03,1.633544827859579e+03,1.764705882352941e+00,14646878
1.640441625180688e+03,1.638546810098187e+03,5.882352941176471e-01,14646880
1.641832019842658e+03,1.640067313960305e+03,5.882352941176471e-01,14646881
1.642206331063041e+03,1.640193326205081e+03,5.882352941176471e-01,14646882
1.642307075098033e+03,1.637012957450974e+03,1.764705882352941e+00,14646879
1.643596725725011e+03,1.640513125391263e+03,5.882352941176471e-01,14646883
1.645360822690333e+03,1.643596116807980e+03,5.882352941176471e-01,14646884
1.648569172746122e+03,1.646804466863769e+03,5.882352941176471e-01,14646886
1.649977203302310e+03,1.644683085655251e+03,1.764705882352941e+00,14646885
1.650608416906800e+03,1.647998569992620e+03,5.882352941176471e-01,14646889
1.653506615067016e+03,1.647353543420418e+03,1.764705882352941e+00,14646887
1.654130232587396e+03,1.652365526705043e+03,5.882352941176471e-01,14646890
1.654137828671506e+03,1.647742833829053e+03,1.764705882352941e+00,14646888
1.657456421884339e+03,1.655691716001986e+03,5.882352941176471e-01,14646891
1.663338581357523e+03,1.659809169592817e+03,1.176470588235294e+00,14646892
1.663967575659938e+03,1.662202869777585e+03,5.882352941176471e-01,14646893
1.664551096334010e+03,1.662786390451657e+03,5.882352941176471e-01,14646894
1.668328004878470e+03,1.666170402992895e+03,5.882352941176471e-01,14646898
1.668579074046675e+03,1.666814368164322e+03,5.882352941176471e-01,14646899
1.668982982945497e+03,1.663688865298438e+03,1.764705882352941e+00,14646895
1.670146599687335e+03,1.664798593113764e+03,1.176470588235294e+00,14646896
1.671586215093393e+03,1.669821509211040e+03,5.882352941176471e-01,14646900
1.671911305569687e+03,1.670130091159625e+03,5.882352941176470e-01,14646901
1.671911305569687e+03,1.664906370966788e+03,1.764705882352941e+00,14646897
1.673350920975746e+03,1.670803002765707e+03,5.882352941176471e-01,14646902
1.673676011452040e+03,1.671720697051102e+03,5.882352941176471e-01,14646903
1.675219812501708e+03,1.673455106619355e+03,5.882352941176471e-01,14646904
1.675851957909146e+03,1.674087252026793e+03,5.882352941176471e-01,14646905
1.677985865464202e+03,1.676221159581850e+03,5.882352941176471e-01,14646907
1.678944713624817e+03,1.677180007742464e+03,5.882352941176471e-01,14646908
1.679554593833745e+03,1.674260476186687e+03,1.764705882352941e+00,14646906
1.681515277228908e+03,1.677447811664833e+03,1.176470588235294e+00,14646909
1.681891518781512e+03,1.680126812899159e+03,5.882352941176471e-01,14646911
1.682522220649454e+03,1.680757514767101e+03,5.882352941176471e-01,14646912
1.683279983111261e+03,1.681103383935057e+03,5.882352941176471e-01,14646913
1.685372835286287e+03,1.678295953529197e+03,1.764705882352941e+00,14646910
1.687844256072569e+03,1.684314844307863e+03,1.176470588235294e+00,14646915
1.688701564624744e+03,1.683407446977685e+03,1.764705882352941e+00,14646914
1.690180500989705e+03,1.687586262609518e+03,5.882352941176471e-01,14646919
1.690180500989705e+03,1.687503755057604e+03,5.882352941176471e-01,14646918
1.690825178687816e+03,1.689060472805463e+03,5.882352941176471e-01,14646921
1.691945206872058e+03,1.689529866257200e+03,5.882352941176471e-01,14646922
1.693086019265129e+03,1.686731177129770e+03,1.176470588235294e+00,14646917
1.694850725147482e+03,1.685403302246436e+03,1.764705882352941e+00,14646916
1.695474618636764e+03,1.689831532254666e+03,1.764705882352941e+00,14646923
1.697809730715653e+03,1.695033801802350e+03,5.882352941176471e-01,14646926
1.698380136912188e+03,1.693080916299094e+03,1.764705882352941e+00,14646924
1.699574436598006e+03,1.696785402888797e+03,5.882352941176471e-01,14646928
1.701892273145529e+03,1.693685491700742e+03,1.764705882352941e+00,14646925
1.703112486128394e+03,1.700177170286605e+03,5.882352941176471e-01,14646931
1.703121123894077e+03,1.695398423634049e+03,1.764705882352941e+00,14646927
1.703656979027882e+03,1.701668495202406e+03,5.882352941176471e-01,14646933
1.704881510893588e+03,1.699150934548942e+03,1.176470588235294e+00,14646930
1.704881510893588e+03,1.697827006247018e+03,1.176470588235294e+00,14646929
1.707727021624408e+03,1.705962315742055e+03,5.882352941176471e-01,14646936
1.709654074854461e+03,1.707120489552486e+03,5.882352941176471e-01,14646939
1.709872349304840e+03,1.708051716319809e+03,5.882352941176471e-01,14646941
1.710643808695080e+03,1.708719947734908e+03,5.882352941176471e-01,14646942
1.711418780736814e+03,1.709324428352342e+03,5.882352941176471e-01,14646943
1.712746752629372e+03,1.705349691048021e+03,1.176470588235294e+00,14646935
1.713370222011891e+03,1.704546692600126e+03,1.764705882352941e+00,14646934
1.714511458511725e+03,1.712175097379373e+03,5.882352941176471e-01,14646945
1.716199888355758e+03,1.714435182473405e+03,5.882352941176471e-01,14646946
1.716357639413327e+03,1.714592933530974e+03,5.882352941176471e-01,14646947
1.716712898383873e+03,1.711151165772988e+03,1.764705882352941e+00,14646944
1.719764178119177e+03,1.717999472236824e+03,5.882352941176471e-01,14646949
1.721434536371268e+03,1.718861823517717e+03,5.882352941176471e-01,14646952
1.721434536371268e+03,1.718659893649826e+03,5.882352941176471e-01,14646951
1.722579815585044e+03,1.717716429346039e+03,1.176470588235294e+00,14646948
1.726063435964067e+03,1.723737330380138e+03,5.882352941176471e-01,14646958
1.726063435964067e+03,1.723614824320318e+03,5.882352941176471e-01,14646957
1.726728654018327e+03,1.721273217288093e+03,1.764705882352941e+00,14646954
1.728619528547851e+03,1.722044359326388e+03,1.176470588235294e+00,14646955
1.729592847728773e+03,1.727192647994401e+03,5.882352941176471e-01,14646961
1.730094369420354e+03,1.725303331637162e+03,1.176470588235294e+00,14646959
1.731608314456916e+03,1.729293507465459e+03,5.882352941176471e-01,14646963
1.731608314456916e+03,1.729086830688493e+03,5.882352941176471e-01,14646962
1.731859075302707e+03,1.726275092645799e+03,1.764705882352941e+00,14646960
1.736902432103975e+03,1.731334660028599e+03,1.764705882352941e+00,14646964
1.737381083428596e+03,1.732086965781537e+03,1.764705882352941e+00,14646965
1.740431843868681e+03,1.736847201455457e+03,1.176470588235294e+00,14646968
1.740910495193301e+03,1.734627941575008e+03,1.764705882352941e+00,14646966
1.741686765104420e+03,1.735172219527751e+03,1.764705882352941e+00,14646967
1.742266254841650e+03,1.740501548959297e+03,5.882352941176471e-01,14646969
1.745932800317270e+03,1.744168094434917e+03,5.882352941176471e-01,14646971
1.746204612840360e+03,1.740595646935815e+03,1.764705882352941e+00,14646970
1.748223322952339e+03,1.746458617069986e+03,5.882352941176471e-01,14646973
1.748384248652133e+03,1.746619542769780e+03,5.882352941176471e-01,14646974
1.749729698255944e+03,1.747160747393717e+03,5.882352941176471e-01,14646976
1.749729698255944e+03,1.746825510099000e+03,5.882352941176471e-01,14646975
1.751913660416839e+03,1.745941955912489e+03,1.764705882352941e+00,14646972
1.752993132180607e+03,1.751228426298254e+03,5.882352941176471e-01,14646978
1.753259110020649e+03,1.751464921769733e+03,5.882352941176471e-01,14646979
1.755023815903002e+03,1.753256842233778e+03,5.882352941176471e-01,14646981
1.755443072181545e+03,1.749597025992599e+03,1.764705882352941e+00,14646977
1.756553325910372e+03,1.753344773500842e+03,5.882352941176471e-01,14646982
1.756858190801166e+03,1.755093484918813e+03,5.882352941176471e-01,14646983
1.758318031792725e+03,1.755820385599451e+03,5.882352941176471e-01,14646984
1.758902814930440e+03,1.753023914145666e+03,1.764705882352941e+00,14646980
1.761369593304441e+03,1.759604887422088e+03,5.882352941176471e-01,14646986
1.761561453601621e+03,1.759796747719268e+03,5.882352941176471e-01,14646987
1.762152308448225e+03,1.756716636787804e+03,1.764705882352941e+00,14646985
1.763230229335384e+03,1.761177970848915e+03,5.882352941176471e-01,14646989
1.763230229335384e+03,1.760094996497609e+03,5.882352941176471e-01,14646988
1.765359795686383e+03,1.763595089804030e+03,5.882352941176471e-01,14646990
1.767259738850126e+03,1.765495032967773e+03,5.882352941176471e-01,14646991
1.769447228980204e+03,1.767682523097851e+03,5.882352941176471e-01,14646993
1.769580354399454e+03,1.767815648517101e+03,5.882352941176471e-01,14646994
1.771195518311084e+03,1.765901400664025e+03,1.764705882352941e+00,14646992
1.771932793424179e+03,1.770168087541826e+03,5.882352941176471e-01,14646995
1.773994455108949e+03,1.772229749226596e+03,5.882352941176471e-01,14646997
1.775713155598979e+03,1.770419037951921e+03,1.764705882352941e+00,14646996
1.775760312779938e+03,1.772945432847648e+03,5.882352941176471e-01,14647000
1.775760312779938e+03,1.772888942034335e+03,5.882352941176471e-01,14646999
1.777509299601971e+03,1.774720708440513e+03,5.882352941176471e-01,14647001
1.777509299601971e+03,1.774759722893111e+03,5.882352941176471e-01,14647002
1.777509299601971e+03,1.774999427550661e+03,5.882352941176471e-01,14647003
1.779274005484324e+03,1.776156399957981e+03,5.882352941176471e-01,14647004
1.779297314127608e+03,1.777532608245255e+03,5.882352941176471e-01,14647006
1.781038711366677e+03,1.772232052803868e+03,1.176470588235294e+00,14646998
1.782803417249030e+03,1.781028705453697e+03,5.882352941176471e-01,14647011
1.784568123131383e+03,1.782754388181512e+03,5.882352941176471e-01,14647013
1.785290625739254e+03,1.783525919856901e+03,5.882352941176471e-01,14647014
1.786332829013736e+03,1.783894620622355e+03,5.882352941176471e-01,14647015
1.787055331621607e+03,1.785214595829782e+03,5.882352941176471e-01,14647016
1.788097534896089e+03,1.785738737717056e+03,5.882352941176471e-01,14647017
1.788470212533234e+03,1.776567261942021e+03,1.764705882352941e+00,14647005
1.788820037503960e+03,1.786581685535880e+03,5.882352941176471e-01,14647018
1.789862240778442e+03,1.787566763909484e+03,5.882352941176471e-01,14647019
1.790584743386313e+03,1.781337037353605e+03,1.176470588235294e+00,14647012
1.791999624297940e+03,1.788444727208400e+03,1.176470588235294e+00,14647020
1.793757997616510e+03,1.791993291734158e+03,5.882352941176471e-01,14647021
1.794650080425057e+03,1.792885374542704e+03,5.882352941176471e-01,14647022
1.795007821529983e+03,1.793243115647630e+03,5.882352941176471e-01,14647023
1.795522703498863e+03,1.793354823485403e+03,5.882352941176471e-01,14647024
1.796593656859873e+03,1.793786967937716e+03,5.882352941176471e-01,14647025
1.797287409381216e+03,1.795103119340136e+03,5.882352941176471e-01,14647027
1.798358362742226e+03,1.796486103741996e+03,5.882352941176471e-01,14647028
1.800123068624579e+03,1.794433414097505e+03,1.764705882352941e+00,14647026
1.803569499298450e+03,1.801459144639745e+03,5.882352941176471e-01,14647032
1.804072154525096e+03,1.798778036878038e+03,1.764705882352941e+00,14647029
1.807381023522384e+03,1.800342425339250e+03,1.764705882352941e+00,14647031
1.807381023522384e+03,1.800040087533744e+03,1.764705882352941e+00,14647030
1.809138838680481e+03,1.805921157274783e+03,5.882352941176471e-01,14647037
1.809138838680481e+03,1.806210309104720e+03,5.882352941176471e-01,14647038
1.810903544562834e+03,1.808380752900696e+03,5.882352941176471e-01,14647043
1.810903544562834e+03,1.808477423329743e+03,5.882352941176471e-01,14647044
1.812676582734506e+03,1.810911876852153e+03,5.882352941176471e-01,14647045
1.814612825120559e+03,1.812527009928357e+03,5.882352941176471e-01,14647046
1.815405369088990e+03,1.803810267412146e+03,1.764705882352941e+00,14647034
1.815405369088990e+03,1.801930550956379e+03,1.764705882352941e+00,14647033
1.819006281956794e+03,1.817241576074441e+03,5.882352941176471e-01,14647049
1.819906942767618e+03,1.813019655741906e+03,1.764705882352941e+00,14647048
1.822728869262295e+03,1.819199457497589e+03,1.176470588235294e+00,14647051
1.823162180012475e+03,1.817868062365417e+03,1.764705882352941e+00,14647050
1.824403377447658e+03,1.822638671565305e+03,5.882352941176471e-01,14647052
1.826168083330011e+03,1.824392131221989e+03,5.882352941176471e-01,14647055
1.827443907167116e+03,1.823914495402410e+03,1.176470588235294e+00,14647053
1.828230465875098e+03,1.826465759992745e+03,5.882352941176471e-01,14647056
1.829208613049468e+03,1.826698611651477e+03,5.882352941176471e-01,14647057
1.829323555457570e+03,1.824029437810512e+03,1.764705882352941e+00,14647054
1.832286841694204e+03,1.830522135811851e+03,5.882352941176471e-01,14647059
1.832709660111497e+03,1.830944954229144e+03,5.882352941176471e-01,14647060
1.834394946213154e+03,1.829100828566095e+03,1.764705882352941e+00,14647058
1.835222972844763e+03,1.833458266962410e+03,5.882352941176471e-01,14647061
1.836293237255331e+03,1.834528531372978e+03,5.882352941176471e-01,14647062
1.836330415044714e+03,1.834565709162361e+03,5.882352941176471e-01,14647063
1.836987678727116e+03,1.834794897564147e+03,5.882352941176471e-01,14647064
1.838960558564887e+03,1.837195852682534e+03,5.882352941176471e-01,14647065
1.839935028381583e+03,1.838170322499231e+03,5.882352941176471e-01,14647067
1.844615396717457e+03,1.837303544382370e+03,1.764705882352941e+00,14647066
1.844615396717457e+03,1.838299569189162e+03,1.764705882352941e+00,14647068
1.844615396717457e+03,1.838665565751126e+03,1.764705882352941e+00,14647069
1.846380102599810e+03,1.842952331226217e+03,5.882352941176471e-01,14647071
1.848144808482163e+03,1.839752673564651e+03,1.764705882352941e+00,14647070
1.849909514364516e+03,1.843832585865097e+03,1.764705882352941e+00,14647072
1.851570250858877e+03,1.849805544976525e+03,5.882352941176471e-01,14647074
1.851674220246868e+03,1.846120258108692e+03,1.764705882352941e+00,14647073
1.851693951877508e+03,1.849929245995155e+03,5.882352941176471e-01,14647075
1.853334956741230e+03,1.850073279624757e+03,5.882352941176471e-01,14647076
1.854066087291690e+03,1.852301381409337e+03,5.882352941176471e-01,14647077
1.858190356858612e+03,1.852896239211553e+03,1.764705882352941e+00,14647078
1.858472224567658e+03,1.856707518685305e+03,5.882352941176471e-01,14647079
1.859955062740965e+03,1.858063024407516e+03,5.882352941176471e-01,14647081
1.861548376295946e+03,1.858018964531240e+03,1.176470588235294e+00,14647080
1.862746785515374e+03,1.860982079633021e+03,5.882352941176471e-01,14647082
1.864758105125761e+03,1.861228693361056e+03,1.176470588235294e+00,14647083
1.867108243955739e+03,1.865343538073386e+03,5.882352941176471e-01,14647085
1.869615140086274e+03,1.867850434203921e+03,5.882352941176471e-01,14647086
1.869967210655559e+03,1.864673093008500e+03,1.764705882352941e+00,14647084
1.870386864888996e+03,1.868622159006643e+03,5.882352941176471e-01,14647087
1.873341870569028e+03,1.871577164686675e+03,5.882352941176471e-01,14647090
1.876107068299980e+03,1.873776160732849e+03,5.882352941176471e-01,14647092
1.876775532166120e+03,1.871385664351447e+03,1.764705882352941e+00,14647089
1.876775532166120e+03,1.870812950652921e+03,1.764705882352941e+00,14647088
1.878540238048473e+03,1.876276338813755e+03,5.882352941176471e-01,14647093
1.878585827461517e+03,1.876821121579164e+03,5.882352941176471e-01,14647094
1.879636480064686e+03,1.871942600146771e+03,1.764705882352941e+00,14647091
1.880335336872855e+03,1.877992913184472e+03,5.882352941176471e-01,14647096
1.881944793491700e+03,1.880180087609347e+03,5.882352941176471e-01,14647098
1.882100042755208e+03,1.876888158245783e+03,1.176470588235294e+00,14647095
1.885514760162657e+03,1.883750054280304e+03,5.882352941176471e-01,14647100
1.885550961001347e+03,1.883786255118994e+03,5.882352941176471e-01,14647101
1.886015626464520e+03,1.880721508817461e+03,1.764705882352941e+00,14647099
1.887279466045010e+03,1.885142930151744e+03,5.882352941176471e-01,14647102
1.888026663720604e+03,1.886261957838251e+03,5.882352941176471e-01,14647103
1.891425478053717e+03,1.889660772171364e+03,5.882352941176471e-01,14647105
1.892056535434036e+03,1.886762417786977e+03,1.764705882352941e+00,14647104
1.894504181992229e+03,1.892739476109876e+03,5.882352941176471e-01,14647108
1.896590589780400e+03,1.892039998352100e+03,1.176470588235294e+00,14647106
1.897559212128880e+03,1.895493214706963e+03,5.882352941176471e-01,14647112
1.897559212128880e+03,1.895147585803865e+03,5.882352941176471e-01,14647111
1.899323918011233e+03,1.897208779462686e+03,5.882352941176471e-01,14647114
1.900189917254238e+03,1.898066094267592e+03,5.882352941176471e-01,14647115
1.901088623893586e+03,1.899073917854144e+03,5.882352941176471e-01,14647116
1.901307107108376e+03,1.893018622730714e+03,1.764705882352941e+00,14647109
1.902853329775939e+03,1.896660505489532e+03,1.176470588235294e+00,14647113
1.903343652047326e+03,1.901578946164973e+03,5.882352941176471e-01,14647118
1.905108357929679e+03,1.903093581050888e+03,5.882352941176471e-01,14647121
1.906599867407023e+03,1.904835161524670e+03,5.882352941176471e-01,14647123
1.907248740783649e+03,1.905381566288185e+03,5.882352941176471e-01,14647125
1.908815845720004e+03,1.900028025835394e+03,1.176470588235294e+00,14647117
1.910280371706818e+03,1.907855780371399e+03,5.882352941176471e-01,14647127
1.910580551602357e+03,1.901657926512396e+03,1.764705882352941e+00,14647119
1.912195167536940e+03,1.909491965776074e+03,5.882352941176471e-01,14647131
1.912859641012959e+03,1.911094935130606e+03,5.882352941176471e-01,14647132
1.914163514275240e+03,1.905892253913298e+03,1.176470588235294e+00,14647126
1.915928220157593e+03,1.905077513291852e+03,1.764705882352941e+00,14647124
1.915928220157593e+03,1.903645017615995e+03,1.764705882352941e+00,14647122
1.917692926039946e+03,1.915833832589709e+03,5.882352941176471e-01,14647133
1.917692926039946e+03,1.909243217456512e+03,1.764705882352941e+00,14647130
1.918251252983509e+03,1.916486547101156e+03,5.882352941176471e-01,14647134
1.920048804345809e+03,1.918284098463456e+03,5.882352941176471e-01,14647135
1.920079429334452e+03,1.918314723452099e+03,5.882352941176471e-01,14647136
1.923350396789000e+03,1.921585690906647e+03,5.882352941176471e-01,14647137
1.924355806836694e+03,1.922591100954341e+03,5.882352941176471e-01,14647139
1.925706102635914e+03,1.922176690871208e+03,1.176470588235294e+00,14647138
1.926317387937353e+03,1.924552682055000e+03,5.882352941176471e-01,14647140
1.928772971171622e+03,1.925243559406916e+03,1.176470588235294e+00,14647141
1.930900210922007e+03,1.929135505039654e+03,5.882352941176471e-01,14647142
1.933200313822071e+03,1.931435607939718e+03,5.882352941176471e-01,14647143
1.936747235984232e+03,1.934424756381999e+03,5.882352941176471e-01,14647149
1.938565507740892e+03,1.935516377758782e+03,5.882352941176471e-01,14647150
1.938592290678046e+03,1.931560250085788e+03,1.764705882352941e+00,14647145
1.938592290678046e+03,1.931470628734628e+03,1.764705882352941e+00,14647144
1.940330213623245e+03,1.933300168969568e+03,1.176470588235294e+00,14647148
1.941604606452885e+03,1.939839900570532e+03,5.882352941176471e-01,14647154
1.943432355993655e+03,1.941667650111302e+03,5.882352941176471e-01,14647156
1.944658866076444e+03,1.941679507818787e+03,5.882352941176471e-01,14647157
1.944972762308243e+03,1.939678644661184e+03,1.764705882352941e+00,14647153
1.946423571958797e+03,1.944454464622367e+03,5.882352941176471e-01,14647162
1.948188277841150e+03,1.946095113912497e+03,5.882352941176471e-01,14647164
1.948502174072949e+03,1.941126691098419e+03,1.764705882352941e+00,14647155
1.951002233837423e+03,1.948565909350237e+03,5.882352941176471e-01,14647166
1.951874637721755e+03,1.945594671140798e+03,1.764705882352941e+00,14647163
1.951874637721755e+03,1.942895541800750e+03,1.764705882352941e+00,14647160
1.954987214467053e+03,1.953222508584700e+03,5.882352941176471e-01,14647168
1.955404049486461e+03,1.947021673928307e+03,1.764705882352941e+00,14647165
1.956296351484482e+03,1.949310831303192e+03,1.764705882352941e+00,14647167
1.957064546613962e+03,1.953468496810236e+03,5.882352941176471e-01,14647170
1.958061057366835e+03,1.956203890721886e+03,5.882352941176471e-01,14647173
1.958829252496315e+03,1.956790371596156e+03,5.882352941176471e-01,14647174
1.960593958378668e+03,1.953266029328042e+03,1.764705882352941e+00,14647169
1.961974566696281e+03,1.959344887015655e+03,5.882352941176471e-01,14647178
1.961974566696281e+03,1.959256747973293e+03,5.882352941176471e-01,14647177
1.963683325729749e+03,1.958955691587935e+03,1.176470588235294e+00,14647176
1.965014873065891e+03,1.962080623190669e+03,5.882352941176471e-01,14647180
1.965448031612102e+03,1.963576752250101e+03,5.882352941176470e-01,14647183
1.965448031612102e+03,1.957534122774650e+03,1.764705882352941e+00,14647175
1.966996158221349e+03,1.964052412955450e+03,5.882352941176471e-01,14647185
1.966996158221349e+03,1.964022861761496e+03,5.882352941176471e-01,14647184
1.967212737494455e+03,1.960832291168058e+03,1.176470588235294e+00,14647179
1.968760864103702e+03,1.966189359425740e+03,5.882352941176471e-01,14647187
1.968760864103702e+03,1.965817107597078e+03,5.882352941176471e-01,14647186
1.970999966666466e+03,1.969235260784113e+03,5.882352941176471e-01,14647189
1.972439331129976e+03,1.968909919365270e+03,1.176470588235294e+00,14647188
1.974578076318722e+03,1.972813370436369e+03,5.882352941176471e-01,14647191
1.974731203053627e+03,1.972966497171274e+03,5.882352941176471e-01,14647192
1.975757183610100e+03,1.970463065963041e+03,1.764705882352941e+00,14647190
1.976444866691011e+03,1.973223065912414e+03,5.882352941176471e-01,14647193
1.977521889492453e+03,1.975048743590853e+03,5.882352941176471e-01,14647196
1.978252326960782e+03,1.975890763771273e+03,5.882352941176471e-01,14647197
1.979286595374806e+03,1.976573129853264e+03,5.882352941176471e-01,14647200
1.980017032843135e+03,1.977588115365411e+03,5.882352941176471e-01,14647201
1.981416519991323e+03,1.973397975476507e+03,1.176470588235294e+00,14647194
1.983181225873676e+03,1.980734303341741e+03,5.882352941176470e-01,14647203
1.983181225873676e+03,1.975956939627748e+03,1.764705882352941e+00,14647198
1.983546444607841e+03,1.978183217934708e+03,1.764705882352941e+00,14647202
1.984945931756029e+03,1.982879150823523e+03,5.882352941176471e-01,14647205
1.984945931756029e+03,1.981834668017409e+03,5.882352941176471e-01,14647204
1.986710637638382e+03,1.983913660310314e+03,5.882352941176471e-01,14647208
1.986710637638382e+03,1.983776046334141e+03,5.882352941176471e-01,14647207
1.987075856372547e+03,1.983423217437911e+03,1.176470588235294e+00,14647206
1.988475343520735e+03,1.986573104472287e+03,5.882352941176471e-01,14647210
1.988475343520735e+03,1.985785150864229e+03,5.882352941176471e-01,14647209
1.993110702365205e+03,1.991345996482852e+03,5.882352941176471e-01,14647211
1.993670931927834e+03,1.991906226045481e+03,5.882352941176471e-01,14647212
1.993973852826176e+03,1.992209146943823e+03,5.882352941176471e-01,14647213
1.994914763454857e+03,1.993150057572504e+03,5.882352941176471e-01,14647214
1.995435637810187e+03,1.993381108841930e+03,5.882352941176471e-01,14647215
1.998248430793016e+03,1.996483724910663e+03,5.882352941176471e-01,14647216
1.998869740487550e+03,1.997105034605197e+03,5.882352941176471e-01,14647217
1.999897731599296e+03,1.998133025716943e+03,5.882352941176471e-01,14647218
2.000399206816544e+03,1.998634500934191e+03,5.882352941176471e-01,14647219
2.004444335538452e+03,1.999150217891393e+03,1.764705882352941e+00,14647220
2.007589948724800e+03,2.005685133770554e+03,5.882352941176471e-01,14647226
2.008700668294735e+03,2.002016145745294e+03,1.764705882352941e+00,14647221
2.009435988678131e+03,2.006814369023741e+03,5.882352941176471e-01,14647227
2.010041116986979e+03,2.003062095950329e+03,1.764705882352941e+00,14647223
2.010833034368786e+03,2.008640918334739e+03,5.882352941176471e-01,14647230
2.010833034368786e+03,2.007752616866757e+03,5.882352941176471e-01,14647229
2.014473690601953e+03,2.012708984719600e+03,5.882352941176471e-01,14647232
2.017103377929985e+03,2.011809260282926e+03,1.764705882352941e+00,14647231
2.017986159534053e+03,2.016221453651700e+03,5.882352941176471e-01,14647233
2.021609062939304e+03,2.019844357056951e+03,5.882352941176471e-01,14647236
2.022819131082291e+03,2.017525013435232e+03,1.764705882352941e+00,14647234
2.023116856253659e+03,2.017822738606600e+03,1.764705882352941e+00,14647235
2.025138474704009e+03,2.020074726163277e+03,1.176470588235294e+00,14647237
2.026903180586362e+03,2.025093529384045e+03,5.882352941176471e-01,14647240
2.028113248729350e+03,2.022410858788564e+03,1.764705882352941e+00,14647238
2.029117883494660e+03,2.023823765847601e+03,1.764705882352941e+00,14647239
2.032486170383254e+03,2.030632747776610e+03,5.882352941176471e-01,14647244
2.032495105579620e+03,2.027200987932561e+03,1.764705882352941e+00,14647241
2.033707415963966e+03,2.028956758618548e+03,1.176470588235294e+00,14647242
2.035323565966423e+03,2.033558860084071e+03,5.882352941176471e-01,14647245
2.035472121846319e+03,2.029634543897618e+03,1.764705882352941e+00,14647243
2.036280196847548e+03,2.033559777663046e+03,5.882352941176471e-01,14647246
2.038044902729900e+03,2.033559952869925e+03,1.176470588235294e+00,14647247
2.038726008779563e+03,2.036961302897210e+03,5.882352941176471e-01,14647248
2.039833410718226e+03,2.038068704835873e+03,5.882352941176471e-01,14647250
2.040798607462662e+03,2.038508036173086e+03,5.882352941176471e-01,14647252
2.040798607462662e+03,2.038232108013387e+03,5.882352941176471e-01,14647251
2.042963067913973e+03,2.040337774200450e+03,5.882352941176471e-01,14647254
2.043362822482932e+03,2.037577088498701e+03,1.764705882352941e+00,14647249
2.044728399769695e+03,2.041938222496296e+03,5.882352941176471e-01,14647257
2.046493105652048e+03,2.044203008236865e+03,5.882352941176471e-01,14647261
2.046692669949843e+03,2.040226240560478e+03,1.176470588235294e+00,14647253
2.048315409703598e+03,2.046550703821245e+03,5.882352941176471e-01,14647262
2.048457375832195e+03,2.042538444691625e+03,1.764705882352941e+00,14647258
2.050164483545351e+03,2.042964945834079e+03,1.764705882352941e+00,14647260
2.050632570199314e+03,2.048867864316961e+03,5.882352941176471e-01,14647263
2.052043312570688e+03,2.050278606688335e+03,5.882352941176471e-01,14647264
2.052556839752144e+03,2.050792133869791e+03,5.882352941176471e-01,14647265
2.053811491881211e+03,2.052046785998858e+03,5.882352941176471e-01,14647267
2.056845354920964e+03,2.051551237273905e+03,1.764705882352941e+00,14647266
2.058944678701957e+03,2.053985178953539e+03,1.176470588235294e+00,14647268
2.060709384584310e+03,2.054909885389133e+03,1.764705882352941e+00,14647269
2.062152308031372e+03,2.059170377446397e+03,5.882352941176471e-01,14647275
2.062474090466663e+03,2.056645219261635e+03,1.176470588235294e+00,14647271
2.063917013913725e+03,2.058806495379494e+03,1.176470588235294e+00,14647274
2.064238796349016e+03,2.055467270988376e+03,1.764705882352941e+00,14647270
2.064611086379128e+03,2.062846380496775e+03,5.882352941176471e-01,14647276
2.067051164483130e+03,2.065286458600777e+03,5.882352941176471e-01,14647277
2.067567977637001e+03,2.065803271754649e+03,5.882352941176471e-01,14647279
2.069836408597690e+03,2.068071702715337e+03,5.882352941176471e-01,14647281
2.070580576247836e+03,2.068531627239924e+03,5.882352941176471e-01,14647282
2.070693527961908e+03,2.065399410314849e+03,1.764705882352941e+00,14647278
2.071899950615306e+03,2.069585680582860e+03,5.882352941176471e-01,14647283
2.072345282130189e+03,2.070434080868216e+03,5.882352941176471e-01,14647285
2.072458233844261e+03,2.065892584553097e+03,1.176470588235294e+00,14647280
2.075166433828960e+03,2.073401727946607e+03,5.882352941176471e-01,14647286
2.080397648340513e+03,2.075103530693454e+03,1.764705882352941e+00,14647287
2.080622525486912e+03,2.075328407839853e+03,1.764705882352941e+00,14647288
2.082883579284648e+03,2.081118873402295e+03,5.882352941176471e-01,14647290
2.084516554237997e+03,2.081845060864364e+03,5.882352941176471e-01,14647292
2.084648285167001e+03,2.080987142473291e+03,1.176470588235294e+00,14647289
2.085292335915600e+03,2.083513939770572e+03,5.882352941176471e-01,14647293
2.087342537866207e+03,2.085577831983854e+03,5.882352941176471e-01,14647295
2.088177696931706e+03,2.081762924150894e+03,1.764705882352941e+00,14647291
2.089920447659225e+03,2.087518647465356e+03,5.882352941176471e-01,14647299
2.089920447659225e+03,2.087492088270241e+03,5.882352941176471e-01,14647298
2.090871949630912e+03,2.083778906800999e+03,1.764705882352941e+00,14647294
2.092636655513265e+03,2.090195980669775e+03,5.882352941176471e-01,14647303
2.093449859423931e+03,2.090904714426086e+03,5.882352941176471e-01,14647304
2.095214565306284e+03,2.090996772534119e+03,1.176470588235294e+00,14647305
2.096487974651268e+03,2.086060219357187e+03,1.764705882352941e+00,14647296
2.096979271188637e+03,2.094641147511823e+03,5.882352941176471e-01,14647308
2.098580211558534e+03,2.096331179568899e+03,5.882352941176471e-01,14647310
2.098580211558534e+03,2.096398986599188e+03,5.882352941176471e-01,14647311
2.100344917440887e+03,2.097224470930703e+03,5.882352941176471e-01,14647312
2.100933152735004e+03,2.093119516573211e+03,1.176470588235294e+00,14647306
2.102697858617357e+03,2.095240925208018e+03,1.764705882352941e+00,14647309
2.102697858617357e+03,2.094542528082584e+03,1.764705882352941e+00,14647307
2.103048744144619e+03,2.101284038262266e+03,5.882352941176471e-01,14647313
2.104579526342131e+03,2.101751856081172e+03,5.882352941176471e-01,14647315
2.106344232224484e+03,2.101508288930752e+03,1.176470588235294e+00,14647314
2.108108938106837e+03,2.105677819936011e+03,5.882352941176470e-01,14647318
2.108108938106837e+03,2.102554503071773e+03,1.764705882352941e+00,14647316
2.108143536839871e+03,2.106378830957518e+03,5.882352941176471e-01,14647319
2.110147997101958e+03,2.108383291219605e+03,5.882352941176471e-01,14647320
2.110428643255710e+03,2.108663937373358e+03,5.882352941176471e-01,14647321
2.111603751138508e+03,2.103480542265003e+03,1.764705882352941e+00,14647317
2.112743462824194e+03,2.110978756941841e+03,5.882352941176471e-01,14647323
2.114244631870354e+03,2.112479925988001e+03,5.882352941176471e-01,14647324
2.115442114749017e+03,2.108667699058536e+03,1.764705882352941e+00,14647322
2.117613829189122e+03,2.115849123306769e+03,5.882352941176471e-01,14647326
2.119141499293745e+03,2.113847381646686e+03,1.764705882352941e+00,14647325
2.120355291798495e+03,2.118590585916142e+03,5.882352941176471e-01,14647327
2.123156425363844e+03,2.121391719481491e+03,5.882352941176471e-01,14647329
2.123241209813451e+03,2.119711798048745e+03,1.176470588235294e+00,14647328
2.123702205975395e+03,2.121937500093042e+03,5.882352941176471e-01,14647330
2.128450543010903e+03,2.122975691262065e+03,1.764705882352941e+00,14647331
2.129360045668275e+03,2.127595339785922e+03,5.882352941176471e-01,14647332
2.131124751550628e+03,2.129181587013612e+03,5.882352941176471e-01,14647335
2.131793529727467e+03,2.128264117962762e+03,1.176470588235294e+00,14647333
2.132603745866640e+03,2.130205525022189e+03,5.882352941176471e-01,14647336
2.134654163315334e+03,2.129074334101934e+03,1.764705882352941e+00,14647334
2.136450366009879e+03,2.134685660127526e+03,5.882352941176471e-01,14647338
2.137926100144516e+03,2.132631982497457e+03,1.764705882352941e+00,14647337
2.139690348371321e+03,2.137925642488968e+03,5.882352941176471e-01,14647340
2.140443754296727e+03,2.138679048414374e+03,5.882352941176471e-01,14647341
2.142563398291011e+03,2.137269280643952e+03,1.764705882352941e+00,14647339
2.142900865498266e+03,2.141136159615913e+03,5.882352941176471e-01,14647343
2.144261447103027e+03,2.139187397218290e+03,1.176470588235294e+00,14647342
2.145771751087664e+03,2.144007045205311e+03,5.882352941176471e-01,14647345
2.146815828971069e+03,2.141521711324011e+03,1.764705882352941e+00,14647344
2.149143588345399e+03,2.147378882463046e+03,5.882352941176471e-01,14647346
2.151278815581385e+03,2.149514109699032e+03,5.882352941176471e-01,14647348
2.151578419418866e+03,2.149813713536513e+03,5.882352941176471e-01,14647349
2.152972735968709e+03,2.147678618321650e+03,1.764705882352941e+00,14647347
2.153193323382479e+03,2.150264040813874e+03,5.882352941176471e-01,14647351
2.153193323382479e+03,2.149864881430282e+03,5.882352941176471e-01,14647350
2.158266853615767e+03,2.151898117236141e+03,1.764705882352941e+00,14647352
2.158310836645463e+03,2.156546130763110e+03,5.882352941176471e-01,14647353
2.160031559498120e+03,2.158127916180619e+03,5.882352941176471e-01,14647355
2.160587858363853e+03,2.158823152481500e+03,5.882352941176471e-01,14647356
2.161670368800049e+03,2.159575889533995e+03,5.882352941176471e-01,14647358
2.162893819464304e+03,2.160204037093608e+03,5.882352941176471e-01,14647360
2.162893819464304e+03,2.160123448704565e+03,5.882352941176471e-01,14647359
2.164046800014530e+03,2.159079997990432e+03,1.176470588235294e+00,14647357
2.164742607749273e+03,2.162977901866920e+03,5.882352941176471e-01,14647361
2.165811505896882e+03,2.158015060454919e+03,1.764705882352941e+00,14647354
2.166159409764254e+03,2.163380505461360e+03,5.882352941176471e-01,14647363
2.167576211779235e+03,2.165798734014446e+03,5.882352941176471e-01,14647364
2.167924234034605e+03,2.166159528152252e+03,5.882352941176471e-01,14647365
2.169688821528960e+03,2.163330496912328e+03,1.764705882352941e+00,14647362
2.169688939916958e+03,2.167804977484014e+03,5.882352941176471e-01,14647368
2.172984712278683e+03,2.166501264593111e+03,1.764705882352941e+00,14647366
2.173669932496890e+03,2.171377719332350e+03,5.882352941176471e-01,14647371
2.173965890900033e+03,2.172015397572030e+03,5.882352941176471e-01,14647372
2.175092028270140e+03,2.172703722096590e+03,5.882352941176471e-01,14647375
2.175092028270140e+03,2.172238673537080e+03,5.882352941176471e-01,14647374
2.175897095661350e+03,2.174132389778997e+03,5.882352941176471e-01,14647376
2.177135845504823e+03,2.174336730487667e+03,5.882352941176471e-01,14647378
2.177661801543702e+03,2.175650250974801e+03,5.882352941176471e-01,14647381
2.178817301947694e+03,2.170140520732184e+03,1.176470588235294e+00,14647369
2.180582007830047e+03,2.174280203657033e+03,1.176470588235294e+00,14647377
2.180582007830047e+03,2.170398990615928e+03,1.764705882352941e+00,14647370
2.181191213308408e+03,2.177413887558469e+03,1.176470588235294e+00,14647382
2.182852576960896e+03,2.181087871078543e+03,5.882352941176471e-01,14647384
2.182955919190761e+03,2.181109168057080e+03,5.882352941176471e-01,14647385
2.184211198878937e+03,2.181521380758310e+03,5.882352941176471e-01,14647386
2.186178946743446e+03,2.184166372458751e+03,5.882352941176471e-01,14647389
2.186485330955467e+03,2.180263836286766e+03,1.764705882352941e+00,14647383
2.189810486578825e+03,2.186561941099610e+03,5.882352941176471e-01,14647392
2.189861550614162e+03,2.184170135313961e+03,1.764705882352941e+00,14647390
2.189861550614162e+03,2.182546272280767e+03,1.764705882352941e+00,14647388
2.191600724478847e+03,2.188869310742336e+03,5.882352941176471e-01,14647395
2.193390962378868e+03,2.186121171318427e+03,1.764705882352941e+00,14647391
2.195130136243553e+03,2.189673574441621e+03,1.764705882352941e+00,14647396
2.195383862645389e+03,2.193619156763036e+03,5.882352941176471e-01,14647398
2.196354295342113e+03,2.194256547277111e+03,5.882352941176471e-01,14647399
2.197833252719123e+03,2.196068546836770e+03,5.882352941176471e-01,14647400
2.198659548008258e+03,2.192824883577407e+03,1.764705882352941e+00,14647397
2.201614449033874e+03,2.199849743151521e+03,5.882352941176471e-01,14647402
2.201683664256830e+03,2.199918958374477e+03,5.882352941176471e-01,14647403
2.203425298398198e+03,2.201117046944259e+03,5.882352941176471e-01,14647406
2.203425298398198e+03,2.200303894018209e+03,5.882352941176471e-01,14647405
2.203682767741312e+03,2.201707571506865e+03,5.882352941176471e-01,14647408
2.205528221253861e+03,2.203763515371508e+03,5.882352941176471e-01,14647409
2.206954710162903e+03,2.200110246187563e+03,1.764705882352941e+00,14647404
2.206954710162903e+03,2.198388650094253e+03,1.764705882352941e+00,14647401
2.208832155036360e+03,2.205653185077456e+03,5.882352941176471e-01,14647411
2.208832155036360e+03,2.206147809304274e+03,5.882352941176471e-01,14647412
2.208832155036360e+03,2.206448935939492e+03,5.882352941176471e-01,14647413
2.210596860918713e+03,2.205062837065246e+03,1.176470588235294e+00,14647410
2.210596860918713e+03,2.207915478873810e+03,5.882352941176471e-01,14647414
2.214383248539009e+03,2.212618542656656e+03,5.882352941176471e-01,14647417
2.215270892956177e+03,2.213442208156956e+03,5.882352941176471e-01,14647418
2.216119458817176e+03,2.211741481191471e+03,1.176470588235294e+00,14647415
2.217035598838530e+03,2.214511489461579e+03,5.882352941176471e-01,14647419
2.217884164699529e+03,2.212561551448284e+03,1.764705882352941e+00,14647416
2.219882933415590e+03,2.218118227533237e+03,5.882352941176471e-01,14647421
2.221863085024566e+03,2.218737043921365e+03,5.882352941176471e-01,14647423
2.222060504194702e+03,2.216766386547643e+03,1.764705882352941e+00,14647420
2.223627790906919e+03,2.220714177869378e+03,5.882352941176471e-01,14647426
2.226121528494396e+03,2.218441396123171e+03,1.764705882352941e+00,14647422
2.229109202701558e+03,2.226484626950241e+03,5.882352941176471e-01,14647435
2.229253969275389e+03,2.227489263393036e+03,5.882352941176471e-01,14647436
2.230946291870827e+03,2.228280603766145e+03,5.882352941176471e-01,14647439
2.230946291870827e+03,2.228025366765595e+03,5.882352941176471e-01,14647438
2.231515738368398e+03,2.229751032486045e+03,5.882352941176471e-01,14647440
2.233003693891568e+03,2.223123729264678e+03,1.176470588235294e+00,14647428
2.234768399773921e+03,2.223436057006105e+03,1.764705882352941e+00,14647429
2.234768399773921e+03,2.221475276537462e+03,1.764705882352941e+00,14647427
2.236533105656273e+03,2.233083965861550e+03,5.882352941176471e-01,14647443
2.238345622843952e+03,2.234990109947864e+03,5.882352941176471e-01,14647445
2.238361559945728e+03,2.225836940548317e+03,1.764705882352941e+00,14647434
2.238743619300164e+03,2.231815174234271e+03,1.176470588235294e+00,14647441
2.240118297277193e+03,2.237820562682600e+03,5.882352941176471e-01,14647450
2.241215140051699e+03,2.239450434169346e+03,5.882352941176471e-01,14647451
2.241883003159546e+03,2.239805993494276e+03,5.882352941176471e-01,14647453
2.241883003159546e+03,2.239575801755272e+03,5.882352941176471e-01,14647452
2.245412414924252e+03,2.237290371834616e+03,1.764705882352941e+00,14647449
2.246084434897213e+03,2.244319729014860e+03,5.882352941176471e-01,14647455
2.246509257698757e+03,2.240567183172459e+03,1.764705882352941e+00,14647454
2.248595587569949e+03,2.246830881687596e+03,5.882352941176471e-01,14647456
2.248641461259691e+03,2.246876755377338e+03,5.882352941176471e-01,14647457
2.249046581458463e+03,2.247281875576110e+03,5.882352941176471e-01,14647458
2.250621274543197e+03,2.248856568660844e+03,5.882352941176471e-01,14647460
2.251111472098631e+03,2.249346766216278e+03,5.882352941176471e-01,14647461
2.252124999334655e+03,2.250192473220663e+03,5.882352941176471e-01,14647462
2.254150686307903e+03,2.248372431383879e+03,1.764705882352941e+00,14647459
2.255127080095334e+03,2.253362374212981e+03,5.882352941176471e-01,14647463
2.256711591297536e+03,2.254946885415183e+03,5.882352941176471e-01,14647465
2.258316300984703e+03,2.256551595102350e+03,5.882352941176471e-01,14647466
2.259170447393853e+03,2.253876329746794e+03,1.764705882352941e+00,14647464
2.259292469971080e+03,2.257527764088727e+03,5.882352941176471e-01,14647467
2.260081006867056e+03,2.258071115600407e+03,5.882352941176471e-01,14647468
2.264464565040912e+03,2.258448158098488e+03,1.764705882352941e+00,14647469
2.265944535403678e+03,2.264179829521325e+03,5.882352941176471e-01,14647470
2.266506882389542e+03,2.264742176507189e+03,5.882352941176471e-01,14647471
2.270191136766586e+03,2.268426430884234e+03,5.882352941176471e-01,14647474
2.272068981107878e+03,2.270128050355228e+03,5.882352941176471e-01,14647477
2.273833686990231e+03,2.271436270704647e+03,5.882352941176471e-01,14647483
2.275475516653914e+03,2.267880571809914e+03,1.176470588235294e+00,14647473
2.277240222536267e+03,2.267514958434815e+03,1.764705882352941e+00,14647472
2.279004928418620e+03,2.272681719349251e+03,1.764705882352941e+00,14647484
2.281808243154976e+03,2.274355206983861e+03,1.764705882352941e+00,14647485
2.282534340183326e+03,2.275872810180749e+03,1.764705882352941e+00,14647486
2.282646056118325e+03,2.277351938471266e+03,1.764705882352941e+00,14647487
2.283897530076281e+03,2.280044336285992e+03,5.882352941176471e-01,14647488
2.284354904033178e+03,2.282457405232880e+03,5.882352941176471e-01,14647490
2.285662235958634e+03,2.283751050877912e+03,5.882352941176471e-01,14647492
2.287245801692794e+03,2.285481095810441e+03,5.882352941176471e-01,14647493
2.287426941840987e+03,2.285607501537903e+03,5.882352941176471e-01,14647494
2.287884315797884e+03,2.282467478338585e+03,1.764705882352941e+00,14647491
2.292660679438648e+03,2.286253061591751e+03,1.764705882352941e+00,14647496
2.292660679438648e+03,2.285706939512545e+03,1.764705882352941e+00,14647495
2.293178433444943e+03,2.287873074681780e+03,1.764705882352941e+00,14647498
2.294559618702075e+03,2.290571583633079e+03,5.882352941176471e-01,14647500
2.294943139327296e+03,2.292929146200796e+03,5.882352941176471e-01,14647503
2.296324324584428e+03,2.293644212167900e+03,5.882352941176471e-01,14647504
2.297290906624176e+03,2.295526200741823e+03,5.882352941176471e-01,14647505
2.298089030466781e+03,2.290216897202965e+03,1.764705882352941e+00,14647499
2.301331881496677e+03,2.299567175614324e+03,5.882352941176471e-01,14647506
2.302104120214713e+03,2.300339414332360e+03,5.882352941176471e-01,14647507
2.303265707234899e+03,2.301501001352546e+03,5.882352941176471e-01,14647508
2.303408495236757e+03,2.301643789354404e+03,5.882352941176471e-01,14647509
2.307536542007579e+03,2.305771836125226e+03,5.882352941176471e-01,14647510
2.308981526623518e+03,2.307216820741165e+03,5.882352941176471e-01,14647511
2.313753833764953e+03,2.308459716117894e+03,1.764705882352941e+00,14647512
2.313966727942814e+03,2.312202022060461e+03,5.882352941176471e-01,14647513
2.314068458518747e+03,2.312303752636394e+03,5.882352941176471e-01,14647514
2.315518539647306e+03,2.313672836028698e+03,5.882352941176471e-01,14647515
2.315769533860330e+03,2.314004827977977e+03,5.882352941176471e-01,14647516
2.317986982109415e+03,2.314457570344709e+03,1.176470588235294e+00,14647517
2.319018577053386e+03,2.317253871171033e+03,5.882352941176471e-01,14647519
2.319488424105602e+03,2.317260256061404e+03,5.882352941176471e-01,14647520
2.321516393874121e+03,2.315959012340896e+03,1.764705882352941e+00,14647518
2.323176201762119e+03,2.319646789997414e+03,1.176470588235294e+00,14647522
2.324567379099871e+03,2.319273261452812e+03,1.764705882352941e+00,14647521
2.326061306986992e+03,2.322531895222286e+03,1.176470588235294e+00,14647523
2.332703696724517e+03,2.327409579077458e+03,1.764705882352941e+00,14647524
2.332904656256874e+03,2.327610538609815e+03,1.764705882352941e+00,14647525
2.333846337922242e+03,2.330383076927678e+03,5.882352941176471e-01,14647528
2.337375749686948e+03,2.330110585799266e+03,1.764705882352941e+00,14647527
2.337375749686948e+03,2.329694861472909e+03,1.764705882352941e+00,14647526
2.338198773903933e+03,2.332834547457849e+03,1.764705882352941e+00,14647529
2.339140455569301e+03,2.335290884261023e+03,5.882352941176471e-01,14647530
2.340848577805851e+03,2.339083871923498e+03,5.882352941176471e-01,14647531
2.341065156654315e+03,2.339300450771963e+03,5.882352941176471e-01,14647532
2.342852963567726e+03,2.341088257685373e+03,5.882352941176471e-01,14647534
2.344724843849487e+03,2.342960137967134e+03,5.882352941176471e-01,14647535
2.344962292464333e+03,2.339668174817274e+03,1.764705882352941e+00,14647533
2.347337137872402e+03,2.345572431990049e+03,5.882352941176471e-01,14647536
2.349101843754755e+03,2.346681001492448e+03,5.882352941176471e-01,14647539
2.351444928644090e+03,2.346150810997031e+03,1.764705882352941e+00,14647537
2.351663946207171e+03,2.346369828560113e+03,1.764705882352941e+00,14647538
2.351709309791152e+03,2.349944603908799e+03,5.882352941176471e-01,14647540
2.353209634526443e+03,2.351074314492851e+03,5.882352941176471e-01,14647541
2.356543633044414e+03,2.354778927162061e+03,5.882352941176471e-01,14647542
2.358931243988599e+03,2.357166538106246e+03,5.882352941176471e-01,14647544
2.361864512344554e+03,2.356570394697495e+03,1.764705882352941e+00,14647543
2.362460655753305e+03,2.360492036511589e+03,5.882352941176471e-01,14647547
2.363388646056270e+03,2.358094528409211e+03,1.764705882352941e+00,14647545
2.363629218226907e+03,2.358750712154940e+03,1.176470588235294e+00,14647546
2.364225361635658e+03,2.362419668558735e+03,5.882352941176471e-01,14647548
2.365518233685971e+03,2.363753527803618e+03,5.882352941176471e-01,14647550
2.367055273522570e+03,2.364923186025833e+03,5.882352941176471e-01,14647552
2.367282939568324e+03,2.363525861757864e+03,1.176470588235294e+00,14647549
2.370812351333030e+03,2.364786282426213e+03,1.764705882352941e+00,14647551
2.372134563314068e+03,2.365692799342801e+03,1.764705882352941e+00,14647553
2.372349391169629e+03,2.366985174346231e+03,1.764705882352941e+00,14647556
2.375231517511615e+03,2.371702105746909e+03,1.176470588235294e+00,14647557
2.375681379225984e+03,2.373707597316435e+03,5.882352941176471e-01,14647560
2.378431206291115e+03,2.372807365658850e+03,1.764705882352941e+00,14647559
2.378431206291115e+03,2.372151967461278e+03,1.764705882352941e+00,14647558
2.378771835103697e+03,2.377007129221344e+03,5.882352941176471e-01,14647561
2.383001724511714e+03,2.381237018629361e+03,5.882352941176471e-01,14647562
2.383098375413913e+03,2.381333669531560e+03,5.882352941176471e-01,14647563
2.385150042412236e+03,2.383385336529883e+03,5.882352941176471e-01,14647564
2.385725726709266e+03,2.383961020826913e+03,5.882352941176471e-01,14647565
2.389094717401985e+03,2.385565305637279e+03,1.176470588235294e+00,14647566
2.389348541252205e+03,2.387583835369852e+03,5.882352941176471e-01,14647567
2.389550087418620e+03,2.387785381536267e+03,5.882352941176471e-01,14647568
2.390956438822237e+03,2.387794037890717e+03,5.882352941176471e-01,14647569
2.391113247134558e+03,2.389288748477783e+03,5.882352941176471e-01,14647571
2.391314793300973e+03,2.389395795384888e+03,5.882352941176471e-01,14647572
2.392799548860750e+03,2.389916229051502e+03,5.882352941176471e-01,14647574
2.392799548860750e+03,2.389880226953856e+03,5.882352941176471e-01,14647573
2.393137827806712e+03,2.391373121924360e+03,5.882352941176471e-01,14647575
2.394605157175255e+03,2.392840451292902e+03,5.882352941176471e-01,14647576
2.395395057229119e+03,2.393630351346766e+03,5.882352941176471e-01,14647577
2.396877361792023e+03,2.395112655909670e+03,5.882352941176471e-01,14647578
2.398839666599355e+03,2.397074960717002e+03,5.882352941176471e-01,14647579
2.399469062925984e+03,2.397704357043631e+03,5.882352941176471e-01,14647580
2.400194547249746e+03,2.398429841367393e+03,5.882352941176471e-01,14647581
2.402776393534261e+03,2.401011687651908e+03,5.882352941176471e-01,14647583
2.406300870498792e+03,2.401006752851733e+03,1.764705882352941e+00,14647582
2.408129928847586e+03,2.406365222965233e+03,5.882352941176471e-01,14647588
2.410098245658521e+03,2.403420795721538e+03,1.764705882352941e+00,14647585
2.410098245658521e+03,2.402697872137640e+03,1.764705882352941e+00,14647584
2.411659340612292e+03,2.404893660597013e+03,1.764705882352941e+00,14647587
2.411862951540874e+03,2.409832572288820e+03,5.882352941176471e-01,14647590
2.411862951540874e+03,2.409830767626752e+03,5.882352941176471e-01,14647589
2.413586935237511e+03,2.410544497622225e+03,5.882352941176471e-01,14647592
2.415351641119864e+03,2.410482072474853e+03,1.176470588235294e+00,14647591
2.415351641119864e+03,2.412385391033310e+03,5.882352941176471e-01,14647596
2.417116347002217e+03,2.415118488294585e+03,5.882352941176470e-01,14647598
2.417116347002217e+03,2.410632407895775e+03,1.764705882352941e+00,14647593
2.420645758766922e+03,2.414121424910840e+03,1.764705882352941e+00,14647597
2.422410464649275e+03,2.416935225051235e+03,1.764705882352941e+00,14647599
2.422687193491036e+03,2.417393075843977e+03,1.764705882352941e+00,14647600
2.424175170531628e+03,2.421095950774648e+03,5.882352941176471e-01,14647602
2.424707119970080e+03,2.422942414087727e+03,5.882352941176471e-01,14647603
2.425939876413981e+03,2.423260338222409e+03,5.882352941176471e-01,14647604
2.425972090427564e+03,2.420677972780505e+03,1.764705882352941e+00,14647601
2.426471825852433e+03,2.424374000968483e+03,5.882352941176471e-01,14647605
2.429292092242526e+03,2.427527386360173e+03,5.882352941176471e-01,14647608
2.429469288178687e+03,2.424894733454662e+03,1.176470588235294e+00,14647606
2.432445571327317e+03,2.427151453680258e+03,1.764705882352941e+00,14647607
2.432474831199169e+03,2.430710125316816e+03,5.882352941176471e-01,14647609
2.434224907145596e+03,2.432423780549134e+03,5.882352941176471e-01,14647612
2.434224907145596e+03,2.431413593432774e+03,5.882352941176471e-01,14647611
2.435989613027949e+03,2.431218545442398e+03,1.176470588235294e+00,14647610
2.437754318910301e+03,2.435612354115505e+03,5.882352941176471e-01,14647616
2.437754318910301e+03,2.435151539306318e+03,5.882352941176471e-01,14647615
2.438277368971810e+03,2.432796825515534e+03,1.764705882352941e+00,14647613
2.441283730675007e+03,2.439182566429983e+03,5.882352941176470e-01,14647619
2.441283730675007e+03,2.433362235812925e+03,1.764705882352941e+00,14647614
2.444493680169068e+03,2.442164598465155e+03,5.882352941176471e-01,14647624
2.444493680169068e+03,2.441544256979040e+03,5.882352941176471e-01,14647623
2.445022089670966e+03,2.443257383788613e+03,5.882352941176471e-01,14647625
2.447879166892046e+03,2.438801197399162e+03,1.764705882352941e+00,14647618
2.447879166892046e+03,2.437275668461097e+03,1.764705882352941e+00,14647617
2.449279748994824e+03,2.440644806133718e+03,1.764705882352941e+00,14647620
2.451287204063560e+03,2.448618437455377e+03,5.882352941176471e-01,14647629
2.453051909945913e+03,2.450259665191843e+03,5.882352941176471e-01,14647631
2.455235453482022e+03,2.448328394184555e+03,1.764705882352941e+00,14647628
2.455235453482022e+03,2.447334309393032e+03,1.764705882352941e+00,14647627
2.458346027592972e+03,2.452543717024827e+03,1.764705882352941e+00,14647632
2.458370611425652e+03,2.456605905543299e+03,5.882352941176471e-01,14647634
2.461886186488980e+03,2.458915733169052e+03,5.882352941176471e-01,14647637
2.461889768866080e+03,2.456595651219022e+03,1.764705882352941e+00,14647633
2.462796930111628e+03,2.457151388833503e+03,1.176470588235294e+00,14647635
2.464561635993981e+03,2.458413556087218e+03,1.764705882352941e+00,14647636
2.465666326996812e+03,2.463901621114459e+03,5.882352941176471e-01,14647642
2.468315585110034e+03,2.463021467462975e+03,1.764705882352941e+00,14647641
2.470534812109422e+03,2.468770106227069e+03,5.882352941176471e-01,14647645
2.472905239337065e+03,2.467611121690006e+03,1.764705882352941e+00,14647643
2.473434380717600e+03,2.468140263070541e+03,1.764705882352941e+00,14647644
2.474263442858293e+03,2.471336644788455e+03,5.882352941176471e-01,14647647
2.474669945219418e+03,2.472697955960105e+03,5.882352941176471e-01,14647649
2.475199086599953e+03,2.470514713824915e+03,1.176470588235294e+00,14647646
2.476902677732245e+03,2.475137971849892e+03,5.882352941176471e-01,14647651
2.477483110622273e+03,2.475718404739920e+03,5.882352941176471e-01,14647652
2.479380328953103e+03,2.477615623070750e+03,5.882352941176471e-01,14647654
2.480230814216923e+03,2.474936696569864e+03,1.764705882352941e+00,14647650
2.481193834557061e+03,2.479429128674708e+03,5.882352941176471e-01,14647655
2.482165493306731e+03,2.480400787424378e+03,5.882352941176471e-01,14647656
2.482363157297348e+03,2.477069039650290e+03,1.764705882352941e+00,14647653
2.487344052280433e+03,2.484622121983373e+03,5.882352941176471e-01,14647660
2.487506708037125e+03,2.482212590390066e+03,1.764705882352941e+00,14647657
2.488410869477697e+03,2.485609816988008e+03,5.882352941176471e-01,14647664
2.489108758162786e+03,2.487026348736769e+03,5.882352941176471e-01,14647666
2.489723494639764e+03,2.483723228745941e+03,1.176470588235294e+00,14647658
2.490873464045139e+03,2.489052014876037e+03,5.882352941176471e-01,14647667
2.491488200522117e+03,2.484501272571565e+03,1.764705882352941e+00,14647659
2.491677285126347e+03,2.489912579243994e+03,5.882352941176471e-01,14647668
2.493378962807290e+03,2.491041808734744e+03,5.882352941176471e-01,14647671
2.496167581692197e+03,2.490701831196004e+03,1.764705882352941e+00,14647669
2.496259839452842e+03,2.494495133570489e+03,5.882352941176471e-01,14647673
2.496908374571996e+03,2.490994875765573e+03,1.764705882352941e+00,14647670
2.498673080454349e+03,2.496743776970790e+03,5.882352941176471e-01,14647676
2.500074814664825e+03,2.495056858404962e+03,1.176470588235294e+00,14647674
2.502202492219055e+03,2.498470733188531e+03,1.176470588235294e+00,14647678
2.503604226429531e+03,2.497264917755875e+03,1.764705882352941e+00,14647677
2.505180021707923e+03,2.503161022656422e+03,5.882352941176471e-01,14647682
2.505731903983761e+03,2.503714885727235e+03,5.882352941176471e-01,14647684
2.508368621113161e+03,2.499147894574126e+03,1.176470588235294e+00,14647679
2.508709433472629e+03,2.506894585646490e+03,5.882352941176471e-01,14647687
2.510813924294262e+03,2.504599579573649e+03,1.764705882352941e+00,14647685
2.512125241117512e+03,2.508036166457522e+03,1.176470588235294e+00,14647689
2.513076610945655e+03,2.511311905063303e+03,5.882352941176471e-01,14647691
2.513889946999865e+03,2.507624297468836e+03,1.764705882352941e+00,14647688
2.514557340203484e+03,2.512792634321131e+03,5.882352941176471e-01,14647692
2.515196614546893e+03,2.513431908664540e+03,5.882352941176471e-01,14647693
2.521024679712358e+03,2.517495267947652e+03,1.176470588235294e+00,14647695
2.522597519915261e+03,2.517303402268202e+03,1.764705882352941e+00,14647694
2.522760749399378e+03,2.520996043517025e+03,5.882352941176471e-01,14647696
2.522817897626125e+03,2.521053191743772e+03,5.882352941176471e-01,14647697
2.524443840539672e+03,2.521123442861963e+03,5.882352941176471e-01,14647698
2.526456930093269e+03,2.523981580567133e+03,5.882352941176471e-01,14647703
2.528662812446210e+03,2.522171635947984e+03,1.176470588235294e+00,14647699
2.528662812446210e+03,2.523175901999806e+03,1.176470588235294e+00,14647700
2.528662812446210e+03,2.523581988078382e+03,1.176470588235294e+00,14647701
2.533956930093269e+03,2.528555783423750e+03,1.764705882352941e+00,14647705
2.534199212103184e+03,2.532361183613110e+03,5.882352941176471e-01,14647709
2.534199212103184e+03,2.531516148374657e+03,5.882352941176471e-01,14647708
2.537486341857975e+03,2.534974221531362e+03,5.882352941176471e-01,14647712
2.537922376224935e+03,2.533522075342137e+03,1.176470588235294e+00,14647710
2.538116128581979e+03,2.530626010868916e+03,1.764705882352941e+00,14647706
2.539469064923808e+03,2.536419183915279e+03,5.882352941176471e-01,14647713
2.539939840751589e+03,2.538175134869236e+03,5.882352941176471e-01,14647715
2.541233770806161e+03,2.539147221259208e+03,5.882352941176471e-01,14647717
2.543233864602404e+03,2.537326320450261e+03,1.176470588235294e+00,14647714
2.544880876527812e+03,2.542424280090300e+03,5.882352941176471e-01,14647721
2.544998570484757e+03,2.538957189826492e+03,1.764705882352941e+00,14647716
2.546645582410165e+03,2.544481671077367e+03,5.882352941176471e-01,14647722
2.546724045048128e+03,2.539886407310180e+03,1.176470588235294e+00,14647718
2.548475673824154e+03,2.545107886454350e+03,5.882352941176471e-01,14647723
2.548475673824154e+03,2.545231713185131e+03,5.882352941176471e-01,14647724
2.548488750930481e+03,2.540419247188142e+03,1.764705882352941e+00,14647719
2.550240379706507e+03,2.548031207600190e+03,5.882352941176471e-01,14647730
2.551328714139387e+03,2.549564008257034e+03,5.882352941176471e-01,14647731
2.553769791471213e+03,2.547574874753650e+03,1.764705882352941e+00,14647729
2.554135804115717e+03,2.550606392351011e+03,1.176470588235294e+00,14647732
2.556609329285936e+03,2.554844623403583e+03,5.882352941176471e-01,14647736
2.557299203235919e+03,2.555126991249381e+03,5.882352941176471e-01,14647737
2.557671635457493e+03,2.555559538019063e+03,5.882352941176471e-01,14647738
2.558374035168289e+03,2.556410487721855e+03,5.882352941176471e-01,14647739
2.559443830477644e+03,2.557679124595291e+03,5.882352941176471e-01,14647741
2.560138741050642e+03,2.558257843008214e+03,5.882352941176471e-01,14647742
2.561225330524881e+03,2.559460624642528e+03,5.882352941176471e-01,14647744
2.561903446932995e+03,2.559771369191006e+03,5.882352941176471e-01,14647745
2.562593320882977e+03,2.560710415469157e+03,5.882352941176471e-01,14647746
2.563556464596129e+03,2.552992512604694e+03,1.176470588235294e+00,14647733
2.564754742289587e+03,2.562691672161937e+03,5.882352941176471e-01,14647749
2.568218034800250e+03,2.554142223692787e+03,1.764705882352941e+00,14647735
2.568218034800250e+03,2.553350244816576e+03,1.764705882352941e+00,14647734
2.569211656068558e+03,2.565872712403735e+03,5.882352941176471e-01,14647752
2.569991355849323e+03,2.568226649966970e+03,5.882352941176471e-01,14647755
2.571361904257934e+03,2.568567346920000e+03,5.882352941176471e-01,14647756
2.572039184312286e+03,2.563551358755429e+03,1.176470588235294e+00,14647750
2.573126610140287e+03,2.570566216177263e+03,5.882352941176471e-01,14647758
2.573465250167463e+03,2.567808024011576e+03,1.176470588235294e+00,14647754
2.575027628228909e+03,2.572698292719506e+03,5.882352941176471e-01,14647759
2.575229956049816e+03,2.573399234552826e+03,5.882352941176470e-01,14647761
2.575229956049816e+03,2.568962813957679e+03,1.764705882352941e+00,14647757
2.580274714954271e+03,2.578510009071918e+03,5.882352941176471e-01,14647763
2.582173291107324e+03,2.576879173460266e+03,1.764705882352941e+00,14647762
2.585940199545693e+03,2.584175493663340e+03,5.882352941176471e-01,14647764
2.587066322700526e+03,2.585301616818173e+03,5.882352941176471e-01,14647765
2.589101261445862e+03,2.587336555563509e+03,5.882352941176471e-01,14647766
2.590366881992286e+03,2.588602176109933e+03,5.882352941176471e-01,14647767
2.592062032754649e+03,2.590297326872296e+03,5.882352941176471e-01,14647769
2.592274365417493e+03,2.590509659535140e+03,5.882352941176471e-01,14647770
2.592789586077219e+03,2.590762751730026e+03,5.882352941176471e-01,14647771
2.594384873893325e+03,2.592620168010972e+03,5.882352941176471e-01,14647772
2.595017473643424e+03,2.593252767761071e+03,5.882352941176471e-01,14647773
2.595591444519355e+03,2.589260174312514e+03,1.764705882352941e+00,14647768
2.598329616128408e+03,2.596564910246055e+03,5.882352941176471e-01,14647777
2.600227163533933e+03,2.593689767208552e+03,1.764705882352941e+00,14647774
2.601874131775087e+03,2.599758791732354e+03,5.882352941176471e-01,14647781
2.603638837657440e+03,2.601460649686287e+03,5.882352941176471e-01,14647782
2.603717329418239e+03,2.596847995663635e+03,1.764705882352941e+00,14647779
2.603717329418239e+03,2.596595118010001e+03,1.764705882352941e+00,14647778
2.606215262836245e+03,2.604450556953892e+03,5.882352941176471e-01,14647783
2.607659464468355e+03,2.605894758586003e+03,5.882352941176471e-01,14647784
2.609802963523642e+03,2.608038257641289e+03,5.882352941176471e-01,14647785
2.611716380057079e+03,2.609951674174726e+03,5.882352941176471e-01,14647786
2.615521840776744e+03,2.610227723129685e+03,1.764705882352941e+00,14647787
2.616511835276243e+03,2.611217717629185e+03,1.764705882352941e+00,14647788
2.617141595174036e+03,2.615376889291683e+03,5.882352941176471e-01,14647789
2.620823299679252e+03,2.615529182032193e+03,1.764705882352941e+00,14647790
2.621287495088950e+03,2.619522789206598e+03,5.882352941176471e-01,14647791
2.625259321296472e+03,2.619965203649413e+03,1.764705882352941e+00,14647792
2.625583908642864e+03,2.623819202760511e+03,5.882352941176471e-01,14647793
2.633028281857934e+03,2.631263575975581e+03,5.882352941176471e-01,14647795
2.633396998573377e+03,2.628102880926318e+03,1.764705882352941e+00,14647794
2.639697014993379e+03,2.634402897346320e+03,1.764705882352941e+00,14647796
2.639953980220002e+03,2.638189274337650e+03,5.882352941176471e-01,14647797
2.644417738357080e+03,2.642653032474727e+03,5.882352941176471e-01,14647800
2.645419952313490e+03,2.640125834666431e+03,1.764705882352941e+00,14647798
2.645527327693769e+03,2.640233210046710e+03,1.764705882352941e+00,14647799
2.647256241782696e+03,2.645310750265280e+03,5.882352941176471e-01,14647804
2.648715647518547e+03,2.646001174645883e+03,5.882352941176471e-01,14647807
2.648715647518547e+03,2.646251158275948e+03,5.882352941176471e-01,14647808
2.650480353400900e+03,2.647271837887019e+03,5.882352941176471e-01,14647809
2.650480353400900e+03,2.647356647905683e+03,5.882352941176471e-01,14647810
2.653127412224429e+03,2.643165677944038e+03,1.176470588235294e+00,14647801
2.653127412224429e+03,2.644733532564596e+03,1.176470588235294e+00,14647803
2.654892118106782e+03,2.653025136226830e+03,5.882352941176470e-01,14647814
2.654892118106782e+03,2.645781057230319e+03,1.764705882352941e+00,14647806
2.656656823989135e+03,2.654535282136950e+03,5.882352941176471e-01,14647815
2.658421529871488e+03,2.655290510733782e+03,5.882352941176469e-01,14647816
2.658421529871488e+03,2.652574258439124e+03,1.764705882352941e+00,14647813
2.658421529871488e+03,2.649940399160597e+03,1.764705882352941e+00,14647812
2.660186235753841e+03,2.657775709994520e+03,5.882352941176471e-01,14647819
2.661950941636194e+03,2.657367083178531e+03,1.176470588235294e+00,14647818
2.662496205872269e+03,2.660731499989916e+03,5.882352941176471e-01,14647820
2.667696735872664e+03,2.664167324107958e+03,1.176470588235294e+00,14647821
2.668667579946527e+03,2.666902874064174e+03,5.882352941176471e-01,14647823
2.669701440084110e+03,2.666988322961273e+03,5.882352941176471e-01,14647824
2.669941438413203e+03,2.664647320766144e+03,1.764705882352941e+00,14647822
2.670491510560547e+03,2.668726804678194e+03,5.882352941176471e-01,14647826
2.672375358979574e+03,2.669974902054159e+03,5.882352941176471e-01,14647829
2.673476586939348e+03,2.671652038587789e+03,5.882352941176471e-01,14647833
2.674525228044816e+03,2.668970335626578e+03,1.176470588235294e+00,14647827
2.676437597574632e+03,2.674672891692279e+03,5.882352941176471e-01,14647835
2.676853209924185e+03,2.673145685345353e+03,1.176470588235294e+00,14647834
2.677005998704054e+03,2.670729795633895e+03,1.764705882352941e+00,14647831
2.680202383586163e+03,2.678437677703810e+03,5.882352941176471e-01,14647838
2.680382621688890e+03,2.678580262616700e+03,5.882352941176471e-01,14647839
2.681731715221691e+03,2.675965237575322e+03,1.764705882352941e+00,14647836
2.683496421104044e+03,2.681338535599398e+03,5.882352941176471e-01,14647841
2.683912033453596e+03,2.676524042818546e+03,1.764705882352941e+00,14647837
2.685418043150947e+03,2.683005529283276e+03,5.882352941176471e-01,14647842
2.685496501233222e+03,2.679361945839750e+03,1.764705882352941e+00,14647840
2.689745513776291e+03,2.684451396129233e+03,1.764705882352941e+00,14647845
2.691657772821380e+03,2.688128361056674e+03,1.176470588235294e+00,14647846
2.693090611977412e+03,2.691325906095059e+03,5.882352941176471e-01,14647847
2.695054090743416e+03,2.693289384861063e+03,5.882352941176471e-01,14647848
2.697061243134299e+03,2.695296537251946e+03,5.882352941176471e-01,14647850
2.699243777365686e+03,2.693949659718627e+03,1.764705882352941e+00,14647849
2.700102198991636e+03,2.698337493109283e+03,5.882352941176471e-01,14647851
2.700730666330255e+03,2.698965960447902e+03,5.882352941176471e-01,14647852
2.701928030873773e+03,2.700163324991420e+03,5.882352941176471e-01,14647853
2.702212828927099e+03,2.700448123044746e+03,5.882352941176471e-01,14647854
2.705495254007312e+03,2.703730548124959e+03,5.882352941176471e-01,14647856
2.707500100574603e+03,2.702205982927544e+03,1.764705882352941e+00,14647855
2.708974675172785e+03,2.706114574161062e+03,5.882352941176471e-01,14647859
2.710868084731431e+03,2.708155634813050e+03,5.882352941176471e-01,14647860
2.710996788407724e+03,2.705669946829081e+03,1.764705882352941e+00,14647858
2.710996788407724e+03,2.705445263408079e+03,1.764705882352941e+00,14647857
2.716162202378490e+03,2.709620228608402e+03,1.764705882352941e+00,14647862
2.716342133469282e+03,2.714577427586929e+03,5.882352941176471e-01,14647864
2.717926908260843e+03,2.715630144046714e+03,5.882352941176471e-01,14647865
2.718098989970818e+03,2.716334284088465e+03,5.882352941176471e-01,14647866
2.719735493750846e+03,2.714433526722970e+03,1.764705882352941e+00,14647863
2.720662855900406e+03,2.718045896125380e+03,5.882352941176471e-01,14647870
2.720662855900406e+03,2.717938300105030e+03,5.882352941176471e-01,14647869
2.722536234058746e+03,2.720771528176393e+03,5.882352941176471e-01,14647871
2.723264905515552e+03,2.716670635424949e+03,1.764705882352941e+00,14647867
2.725813898620589e+03,2.724049192738236e+03,5.882352941176471e-01,14647873
2.726157535106083e+03,2.724392829223731e+03,5.882352941176471e-01,14647874
2.727578604502942e+03,2.724819699640389e+03,5.882352941176471e-01,14647876
2.727922240988436e+03,2.722823842694358e+03,1.176470588235294e+00,14647872
2.729686946870789e+03,2.727579728738473e+03,5.882352941176471e-01,14647880
2.729882666223770e+03,2.724514054830668e+03,1.764705882352941e+00,14647875
2.731190029933230e+03,2.728076289926031e+03,5.882352941176471e-01,14647881
2.731647372106123e+03,2.729863568959935e+03,5.882352941176471e-01,14647888
2.732954735815583e+03,2.730562716686296e+03,5.882352941176471e-01,14647889
2.733314218311986e+03,2.729441576885923e+03,1.176470588235294e+00,14647887
2.733314218311986e+03,2.727001569603683e+03,1.176470588235294e+00,14647877
2.734852897028423e+03,2.732654964395303e+03,5.882352941176471e-01,14647890
2.735078924194339e+03,2.733226908308202e+03,5.882352941176471e-01,14647893
2.735078924194339e+03,2.733221646476557e+03,5.882352941176471e-01,14647892
2.736730616493734e+03,2.734594534447320e+03,5.882352941176471e-01,14647895
2.736730616493734e+03,2.734121313621771e+03,5.882352941176471e-01,14647894
2.738272152286220e+03,2.736507446403867e+03,5.882352941176471e-01,14647896
2.738495322376087e+03,2.736682254408073e+03,5.882352941176471e-01,14647897
2.738854974037815e+03,2.737090268155462e+03,5.882352941176471e-01,14647898
2.741846490530103e+03,2.740081784647750e+03,5.882352941176471e-01,14647899
2.742261042258330e+03,2.740496336375977e+03,5.882352941176471e-01,14647900
2.742584413179269e+03,2.740819707296916e+03,5.882352941176471e-01,14647901
2.744084760977986e+03,2.742320055095633e+03,5.882352941176471e-01,14647903
2.745897513228587e+03,2.744132807346234e+03,5.882352941176471e-01,14647905
2.747044263270721e+03,2.744707587622804e+03,5.882352941176471e-01,14647906
2.747509108976436e+03,2.742214991329377e+03,1.764705882352941e+00,14647902
2.747662219110940e+03,2.745329396871993e+03,5.882352941176471e-01,14647907
2.750806097888284e+03,2.746643252842413e+03,1.176470588235294e+00,14647909
2.751191630875646e+03,2.743514851506015e+03,1.764705882352941e+00,14647904
2.752570803770637e+03,2.746213158022649e+03,1.764705882352941e+00,14647908
2.752763570264318e+03,2.750266437810126e+03,5.882352941176471e-01,14647911
2.752763570264318e+03,2.749358495781030e+03,5.882352941176471e-01,14647910
2.754431892899830e+03,2.752533704992616e+03,5.882352941176471e-01,14647913
2.755303961357394e+03,2.753539255475041e+03,5.882352941176471e-01,14647914
2.756196598782183e+03,2.754362189962963e+03,5.882352941176471e-01,14647916
2.757961304664536e+03,2.754327717658393e+03,1.176470588235294e+00,14647915
2.757961304664536e+03,2.756069503289683e+03,5.882352941176471e-01,14647917
2.758833373122100e+03,2.751348116636740e+03,1.764705882352941e+00,14647912
2.762462236603518e+03,2.760697530721165e+03,5.882352941176471e-01,14647918
2.765329982172883e+03,2.763565276290530e+03,5.882352941176471e-01,14647919
2.766085567210052e+03,2.764320861327699e+03,5.882352941176471e-01,14647920
2.769643772910742e+03,2.764349655263683e+03,1.764705882352941e+00,14647921
2.778352823782206e+03,2.773058706135147e+03,1.764705882352941e+00,14647922
2.779295372330034e+03,2.774001254682975e+03,1.764705882352941e+00,14647923
2.779707885501540e+03,2.776545479064697e+03,5.882352941176471e-01,14647925
2.780117529664559e+03,2.778132204320784e+03,5.882352941176471e-01,14647927
2.781060078212387e+03,2.778576987776472e+03,5.882352941176471e-01,14647928
2.783051622494348e+03,2.781286916611995e+03,5.882352941176471e-01,14647930
2.783237297266246e+03,2.775989449035237e+03,1.764705882352941e+00,14647924
2.786064119150130e+03,2.780770001503071e+03,1.764705882352941e+00,14647929
2.787563356828238e+03,2.785798650945885e+03,5.882352941176471e-01,14647931
2.788471163217019e+03,2.786706457334666e+03,5.882352941176471e-01,14647932
2.790689350871314e+03,2.788924644988961e+03,5.882352941176471e-01,14647934
2.790733246403594e+03,2.787203834638889e+03,1.176470588235294e+00,14647933
2.792051595758400e+03,2.790286889876047e+03,5.882352941176471e-01,14647935
2.792454056753667e+03,2.790459179707126e+03,5.882352941176471e-01,14647936
2.792497952285947e+03,2.790720285936408e+03,5.882352941176471e-01,14647937
2.797546943903092e+03,2.791752306370523e+03,1.764705882352941e+00,14647939
2.797546943903092e+03,2.791459895310740e+03,1.764705882352941e+00,14647938
2.799441124049585e+03,2.794147006402526e+03,1.764705882352941e+00,14647940
2.801076355667798e+03,2.797377457908482e+03,1.176470588235294e+00,14647942
2.801383158115721e+03,2.799618452233368e+03,5.882352941176471e-01,14647943
2.802841061550151e+03,2.796518854258642e+03,1.764705882352941e+00,14647941
2.807169949563292e+03,2.803640537798586e+03,1.176470588235294e+00,14647944
2.809159157608950e+03,2.807394451726598e+03,5.882352941176471e-01,14647946
2.809304202208154e+03,2.804010084561096e+03,1.764705882352941e+00,14647945
2.810305560299286e+03,2.808540854416933e+03,5.882352941176471e-01,14647947
2.810996385790905e+03,2.809009929639905e+03,5.882352941176471e-01,14647949
2.810996385790905e+03,2.808944024435577e+03,5.882352941176471e-01,14647948
2.813585591064323e+03,2.811820885181970e+03,5.882352941176471e-01,14647951
2.817263813091343e+03,2.815499107208990e+03,5.882352941176471e-01,14647958
2.818454788076663e+03,2.810967141406436e+03,1.764705882352941e+00,14647950
2.819023554336441e+03,2.815832959447786e+03,5.882352941176471e-01,14647959
2.822261136015375e+03,2.813192950727433e+03,1.764705882352941e+00,14647955
2.822261136015375e+03,2.812933555093127e+03,1.764705882352941e+00,14647954
2.823040928585912e+03,2.815139787882365e+03,1.764705882352941e+00,14647957
2.825191479632732e+03,2.823426773750379e+03,5.882352941176471e-01,14647963
2.825790547780080e+03,2.819999479305972e+03,1.176470588235294e+00,14647962
2.831873270709496e+03,2.826572749559464e+03,1.764705882352941e+00,14647965
2.831873270709496e+03,2.824965700367624e+03,1.764705882352941e+00,14647964
2.832286833421752e+03,2.826585556565411e+03,1.764705882352941e+00,14647966
2.833933378529175e+03,2.829019731181762e+03,5.882352941176471e-01,14647968
2.833933378529175e+03,2.829534206000187e+03,5.882352941176471e-01,14647970
2.837462790293880e+03,2.833696148388520e+03,1.176470588235294e+00,14647976
2.837462790293880e+03,2.829057865119401e+03,1.764705882352941e+00,14647969
2.839227496176233e+03,2.833176658848445e+03,1.764705882352941e+00,14647975
2.839506209698239e+03,2.837741503815886e+03,5.882352941176471e-01,14647978
2.841085106565921e+03,2.837973097095224e+03,5.882352941176471e-01,14647979
2.842849812448274e+03,2.840714159913754e+03,5.882352941176471e-01,14647982
2.844772364744082e+03,2.838108827256624e+03,1.764705882352941e+00,14647980
2.844772364744082e+03,2.836098010500458e+03,1.764705882352941e+00,14647977
2.846379224212980e+03,2.843967677408592e+03,5.882352941176471e-01,14647984
2.847900355138862e+03,2.846135649256509e+03,5.882352941176471e-01,14647985
2.848301776508788e+03,2.841558645806286e+03,1.764705882352941e+00,14647983
2.849338503795437e+03,2.847573797913084e+03,5.882352941176471e-01,14647986
2.850662731890256e+03,2.848898026007903e+03,5.882352941176471e-01,14647987
2.851602763999243e+03,2.849838058116890e+03,5.882352941176471e-01,14647988
2.855756162929614e+03,2.853991457047262e+03,5.882352941176471e-01,14647989
2.856663448539950e+03,2.854898742657598e+03,5.882352941176471e-01,14647990
2.861148359921417e+03,2.859383654039064e+03,5.882352941176471e-01,14647991
2.862217532231438e+03,2.860452826349085e+03,5.882352941176471e-01,14647993
2.862940443145050e+03,2.861175737262697e+03,5.882352941176471e-01,14647994
2.865608137388618e+03,2.860314019741560e+03,1.764705882352941e+00,14647992
2.866082083148286e+03,2.864317377265934e+03,5.882352941176471e-01,14647996
2.868375606681960e+03,2.866544842437340e+03,5.882352941176471e-01,14647999
2.869484494059225e+03,2.863081489034901e+03,1.764705882352941e+00,14647995
2.870370306070823e+03,2.868605600188470e+03,5.882352941176471e-01,14648000
2.871139227915511e+03,2.864591741682262e+03,1.764705882352941e+00,14647997
2.872963386034121e+03,2.871198680151768e+03,5.882352941176471e-01,14648001
2.875310668169551e+03,2.873545962287198e+03,5.882352941176471e-01,14648002
2.877314430989892e+03,2.875549725107539e+03,5.882352941176471e-01,14648005
2.879228627706717e+03,2.873934510059658e+03,1.764705882352941e+00,14648003
2.879306920423851e+03,2.874012802776792e+03,1.764705882352941e+00,14648004
2.879600995451404e+03,2.877836289569051e+03,5.882352941176471e-01,14648006
2.882271870062249e+03,2.880507164179896e+03,5.882352941176471e-01,14648007
2.883561688807396e+03,2.881796982925043e+03,5.882352941176471e-01,14648008
2.886719950142305e+03,2.884955244259952e+03,5.882352941176471e-01,14648010
2.887688300431411e+03,2.884158888666705e+03,1.176470588235294e+00,14648009
2.887932046776180e+03,2.886167340893827e+03,5.882352941176471e-01,14648011
2.888889574684992e+03,2.886557356331612e+03,5.882352941176471e-01,14648012
2.891217712196117e+03,2.887529787462974e+03,1.176470588235294e+00,14648014
2.893049997277226e+03,2.891285291394873e+03,5.882352941176471e-01,14648015
2.896307202501460e+03,2.894542496619107e+03,5.882352941176471e-01,14648017
2.898171120136219e+03,2.892877002489160e+03,1.764705882352941e+00,14648016
2.901669489857925e+03,2.899904783975572e+03,5.882352941176471e-01,14648018
2.907342683539042e+03,2.905577977656689e+03,5.882352941176471e-01,14648021
2.907468553940921e+03,2.902174436293863e+03,1.764705882352941e+00,14648019
2.909107389421395e+03,2.906779164084848e+03,5.882352941176471e-01,14648024
2.910084650796333e+03,2.906080154324592e+03,1.176470588235294e+00,14648022
2.910997965705627e+03,2.904566608096052e+03,1.764705882352941e+00,14648020
2.914401507068454e+03,2.908626053803148e+03,1.764705882352941e+00,14648025
2.915782541042237e+03,2.914017835159884e+03,5.882352941176471e-01,14648027
2.917201381039547e+03,2.913671969274841e+03,1.176470588235294e+00,14648026
2.917344153882383e+03,2.915579448000030e+03,5.882352941176471e-01,14648028
2.919108859764736e+03,2.917221320333584e+03,5.882352941176471e-01,14648031
2.920103830662867e+03,2.917917803098798e+03,5.882352941176471e-01,14648032
2.922711010981212e+03,2.920946305098859e+03,5.882352941176471e-01,14648035
2.922955218374202e+03,2.916574418898161e+03,1.764705882352941e+00,14648029
2.925332170268334e+03,2.919115821174915e+03,1.764705882352941e+00,14648033
2.926401788037778e+03,2.923116675333165e+03,5.882352941176471e-01,14648037
2.926480311228507e+03,2.919892487707272e+03,1.764705882352941e+00,14648034
2.927096876150687e+03,2.922715329891613e+03,1.176470588235294e+00,14648036
2.928166493920131e+03,2.925627589177072e+03,5.882352941176471e-01,14648040
2.929171882568957e+03,2.927407176686604e+03,5.882352941176471e-01,14648042
2.930377596608252e+03,2.927880986000787e+03,5.882352941176471e-01,14648044
2.932142302490605e+03,2.927727523792834e+03,1.176470588235294e+00,14648043
2.932587446617540e+03,2.930822740735187e+03,5.882352941176471e-01,14648046
2.932701294333663e+03,2.927071383246430e+03,1.764705882352941e+00,14648041
2.935671714255311e+03,2.931051955307705e+03,1.176470588235294e+00,14648047
2.936179152661054e+03,2.934414446778701e+03,5.882352941176471e-01,14648048
2.936411557243957e+03,2.934646851361604e+03,5.882352941176471e-01,14648049
2.938059561402248e+03,2.936294855519895e+03,5.882352941176471e-01,14648050
2.939729503470004e+03,2.937964797587651e+03,5.882352941176471e-01,14648052
2.942670832357054e+03,2.940906126474701e+03,5.882352941176471e-01,14648054
2.942863923350157e+03,2.937569805703098e+03,1.764705882352941e+00,14648051
2.944920380205080e+03,2.939626262558021e+03,1.764705882352941e+00,14648053
2.948144829354857e+03,2.946028666320025e+03,5.882352941176471e-01,14648060
2.948333146352125e+03,2.946560002823248e+03,5.882352941176471e-01,14648062
2.950562433488839e+03,2.948797727606486e+03,5.882352941176471e-01,14648068
2.953545814313090e+03,2.943039028705067e+03,1.764705882352941e+00,14648056
2.953545814313090e+03,2.942013322147216e+03,1.764705882352941e+00,14648055
2.954350500610376e+03,2.946734161205257e+03,1.764705882352941e+00,14648064
2.955310520195443e+03,2.951079744202501e+03,5.882352941176471e-01,14648069
2.956556633447087e+03,2.954791927564734e+03,5.882352941176471e-01,14648071
2.958839931960148e+03,2.953220336284496e+03,1.764705882352941e+00,14648070
2.960013839300801e+03,2.958249133418448e+03,5.882352941176471e-01,14648073
2.960660207325421e+03,2.958494118441086e+03,5.882352941176471e-01,14648074
2.962068331731375e+03,2.959307448128341e+03,5.882352941176471e-01,14648076
2.964000670950512e+03,2.957186365043635e+03,1.176470588235294e+00,14648072
2.964352327329940e+03,2.962587621447587e+03,5.882352941176471e-01,14648080
2.965765376832865e+03,2.958801695515709e+03,1.764705882352941e+00,14648075
2.965870508304088e+03,2.960593412397243e+03,1.176470588235294e+00,14648078
2.967530082715218e+03,2.965680401128041e+03,5.882352941176471e-01,14648081
2.967635214186440e+03,2.960681522128251e+03,1.764705882352941e+00,14648079
2.972640551681404e+03,2.969111139916699e+03,1.176470588235294e+00,14648082
2.974619617308728e+03,2.972854911426375e+03,5.882352941176471e-01,14648084
2.974650199661757e+03,2.972885493779404e+03,5.882352941176471e-01,14648085
2.974887238751128e+03,2.971357826986423e+03,1.176470588235294e+00,14648083
2.976534851510587e+03,2.974770145628234e+03,5.882352941176471e-01,14648086
2.976842725755139e+03,2.975078019872786e+03,5.882352941176471e-01,14648087
2.977846658644878e+03,2.976081952762525e+03,5.882352941176471e-01,14648088
2.980463908492246e+03,2.978699202609893e+03,5.882352941176471e-01,14648089
2.980761127015159e+03,2.978996421132806e+03,5.882352941176471e-01,14648090
2.982137272346142e+03,2.980372566463789e+03,5.882352941176471e-01,14648091
2.982896418728853e+03,2.981131712846500e+03,5.882352941176471e-01,14648092
2.985004356897392e+03,2.983239651015039e+03,5.882352941176471e-01,14648093
2.989298487400043e+03,2.987533781517690e+03,5.882352941176471e-01,14648095
2.989494340771181e+03,2.984200223124123e+03,1.764705882352941e+00,14648094
2.990481595711637e+03,2.988716889829285e+03,5.882352941176471e-01,14648096
2.992966380090339e+03,2.991201674207986e+03,5.882352941176471e-01,14648098
2.994883236789080e+03,2.989589119142021e+03,1.764705882352941e+00,14648097
2.995317596711657e+03,2.993552890829304e+03,5.882352941176471e-01,14648099
2.995402918058671e+03,2.993638212176318e+03,5.882352941176471e-01,14648100
2.996937515953151e+03,2.994053447601150e+03,5.882352941176471e-01,14648102
2.996937515953151e+03,2.993745091055331e+03,5.882352941176471e-01,14648101
2.999327275615020e+03,2.995797863850314e+03,1.176470588235294e+00,14648104
2.999474802084768e+03,2.997710096202415e+03,5.882352941176471e-01,14648105
3.003610723075749e+03,3.001846017193396e+03,5.882352941176471e-01,14648106
3.003651730051272e+03,3.001887024168919e+03,5.882352941176471e-01,14648107
3.004586119074558e+03,3.002821413192205e+03,5.882352941176471e-01,14648108
3.005677382794272e+03,3.003912676911919e+03,5.882352941176471e-01,14648109
3.011520439191022e+03,3.009755733308669e+03,5.882352941176471e-01,14648112
3.011648567320783e+03,3.006354449673724e+03,1.764705882352941e+00,14648110
3.012030168691969e+03,3.010265462809616e+03,5.882352941176471e-01,14648113
3.013794874574322e+03,3.011720572219073e+03,5.882352941176471e-01,14648115
3.015049850955728e+03,3.012483531589306e+03,5.882352941176471e-01,14648116
3.015056496309542e+03,3.008379274151316e+03,1.764705882352941e+00,14648111
3.015559580456675e+03,3.013340928577009e+03,5.882352941176471e-01,14648117
3.016818987073957e+03,3.014262563137747e+03,5.882352941176471e-01,14648119
3.016818987073957e+03,3.014012538047746e+03,5.882352941176471e-01,14648118
3.017409637880739e+03,3.015644931998386e+03,5.882352941176471e-01,14648121
3.019561873990435e+03,3.017797168108082e+03,5.882352941176471e-01,14648122
3.019916989380473e+03,3.018152283498120e+03,5.882352941176471e-01,14648123
3.020263047296952e+03,3.011227659510970e+03,1.764705882352941e+00,14648114
3.024764705690448e+03,3.022878998403789e+03,5.882352941176471e-01,14648127
3.026198150844722e+03,3.020904033197664e+03,1.764705882352941e+00,14648124
3.026247770081208e+03,3.020953652434149e+03,1.764705882352941e+00,14648125
3.027246134149938e+03,3.024597750895520e+03,5.882352941176471e-01,14648128
3.030744256055585e+03,3.021235293925742e+03,1.764705882352941e+00,14648126
3.030775545914644e+03,3.028648758711204e+03,5.882352941176471e-01,14648132
3.031875674031618e+03,3.024618937111224e+03,1.764705882352941e+00,14648129
3.032532429332232e+03,3.029956103555336e+03,5.882352941176471e-01,14648134
3.032532429332232e+03,3.029451172114017e+03,5.882352941176471e-01,14648133
3.035545531884888e+03,3.026617549214856e+03,1.176470588235294e+00,14648131
3.037869478178853e+03,3.032328291006997e+03,1.764705882352941e+00,14648139
3.037869478178853e+03,3.031240273706195e+03,1.764705882352941e+00,14648137
3.039421999735551e+03,3.036235976423641e+03,5.882352941176471e-01,14648144
3.041186705617904e+03,3.038208774609217e+03,5.882352941176471e-01,14648145
3.041398889943559e+03,3.032618291731357e+03,1.764705882352941e+00,14648140
3.042951411500257e+03,3.040488765107931e+03,5.882352941176470e-01,14648146
3.042951411500257e+03,3.034587767152528e+03,1.764705882352941e+00,14648141
3.043163595825912e+03,3.035815275405491e+03,1.176470588235294e+00,14648143
3.044716117382610e+03,3.042282536593480e+03,5.882352941176471e-01,14648148
3.044716117382610e+03,3.041573354925745e+03,5.882352941176471e-01,14648147
3.047314487885038e+03,3.045549782002685e+03,5.882352941176471e-01,14648150
3.049060987537331e+03,3.047296281654978e+03,5.882352941176471e-01,14648151
3.049182448409466e+03,3.047417742527113e+03,5.882352941176471e-01,14648152
3.050313448497827e+03,3.045019330850768e+03,1.764705882352941e+00,14648149
3.050947154291819e+03,3.049131992247857e+03,5.882352941176471e-01,14648155
3.052293642375075e+03,3.049524470180231e+03,5.882352941176471e-01,14648156
3.052668880915736e+03,3.050771552191106e+03,5.882352941176471e-01,14648159
3.054058348257428e+03,3.051144239895754e+03,5.882352941176471e-01,14648160
3.054433586798089e+03,3.050744424487618e+03,1.176470588235294e+00,14648158
3.056073213166888e+03,3.053458729337387e+03,5.882352941176471e-01,14648162
3.056198292680442e+03,3.047708893244383e+03,1.764705882352941e+00,14648153
3.057837919049241e+03,3.053120674624642e+03,1.176470588235294e+00,14648161
3.057889931087549e+03,3.056125225205196e+03,5.882352941176471e-01,14648164
3.060680288153104e+03,3.058915582270751e+03,5.882352941176471e-01,14648166
3.062480187632179e+03,3.060328096183756e+03,5.882352941176471e-01,14648170
3.062480187632179e+03,3.060324809038054e+03,5.882352941176471e-01,14648169
3.063991695116691e+03,3.060843614748355e+03,5.882352941176471e-01,14648171
3.065756400999044e+03,3.062898205904395e+03,5.882352941176471e-01,14648174
3.066482754843722e+03,3.064718048961369e+03,5.882352941176471e-01,14648176
3.069576354301621e+03,3.058191180673949e+03,1.764705882352941e+00,14648165
3.069576354301621e+03,3.058985969464196e+03,1.764705882352941e+00,14648167
3.069576354301621e+03,3.059672230090308e+03,1.764705882352941e+00,14648168
3.073105766066327e+03,3.071017625336921e+03,5.882352941176470e-01,14648179
3.073105766066327e+03,3.063463049430768e+03,1.764705882352941e+00,14648175
3.076221470641614e+03,3.070513645805137e+03,1.764705882352941e+00,14648178
3.076221470641614e+03,3.067320409609278e+03,1.764705882352941e+00,14648177
3.077986176523967e+03,3.075557018927890e+03,5.882352941176471e-01,14648184
3.079750882406320e+03,3.073585606736213e+03,1.764705882352941e+00,14648180
3.080782234471841e+03,3.074071905904396e+03,1.764705882352941e+00,14648181
3.082913617262610e+03,3.080075250554191e+03,5.882352941176471e-01,14648187
3.083280294171026e+03,3.077414699916797e+03,1.764705882352941e+00,14648185
3.084800548781102e+03,3.081899268344585e+03,5.882352941176471e-01,14648189
3.084800548781102e+03,3.082502672902953e+03,5.882352941176471e-01,14648191
3.088329960545808e+03,3.079439227888432e+03,1.764705882352941e+00,14648186
3.088329960545808e+03,3.080296989672585e+03,1.764705882352941e+00,14648188
3.088329960545808e+03,3.082395023762203e+03,1.764705882352941e+00,14648190
3.092120043372206e+03,3.090355337489853e+03,5.882352941176471e-01,14648193
3.093051443832228e+03,3.091286737949875e+03,5.882352941176471e-01,14648194
3.093624078192866e+03,3.087184660067855e+03,1.764705882352941e+00,14648192
3.096297127938568e+03,3.094532422056215e+03,5.882352941176471e-01,14648196
3.098056259871478e+03,3.095406929876479e+03,5.882352941176471e-01,14648199
3.100113646114094e+03,3.094515700207887e+03,1.764705882352941e+00,14648195
3.101586991665727e+03,3.098403327770153e+03,5.882352941176471e-01,14648205
3.101586991665727e+03,3.098060219960107e+03,5.882352941176471e-01,14648204
3.103351697548080e+03,3.100900660921408e+03,5.882352941176471e-01,14648207
3.103545937768560e+03,3.096791575862056e+03,1.176470588235294e+00,14648201
3.105245896910753e+03,3.102821059649556e+03,5.882352941176471e-01,14648209
3.105310643650913e+03,3.095304923784526e+03,1.764705882352941e+00,14648198
3.107010602793106e+03,3.102661625533705e+03,1.176470588235294e+00,14648208
3.108079258286164e+03,3.106314552403811e+03,5.882352941176471e-01,14648211
3.108775308675459e+03,3.100083676079972e+03,1.764705882352941e+00,14648206
3.110540014557812e+03,3.108189759950006e+03,5.882352941176471e-01,14648214
3.113642579173568e+03,3.107370227338559e+03,1.764705882352941e+00,14648212
3.115807887293470e+03,3.113068167873156e+03,5.882352941176471e-01,14648218
3.116208489531019e+03,3.110382370649208e+03,1.764705882352941e+00,14648216
3.116208489531019e+03,3.108963757241684e+03,1.764705882352941e+00,14648215
3.117772894294597e+03,3.115056939541475e+03,5.882352941176471e-01,14648220
3.118383615021685e+03,3.116618909139332e+03,5.882352941176471e-01,14648222
3.119537600176950e+03,3.115453704391555e+03,1.176470588235294e+00,14648221
3.119537600176950e+03,3.116826684934580e+03,5.882352941176471e-01,14648223
3.121236215498935e+03,3.119471509616582e+03,5.882352941176471e-01,14648224
3.122262456239806e+03,3.120497750357453e+03,5.882352941176471e-01,14648225
3.124027162122159e+03,3.121567569684384e+03,5.882352941176471e-01,14648228
3.124765627263641e+03,3.122973942432797e+03,5.882352941176471e-01,14648229
3.125839497163037e+03,3.120545379515978e+03,1.764705882352941e+00,14648226
3.126530333145994e+03,3.121076197893681e+03,1.176470588235294e+00,14648227
3.127588326659215e+03,3.125260938378307e+03,5.882352941176471e-01,14648232
3.127588326659215e+03,3.125075798816944e+03,5.882352941176471e-01,14648231
3.128295039028347e+03,3.123417154081070e+03,1.176470588235294e+00,14648230
3.131221728654745e+03,3.129457022772392e+03,5.882352941176471e-01,14648235
3.132658662723895e+03,3.129891442670871e+03,5.882352941176471e-01,14648237
3.133216042615857e+03,3.131427203166047e+03,5.882352941176471e-01,14648239
3.134794955200889e+03,3.129686630851151e+03,1.176470588235294e+00,14648236
3.136559661083242e+03,3.128801479145985e+03,1.764705882352941e+00,14648234
3.137004457512541e+03,3.135239751630188e+03,5.882352941176471e-01,14648241
3.137952780370953e+03,3.132116041856893e+03,1.764705882352941e+00,14648240
3.139315274996332e+03,3.137550569113979e+03,5.882352941176471e-01,14648243
3.140106598170839e+03,3.138341892288486e+03,5.882352941176471e-01,14648244
3.141079980878684e+03,3.138479612772029e+03,5.882352941176471e-01,14648245
3.141853778730301e+03,3.135712266869675e+03,1.764705882352941e+00,14648242
3.141871304053192e+03,3.139614121943632e+03,5.882352941176471e-01,14648246
3.143756631136848e+03,3.141991925254495e+03,5.882352941176471e-01,14648248
3.145677859308030e+03,3.142148447543324e+03,1.176470588235294e+00,14648249
3.147079338366329e+03,3.141785220719270e+03,1.764705882352941e+00,14648247
3.149025679169559e+03,3.147260973287206e+03,5.882352941176471e-01,14648252
3.149212966917945e+03,3.147437749003805e+03,5.882352941176471e-01,14648253
3.150419484634194e+03,3.147763779402412e+03,5.882352941176471e-01,14648255
3.150419484634194e+03,3.147699369491887e+03,5.882352941176471e-01,14648254
3.151195004340901e+03,3.149430298458548e+03,5.882352941176471e-01,14648256
3.152184190516547e+03,3.150321917036171e+03,5.882352941176471e-01,14648257
3.154227990481952e+03,3.146519172451771e+03,1.764705882352941e+00,14648251
3.154227990481952e+03,3.145683555153239e+03,1.764705882352941e+00,14648250
3.158172376475827e+03,3.154737392492429e+03,5.882352941176471e-01,14648262
3.158172376475827e+03,3.154949150054000e+03,5.882352941176471e-01,14648264
3.161905665576714e+03,3.152384677875343e+03,1.764705882352941e+00,14648258
3.161905665576714e+03,3.153297909440941e+03,1.764705882352941e+00,14648259
3.161905665576714e+03,3.153942330004419e+03,1.764705882352941e+00,14648260
3.164376253812008e+03,3.159118348500230e+03,5.882352941176471e-01,14648267
3.164376253812008e+03,3.159311528709540e+03,5.882352941176471e-01,14648268
3.166140959694361e+03,3.164277679440804e+03,5.882352941176471e-01,14648272
3.166140959694361e+03,3.163834914897746e+03,5.882352941176471e-01,14648271
3.167905665576714e+03,3.164825474151972e+03,5.882352941176470e-01,14648273
3.167905665576714e+03,3.158682069816280e+03,1.764705882352941e+00,14648266
3.171667534050382e+03,3.166632027538655e+03,1.176470588235294e+00,14648275
3.173316011578254e+03,3.170135284876991e+03,5.882352941176471e-01,14648279
3.173316011578254e+03,3.170736610143747e+03,5.882352941176471e-01,14648280
3.173432239932735e+03,3.165998208324565e+03,1.764705882352941e+00,14648274
3.175080717460607e+03,3.172149626086174e+03,5.882352941176471e-01,14648282
3.175080717460607e+03,3.171876009666178e+03,5.882352941176471e-01,14648281
3.176845423342960e+03,3.174434026516030e+03,5.882352941176471e-01,14648283
3.176961651697441e+03,3.169509693997417e+03,1.764705882352941e+00,14648278
3.178509849980651e+03,3.176745144098299e+03,5.882352941176471e-01,14648284
3.180885142283464e+03,3.179120436401111e+03,5.882352941176471e-01,14648285
3.181199649926810e+03,3.179434944044457e+03,5.882352941176471e-01,14648286
3.181800279352779e+03,3.180035573470426e+03,5.882352941176471e-01,14648287
3.182649848165816e+03,3.180741608981569e+03,5.882352941176471e-01,14648288
3.186783492954459e+03,3.185018787072106e+03,5.882352941176471e-01,14648290
3.189079982146251e+03,3.187315276263898e+03,5.882352941176471e-01,14648292
3.189886372635369e+03,3.184592254988310e+03,1.764705882352941e+00,14648289
3.190600195061832e+03,3.188299873675145e+03,5.882352941176471e-01,14648294
3.190600195061832e+03,3.187324475904502e+03,5.882352941176471e-01,14648293
3.193415784400075e+03,3.186826290330355e+03,1.764705882352941e+00,14648291
3.194413279889487e+03,3.191173286999087e+03,5.882352941176471e-01,14648297
3.195180490282428e+03,3.193048390546496e+03,5.882352941176471e-01,14648299
3.198198428451840e+03,3.190616547763399e+03,1.764705882352941e+00,14648295
3.198198428451840e+03,3.191151188486163e+03,1.764705882352941e+00,14648296
3.198198428451840e+03,3.192118901536267e+03,1.764705882352941e+00,14648298
3.199963134334193e+03,3.195864718745002e+03,5.882352941176471e-01,14648300
3.199963134334193e+03,3.196358153185404e+03,5.882352941176471e-01,14648301
3.201727840216545e+03,3.196590417975746e+03,1.176470588235294e+00,14648302
3.201727840216545e+03,3.199952402601619e+03,5.882352941176471e-01,14648303
3.203492546098898e+03,3.201132986501312e+03,5.882352941176471e-01,14648305
3.205420048708563e+03,3.200125931061505e+03,1.764705882352941e+00,14648304
3.210617271979723e+03,3.208852566097370e+03,5.882352941176471e-01,14648306
3.212001578884922e+03,3.210236873002569e+03,5.882352941176471e-01,14648307
3.213434805583509e+03,3.211670099701156e+03,5.882352941176471e-01,14648309
3.213766284767275e+03,3.211969842168870e+03,5.882352941176471e-01,14648310
3.215029206619423e+03,3.212934393758449e+03,5.882352941176471e-01,14648312
3.216793912501776e+03,3.214236308702734e+03,5.882352941176471e-01,14648313
3.217295696531980e+03,3.211329490008277e+03,1.764705882352941e+00,14648308
3.218558618384128e+03,3.216447979663120e+03,5.882352941176470e-01,14648314
3.218558618384128e+03,3.212198480222142e+03,1.764705882352941e+00,14648311
3.224254577416678e+03,3.222489871534325e+03,5.882352941176471e-01,14648317
3.226867028988380e+03,3.221572911341321e+03,1.764705882352941e+00,14648315
3.227783989181384e+03,3.222377690633921e+03,1.764705882352941e+00,14648316
3.229055480247023e+03,3.225971169588598e+03,5.882352941176471e-01,14648322
3.230184440596557e+03,3.223947327896753e+03,1.176470588235294e+00,14648318
3.231949146478910e+03,3.230174466080458e+03,5.882352941176470e-01,14648324
3.231949146478910e+03,3.224478169667573e+03,1.764705882352941e+00,14648319
3.232584892011729e+03,3.226387764089280e+03,1.764705882352941e+00,14648323
3.233713852361262e+03,3.230921136324457e+03,5.882352941176471e-01,14648325
3.234588163244516e+03,3.232823457362164e+03,5.882352941176471e-01,14648326
3.241298285940808e+03,3.236004168293749e+03,1.764705882352941e+00,14648327
3.241473939874125e+03,3.236179822227066e+03,1.764705882352941e+00,14648328
3.242974640994182e+03,3.237680523347123e+03,1.764705882352941e+00,14648329
3.243150818789819e+03,3.240779964719412e+03,5.882352941176471e-01,14648331
3.243150818789819e+03,3.240133755260866e+03,5.882352941176471e-01,14648330
3.244827435774354e+03,3.242645961099891e+03,5.882352941176471e-01,14648333
3.246621335350882e+03,3.244856629468529e+03,5.882352941176471e-01,14648335
3.246658967476219e+03,3.244894261593866e+03,5.882352941176471e-01,14648336
3.248191073833706e+03,3.245055562020123e+03,5.882352941176471e-01,14648337
3.250083921296076e+03,3.241733712483995e+03,1.764705882352941e+00,14648332
3.250188379240924e+03,3.244661662069000e+03,1.764705882352941e+00,14648334
3.251827270248426e+03,3.248576126469947e+03,5.882352941176471e-01,14648341
3.251827270248426e+03,3.248378748419172e+03,5.882352941176471e-01,14648340
3.253717791005630e+03,3.246952798451438e+03,1.764705882352941e+00,14648338
3.257121387895485e+03,3.254604618155751e+03,5.882352941176471e-01,14648346
3.257184295332911e+03,3.251747115484129e+03,1.764705882352941e+00,14648344
3.257184295332911e+03,3.251175842766638e+03,1.764705882352941e+00,14648343
3.258949001215264e+03,3.257143717310122e+03,5.882352941176471e-01,14648350
3.258969919251146e+03,3.257205213368793e+03,5.882352941176471e-01,14648351
3.262430391818969e+03,3.259615720976664e+03,5.882352941176471e-01,14648353
3.262457494944087e+03,3.253135795391050e+03,1.764705882352941e+00,14648345
3.262499331015852e+03,3.255695571192050e+03,1.764705882352941e+00,14648347
3.264195097701322e+03,3.262338081797093e+03,5.882352941176471e-01,14648354
3.265409320810607e+03,3.263644614928255e+03,5.882352941176471e-01,14648355
3.265986906708793e+03,3.258364962714933e+03,1.764705882352941e+00,14648352
3.269495231885669e+03,3.267730526003316e+03,5.882352941176471e-01,14648357
3.270134616627517e+03,3.266605204862811e+03,1.176470588235294e+00,14648356
3.273621285360840e+03,3.267926672892762e+03,1.764705882352941e+00,14648358
3.274789349532728e+03,3.269435943378488e+03,1.764705882352941e+00,14648359
3.275028239453557e+03,3.269734121806498e+03,1.764705882352941e+00,14648360
3.276987550889722e+03,3.275222845007369e+03,5.882352941176471e-01,14648364
3.278426226240061e+03,3.276661520357708e+03,5.882352941176471e-01,14648365
3.279129224550692e+03,3.271656474476231e+03,1.764705882352941e+00,14648361
3.280409497711800e+03,3.274048928446426e+03,1.764705882352941e+00,14648363
3.281543077962768e+03,3.279778372080415e+03,5.882352941176471e-01,14648367
3.283720343887120e+03,3.277396741092455e+03,1.764705882352941e+00,14648366
3.287180341012344e+03,3.281886223365286e+03,1.764705882352941e+00,14648368
3.288666926178691e+03,3.283372808531632e+03,1.764705882352941e+00,14648369
3.289779496738178e+03,3.288014790855825e+03,5.882352941176471e-01,14648371
3.289902788540491e+03,3.284608670893432e+03,1.764705882352941e+00,14648370
3.291673940420057e+03,3.289909234537704e+03,5.882352941176471e-01,14648372
3.292548747033889e+03,3.290784041151536e+03,5.882352941176471e-01,14648374
3.295516916659823e+03,3.290222799012764e+03,1.764705882352941e+00,14648373
3.297691820103421e+03,3.295927114221068e+03,5.882352941176471e-01,14648375
3.301836550685922e+03,3.300071844803569e+03,5.882352941176471e-01,14648376
3.302204618294427e+03,3.300439912412074e+03,5.882352941176471e-01,14648377
3.302221688287512e+03,3.300456982405159e+03,5.882352941176471e-01,14648378
3.305365962450628e+03,3.300735997071465e+03,1.176470588235294e+00,14648379
3.307160098812992e+03,3.305296775397208e+03,5.882352941176471e-01,14648383
3.307160098812992e+03,3.305244289145084e+03,5.882352941176471e-01,14648382
3.307784845227022e+03,3.306020139344669e+03,5.882352941176471e-01,14648385
3.310689510577698e+03,3.308129633796558e+03,5.882352941176471e-01,14648388
3.310746734789144e+03,3.303645402288292e+03,1.764705882352941e+00,14648380
3.313078962874081e+03,3.310935603723973e+03,5.882352941176471e-01,14648390
3.314247534448127e+03,3.307539644259551e+03,1.764705882352941e+00,14648387
3.314247534448127e+03,3.306649371905692e+03,1.764705882352941e+00,14648386
3.315562936978622e+03,3.311759574792393e+03,5.882352941176471e-01,14648391
3.317552294536904e+03,3.315315845249173e+03,5.882352941176471e-01,14648397
3.317776946212833e+03,3.308930803564772e+03,1.764705882352941e+00,14648389
3.319317000419257e+03,3.314037987170331e+03,1.176470588235294e+00,14648395
3.319745218035841e+03,3.317980512153488e+03,5.882352941176471e-01,14648398
3.321081706301610e+03,3.314462483191943e+03,1.764705882352941e+00,14648396
3.321596920124232e+03,3.319832214241879e+03,5.882352941176471e-01,14648399
3.324555625281809e+03,3.322611085883865e+03,5.882352941176471e-01,14648404
3.326320331164162e+03,3.324157170188260e+03,5.882352941176471e-01,14648405
3.327421400559074e+03,3.320967713411415e+03,1.764705882352941e+00,14648400
3.328085037046515e+03,3.321620544485883e+03,1.764705882352941e+00,14648403
3.330174513737090e+03,3.328409807854737e+03,5.882352941176471e-01,14648406
3.331253452658697e+03,3.329488746776344e+03,5.882352941176471e-01,14648407
3.331947382395542e+03,3.330182676513189e+03,5.882352941176471e-01,14648408
3.333469414400130e+03,3.331704708517777e+03,5.882352941176471e-01,14648409
3.334516555585535e+03,3.332751849703182e+03,5.882352941176471e-01,14648410
3.338306651570341e+03,3.336541945687988e+03,5.882352941176471e-01,14648412
3.339669093127192e+03,3.336139681362486e+03,1.176470588235294e+00,14648411
3.343546657353555e+03,3.339026864709311e+03,1.176470588235294e+00,14648414
3.344431029435910e+03,3.342666323553557e+03,5.882352941176471e-01,14648418
3.345311363235908e+03,3.338426615937325e+03,1.764705882352941e+00,14648413
3.346608390448377e+03,3.343668051008696e+03,5.882352941176471e-01,14648419
3.347021045578490e+03,3.339684406490014e+03,1.764705882352941e+00,14648416
3.347085130959490e+03,3.345320425077137e+03,5.882352941176471e-01,14648421
3.348579423895787e+03,3.346453201871163e+03,5.882352941176471e-01,14648422
3.350344129778139e+03,3.346602803715357e+03,1.176470588235294e+00,14648423
3.351065216122449e+03,3.349300510240096e+03,5.882352941176471e-01,14648424
3.354554907736426e+03,3.351025495971720e+03,1.176470588235294e+00,14648426
3.354703900690298e+03,3.349409783043239e+03,1.764705882352941e+00,14648425
3.356770524125882e+03,3.351476406478823e+03,1.764705882352941e+00,14648427
3.358535230008235e+03,3.356412910285035e+03,5.882352941176471e-01,14648433
3.360299935890588e+03,3.358218380195108e+03,5.882352941176471e-01,14648435
3.360956858330319e+03,3.353456309696600e+03,1.764705882352941e+00,14648428
3.361675929043342e+03,3.358754637902690e+03,5.882352941176471e-01,14648436
3.363440634925695e+03,3.361276638976663e+03,5.882352941176471e-01,14648437
3.364157808875160e+03,3.357981021054945e+03,1.764705882352941e+00,14648434
3.364157808875160e+03,3.355168676610786e+03,1.764705882352941e+00,14648430
3.366564771360097e+03,3.364800065477744e+03,5.882352941176471e-01,14648438
3.366887179668170e+03,3.365122473785817e+03,5.882352941176471e-01,14648440
3.368329477242450e+03,3.365921304075379e+03,5.882352941176471e-01,14648441
3.368637629389594e+03,3.366791761951089e+03,5.882352941176471e-01,14648442
3.370416591432876e+03,3.365108217624889e+03,1.764705882352941e+00,14648439
3.371858889007156e+03,3.369952723874750e+03,5.882352941176471e-01,14648445
3.373379191175069e+03,3.370930549109087e+03,5.882352941176471e-01,14648446
3.373623594889509e+03,3.371669755911459e+03,5.882352941176471e-01,14648449
3.373946003197582e+03,3.367131583844926e+03,1.764705882352941e+00,14648443
3.375266098914642e+03,3.373004124461700e+03,5.882352941176471e-01,14648451
3.375266098914642e+03,3.372449963985961e+03,5.882352941176471e-01,14648450
3.375786038835528e+03,3.374021332953175e+03,5.882352941176471e-01,14648452
3.377618572762636e+03,3.375853866880283e+03,5.882352941176471e-01,14648453
3.378720180923755e+03,3.369739238172877e+03,1.764705882352941e+00,14648444
3.378890717340750e+03,3.377126011458397e+03,5.882352941176471e-01,14648454
3.381448268967169e+03,3.379683563084816e+03,5.882352941176471e-01,14648457
3.383802611887149e+03,3.378508494240090e+03,1.764705882352941e+00,14648455
3.384679780809051e+03,3.381817679700010e+03,5.882352941176471e-01,14648459
3.384977680731875e+03,3.379087763239169e+03,1.764705882352941e+00,14648456
3.387332023651855e+03,3.380592782052913e+03,1.764705882352941e+00,14648458
3.390336413636426e+03,3.388571707754073e+03,5.882352941176471e-01,14648463
3.390921735281038e+03,3.385627617633979e+03,1.764705882352941e+00,14648461
3.391802078124919e+03,3.386507960477860e+03,1.764705882352941e+00,14648462
3.392319854967469e+03,3.389945051702539e+03,5.882352941176471e-01,14648464
3.393825672428547e+03,3.391559173387229e+03,5.882352941176471e-01,14648468
3.395590378310900e+03,3.393008072844724e+03,5.882352941176471e-01,14648469
3.396215852928096e+03,3.390773884533806e+03,1.764705882352941e+00,14648466
3.397492202554721e+03,3.395727496672368e+03,5.882352941176471e-01,14648471
3.398098187389315e+03,3.395804667664690e+03,5.882352941176471e-01,14648472
3.399158375571766e+03,3.391013333308924e+03,1.764705882352941e+00,14648467
3.400643100976958e+03,3.398878395094605e+03,5.882352941176471e-01,14648475
3.402786320201780e+03,3.396451110085827e+03,1.764705882352941e+00,14648474
3.403101231440363e+03,3.401336525558010e+03,5.882352941176471e-01,14648477
3.404286659837553e+03,3.401391312020817e+03,5.882352941176471e-01,14648478
3.406630643205069e+03,3.400228515579686e+03,1.764705882352941e+00,14648476
3.407816071602259e+03,3.401718819034420e+03,1.764705882352941e+00,14648479
3.407861305831119e+03,3.404687380559542e+03,5.882352941176471e-01,14648482
3.409603394599042e+03,3.407558434405726e+03,5.882352941176471e-01,14648486
3.409603394599042e+03,3.407268898340641e+03,5.882352941176471e-01,14648485
3.411368100481395e+03,3.406125305054929e+03,1.176470588235294e+00,14648484
3.413132806363748e+03,3.404303188960250e+03,1.764705882352941e+00,14648481
3.413689466734481e+03,3.407967571974652e+03,1.764705882352941e+00,14648487
3.420943757476853e+03,3.418959410846241e+03,5.882352941176471e-01,14648491
3.421262419447249e+03,3.415968301800190e+03,1.764705882352941e+00,14648488
3.422920904672803e+03,3.419803693570291e+03,5.882352941176471e-01,14648494
3.423553843830656e+03,3.421789137948303e+03,5.882352941176471e-01,14648497
3.424685610555156e+03,3.422496639228793e+03,5.882352941176471e-01,14648498
3.425318549713009e+03,3.423016670945165e+03,5.882352941176471e-01,14648499
3.426381523187201e+03,3.417338483846910e+03,1.764705882352941e+00,14648489
3.428847961477715e+03,3.419881706174678e+03,1.764705882352941e+00,14648495
3.429979728202215e+03,3.424451967039254e+03,1.764705882352941e+00,14648500
3.431710037459414e+03,3.429830669906797e+03,5.882352941176471e-01,14648504
3.432377373242421e+03,3.425939126270551e+03,1.764705882352941e+00,14648501
3.433474743341767e+03,3.430194495201876e+03,5.882352941176471e-01,14648505
3.433509139966921e+03,3.427268503486354e+03,1.764705882352941e+00,14648502
3.434432927892998e+03,3.432668222010645e+03,5.882352941176471e-01,14648506
3.435239449224120e+03,3.432728826232234e+03,5.882352941176471e-01,14648507
3.435450754918975e+03,3.433686049036622e+03,5.882352941176471e-01,14648508
3.436197633775351e+03,3.433831726097769e+03,5.882352941176471e-01,14648509
3.437655389056819e+03,3.435890683174466e+03,5.882352941176471e-01,14648510
3.441614712738459e+03,3.439850006856106e+03,5.882352941176471e-01,14648512
3.442114507461016e+03,3.436820389813957e+03,1.764705882352941e+00,14648511
3.445838611705546e+03,3.444065938133967e+03,5.882352941176471e-01,14648516
3.447522483170861e+03,3.443499862532157e+03,1.176470588235294e+00,14648514
3.448793980179216e+03,3.446613435422195e+03,5.882352941176471e-01,14648518
3.449287189053214e+03,3.442309199940840e+03,1.764705882352941e+00,14648513
3.450805290498568e+03,3.448633065309842e+03,5.882352941176471e-01,14648520
3.450805290498568e+03,3.448286353707712e+03,5.882352941176471e-01,14648519
3.451051894935567e+03,3.444863746727590e+03,1.764705882352941e+00,14648517
3.452569996380921e+03,3.450797524596408e+03,5.882352941176471e-01,14648522
3.452569996380921e+03,3.450441862117011e+03,5.882352941176471e-01,14648521
3.452972684491404e+03,3.451207978609051e+03,5.882352941176471e-01,14648523
3.454444759783959e+03,3.452680053901606e+03,5.882352941176471e-01,14648524
3.458892654031253e+03,3.453598536384195e+03,1.764705882352941e+00,14648525
3.461690804969608e+03,3.459531557879065e+03,5.882352941176471e-01,14648534
3.461986616640417e+03,3.460221910758064e+03,5.882352941176471e-01,14648535
3.462841888626155e+03,3.461077182743802e+03,5.882352941176471e-01,14648536
3.464344776760717e+03,3.454518861592788e+03,1.176470588235294e+00,14648526
3.466109482643070e+03,3.454688541363900e+03,1.764705882352941e+00,14648527
3.467429555571045e+03,3.461622246615215e+03,1.764705882352941e+00,14648537
3.467429555571045e+03,3.458476990778880e+03,1.764705882352941e+00,14648533
3.468024985364827e+03,3.465283922256113e+03,5.882352941176471e-01,14648538
3.469412007842528e+03,3.466411076321877e+03,5.882352941176471e-01,14648540
3.471176713724881e+03,3.468507181900474e+03,5.882352941176471e-01,14648545
3.472941419607234e+03,3.466496161343839e+03,1.764705882352941e+00,14648541
3.473319103011885e+03,3.467865048349305e+03,1.764705882352941e+00,14648544
3.474770041539459e+03,3.471240629774753e+03,1.176470588235294e+00,14648546
3.476470831371940e+03,3.471565401826373e+03,1.176470588235294e+00,14648547
3.478215801605573e+03,3.476451095723220e+03,5.882352941176471e-01,14648548
3.478257198146247e+03,3.476492492263894e+03,5.882352941176471e-01,14648549
3.479609650616564e+03,3.477844944734211e+03,5.882352941176471e-01,14648550
3.483567185564266e+03,3.481802479681913e+03,5.882352941176471e-01,14648553
3.484641933685597e+03,3.479347816038538e+03,1.764705882352941e+00,14648551
3.485241807523715e+03,3.479947689876656e+03,1.764705882352941e+00,14648552
3.487467647712892e+03,3.485702941830539e+03,5.882352941176471e-01,14648556
3.488862940075175e+03,3.483568822428116e+03,1.764705882352941e+00,14648554
3.489232353595245e+03,3.486632972471967e+03,5.882352941176471e-01,14648558
3.490129508137527e+03,3.484669912106570e+03,1.176470588235294e+00,14648555
3.490627645957528e+03,3.488530280639072e+03,5.882352941176471e-01,14648559
3.494275589677289e+03,3.492510883794936e+03,5.882352941176471e-01,14648562
3.494526471242304e+03,3.489187508884888e+03,1.764705882352941e+00,14648560
3.495900403032154e+03,3.490606285385095e+03,1.764705882352941e+00,14648561
3.496040295559642e+03,3.492576813292580e+03,5.882352941176471e-01,14648563
3.502687153047835e+03,3.500922447165482e+03,5.882352941176471e-01,14648564
3.504738432011671e+03,3.502973726129318e+03,5.882352941176471e-01,14648565
3.505146848488387e+03,3.503382142606034e+03,5.882352941176471e-01,14648566
3.507549768897520e+03,3.505785063015167e+03,5.882352941176471e-01,14648568
3.508058936867385e+03,3.506294230985032e+03,5.882352941176471e-01,14648569
3.508569126892210e+03,3.505039715127504e+03,1.176470588235294e+00,14648567
3.511285752729318e+03,3.509521046846965e+03,5.882352941176471e-01,14648572
3.512843886544579e+03,3.507043447837244e+03,1.764705882352941e+00,14648570
3.514608592426932e+03,3.511702212273510e+03,5.882352941176471e-01,14648576
3.514968304303539e+03,3.509497810434368e+03,1.176470588235294e+00,14648571
3.516553154247589e+03,3.513525368981949e+03,5.882352941176471e-01,14648577
3.516733010185892e+03,3.509558484458365e+03,1.764705882352941e+00,14648573
3.520082566012294e+03,3.513887188021138e+03,1.764705882352941e+00,14648578
3.520431759233186e+03,3.516902347468480e+03,1.176470588235294e+00,14648579
3.523665413479539e+03,3.520136001714833e+03,1.176470588235294e+00,14648581
3.524209495354011e+03,3.518915377706952e+03,1.764705882352941e+00,14648580
3.525579242920268e+03,3.523814537037915e+03,5.882352941176471e-01,14648582
3.527002590302531e+03,3.525237884420178e+03,5.882352941176471e-01,14648583
3.530082299361238e+03,3.528317593478885e+03,5.882352941176471e-01,14648584
3.530843905168646e+03,3.529079199286293e+03,5.882352941176471e-01,14648585
3.532874278016988e+03,3.531109572134635e+03,5.882352941176471e-01,14648587
3.533047123758110e+03,3.531282417875757e+03,5.882352941176471e-01,14648588
3.534983558081245e+03,3.529689440434187e+03,1.764705882352941e+00,14648586
3.538475188093305e+03,3.536710482210952e+03,5.882352941176471e-01,14648590
3.539104693059187e+03,3.537039667394248e+03,5.882352941176471e-01,14648592
3.540259756269631e+03,3.538495050387278e+03,5.882352941176471e-01,14648593
3.540480691778549e+03,3.538715985896196e+03,5.882352941176471e-01,14648594
3.540869398941540e+03,3.538918513880929e+03,5.882352941176471e-01,14648595
3.542245397660902e+03,3.536944057742511e+03,1.176470588235294e+00,14648591
3.543762083469031e+03,3.535575281294482e+03,1.764705882352941e+00,14648589
3.549229429853639e+03,3.547464723971286e+03,5.882352941176471e-01,14648597
3.549586443797651e+03,3.547821737915298e+03,5.882352941176471e-01,14648598
3.549606296538536e+03,3.544312178891477e+03,1.764705882352941e+00,14648596
3.550994135735992e+03,3.549219815623144e+03,5.882352941176471e-01,14648599
3.554322457605974e+03,3.552557751723621e+03,5.882352941176471e-01,14648601
3.554494895688076e+03,3.552730189805723e+03,5.882352941176471e-01,14648602
3.557851869370680e+03,3.554260716058327e+03,1.176470588235294e+00,14648605
3.558024307452782e+03,3.552279758204578e+03,1.764705882352941e+00,14648600
3.559446707719688e+03,3.553300565897540e+03,1.764705882352941e+00,14648603
3.559789013335135e+03,3.558021745031165e+03,5.882352941176471e-01,14648607
3.563145987017739e+03,3.556912288431461e+03,1.764705882352941e+00,14648606
3.564740825366747e+03,3.559370822610321e+03,1.764705882352941e+00,14648608
3.565002156610293e+03,3.563237450727940e+03,5.882352941176471e-01,14648610
3.565898727541485e+03,3.560604609894426e+03,1.764705882352941e+00,14648609
3.570120334198196e+03,3.565383163289426e+03,1.176470588235294e+00,14648612
3.570473118611221e+03,3.565179000964162e+03,1.764705882352941e+00,14648611
3.572448089735662e+03,3.570640896235675e+03,5.882352941176471e-01,14648618
3.573826138169414e+03,3.571681560782736e+03,5.882352941176471e-01,14648619
3.575900170010648e+03,3.567153972088603e+03,1.764705882352941e+00,14648614
3.575900170010648e+03,3.566597025350315e+03,1.764705882352941e+00,14648613
3.576966566184218e+03,3.575201860301865e+03,5.882352941176471e-01,14648620
3.577664875893001e+03,3.575401581807535e+03,5.882352941176471e-01,14648622
3.577664875893001e+03,3.575379302603919e+03,5.882352941176471e-01,14648621
3.578731272066571e+03,3.576580436209628e+03,5.882352941176471e-01,14648623
3.580226144420505e+03,3.578461438538152e+03,5.882352941176471e-01,14648625
3.580687987932379e+03,3.578923282050026e+03,5.882352941176471e-01,14648626
3.582958993540059e+03,3.577135436147746e+03,1.764705882352941e+00,14648624
3.583986477941148e+03,3.581693126681807e+03,5.882352941176471e-01,14648630
3.583986477941148e+03,3.581048931880986e+03,5.882352941176471e-01,14648629
3.585751183823501e+03,3.583943013100239e+03,5.882352941176471e-01,14648632
3.585751183823501e+03,3.583615599898419e+03,5.882352941176471e-01,14648631
3.586816708483945e+03,3.579987114262049e+03,1.764705882352941e+00,14648627
3.587515889705854e+03,3.584137446947530e+03,5.882352941176471e-01,14648633
3.588581414366298e+03,3.585799207913134e+03,5.882352941176471e-01,14648635
3.590695710859605e+03,3.588189180670725e+03,5.882352941176471e-01,14648639
3.590695710859605e+03,3.588041468329971e+03,5.882352941176471e-01,14648638
3.592508666309550e+03,3.590743960427197e+03,5.882352941176471e-01,14648642
3.592915333710711e+03,3.591150627828358e+03,5.882352941176471e-01,14648643
3.594249247408107e+03,3.592315350722110e+03,5.882352941176471e-01,14648645
3.594249247408107e+03,3.591773376348994e+03,5.882352941176471e-01,14648644
3.594680039593064e+03,3.592779639112722e+03,5.882352941176471e-01,14648646
3.596249956105301e+03,3.587061913254471e+03,1.176470588235294e+00,14648636
3.598014661987654e+03,3.585480314125908e+03,1.764705882352941e+00,14648634
3.601096731449953e+03,3.590281278203640e+03,1.176470588235294e+00,14648641
3.601096731449953e+03,3.593083236783393e+03,1.176470588235294e+00,14648647
3.602861437332306e+03,3.589349858784468e+03,1.764705882352941e+00,14648640
3.602899134667215e+03,3.600031353300180e+03,5.882352941176471e-01,14648653
3.602899134667215e+03,3.599792788324101e+03,5.882352941176471e-01,14648652
3.606151335732039e+03,3.604386629849686e+03,5.882352941176471e-01,14648657
3.606428546431921e+03,3.597560894783271e+03,1.764705882352941e+00,14648651
3.609222503714310e+03,3.607457797831957e+03,5.882352941176471e-01,14648659
3.609680747496745e+03,3.601172126119772e+03,1.764705882352941e+00,14648656
3.609920260861718e+03,3.604450004311328e+03,1.764705882352941e+00,14648658
3.615303866086082e+03,3.610009748439023e+03,1.764705882352941e+00,14648660
3.617402631294601e+03,3.615637925412248e+03,5.882352941176471e-01,14648661
3.618685548381257e+03,3.616920842498904e+03,5.882352941176471e-01,14648662
3.619967266085639e+03,3.618202560203286e+03,5.882352941176471e-01,14648663
3.620215760498395e+03,3.618451054616042e+03,5.882352941176471e-01,14648664
3.620509010810091e+03,3.618744304927738e+03,5.882352941176471e-01,14648665
3.621731971967992e+03,3.619617743909271e+03,5.882352941176471e-01,14648666
3.623142774390529e+03,3.621378068508176e+03,5.882352941176471e-01,14648668
3.623822984256149e+03,3.622058278373796e+03,5.882352941176471e-01,14648669
3.624296408700690e+03,3.620766996935984e+03,1.176470588235294e+00,14648667
3.625277811998925e+03,3.623513106116572e+03,5.882352941176471e-01,14648670
3.627142154087785e+03,3.625377448205432e+03,5.882352941176471e-01,14648671
3.628254720657248e+03,3.626490014774895e+03,5.882352941176471e-01,14648673
3.630019426539601e+03,3.627814126075021e+03,5.882352941176471e-01,14648676
3.630790500320340e+03,3.628480472574245e+03,5.882352941176471e-01,14648678
3.631784132421954e+03,3.629269393646686e+03,5.882352941176471e-01,14648679
3.634816728135853e+03,3.625615317141131e+03,1.764705882352941e+00,14648672
3.634816728135853e+03,3.627097579841033e+03,1.764705882352941e+00,14648674
3.634816728135853e+03,3.627295148358137e+03,1.764705882352941e+00,14648675
3.641875551665265e+03,3.639945694664130e+03,5.882352941176471e-01,14648689
3.643061769406754e+03,3.632129380813778e+03,1.764705882352941e+00,14648680
3.643640257547618e+03,3.640778788611877e+03,5.882352941176471e-01,14648691
3.643640257547618e+03,3.640344081055294e+03,5.882352941176471e-01,14648690
3.645800369343800e+03,3.639769601190346e+03,1.176470588235294e+00,14648688
3.647565075226153e+03,3.645236862376753e+03,5.882352941176470e-01,14648693
3.647565075226153e+03,3.637672855398372e+03,1.764705882352941e+00,14648687
3.647565075226153e+03,3.637669523577947e+03,1.764705882352941e+00,14648686
3.649329781108506e+03,3.646494957725429e+03,5.882352941176471e-01,14648694
3.649329781108506e+03,3.647022224382507e+03,5.882352941176471e-01,14648695
3.649329781108506e+03,3.647358180675537e+03,5.882352941176471e-01,14648696
3.651142157280503e+03,3.647661763955164e+03,5.882352941176471e-01,14648697
3.651142157280503e+03,3.647672719225576e+03,5.882352941176471e-01,14648698
3.651142157280503e+03,3.648081592812535e+03,5.882352941176471e-01,14648699
3.652906863162856e+03,3.650155388165500e+03,5.882352941176471e-01,14648702
3.652906863162856e+03,3.649520462267082e+03,5.882352941176471e-01,14648701
3.654671569045209e+03,3.642350966626402e+03,1.764705882352941e+00,14648692
3.654960271826874e+03,3.652527685276189e+03,5.882352941176471e-01,14648704
3.654960271826874e+03,3.651958356644155e+03,5.882352941176471e-01,14648703
3.656436274927562e+03,3.653772971507853e+03,5.882352941176471e-01,14648706
3.659548133242606e+03,3.657783427360253e+03,5.882352941176471e-01,14648707
3.662414584679679e+03,3.660649878797326e+03,5.882352941176471e-01,14648708
3.663213293735753e+03,3.661448587853400e+03,5.882352941176471e-01,14648710
3.664495554823431e+03,3.661997262599928e+03,5.882352941176471e-01,14648711
3.666286807254721e+03,3.663882272539506e+03,5.882352941176471e-01,14648714
3.666742705500459e+03,3.661282407320124e+03,1.764705882352941e+00,14648709
3.668051513137074e+03,3.664548647921305e+03,5.882352941176471e-01,14648717
3.669161815201119e+03,3.662390748020728e+03,1.176470588235294e+00,14648712
3.670926521083472e+03,3.663722922653356e+03,1.764705882352941e+00,14648713
3.671362790295677e+03,3.668235728643991e+03,5.882352941176471e-01,14648719
3.671580924901780e+03,3.665962423998466e+03,1.764705882352941e+00,14648718
3.673040242335589e+03,3.669964435725800e+03,5.882352941176471e-01,14648723
3.676133324711269e+03,3.673863142963351e+03,5.882352941176471e-01,14648731
3.676133324711269e+03,3.673843285525079e+03,5.882352941176471e-01,14648730
3.676688363965044e+03,3.674923658082691e+03,5.882352941176471e-01,14648732
3.677898030593622e+03,3.675333157889719e+03,5.882352941176471e-01,14648733
3.679789527477605e+03,3.676796338668400e+03,5.882352941176471e-01,14648734
3.680049338450119e+03,3.672167583557536e+03,1.764705882352941e+00,14648727
3.680049338450119e+03,3.669846606703394e+03,1.764705882352941e+00,14648722
3.681727440674967e+03,3.679020481422115e+03,5.882352941176471e-01,14648738
3.681727440674967e+03,3.679749242451712e+03,5.882352941176471e-01,14648739
3.685256852439673e+03,3.678088217096067e+03,1.764705882352941e+00,14648737
3.686867845600024e+03,3.685103139717671e+03,5.882352941176471e-01,14648741
3.689037952210165e+03,3.686615209304005e+03,5.882352941176471e-01,14648746
3.689037952210165e+03,3.686069261123359e+03,5.882352941176471e-01,14648745
3.690396099272297e+03,3.685913941173248e+03,1.176470588235294e+00,14648742
3.690396099272297e+03,3.685924207346745e+03,1.176470588235294e+00,14648743
3.692160805154650e+03,3.689482579235393e+03,5.882352941176470e-01,14648747
3.692160805154650e+03,3.684273172728585e+03,1.764705882352941e+00,14648740
3.693050991564912e+03,3.691286285682560e+03,5.882352941176471e-01,14648748
3.693925511037003e+03,3.691680309157043e+03,5.882352941176471e-01,14648749
3.694766275767265e+03,3.693001569884912e+03,5.882352941176471e-01,14648750
3.694815697447265e+03,3.693045695863688e+03,5.882352941176471e-01,14648751
3.696780371558615e+03,3.695015665676262e+03,5.882352941176471e-01,14648755
3.698018501701012e+03,3.695233994539865e+03,5.882352941176471e-01,14648757
3.699783207583365e+03,3.697929534166985e+03,5.882352941176471e-01,14648760
3.700772118665130e+03,3.693132308004215e+03,1.764705882352941e+00,14648752
3.701547913465718e+03,3.699319089618553e+03,5.882352941176471e-01,14648762
3.701547913465718e+03,3.699254361455244e+03,5.882352941176471e-01,14648761
3.702651072145048e+03,3.700269212943681e+03,5.882352941176471e-01,14648763
3.703312619348071e+03,3.701473542530970e+03,5.882352941176471e-01,14648766
3.703312619348071e+03,3.701000613860259e+03,5.882352941176471e-01,14648765
3.704746551628912e+03,3.702308541158280e+03,5.882352941176471e-01,14648768
3.704746551628912e+03,3.701999877194271e+03,5.882352941176471e-01,14648767
3.707558997253198e+03,3.697705042242233e+03,1.764705882352941e+00,14648759
3.707558997253198e+03,3.695084418709287e+03,1.764705882352941e+00,14648756
3.708629370033330e+03,3.705366247245143e+03,5.882352941176471e-01,14648770
3.709323703135551e+03,3.707249665534200e+03,5.882352941176471e-01,14648771
3.711088409017904e+03,3.705099958268624e+03,1.764705882352941e+00,14648769
3.711623595407970e+03,3.709098428638502e+03,5.882352941176471e-01,14648774
3.711623595407970e+03,3.708674876801798e+03,5.882352941176471e-01,14648773
3.712853114900256e+03,3.711071649044725e+03,5.882352941176471e-01,14648775
3.713470287734643e+03,3.711705581852290e+03,5.882352941176471e-01,14648776
3.715153007172676e+03,3.708364106476034e+03,1.764705882352941e+00,14648772
3.718443428827928e+03,3.716678722945575e+03,5.882352941176471e-01,14648777
3.723038785248819e+03,3.717744667601760e+03,1.764705882352941e+00,14648778
3.723427190955473e+03,3.721662485073120e+03,5.882352941176471e-01,14648780
3.725184641974402e+03,3.719890524327343e+03,1.764705882352941e+00,14648779
3.728007609163805e+03,3.726242903281452e+03,5.882352941176471e-01,14648782
3.728707401665661e+03,3.725177989900956e+03,1.176470588235294e+00,14648781
3.732317180335266e+03,3.730552474452913e+03,5.882352941176471e-01,14648784
3.733115231585992e+03,3.727821113938933e+03,1.764705882352941e+00,14648783
3.734081436250660e+03,3.732316730368307e+03,5.882352941176471e-01,14648785
3.736566528285140e+03,3.734801822402787e+03,5.882352941176471e-01,14648786
3.736935847256751e+03,3.735171141374398e+03,5.882352941176471e-01,14648787
3.737336339945060e+03,3.735571634062707e+03,5.882352941176471e-01,14648788
3.738512517249775e+03,3.736747811367422e+03,5.882352941176471e-01,14648789
3.739934855923303e+03,3.738170150040950e+03,5.882352941176471e-01,14648791
3.742926848965317e+03,3.739397437200611e+03,1.176470588235294e+00,14648792
3.742963482843246e+03,3.737669365196187e+03,1.764705882352941e+00,14648790
3.743261761755344e+03,3.741497055872991e+03,5.882352941176471e-01,14648793
3.746649581639940e+03,3.744884875757587e+03,5.882352941176471e-01,14648799
3.750629791117739e+03,3.743599781141087e+03,1.176470588235294e+00,14648797
3.750757596785865e+03,3.741778329369134e+03,1.764705882352941e+00,14648794
3.752594153919763e+03,3.750829448037410e+03,5.882352941176471e-01,14648804
3.753647980209943e+03,3.747544123866971e+03,1.764705882352941e+00,14648803
3.755060147201011e+03,3.753295441318658e+03,5.882352941176471e-01,14648805
3.755835334451447e+03,3.754070628569094e+03,5.882352941176471e-01,14648806
3.756672391130462e+03,3.754907685248109e+03,5.882352941176471e-01,14648807
3.758423047910983e+03,3.756658342028630e+03,5.882352941176471e-01,14648809
3.759779966445057e+03,3.758015260562704e+03,5.882352941176471e-01,14648810
3.760722973019227e+03,3.755428855372168e+03,1.764705882352941e+00,14648808
3.760763116327541e+03,3.758998410445188e+03,5.882352941176471e-01,14648811
3.762325236504986e+03,3.760560530622633e+03,5.882352941176471e-01,14648812
3.765521732975983e+03,3.763757027093630e+03,5.882352941176471e-01,14648813
3.765847281075671e+03,3.764082575193318e+03,5.882352941176471e-01,14648814
3.766272098980388e+03,3.764507393098035e+03,5.882352941176471e-01,14648815
3.767503470924794e+03,3.764810008949203e+03,5.882352941176471e-01,14648816
3.768191152693371e+03,3.766426446811018e+03,5.882352941176471e-01,14648819
3.769268176807147e+03,3.767338434697172e+03,5.882352941176471e-01,14648821
3.769268176807147e+03,3.767175045545897e+03,5.882352941176471e-01,14648820
3.769955858575724e+03,3.765035274709823e+03,1.176470588235294e+00,14648817
3.771534072007429e+03,3.769769366125076e+03,5.882352941176471e-01,14648823
3.772332423635843e+03,3.770567717753490e+03,5.882352941176471e-01,14648824
3.774562294454206e+03,3.769196022797632e+03,1.764705882352941e+00,14648822
3.775944335521939e+03,3.774179629639586e+03,5.882352941176471e-01,14648826
3.776828189654488e+03,3.771354675038564e+03,1.764705882352941e+00,14648825
3.779028937864570e+03,3.777264231982217e+03,5.882352941176471e-01,14648827
3.782104447641758e+03,3.780339741759405e+03,5.882352941176471e-01,14648829
3.783201360570899e+03,3.777907242923840e+03,1.764705882352941e+00,14648828
3.785767300993724e+03,3.780473183346665e+03,1.764705882352941e+00,14648830
3.788254558432197e+03,3.786489852549844e+03,5.882352941176471e-01,14648831
3.790239236141561e+03,3.788474530259208e+03,5.882352941176471e-01,14648832
3.793826754202617e+03,3.788532636555559e+03,1.764705882352941e+00,14648833
3.795023187242321e+03,3.789729069595262e+03,1.764705882352941e+00,14648834
3.795800076862334e+03,3.790505959215275e+03,1.764705882352941e+00,14648835
3.796818536429589e+03,3.793869688509301e+03,5.882352941176471e-01,14648837
3.797495243818899e+03,3.795064044982208e+03,5.882352941176471e-01,14648841
3.798583242311942e+03,3.796346724628546e+03,5.882352941176471e-01,14648844
3.800347948194295e+03,3.798400585537808e+03,5.882352941176471e-01,14648845
3.801024655583605e+03,3.795192090701733e+03,1.764705882352941e+00,14648842
3.801024655583605e+03,3.793140571039768e+03,1.764705882352941e+00,14648836
3.802112654076648e+03,3.800342089792505e+03,5.882352941176471e-01,14648846
3.803308132924250e+03,3.801543427041897e+03,5.882352941176471e-01,14648847
3.803697991200271e+03,3.801933285317918e+03,5.882352941176471e-01,14648848
3.803877359959001e+03,3.802064800223974e+03,5.882352941176471e-01,14648849
3.805445168669601e+03,3.803680462787248e+03,5.882352941176471e-01,14648850
3.807071440302858e+03,3.805306734420505e+03,5.882352941176471e-01,14648851
3.811538783637966e+03,3.809774077755613e+03,5.882352941176471e-01,14648854
3.812157700593341e+03,3.808628288828635e+03,1.176470588235294e+00,14648852
3.813570709486056e+03,3.811806003603703e+03,5.882352941176471e-01,14648855
3.814124997158072e+03,3.812360291275719e+03,5.882352941176471e-01,14648856
3.815036003096034e+03,3.809741885448975e+03,1.764705882352941e+00,14648853
3.819627466588159e+03,3.817862760705806e+03,5.882352941176471e-01,14648858
3.820186518124982e+03,3.818421812242629e+03,5.882352941176471e-01,14648859
3.821853324623296e+03,3.816559206976238e+03,1.764705882352941e+00,14648857
3.823221767222827e+03,3.821457061340474e+03,5.882352941176471e-01,14648862
3.823936467033299e+03,3.822171761150946e+03,5.882352941176471e-01,14648863
3.824986473105180e+03,3.822986806650970e+03,5.882352941176471e-01,14648864
3.825152160311610e+03,3.819178399131932e+03,1.764705882352941e+00,14648860
3.826401176963572e+03,3.823449392004703e+03,5.882352941176471e-01,14648865
3.827275135840606e+03,3.825510429958253e+03,5.882352941176471e-01,14648868
3.829930588728278e+03,3.823847613465763e+03,1.764705882352941e+00,14648866
3.831745739231301e+03,3.826451621584242e+03,1.764705882352941e+00,14648869
3.833059361413792e+03,3.827765243766733e+03,1.764705882352941e+00,14648870
3.833899652090063e+03,3.831468301382998e+03,5.882352941176471e-01,14648873
3.833899652090063e+03,3.830872889464521e+03,5.882352941176471e-01,14648872
3.834824067296145e+03,3.830759447301766e+03,1.176470588235294e+00,14648871
3.835664357972416e+03,3.833788139629946e+03,5.882352941176471e-01,14648874
3.837443180922769e+03,3.835678475040416e+03,5.882352941176471e-01,14648876
3.838914350012326e+03,3.837149644129973e+03,5.882352941176471e-01,14648877
3.839355565597018e+03,3.834061447949959e+03,1.764705882352941e+00,14648875
3.845052456924068e+03,3.839758339277009e+03,1.764705882352941e+00,14648878
3.851555654096029e+03,3.848026242331323e+03,1.176470588235294e+00,14648880
3.852631633747368e+03,3.850866927865015e+03,5.882352941176471e-01,14648881
3.852895590976264e+03,3.847601473329206e+03,1.764705882352941e+00,14648879
3.853441110340723e+03,3.851676404458371e+03,5.882352941176471e-01,14648882
3.855142710016042e+03,3.853378004133689e+03,5.882352941176471e-01,14648883
3.855312278170005e+03,3.853547572287652e+03,5.882352941176471e-01,14648884
3.858991833471585e+03,3.857227127589232e+03,5.882352941176471e-01,14648887
3.860419064171483e+03,3.858411825978788e+03,5.882352941176471e-01,14648888
3.860532928300092e+03,3.858681799707843e+03,5.882352941176471e-01,14648889
3.860844690863792e+03,3.859079984981439e+03,5.882352941176471e-01,14648890
3.864005408000493e+03,3.861835878073814e+03,5.882352941176471e-01,14648894
3.864472669285282e+03,3.856889652406777e+03,1.764705882352941e+00,14648885
3.865770113882846e+03,3.863085392016880e+03,5.882352941176471e-01,14648895
3.866687579339325e+03,3.864263123751344e+03,5.882352941176471e-01,14648897
3.867534819765199e+03,3.865373077628661e+03,5.882352941176471e-01,14648899
3.868401827798141e+03,3.859211557988664e+03,1.176470588235294e+00,14648891
3.869308092654093e+03,3.866808998450903e+03,5.882352941176471e-01,14648901
3.870016073178465e+03,3.867667995020366e+03,5.882352941176471e-01,14648904
3.870016073178465e+03,3.867551953778282e+03,5.882352941176471e-01,14648903
3.871072798536446e+03,3.868510755875330e+03,5.882352941176471e-01,14648905
3.871780779060818e+03,3.866336200911730e+03,1.176470588235294e+00,14648900
3.872207407257646e+03,3.870442701375293e+03,5.882352941176471e-01,14648906
3.872837504418799e+03,3.870958293690679e+03,5.882352941176471e-01,14648907
3.873973234450721e+03,3.872208528568368e+03,5.882352941176471e-01,14648908
3.874419483252849e+03,3.872654777370496e+03,5.882352941176471e-01,14648909
3.878699241830449e+03,3.876934535948096e+03,5.882352941176471e-01,14648911
3.878905816544103e+03,3.875376404779397e+03,1.176470588235294e+00,14648910
3.878969174414477e+03,3.877204468532124e+03,5.882352941176471e-01,14648912
3.880567235069629e+03,3.878115360709621e+03,5.882352941176471e-01,14648914
3.880567235069629e+03,3.877392089649823e+03,5.882352941176471e-01,14648913
3.882628356273383e+03,3.880182924961638e+03,5.882352941176471e-01,14648916
3.882628356273383e+03,3.880299552522792e+03,5.882352941176471e-01,14648917
3.882628356273383e+03,3.880512087928536e+03,5.882352941176471e-01,14648918
3.885087257062218e+03,3.881613216105152e+03,5.882352941176471e-01,14648919
3.885087257062218e+03,3.881743740627899e+03,5.882352941176471e-01,14648920
3.885087257062218e+03,3.882075910876442e+03,5.882352941176471e-01,14648921
3.887219541225740e+03,3.885454835343387e+03,5.882352941176471e-01,14648925
3.888616668826924e+03,3.879691775151480e+03,1.764705882352941e+00,14648915
3.889055006730609e+03,3.887290300848256e+03,5.882352941176471e-01,14648926
3.890381374709277e+03,3.884363843539587e+03,1.764705882352941e+00,14648924
3.893910786473982e+03,3.889207573917997e+03,1.176470588235294e+00,14648931
3.893910786473982e+03,3.887923548202750e+03,1.764705882352941e+00,14648927
3.894501691565056e+03,3.892567706249749e+03,5.882352941176471e-01,14648934
3.897440198238688e+03,3.895175533844196e+03,5.882352941176471e-01,14648937
3.897621796903417e+03,3.895857091021064e+03,5.882352941176471e-01,14648938
3.898010017153103e+03,3.890650001868512e+03,1.764705882352941e+00,14648933
3.900980153091724e+03,3.893931872650642e+03,1.764705882352941e+00,14648936
3.900980153091724e+03,3.893376147176024e+03,1.764705882352941e+00,14648935
3.901612291792294e+03,3.899444967274301e+03,5.882352941176471e-01,14648940
3.902744858974077e+03,3.898082880027589e+03,1.176470588235294e+00,14648939
3.903936093990016e+03,3.902171388107663e+03,5.882352941176471e-01,14648941
3.905628642731201e+03,3.903863936848848e+03,5.882352941176471e-01,14648943
3.906389165808610e+03,3.904624459926257e+03,5.882352941176471e-01,14648944
3.907755007647316e+03,3.904745577718801e+03,5.882352941176471e-01,14648945
3.908116666681078e+03,3.902822549034019e+03,1.764705882352941e+00,14648942
3.910016122735376e+03,3.908251416853023e+03,5.882352941176471e-01,14648947
3.910768832733370e+03,3.909004126851017e+03,5.882352941176471e-01,14648948
3.910804627369653e+03,3.909039921487300e+03,5.882352941176471e-01,14648949
3.914168892233731e+03,3.910639480469025e+03,1.176470588235294e+00,14648950
3.914499742446666e+03,3.912735036564313e+03,5.882352941176471e-01,14648952
3.916401020324891e+03,3.911106902677832e+03,1.764705882352941e+00,14648951
3.918487752134272e+03,3.914958340369566e+03,1.176470588235294e+00,14648954
3.919331621493315e+03,3.917566915610962e+03,5.882352941176471e-01,14648955
3.919463009880790e+03,3.914009787487447e+03,1.764705882352941e+00,14648953
3.921112483033070e+03,3.918933063695648e+03,5.882352941176471e-01,14648957
3.921227715763143e+03,3.919355854979418e+03,5.882352941176471e-01,14648960
3.922877188915423e+03,3.920745131512444e+03,5.882352941176471e-01,14648961
3.923781869781330e+03,3.918402088355109e+03,1.764705882352941e+00,14648956
3.929255347212598e+03,3.927490641330245e+03,5.882352941176471e-01,14648964
3.929490442754609e+03,3.927545876618970e+03,5.882352941176471e-01,14648965
3.930665628329914e+03,3.925371510682855e+03,1.764705882352941e+00,14648962
3.931176783456292e+03,3.928718469660929e+03,5.882352941176471e-01,14648967
3.931176783456292e+03,3.928432969524856e+03,5.882352941176471e-01,14648966
3.934706195220998e+03,3.925961030989903e+03,1.764705882352941e+00,14648963
3.935959745976973e+03,3.930121953276390e+03,1.764705882352941e+00,14648969
3.939667588379403e+03,3.932885354501544e+03,1.764705882352941e+00,14648971
3.939667588379403e+03,3.931414658060734e+03,1.764705882352941e+00,14648970
3.940784632395646e+03,3.933464959214625e+03,1.764705882352941e+00,14648972
3.941432294261756e+03,3.937647371703158e+03,5.882352941176471e-01,14648974
3.942094575453421e+03,3.940329869571069e+03,5.882352941176471e-01,14648975
3.944314213433441e+03,3.942549507551088e+03,5.882352941176471e-01,14648976
3.946657190744989e+03,3.944892484862636e+03,5.882352941176471e-01,14648978
3.948004973578946e+03,3.946240267696593e+03,5.882352941176471e-01,14648979
3.948315554460716e+03,3.943021436813657e+03,1.764705882352941e+00,14648977
3.952588043355595e+03,3.947293925708536e+03,1.764705882352941e+00,14648980
3.952850716790933e+03,3.951086010908580e+03,5.882352941176471e-01,14648981
3.954206866908788e+03,3.952442161026435e+03,5.882352941176471e-01,14648982
3.956550037064240e+03,3.954785331181887e+03,5.882352941176471e-01,14648984
3.958662689910391e+03,3.953368572263332e+03,1.764705882352941e+00,14648983
3.959292994443824e+03,3.957528288561471e+03,5.882352941176471e-01,14648985
3.960427395792744e+03,3.958658924993273e+03,5.882352941176471e-01,14648987
3.963241855409376e+03,3.961477149527023e+03,5.882352941176471e-01,14648989
3.963284607944944e+03,3.961519902062591e+03,5.882352941176471e-01,14648990
3.963426177119895e+03,3.958132059472836e+03,1.764705882352941e+00,14648986
3.965035062982108e+03,3.962043099196081e+03,5.882352941176471e-01,14648991
3.966799768864461e+03,3.963640558053465e+03,5.882352941176471e-01,14648994
3.966950764851378e+03,3.959750372147015e+03,1.764705882352941e+00,14648988
3.968564474746814e+03,3.966520972913974e+03,5.882352941176470e-01,14648995
3.968564474746814e+03,3.962129113707333e+03,1.764705882352941e+00,14648992
3.970934791663579e+03,3.969170085781226e+03,5.882352941176471e-01,14648998
3.972515571438995e+03,3.969654319271093e+03,5.882352941176471e-01,14649000
3.974347270877484e+03,3.967690470221600e+03,1.764705882352941e+00,14648996
3.975455604752757e+03,3.969572108654754e+03,1.764705882352941e+00,14648999
3.975455604752757e+03,3.968986159674289e+03,1.764705882352941e+00,14648997
3.976604214740284e+03,3.974839508857931e+03,5.882352941176471e-01,14649001
3.977605918698277e+03,3.975841212815924e+03,5.882352941176471e-01,14649002
3.981842835603563e+03,3.980078129721210e+03,5.882352941176471e-01,14649003
3.986459667540927e+03,3.984694961658574e+03,5.882352941176471e-01,14649006
3.987972177152230e+03,3.982678059505171e+03,1.764705882352941e+00,14649004
3.988234692792499e+03,3.982940575145440e+03,1.764705882352941e+00,14649005
3.989736883034583e+03,3.986667434922654e+03,5.882352941176471e-01,14649009
3.991758944872595e+03,3.984976868116253e+03,1.764705882352941e+00,14649007
3.993967650811958e+03,3.990438239047252e+03,1.176470588235294e+00,14649011
3.995140691061416e+03,3.992733441306742e+03,5.882352941176471e-01,14649013
3.995288356637301e+03,3.989846573414358e+03,1.764705882352941e+00,14649010
3.996905396943769e+03,3.994930038322154e+03,5.882352941176471e-01,14649014
3.997497062576664e+03,3.991400265638047e+03,1.764705882352941e+00,14649012
3.998941549103059e+03,3.997176843220706e+03,5.882352941176471e-01,14649016
4.000696975672735e+03,3.998932269790382e+03,5.882352941176471e-01,14649017
4.000882753071535e+03,3.995588635424476e+03,1.764705882352941e+00,14649015
4.002243093448333e+03,4.000478387565980e+03,5.882352941176471e-01,14649018
4.003583366683015e+03,4.001818660800662e+03,5.882352941176471e-01,14649019
4.005108073817179e+03,4.003343367934826e+03,5.882352941176471e-01,14649020
4.007713331054630e+03,4.005948625172277e+03,5.882352941176471e-01,14649021
4.009221117062109e+03,4.007456411179756e+03,5.882352941176471e-01,14649022
4.009445955410879e+03,4.007681249528526e+03,5.882352941176471e-01,14649023
4.010985822944462e+03,4.009012869133030e+03,5.882352941176471e-01,14649025
4.012167523844728e+03,4.010402817962375e+03,5.882352941176471e-01,14649026
4.012750528826815e+03,4.010425295002270e+03,5.882352941176471e-01,14649027
4.013274495192497e+03,4.007980377545438e+03,1.764705882352941e+00,14649024
4.015263044189909e+03,4.013498338307556e+03,5.882352941176471e-01,14649030
4.016287921759622e+03,4.014086660824320e+03,5.882352941176471e-01,14649031
4.016820257241009e+03,4.014641267089642e+03,5.882352941176471e-01,14649032
4.018785319946054e+03,4.017020614063701e+03,5.882352941176471e-01,14649033
4.019304894739471e+03,4.013290845476303e+03,1.764705882352941e+00,14649029
4.019304894739471e+03,4.012758509994917e+03,1.764705882352941e+00,14649028
4.021433634575691e+03,4.019668928693338e+03,5.882352941176471e-01,14649034
4.023344111975715e+03,4.020864879258595e+03,5.882352941176471e-01,14649037
4.023846744721220e+03,4.021725177611033e+03,5.882352941176471e-01,14649039
4.025108817858068e+03,4.022561949863406e+03,5.882352941176471e-01,14649041
4.026873523740421e+03,4.024755301639413e+03,5.882352941176471e-01,14649042
4.027679008791990e+03,4.020382815519509e+03,1.764705882352941e+00,14649036
4.027679008791990e+03,4.020251850393520e+03,1.764705882352941e+00,14649035
4.029846929563145e+03,4.028082223680792e+03,5.882352941176471e-01,14649043
4.030646106423644e+03,4.028881400541291e+03,5.882352941176471e-01,14649044
4.034334069417253e+03,4.032569363534900e+03,5.882352941176471e-01,14649047
4.035916510405996e+03,4.033611220813430e+03,5.882352941176471e-01,14649048
4.036098775299606e+03,4.034235320336440e+03,5.882352941176471e-01,14649049
4.036338493328061e+03,4.031044375681003e+03,1.764705882352941e+00,14649045
4.037772348735154e+03,4.035081295840557e+03,5.882352941176471e-01,14649051
4.038103199210414e+03,4.032387098641290e+03,1.176470588235294e+00,14649046
4.039537054617507e+03,4.036655078315949e+03,5.882352941176471e-01,14649052
4.041301760499860e+03,4.034855900463010e+03,1.764705882352941e+00,14649050
4.041632610975120e+03,4.039737375965137e+03,5.882352941176471e-01,14649055
4.043066466382213e+03,4.037943658716920e+03,1.176470588235294e+00,14649053
4.044831172264566e+03,4.038171858154565e+03,1.764705882352941e+00,14649054
4.048478099173020e+03,4.046713393290667e+03,5.882352941176471e-01,14649059
4.048677227618138e+03,4.046778190312788e+03,5.882352941176471e-01,14649060
4.050242805055373e+03,4.048477635938704e+03,5.882352941176471e-01,14649061
4.050405039105047e+03,4.044866688822711e+03,1.764705882352941e+00,14649056
4.052007510937726e+03,4.049772551123906e+03,5.882352941176471e-01,14649062
4.052754301135728e+03,4.045147815853432e+03,1.764705882352941e+00,14649057
4.057124697426118e+03,4.055359991543765e+03,5.882352941176471e-01,14649064
4.057925505232275e+03,4.056160799349922e+03,5.882352941176471e-01,14649065
4.059343252515547e+03,4.054049134868488e+03,1.764705882352941e+00,14649063
4.061107958397900e+03,4.059004352036681e+03,5.882352941176471e-01,14649068
4.063096137214501e+03,4.057802019567442e+03,1.764705882352941e+00,14649066
4.063814668435385e+03,4.058520550788326e+03,1.764705882352941e+00,14649067
4.066806527683383e+03,4.061512410036324e+03,1.764705882352941e+00,14649069
4.069153861018257e+03,4.063859743371198e+03,1.764705882352941e+00,14649070
4.071172628125324e+03,4.069314860258454e+03,5.882352941176471e-01,14649074
4.072502606525869e+03,4.070447650078929e+03,5.882352941176471e-01,14649075
4.072683272782963e+03,4.067208488878810e+03,1.764705882352941e+00,14649071
4.073485971521297e+03,4.067643216360618e+03,1.176470588235294e+00,14649072
4.074267312408222e+03,4.072269903152564e+03,5.882352941176471e-01,14649076
4.077994519314546e+03,4.076229813432193e+03,5.882352941176471e-01,14649077
4.080950026652536e+03,4.079185320770183e+03,5.882352941176471e-01,14649080
4.082209993709197e+03,4.076915876062138e+03,1.764705882352941e+00,14649078
4.082210898027909e+03,4.079615045009541e+03,5.882352941176471e-01,14649081
4.084479438417242e+03,4.078681486263203e+03,1.764705882352941e+00,14649079
4.084545324405297e+03,4.082780618522944e+03,5.882352941176471e-01,14649083
4.086070594258106e+03,4.082541182493400e+03,1.176470588235294e+00,14649082
4.086244144299595e+03,4.084479347457441e+03,5.882352941176471e-01,14649084
4.086746091320507e+03,4.084981385438154e+03,5.882352941176471e-01,14649085
4.087927902371057e+03,4.086163196488704e+03,5.882352941176471e-01,14649086
4.088354506293936e+03,4.086589800411583e+03,5.882352941176471e-01,14649087
4.088510797202860e+03,4.086705526193151e+03,5.882352941176471e-01,14649088
4.089692608253410e+03,4.087286727826654e+03,5.882352941176471e-01,14649089
4.095454378067298e+03,4.090160260420239e+03,1.764705882352941e+00,14649090
4.096633202520770e+03,4.094462274676633e+03,5.882352941176471e-01,14649093
4.096733278761483e+03,4.091439161114424e+03,1.764705882352941e+00,14649091
4.098983789832004e+03,4.093103790756064e+03,1.764705882352941e+00,14649092
4.100216757652859e+03,4.097100282959920e+03,5.882352941176471e-01,14649096
4.100429792130630e+03,4.098479123454198e+03,5.882352941176471e-01,14649099
4.101981463535212e+03,4.099782193396279e+03,5.882352941176471e-01,14649100
4.102912403378847e+03,4.096277629365294e+03,1.764705882352941e+00,14649094
4.104096297187601e+03,4.101062962591018e+03,5.882352941176471e-01,14649102
4.105861003069954e+03,4.101298799968586e+03,1.176470588235294e+00,14649103
4.106441815143553e+03,4.102636153113937e+03,1.176470588235294e+00,14649106
4.107625708952307e+03,4.105769029274996e+03,5.882352941176470e-01,14649107
4.107625708952307e+03,4.100683594679574e+03,1.764705882352941e+00,14649101
4.108206521025906e+03,4.106027280169423e+03,5.882352941176471e-01,14649108
4.109390414834660e+03,4.107027984910089e+03,5.882352941176471e-01,14649109
4.110845759199835e+03,4.109081053317483e+03,5.882352941176471e-01,14649111
4.111924472204701e+03,4.110159766322348e+03,5.882352941176471e-01,14649112
4.112610465082188e+03,4.110554849061365e+03,5.882352941176471e-01,14649113
4.112919826599366e+03,4.107562844628702e+03,1.764705882352941e+00,14649110
4.113906509749621e+03,4.112141803867268e+03,5.882352941176471e-01,14649114
4.116089607025712e+03,4.114324901143359e+03,5.882352941176471e-01,14649115
4.116361252250758e+03,4.114596546368405e+03,5.882352941176471e-01,14649116
4.119667834286454e+03,4.117903128404101e+03,5.882352941176471e-01,14649119
4.120041091728113e+03,4.116511679963407e+03,1.176470588235294e+00,14649117
4.122074938531397e+03,4.116780820884338e+03,1.764705882352941e+00,14649118
4.123357039124081e+03,4.121592333241728e+03,5.882352941176471e-01,14649120
4.124377593541796e+03,4.122612887659443e+03,5.882352941176471e-01,14649121
4.126594513477294e+03,4.124829807594941e+03,5.882352941176471e-01,14649123
4.128167870800817e+03,4.122873753153758e+03,1.764705882352941e+00,14649122
4.129315448371358e+03,4.127550742489005e+03,5.882352941176471e-01,14649125
4.131121984795947e+03,4.128489496699659e+03,5.882352941176471e-01,14649127
4.131163815338183e+03,4.125869697691125e+03,1.764705882352941e+00,14649124
4.131697282565523e+03,4.128040372237208e+03,1.176470588235294e+00,14649126
4.132907605949418e+03,4.130199203557476e+03,5.882352941176471e-01,14649129
4.133461988447876e+03,4.131276943848430e+03,5.882352941176471e-01,14649131
4.135107936011342e+03,4.133343230128989e+03,5.882352941176471e-01,14649132
4.136437017714124e+03,4.130785454895341e+03,1.764705882352941e+00,14649130
4.136991301760238e+03,4.134453750091976e+03,5.882352941176471e-01,14649134
4.137498313027579e+03,4.135256260844521e+03,5.882352941176471e-01,14649139
4.138756007642591e+03,4.136815686179411e+03,5.882352941176471e-01,14649140
4.139263018909932e+03,4.137094094919526e+03,5.882352941176471e-01,14649141
4.139966429478830e+03,4.133968901262873e+03,1.764705882352941e+00,14649133
4.140520713524944e+03,4.138610614236406e+03,5.882352941176471e-01,14649142
4.141206111257664e+03,4.139441405375311e+03,5.882352941176471e-01,14649143
4.141731135361183e+03,4.139638410289251e+03,5.882352941176471e-01,14649144
4.145362943268411e+03,4.143598237386058e+03,5.882352941176471e-01,14649145
4.146061794418628e+03,4.144297088536275e+03,5.882352941176471e-01,14649146
4.146095820086158e+03,4.144331114203805e+03,5.882352941176471e-01,14649147
4.149084172167923e+03,4.147319466285570e+03,5.882352941176471e-01,14649148
4.152520681593928e+03,4.150755975711575e+03,5.882352941176471e-01,14649151
4.154186585464371e+03,4.150966123927806e+03,5.882352941176471e-01,14649152
4.154323492543751e+03,4.149029374896692e+03,1.764705882352941e+00,14649149
4.156000692352679e+03,4.153609352327091e+03,5.882352941176471e-01,14649153
4.156050093358634e+03,4.150657173699665e+03,1.764705882352941e+00,14649150
4.156586275772683e+03,4.154821569890330e+03,5.882352941176471e-01,14649155
4.158350981655036e+03,4.156400195205026e+03,5.882352941176471e-01,14649158
4.161294809999738e+03,4.155589164547639e+03,1.764705882352941e+00,14649156
4.161674223784701e+03,4.156380106137643e+03,1.764705882352941e+00,14649157
4.163057862323236e+03,4.160989038345751e+03,5.882352941176471e-01,14649161
4.163057862323236e+03,4.159741664775751e+03,5.882352941176471e-01,14649160
4.165203635549407e+03,4.159526796999675e+03,1.764705882352941e+00,14649159
4.165348175654110e+03,4.163583469771757e+03,5.882352941176471e-01,14649163
4.166587274087942e+03,4.163588633456130e+03,5.882352941176471e-01,14649164
4.166968341431760e+03,4.162597573508302e+03,1.176470588235294e+00,14649162
4.170373690758939e+03,4.168608984876586e+03,5.882352941176471e-01,14649167
4.171435311241534e+03,4.169399137662274e+03,5.882352941176471e-01,14649170
4.172138396641292e+03,4.169948972731370e+03,5.882352941176471e-01,14649171
4.172629378418788e+03,4.170516626662292e+03,5.882352941176471e-01,14649172
4.173200017123887e+03,4.171003813910508e+03,5.882352941176471e-01,14649173
4.173903102523645e+03,4.172036750513879e+03,5.882352941176471e-01,14649174
4.174394084301141e+03,4.172324562237668e+03,5.882352941176471e-01,14649175
4.175351825141161e+03,4.173587119258808e+03,5.882352941176471e-01,14649176
4.175667808405998e+03,4.173658367232673e+03,5.882352941176471e-01,14649177
4.177884387549225e+03,4.167036089763538e+03,1.764705882352941e+00,14649165
4.177899373797156e+03,4.176134667914803e+03,5.882352941176471e-01,14649179
4.178881236905867e+03,4.177065171022613e+03,5.882352941176471e-01,14649180
4.180251816115472e+03,4.178487110233119e+03,5.882352941176471e-01,14649181
4.181413799313931e+03,4.174528972593668e+03,1.764705882352941e+00,14649178
4.183268581524530e+03,4.181503875642177e+03,5.882352941176471e-01,14649184
4.184725677446408e+03,4.179431559799350e+03,1.764705882352941e+00,14649182
4.186490383328761e+03,4.184378450638958e+03,5.882352941176471e-01,14649190
4.188255089211114e+03,4.183399547735304e+03,1.176470588235294e+00,14649188
4.189115440152858e+03,4.179497450132917e+03,1.764705882352941e+00,14649183
4.191784500975820e+03,4.185829657326092e+03,1.764705882352941e+00,14649191
4.192658008001114e+03,4.190893302118761e+03,5.882352941176471e-01,14649193
4.192903368671332e+03,4.187310243013699e+03,1.764705882352941e+00,14649192
4.194016890090763e+03,4.190974506296640e+03,5.882352941176471e-01,14649194
4.194870934103885e+03,4.193106228221532e+03,5.882352941176471e-01,14649198
4.195984507869468e+03,4.193835447199314e+03,5.882352941176471e-01,14649200
4.195984507869468e+03,4.193635035056746e+03,5.882352941176471e-01,14649199
4.197749213751821e+03,4.192486025824704e+03,1.176470588235294e+00,14649197
4.198646420599336e+03,4.196881714716984e+03,5.882352941176471e-01,14649202
4.200165051750944e+03,4.194651118492084e+03,1.764705882352941e+00,14649201
4.200411126481689e+03,4.198530289716579e+03,5.882352941176471e-01,14649204
4.201929757633297e+03,4.199763515602100e+03,5.882352941176471e-01,14649205
4.203043331398879e+03,4.196968132081874e+03,1.764705882352941e+00,14649203
4.203694463515650e+03,4.201639008245341e+03,5.882352941176471e-01,14649207
4.204853090781224e+03,4.202147313115125e+03,5.882352941176471e-01,14649208
4.206617796663577e+03,4.202395916948983e+03,1.176470588235294e+00,14649209
4.207223875280356e+03,4.201368732516510e+03,1.764705882352941e+00,14649206
4.209751156493647e+03,4.207986450611294e+03,5.882352941176471e-01,14649210
4.215302495882721e+03,4.210008378235663e+03,1.764705882352941e+00,14649211
4.215435818052081e+03,4.210141700405023e+03,1.764705882352941e+00,14649212
4.215821335425411e+03,4.210527217778352e+03,1.764705882352941e+00,14649213
4.217167193392094e+03,4.212889517058576e+03,5.882352941176471e-01,14649215
4.217167193392094e+03,4.212781870916112e+03,5.882352941176471e-01,14649214
4.218311178615907e+03,4.216546472733554e+03,5.882352941176471e-01,14649218
4.221594187765790e+03,4.219829481883437e+03,5.882352941176471e-01,14649219
4.221853822972462e+03,4.220089117090109e+03,5.882352941176471e-01,14649220
4.222468847798847e+03,4.220704141916495e+03,5.882352941176471e-01,14649221
4.223488711251479e+03,4.221332230247966e+03,5.882352941176471e-01,14649223
4.223488711251479e+03,4.221137871243501e+03,5.882352941176471e-01,14649222
4.224397173593866e+03,4.222632467711513e+03,5.882352941176471e-01,14649224
4.226346358397903e+03,4.224581652515550e+03,5.882352941176471e-01,14649225
4.228423307405727e+03,4.224893895641022e+03,1.176470588235294e+00,14649226
4.228717056636049e+03,4.226952350753696e+03,5.882352941176471e-01,14649227
4.230251467438023e+03,4.228061808841560e+03,5.882352941176471e-01,14649229
4.230481762518402e+03,4.228550215705614e+03,5.882352941176471e-01,14649231
4.232016173320376e+03,4.227687043462805e+03,1.176470588235294e+00,14649228
4.234013950791217e+03,4.230484539026511e+03,1.176470588235294e+00,14649233
4.234038118248159e+03,4.232273412365807e+03,5.882352941176471e-01,14649234
4.234745866992217e+03,4.229035918765099e+03,1.764705882352941e+00,14649232
4.238243444627602e+03,4.236478738745249e+03,5.882352941176471e-01,14649237
4.239264655874198e+03,4.237499949991845e+03,5.882352941176471e-01,14649239
4.241238758636566e+03,4.235433129541225e+03,1.176470588235294e+00,14649235
4.241772856392308e+03,4.239936164987647e+03,5.882352941176471e-01,14649242
4.242491953070637e+03,4.240672589488502e+03,5.882352941176471e-01,14649243
4.243359529689414e+03,4.237611768138869e+03,1.176470588235294e+00,14649240
4.243359529689414e+03,4.236776290417480e+03,1.176470588235294e+00,14649238
4.244530145557079e+03,4.242765439674726e+03,5.882352941176471e-01,14649244
4.245475747328094e+03,4.243711041445741e+03,5.882352941176471e-01,14649246
4.246294851439432e+03,4.244342938832542e+03,5.882352941176471e-01,14649247
4.248695613252460e+03,4.243401495605401e+03,1.764705882352941e+00,14649245
4.251583197956102e+03,4.249818492073750e+03,5.882352941176471e-01,14649248
4.251785522419800e+03,4.250020816537447e+03,5.882352941176471e-01,14649249
4.253839678556377e+03,4.252074972674024e+03,5.882352941176471e-01,14649250
4.257878195366105e+03,4.256034195465513e+03,5.882352941176471e-01,14649254
4.258618272138300e+03,4.255058100818014e+03,1.176470588235294e+00,14649252
4.260382978020653e+03,4.254348783601399e+03,1.764705882352941e+00,14649251
4.260664471588359e+03,4.258899765706007e+03,5.882352941176471e-01,14649255
4.261407607130810e+03,4.255119619929175e+03,1.764705882352941e+00,14649253
4.263111721139418e+03,4.261347015257065e+03,5.882352941176471e-01,14649257
4.264332983950038e+03,4.262568278067685e+03,5.882352941176471e-01,14649258
4.265677095667712e+03,4.260096042324629e+03,1.764705882352941e+00,14649256
4.268821529679944e+03,4.263527412032885e+03,1.764705882352941e+00,14649259
4.271063266430798e+03,4.269298560548445e+03,5.882352941176471e-01,14649260
4.272814478452064e+03,4.271049772569711e+03,5.882352941176471e-01,14649262
4.273639536564576e+03,4.271874830682223e+03,5.882352941176471e-01,14649263
4.274087191713521e+03,4.270557779948815e+03,1.176470588235294e+00,14649261
4.274579184334417e+03,4.272624019218842e+03,5.882352941176471e-01,14649264
4.275533936150301e+03,4.273081122030904e+03,5.882352941176471e-01,14649265
4.277621620295739e+03,4.275483537704078e+03,5.882352941176471e-01,14649271
4.277621620295739e+03,4.275335556670179e+03,5.882352941176471e-01,14649270
4.279453886641714e+03,4.276837531140214e+03,5.882352941176471e-01,14649273
4.279453886641714e+03,4.276704828105158e+03,5.882352941176471e-01,14649272
4.279971772155520e+03,4.273898923971321e+03,1.764705882352941e+00,14649267
4.281391221028669e+03,4.277824301686605e+03,5.882352941176471e-01,14649275
4.281391221028669e+03,4.279331902522766e+03,5.882352941176471e-01,14649277
4.283844695257735e+03,4.282079989375382e+03,5.882352941176471e-01,14649279
4.284920632793375e+03,4.278444524072329e+03,1.764705882352941e+00,14649276
4.285680690272206e+03,4.283475529269448e+03,5.882352941176471e-01,14649280
4.286685338675728e+03,4.283951628955912e+03,5.882352941176470e-01,14649283
4.286685338675728e+03,4.280442789578405e+03,1.764705882352941e+00,14649278
4.287702510598137e+03,4.285937804715784e+03,5.882352941176471e-01,14649285
4.288725456812550e+03,4.286960750930197e+03,5.882352941176471e-01,14649286
4.289616290813412e+03,4.287851584931060e+03,5.882352941176471e-01,14649287
4.290102990401762e+03,4.288338284519409e+03,5.882352941176471e-01,14649288
4.293543488210820e+03,4.291778782328467e+03,5.882352941176471e-01,14649290
4.293592404776558e+03,4.291827698894205e+03,5.882352941176471e-01,14649291
4.294091221995424e+03,4.288797104348366e+03,1.764705882352941e+00,14649289
4.295340805136998e+03,4.292311411533104e+03,5.882352941176471e-01,14649293
4.295340805136998e+03,4.291973116039894e+03,5.882352941176471e-01,14649292
4.295892963455591e+03,4.294128257573238e+03,5.882352941176471e-01,14649295
4.297289563792216e+03,4.295071798381327e+03,5.882352941176471e-01,14649297
4.297289563792216e+03,4.295259118746812e+03,5.882352941176471e-01,14649298
4.299441880060195e+03,4.297677174177843e+03,5.882352941176471e-01,14649300
4.300818975556922e+03,4.298539010390972e+03,5.882352941176470e-01,14649301
4.300818975556922e+03,4.294243778041746e+03,1.764705882352941e+00,14649296
4.301206585942548e+03,4.299173325293253e+03,5.882352941176471e-01,14649302
4.302583681439275e+03,4.299941687516847e+03,5.882352941176471e-01,14649304
4.302583681439275e+03,4.299532751041043e+03,5.882352941176471e-01,14649303
4.302971291824901e+03,4.295960825263132e+03,1.176470588235294e+00,14649299
4.304348387321627e+03,4.302273734146242e+03,5.882352941176471e-01,14649305
4.304640104838300e+03,4.302875398955947e+03,5.882352941176471e-01,14649306
4.306113093203980e+03,4.304072074372310e+03,5.882352941176471e-01,14649308
4.307129671742444e+03,4.305364965860091e+03,5.882352941176471e-01,14649309
4.307568459266144e+03,4.305803753383791e+03,5.882352941176471e-01,14649310
4.310515913546448e+03,4.303895877540736e+03,1.764705882352941e+00,14649307
4.311407210851039e+03,4.306110641117375e+03,1.764705882352941e+00,14649311
4.312401737543656e+03,4.309997127233082e+03,5.882352941176471e-01,14649313
4.312694433246413e+03,4.310758149776159e+03,5.882352941176471e-01,14649315
4.314166443426009e+03,4.312355615629438e+03,5.882352941176471e-01,14649316
4.314936622615745e+03,4.309165021481707e+03,1.764705882352941e+00,14649312
4.317453881857583e+03,4.315689175975230e+03,5.882352941176471e-01,14649317
4.319424242939273e+03,4.317436368966261e+03,5.882352941176471e-01,14649321
4.322296920002132e+03,4.316346067653226e+03,1.764705882352941e+00,14649319
4.322296920002132e+03,4.316100486373903e+03,1.764705882352941e+00,14649318
4.322953654703979e+03,4.316848691012721e+03,1.764705882352941e+00,14649320
4.324468903466762e+03,4.322704197584409e+03,5.882352941176471e-01,14649323
4.326948199125779e+03,4.325183493243426e+03,5.882352941176471e-01,14649325
4.327591037649190e+03,4.321319368544796e+03,1.764705882352941e+00,14649322
4.328250260701773e+03,4.322956143054714e+03,1.764705882352941e+00,14649324
4.330477610890485e+03,4.325371230912184e+03,1.176470588235294e+00,14649326
4.333469629290330e+03,4.331704923407977e+03,5.882352941176471e-01,14649329
4.334223058228582e+03,4.331732240130619e+03,5.882352941176471e-01,14649330
4.335611049641809e+03,4.332707282879466e+03,5.882352941176471e-01,14649333
4.335611049641809e+03,4.332701310294505e+03,5.882352941176471e-01,14649332
4.337647123036896e+03,4.334879140332196e+03,5.882352941176471e-01,14649334
4.337647123036896e+03,4.335045942488791e+03,5.882352941176471e-01,14649335
4.338189858062364e+03,4.330557347387838e+03,1.764705882352941e+00,14649327
4.340426260560744e+03,4.338661554678391e+03,5.882352941176471e-01,14649338
4.342059839628684e+03,4.340295133746331e+03,5.882352941176471e-01,14649339
4.343291657637471e+03,4.341526951755119e+03,5.882352941176471e-01,14649340
4.343949199747574e+03,4.338655082100516e+03,1.764705882352941e+00,14649337
4.345056363519824e+03,4.342247591800553e+03,5.882352941176471e-01,14649343
4.345753210033042e+03,4.343988504150689e+03,5.882352941176471e-01,14649344
4.347416284394011e+03,4.341556441899547e+03,1.764705882352941e+00,14649341
4.349223023874753e+03,4.347458317992400e+03,5.882352941176471e-01,14649348
4.350648088662800e+03,4.344984396418896e+03,1.764705882352941e+00,14649345
4.354177500427506e+03,4.347369125777843e+03,1.764705882352941e+00,14649347
4.354499303078901e+03,4.348189209236123e+03,1.764705882352941e+00,14649350
4.354499303078901e+03,4.347644630148114e+03,1.764705882352941e+00,14649349
4.356156741410789e+03,4.351336417480210e+03,5.882352941176471e-01,14649354
4.356156741410789e+03,4.352137185515877e+03,5.882352941176471e-01,14649355
4.359476179731976e+03,4.357711473849623e+03,5.882352941176471e-01,14649357
4.359686153175495e+03,4.352348418724470e+03,1.764705882352941e+00,14649356
4.361380867910008e+03,4.358306629319389e+03,5.882352941176471e-01,14649359
4.363344906520323e+03,4.358050788873264e+03,1.764705882352941e+00,14649358
4.363617899347391e+03,4.361853193465038e+03,5.882352941176471e-01,14649362
4.364910279674714e+03,4.358584423152222e+03,1.764705882352941e+00,14649360
4.369058885122865e+03,4.367294179240512e+03,5.882352941176471e-01,14649364
4.371261965546146e+03,4.369497259663793e+03,5.882352941176471e-01,14649365
4.372141920400509e+03,4.366847802753450e+03,1.764705882352941e+00,14649363
4.373466648855680e+03,4.370941745057488e+03,5.882352941176471e-01,14649368
4.373466648855680e+03,4.370605995067772e+03,5.882352941176471e-01,14649367
4.373922933296028e+03,4.370393521531322e+03,1.176470588235294e+00,14649366
4.377946275949588e+03,4.375809603809483e+03,5.882352941176471e-01,14649372
4.378235925053424e+03,4.376444032563518e+03,5.882352941176471e-01,14649374
4.379710981831941e+03,4.377730520166471e+03,5.882352941176471e-01,14649376
4.379710981831941e+03,4.377462126318707e+03,5.882352941176471e-01,14649375
4.381106923519665e+03,4.374206141587369e+03,1.176470588235294e+00,14649369
4.381106923519665e+03,4.374627586782396e+03,1.176470588235294e+00,14649370
4.382871629402018e+03,4.379840962868205e+03,5.882352941176470e-01,14649379
4.382871629402018e+03,4.374706513288718e+03,1.764705882352941e+00,14649371
4.384636335284371e+03,4.381010870823757e+03,1.176470588235294e+00,14649380
4.386781323440823e+03,4.383251911676117e+03,1.176470588235294e+00,14649381
4.386982570852376e+03,4.385217864970023e+03,5.882352941176471e-01,14649382
4.387536393334694e+03,4.385771687452342e+03,5.882352941176471e-01,14649383
4.389444395885519e+03,4.387679690003166e+03,5.882352941176471e-01,14649385
4.391205163327574e+03,4.389022797395376e+03,5.882352941176471e-01,14649388
4.392969869209927e+03,4.390600921359929e+03,5.882352941176471e-01,14649390
4.392969869209927e+03,4.390429100023601e+03,5.882352941176471e-01,14649389
4.393602593187420e+03,4.387671813122570e+03,1.764705882352941e+00,14649384
4.394734575092280e+03,4.392261990039032e+03,5.882352941176471e-01,14649391
4.396006082488463e+03,4.394241376606110e+03,5.882352941176471e-01,14649392
4.396499280974633e+03,4.388614415116400e+03,1.764705882352941e+00,14649387
4.397208626612525e+03,4.395443920730172e+03,5.882352941176471e-01,14649393
4.397841137200353e+03,4.395803244324746e+03,5.882352941176471e-01,14649394
4.398618659675932e+03,4.396297043388331e+03,5.882352941176471e-01,14649397
4.399605843082706e+03,4.397642031370751e+03,5.882352941176471e-01,14649398
4.400383365558285e+03,4.396146780147538e+03,1.176470588235294e+00,14649396
4.400383365558285e+03,4.398467239696487e+03,5.882352941176471e-01,14649399
4.401370548965059e+03,4.399038608628691e+03,5.882352941176471e-01,14649400
4.406878671508376e+03,4.401584553861318e+03,1.764705882352941e+00,14649401
4.407538604636079e+03,4.404009192871374e+03,1.176470588235294e+00,14649402
4.409251662883198e+03,4.407486957000845e+03,5.882352941176471e-01,14649404
4.411923826708221e+03,4.410159120825868e+03,5.882352941176471e-01,14649406
4.412191710147712e+03,4.406897592500653e+03,1.764705882352941e+00,14649403
4.412899581827303e+03,4.411134875944950e+03,5.882352941176471e-01,14649407
4.413688532590574e+03,4.411477345257501e+03,5.882352941176471e-01,14649408
4.413956416030065e+03,4.412039058489680e+03,5.882352941176471e-01,14649409
4.416329305646164e+03,4.409270482116752e+03,1.764705882352941e+00,14649405
4.418518602038914e+03,4.416753896156561e+03,5.882352941176471e-01,14649412
4.418992918495008e+03,4.415463506730302e+03,1.176470588235294e+00,14649411
4.419042616399122e+03,4.413748498752063e+03,1.764705882352941e+00,14649410
4.420283307921267e+03,4.417604264445853e+03,5.882352941176471e-01,14649413
4.421967478750269e+03,4.420202772867916e+03,5.882352941176471e-01,14649415
4.424287036142067e+03,4.418821017758935e+03,1.764705882352941e+00,14649414
4.424606991582383e+03,4.422842285700030e+03,5.882352941176471e-01,14649416
4.426051742024420e+03,4.424003451748592e+03,5.882352941176471e-01,14649418
4.426371697464736e+03,4.424490738665258e+03,5.882352941176471e-01,14649419
4.426864605163403e+03,4.423335193398697e+03,1.176470588235294e+00,14649417
4.428029751533650e+03,4.425640604769367e+03,5.882352941176471e-01,14649421
4.428029751533650e+03,4.425248258348235e+03,5.882352941176471e-01,14649420
4.429794457416003e+03,4.427805368916799e+03,5.882352941176471e-01,14649424
4.431559163298356e+03,4.429562766185167e+03,5.882352941176471e-01,14649426
4.432158722810462e+03,4.426407896144623e+03,1.764705882352941e+00,14649423
4.433941752737715e+03,4.431559847572340e+03,5.882352941176471e-01,14649429
4.433950914760165e+03,4.428656797113106e+03,1.764705882352941e+00,14649425
4.435088917200054e+03,4.432961998130783e+03,5.882352941176471e-01,14649432
4.436271048362363e+03,4.434506342480010e+03,5.882352941176471e-01,14649433
4.436853623082407e+03,4.434511442895152e+03,5.882352941176471e-01,14649434
4.437471164502421e+03,4.430962708342525e+03,1.764705882352941e+00,14649427
4.438035754244716e+03,4.435099698749401e+03,5.882352941176471e-01,14649435
4.438689079714661e+03,4.436924373832308e+03,5.882352941176471e-01,14649436
4.440127122862041e+03,4.437760178136024e+03,5.882352941176471e-01,14649439
4.441000576267127e+03,4.438745465475062e+03,5.882352941176471e-01,14649440
4.441891828744394e+03,4.439751016259351e+03,5.882352941176471e-01,14649441
4.444093261329290e+03,4.437606369272904e+03,1.764705882352941e+00,14649438
4.444093261329290e+03,4.437261559905842e+03,1.764705882352941e+00,14649437
4.445809442022471e+03,4.443002395208317e+03,5.882352941176471e-01,14649446
4.447574147904824e+03,4.444809145970993e+03,5.882352941176471e-01,14649449
4.449338853787177e+03,4.446291248775267e+03,5.882352941176471e-01,14649451
4.452162383198942e+03,4.441101807303083e+03,1.764705882352941e+00,14649442
4.452162383198942e+03,4.442401094242539e+03,1.764705882352941e+00,14649445
4.452162383198942e+03,4.443058480492343e+03,1.764705882352941e+00,14649447
4.453927089081295e+03,4.450616496471968e+03,5.882352941176471e-01,14649452
4.453941087789964e+03,4.452176381907611e+03,5.882352941176471e-01,14649453
4.455691794963648e+03,4.453535705529349e+03,5.882352941176471e-01,14649455
4.458302261170513e+03,4.453008143523454e+03,1.764705882352941e+00,14649454
4.459299841904385e+03,4.454005724257326e+03,1.764705882352941e+00,14649456
4.461025230198722e+03,4.455412620914515e+03,1.176470588235294e+00,14649457
4.462789936081075e+03,4.456652785953373e+03,1.764705882352941e+00,14649458
4.463596378817572e+03,4.457783849414029e+03,1.764705882352941e+00,14649459
4.464551408712452e+03,4.462786702830099e+03,5.882352941176471e-01,14649460
4.468291448242604e+03,4.462997330595545e+03,1.764705882352941e+00,14649461
4.468950334854511e+03,4.467185628972158e+03,5.882352941176471e-01,14649465
4.470715040736864e+03,4.465662351811142e+03,1.176470588235294e+00,14649464
4.471655686262084e+03,4.465188386104748e+03,1.764705882352941e+00,14649463
4.471655686262084e+03,4.464664225972502e+03,1.764705882352941e+00,14649462
4.472479746619217e+03,4.469951709994405e+03,5.882352941176471e-01,14649466
4.476742362186275e+03,4.474977656303922e+03,5.882352941176471e-01,14649469
4.476949803909143e+03,4.471117722803077e+03,1.764705882352941e+00,14649467
4.478507068068628e+03,4.476237890277368e+03,5.882352941176471e-01,14649470
4.479218379017292e+03,4.473924261370233e+03,1.764705882352941e+00,14649468
4.483062202127371e+03,4.481297496245018e+03,5.882352941176471e-01,14649473
4.484194999239770e+03,4.481665943846869e+03,5.882352941176471e-01,14649474
4.484662386978217e+03,4.479368269331158e+03,1.764705882352941e+00,14649471
4.486591613892076e+03,4.480665587475064e+03,1.764705882352941e+00,14649472
4.487988448699034e+03,4.485551313333562e+03,5.882352941176471e-01,14649478
4.488775528178722e+03,4.483660856733963e+03,1.176470588235294e+00,14649475
4.489753154581387e+03,4.487430030700661e+03,5.882352941176471e-01,14649480
4.490576173576515e+03,4.488811467694162e+03,5.882352941176471e-01,14649482
4.491517860463740e+03,4.487590103118568e+03,1.176470588235294e+00,14649481
4.493246626830653e+03,4.485916119975078e+03,1.764705882352941e+00,14649479
4.495707568530642e+03,4.493942862648289e+03,5.882352941176471e-01,14649484
4.496013342499973e+03,4.490719224852915e+03,1.764705882352941e+00,14649483
4.499258100330738e+03,4.496467657574240e+03,5.882352941176471e-01,14649490
4.499614771568219e+03,4.494320653921160e+03,1.764705882352941e+00,14649485
4.502929839062414e+03,4.495739248583727e+03,1.764705882352941e+00,14649489
4.502929839062414e+03,4.494327092441399e+03,1.764705882352941e+00,14649486
4.503144183332924e+03,4.497829718517059e+03,1.764705882352941e+00,14649491
4.504801717080022e+03,4.500239487197353e+03,5.882352941176471e-01,14649492
4.504801717080022e+03,4.502412258948705e+03,5.882352941176471e-01,14649493
4.506566422962375e+03,4.502439940479594e+03,1.176470588235294e+00,14649494
4.508465200151880e+03,4.506700494269527e+03,5.882352941176471e-01,14649497
4.511931368393665e+03,4.506637250746606e+03,1.764705882352941e+00,14649496
4.512141182316800e+03,4.510376476434447e+03,5.882352941176471e-01,14649499
4.513549406133979e+03,4.508255288486920e+03,1.764705882352941e+00,14649498
4.513800981237585e+03,4.510613569985143e+03,5.882352941176471e-01,14649500
4.515481828752069e+03,4.512938663950133e+03,5.882352941176471e-01,14649503
4.515481828752069e+03,4.512603442249982e+03,5.882352941176471e-01,14649502
4.517274487423712e+03,4.515132132399818e+03,5.882352941176471e-01,14649506
4.517330393002291e+03,4.510628596282586e+03,1.764705882352941e+00,14649501
4.520803899188418e+03,4.514268646778735e+03,1.764705882352941e+00,14649505
4.522178064328552e+03,4.519932567709236e+03,5.882352941176471e-01,14649511
4.522178064328552e+03,4.519375804188710e+03,5.882352941176471e-01,14649510
4.522568605070771e+03,4.515916761407329e+03,1.764705882352941e+00,14649508
4.524072950458311e+03,4.521195025790493e+03,5.882352941176471e-01,14649512
4.524072950458311e+03,4.521725424049074e+03,5.882352941176471e-01,14649513
4.524072950458311e+03,4.522079198915513e+03,5.882352941176471e-01,14649514
4.525837656340664e+03,4.523868093357957e+03,5.882352941176471e-01,14649515
4.525881522795453e+03,4.524116816913100e+03,5.882352941176471e-01,14649516
4.527602362223017e+03,4.518258111821628e+03,1.764705882352941e+00,14649509
4.527624295450412e+03,4.524319682268861e+03,5.882352941176471e-01,14649517
4.530086088536161e+03,4.528321382653808e+03,5.882352941176471e-01,14649520
4.531153707215117e+03,4.525541105905427e+03,1.764705882352941e+00,14649518
4.533511283285722e+03,4.531746577403369e+03,5.882352941176471e-01,14649522
4.533615500300866e+03,4.528109329027914e+03,1.764705882352941e+00,14649519
4.535168152557326e+03,4.528463014852446e+03,1.764705882352941e+00,14649521
4.535328097675647e+03,4.533296723179327e+03,5.882352941176471e-01,14649524
4.537760909203255e+03,4.535996203320902e+03,5.882352941176471e-01,14649526
4.538697564322032e+03,4.533797179952273e+03,1.176470588235294e+00,14649525
4.538857509440353e+03,4.532897725960146e+03,1.764705882352941e+00,14649523
4.540137938396473e+03,4.538373232514120e+03,5.882352941176471e-01,14649527
4.542604130958435e+03,4.540839425076082e+03,5.882352941176471e-01,14649529
4.543060327452842e+03,4.539530915688136e+03,1.176470588235294e+00,14649528
4.545336924985340e+03,4.543572219102987e+03,5.882352941176471e-01,14649532
4.546133542723140e+03,4.543941501126398e+03,5.882352941176471e-01,14649533
4.547101630867693e+03,4.542131016102046e+03,1.176470588235294e+00,14649531
4.547174532958725e+03,4.541880415311666e+03,1.764705882352941e+00,14649530
4.547898248605493e+03,4.545979551554918e+03,5.882352941176471e-01,14649534
4.548902787795562e+03,4.546529132952858e+03,5.882352941176471e-01,14649536
4.549914060708246e+03,4.548149354825893e+03,5.882352941176471e-01,14649537
4.550667493677915e+03,4.548901895974124e+03,5.882352941176471e-01,14649538
4.552167334290285e+03,4.550402628407932e+03,5.882352941176471e-01,14649539
4.552432199560268e+03,4.546463791421882e+03,1.764705882352941e+00,14649535
4.555620644770920e+03,4.553855938888567e+03,5.882352941176471e-01,14649541
4.556111969273201e+03,4.550817851626142e+03,1.764705882352941e+00,14649540
4.556614997752971e+03,4.554850291870618e+03,5.882352941176471e-01,14649542
4.558463701593962e+03,4.556698995711609e+03,5.882352941176471e-01,14649544
4.558733747263489e+03,4.556969041381136e+03,5.882352941176471e-01,14649545
4.560914762417979e+03,4.557060415725731e+03,1.176470588235294e+00,14649546
4.561457675604735e+03,4.559692969722382e+03,5.882352941176471e-01,14649547
4.561993113358668e+03,4.555241744998892e+03,1.764705882352941e+00,14649543
4.563243460407395e+03,4.561080562731678e+03,5.882352941176471e-01,14649552
4.563757819241021e+03,4.561499833445349e+03,5.882352941176471e-01,14649554
4.564568524417959e+03,4.560016218472525e+03,1.176470588235294e+00,14649548
4.565522525123374e+03,4.563679097129381e+03,5.882352941176471e-01,14649556
4.567044792959885e+03,4.564576145580724e+03,5.882352941176471e-01,14649558
4.568930717865159e+03,4.566709505738112e+03,5.882352941176471e-01,14649559
4.569051936888080e+03,4.563515381195179e+03,1.764705882352941e+00,14649555
4.569862642065018e+03,4.563769982785911e+03,1.764705882352941e+00,14649557
4.572880818341455e+03,4.569351406576749e+03,1.176470588235294e+00,14649561
4.573479076251088e+03,4.571714370368735e+03,5.882352941176471e-01,14649562
4.573750905792513e+03,4.571986199910160e+03,5.882352941176471e-01,14649563
4.574645524223807e+03,4.572087373417788e+03,5.882352941176471e-01,14649564
4.575987913850952e+03,4.574223207968599e+03,5.882352941176471e-01,14649566
4.576628746923502e+03,4.574240989654958e+03,5.882352941176471e-01,14649567
4.577752619733305e+03,4.575813635933870e+03,5.882352941176471e-01,14649571
4.580456565516893e+03,4.578587503493379e+03,5.882352941176471e-01,14649577
4.582033423418999e+03,4.573546945401824e+03,1.176470588235294e+00,14649565
4.583798129301352e+03,4.576006037694677e+03,1.764705882352941e+00,14649572
4.583798129301352e+03,4.574973299449820e+03,1.764705882352941e+00,14649570
4.585562835183705e+03,4.583085131238845e+03,5.882352941176471e-01,14649579
4.587327541066058e+03,4.580601736638210e+03,1.764705882352941e+00,14649578
4.587327541066058e+03,4.578067867381506e+03,1.764705882352941e+00,14649576
4.590856952830764e+03,4.585140780774295e+03,1.764705882352941e+00,14649580
4.592621658713117e+03,4.590505608229863e+03,5.882352941176470e-01,14649585
4.592621658713117e+03,4.586434868748761e+03,1.764705882352941e+00,14649582
4.593999826606903e+03,4.591124596155655e+03,5.882352941176471e-01,14649586
4.594448456727631e+03,4.592683750845278e+03,5.882352941176471e-01,14649587
4.595764532489256e+03,4.593884493297433e+03,5.882352941176471e-01,14649588
4.596751441703900e+03,4.588705708959844e+03,1.764705882352941e+00,14649583
4.597665711360116e+03,4.595901005477763e+03,5.882352941176471e-01,14649590
4.598516147586253e+03,4.596189211752271e+03,5.882352941176471e-01,14649591
4.600280853468606e+03,4.598485232609137e+03,5.882352941176471e-01,14649593
4.601049601448633e+03,4.599284895566281e+03,5.882352941176471e-01,14649594
4.601195123124821e+03,4.595742600948748e+03,1.764705882352941e+00,14649589
4.602814307330986e+03,4.600419029993442e+03,5.882352941176471e-01,14649598
4.603902382916536e+03,4.602075016611697e+03,5.882352941176471e-01,14649599
4.604579013213339e+03,4.602807135657503e+03,5.882352941176471e-01,14649600
4.604711652036701e+03,4.597473824581040e+03,1.764705882352941e+00,14649592
4.606343719095692e+03,4.604170286113263e+03,5.882352941176471e-01,14649601
4.607431794681242e+03,4.599359191211217e+03,1.764705882352941e+00,14649595
4.608224068342649e+03,4.606459362460296e+03,5.882352941176471e-01,14649603
4.611308411665749e+03,4.606014294018690e+03,1.764705882352941e+00,14649602
4.611883864905940e+03,4.610119159023587e+03,5.882352941176471e-01,14649605
4.613402397443629e+03,4.611637691561276e+03,5.882352941176471e-01,14649606
4.614542358041177e+03,4.609248240394118e+03,1.764705882352941e+00,14649604
4.616307063923530e+03,4.613662458022844e+03,5.882352941176471e-01,14649609
4.616931809208334e+03,4.612879414605946e+03,1.176470588235294e+00,14649608
4.618123497010857e+03,4.612829379363798e+03,1.764705882352941e+00,14649607
4.619497190983964e+03,4.617732485101611e+03,5.882352941176471e-01,14649610
4.619695344537235e+03,4.617930638654882e+03,5.882352941176471e-01,14649611
4.623179175650310e+03,4.621414469767957e+03,5.882352941176471e-01,14649614
4.623417614657916e+03,4.618108462696126e+03,1.764705882352941e+00,14649612
4.624791308631023e+03,4.618288171582191e+03,1.764705882352941e+00,14649613
4.624973050151969e+03,4.622062863288008e+03,5.882352941176471e-01,14649615
4.626556014513376e+03,4.624165621377711e+03,5.882352941176471e-01,14649619
4.626737756034322e+03,4.624951447592197e+03,5.882352941176471e-01,14649620
4.626947026422622e+03,4.623222928579268e+03,1.176470588235294e+00,14649618
4.630038332908983e+03,4.628273627026630e+03,5.882352941176471e-01,14649622
4.630085426278082e+03,4.625552144854094e+03,1.176470588235294e+00,14649621
4.635276658039633e+03,4.633511952157280e+03,5.882352941176471e-01,14649624
4.635428740493756e+03,4.633664034611403e+03,5.882352941176471e-01,14649625
4.636883571847228e+03,4.634882228981212e+03,5.882352941176471e-01,14649627
4.638648277729581e+03,4.635694161261828e+03,5.882352941176471e-01,14649628
4.638958152258462e+03,4.633196368007765e+03,1.764705882352941e+00,14649623
4.640722858140815e+03,4.638727936166300e+03,5.882352941176471e-01,14649633
4.642345903164847e+03,4.637372839858162e+03,1.176470588235294e+00,14649630
4.644110609047200e+03,4.635990481668272e+03,1.764705882352941e+00,14649629
4.644110609047200e+03,4.633697274709062e+03,1.764705882352941e+00,14649626
4.645875314929553e+03,4.641068394009728e+03,1.176470588235294e+00,14649634
4.645875314929553e+03,4.642937750563871e+03,5.882352941176471e-01,14649635
4.646537438815496e+03,4.644772732933143e+03,5.882352941176471e-01,14649636
4.647640020811906e+03,4.645721993031721e+03,5.882352941176471e-01,14649637
4.648853435696054e+03,4.646406547727573e+03,5.882352941176471e-01,14649640
4.649800264518672e+03,4.647679077517012e+03,5.882352941176471e-01,14649641
4.652382847460760e+03,4.650588321447994e+03,5.882352941176471e-01,14649643
4.652856261872069e+03,4.646384839112302e+03,1.764705882352941e+00,14649639
4.652856261872069e+03,4.646270852753966e+03,1.764705882352941e+00,14649638
4.654502614151595e+03,4.650907684333078e+03,5.882352941176471e-01,14649644
4.654502614151595e+03,4.651931185684250e+03,5.882352941176471e-01,14649646
4.656267320033948e+03,4.648666619133679e+03,1.176470588235294e+00,14649642
4.656267320033948e+03,4.654103990110203e+03,5.882352941176471e-01,14649648
4.658032025916301e+03,4.651525966566576e+03,1.764705882352941e+00,14649645
4.662181074034442e+03,4.660405307270489e+03,5.882352941176471e-01,14649652
4.662393291719902e+03,4.657099174072843e+03,1.764705882352941e+00,14649649
4.662570969814067e+03,4.657276852167008e+03,1.764705882352941e+00,14649650
4.665726210026763e+03,4.663961504144410e+03,5.882352941176471e-01,14649655
4.665922703484608e+03,4.658651662269736e+03,1.764705882352941e+00,14649651
4.666639506015900e+03,4.664301943466518e+03,5.882352941176471e-01,14649656
4.667638286002500e+03,4.665283186023074e+03,5.882352941176471e-01,14649659
4.667638286002500e+03,4.665085234304302e+03,5.882352941176471e-01,14649658
4.668404211898253e+03,4.666617633034813e+03,5.882352941176471e-01,14649662
4.669402991884853e+03,4.667593896305706e+03,5.882352941176471e-01,14649664
4.669402991884853e+03,4.666895104396318e+03,5.882352941176471e-01,14649663
4.671167697767206e+03,4.662899660080440e+03,1.176470588235294e+00,14649654
4.671917899435344e+03,4.660996272003259e+03,1.764705882352941e+00,14649653
4.672932403649559e+03,4.668680477561502e+03,1.176470588235294e+00,14649665
4.672932403649559e+03,4.670201365104254e+03,5.882352941176471e-01,14649666
4.673682605317697e+03,4.671433159113952e+03,5.882352941176471e-01,14649667
4.674697109531912e+03,4.672149899557064e+03,5.882352941176471e-01,14649669
4.674697109531912e+03,4.672000085427829e+03,5.882352941176471e-01,14649668
4.675447311200050e+03,4.673332852387191e+03,5.882352941176471e-01,14649670
4.678295590293147e+03,4.676530884410794e+03,5.882352941176471e-01,14649673
4.679991227178970e+03,4.673841080601693e+03,1.764705882352941e+00,14649671
4.680588648715348e+03,4.675294531068289e+03,1.764705882352941e+00,14649672
4.682910208531581e+03,4.679380796766875e+03,1.176470588235294e+00,14649674
4.684138270281112e+03,4.680608858516407e+03,1.176470588235294e+00,14649675
4.687417036413360e+03,4.682846008502781e+03,1.176470588235294e+00,14649677
4.689181742295713e+03,4.686924652761258e+03,5.882352941176470e-01,14649682
4.689181742295713e+03,4.682070406116433e+03,1.764705882352941e+00,14649676
4.690686687133238e+03,4.687989372168366e+03,5.882352941176471e-01,14649683
4.690686687133238e+03,4.688213720242890e+03,5.882352941176471e-01,14649684
4.690686687133238e+03,4.688284761443127e+03,5.882352941176471e-01,14649685
4.692451393015591e+03,4.690317162154424e+03,5.882352941176471e-01,14649687
4.692822453404968e+03,4.691057747522615e+03,5.882352941176471e-01,14649688
4.694339785694403e+03,4.691565778889798e+03,5.882352941176471e-01,14649689
4.694339785694403e+03,4.692324775611445e+03,5.882352941176471e-01,14649690
4.696104491576756e+03,4.693929267501135e+03,5.882352941176471e-01,14649692
4.696135527158929e+03,4.683531767060222e+03,1.176470588235294e+00,14649679
4.697889887847224e+03,4.694587387053438e+03,5.882352941176471e-01,14649693
4.697889887847224e+03,4.694847660754939e+03,5.882352941176471e-01,14649694
4.697900233041282e+03,4.682999225381564e+03,1.764705882352941e+00,14649678
4.701684903693892e+03,4.689368921117029e+03,1.764705882352941e+00,14649686
4.703238384207400e+03,4.700813310094550e+03,5.882352941176471e-01,14649703
4.705003090089752e+03,4.702752421457981e+03,5.882352941176471e-01,14649704
4.706014953781665e+03,4.696327707758505e+03,1.764705882352941e+00,14649696
4.706767795972105e+03,4.700248863919671e+03,1.764705882352941e+00,14649702
4.710297207736811e+03,4.704009676216219e+03,1.764705882352941e+00,14649705
4.710346690104730e+03,4.708581984222377e+03,5.882352941176471e-01,14649707
4.712061913619164e+03,4.709297440021872e+03,5.882352941176471e-01,14649708
4.712208806528173e+03,4.706914688881114e+03,1.764705882352941e+00,14649706
4.712369266661766e+03,4.710604560779413e+03,5.882352941176471e-01,14649709
4.713924548107523e+03,4.710926116279360e+03,5.882352941176471e-01,14649711
4.714454108879434e+03,4.712689402997081e+03,5.882352941176471e-01,14649713
4.715689253989876e+03,4.710659239807367e+03,1.176470588235294e+00,14649710
4.717404491546185e+03,4.715639785663832e+03,5.882352941176471e-01,14649715
4.717909339387125e+03,4.716144633504772e+03,5.882352941176471e-01,14649716
4.719218665754582e+03,4.713842475256562e+03,1.764705882352941e+00,14649714
4.720933903310891e+03,4.718382973308762e+03,5.882352941176471e-01,14649719
4.721462923260325e+03,4.719698217377972e+03,5.882352941176471e-01,14649720
4.722748077519288e+03,4.716491191697585e+03,1.764705882352941e+00,14649717
4.724576888308959e+03,4.722812182426606e+03,5.882352941176471e-01,14649725
4.725711359189150e+03,4.717753771950847e+03,1.176470588235294e+00,14649718
4.725849104531006e+03,4.723147649760675e+03,5.882352941176471e-01,14649726
4.726341594191312e+03,4.724359829894713e+03,5.882352941176471e-01,14649727
4.729551485475229e+03,4.726869267804794e+03,5.882352941176471e-01,14649729
4.729706842735916e+03,4.721296771349956e+03,1.764705882352941e+00,14649722
4.729706842735916e+03,4.721011651264904e+03,1.764705882352941e+00,14649721
4.732007548207274e+03,4.730242842324921e+03,5.882352941176471e-01,14649732
4.733080897239935e+03,4.725443307294559e+03,1.764705882352941e+00,14649728
4.733940773727381e+03,4.732176067845028e+03,5.882352941176471e-01,14649734
4.735037029247650e+03,4.732241791339545e+03,5.882352941176471e-01,14649736
4.735037029247650e+03,4.732205169836901e+03,5.882352941176471e-01,14649735
4.738566441012356e+03,4.736739064377526e+03,5.882352941176470e-01,14649739
4.738566441012356e+03,4.731699043608307e+03,1.764705882352941e+00,14649733
4.739234891374440e+03,4.733790624361560e+03,1.764705882352941e+00,14649737
4.740333295000388e+03,4.737694932143844e+03,5.882352941176471e-01,14649741
4.740333295000388e+03,4.737520238938888e+03,5.882352941176471e-01,14649740
4.742098000882741e+03,4.740205935646647e+03,5.882352941176471e-01,14649746
4.743862706765094e+03,4.734977814628883e+03,1.764705882352941e+00,14649738
4.745401892258542e+03,4.742196900586720e+03,5.882352941176471e-01,14649749
4.745627412647447e+03,4.738572885329392e+03,1.176470588235294e+00,14649743
4.749006477486216e+03,4.740981902198312e+03,1.764705882352941e+00,14649747
4.749006477486216e+03,4.742115528400595e+03,1.764705882352941e+00,14649748
4.749006477486216e+03,4.742642646436339e+03,1.764705882352941e+00,14649750
4.750771183368569e+03,4.747612647168849e+03,5.882352941176471e-01,14649752
4.750771183368569e+03,4.748851141936610e+03,5.882352941176471e-01,14649753
4.752535889250922e+03,4.749997898577625e+03,5.882352941176471e-01,14649754
4.752948136930811e+03,4.751183431048458e+03,5.882352941176471e-01,14649755
4.754300595133275e+03,4.746272831721168e+03,1.764705882352941e+00,14649751
4.754575426919867e+03,4.752239182748527e+03,5.882352941176471e-01,14649757
4.754575426919867e+03,4.751223057021842e+03,5.882352941176471e-01,14649756
4.756065301015628e+03,4.753625025612632e+03,5.882352941176471e-01,14649759
4.757316679159397e+03,4.755551973277044e+03,5.882352941176471e-01,14649760
4.757533749631858e+03,4.755769043749505e+03,5.882352941176471e-01,14649761
4.758399524781809e+03,4.756634818899456e+03,5.882352941176471e-01,14649762
4.760377479860180e+03,4.758612773977828e+03,5.882352941176471e-01,14649763
4.764840905392840e+03,4.763076199510487e+03,5.882352941176471e-01,14649765
4.765736675343937e+03,4.762207263579231e+03,1.176470588235294e+00,14649764
4.766097592400795e+03,4.764332886518442e+03,5.882352941176471e-01,14649766
4.769135348081581e+03,4.767370642199228e+03,5.882352941176471e-01,14649768
4.769719670916726e+03,4.767954965034373e+03,5.882352941176471e-01,14649769
4.770618370905220e+03,4.765324253258161e+03,1.764705882352941e+00,14649767
4.771484376799079e+03,4.769414730021326e+03,5.882352941176471e-01,14649771
4.774429465728640e+03,4.767977362162032e+03,1.764705882352941e+00,14649770
4.776646215066460e+03,4.773116803301754e+03,1.176470588235294e+00,14649773
4.776860466401971e+03,4.771566348754912e+03,1.764705882352941e+00,14649772
4.778802608414652e+03,4.777037902532299e+03,5.882352941176471e-01,14649775
4.778877870593984e+03,4.777113164711631e+03,5.882352941176471e-01,14649776
4.780431998578415e+03,4.777795597286936e+03,5.882352941176471e-01,14649777
4.780633436808615e+03,4.778868730926262e+03,5.882352941176471e-01,14649778
4.782196704460768e+03,4.780141610669397e+03,5.882352941176471e-01,14649779
4.782341159847080e+03,4.776902586813709e+03,1.764705882352941e+00,14649774
4.782458231905840e+03,4.780693526023487e+03,5.882352941176471e-01,14649780
4.784072854983554e+03,4.782308149101201e+03,5.882352941176471e-01,14649781
4.784792516917872e+03,4.783027811035519e+03,5.882352941176471e-01,14649782
4.791111557951950e+03,4.789346852069597e+03,5.882352941176471e-01,14649784
4.791386663761867e+03,4.789621957879514e+03,5.882352941176471e-01,14649785
4.793082593191741e+03,4.789810876812049e+03,5.882352941176471e-01,14649786
4.793082593191741e+03,4.789812754466330e+03,5.882352941176471e-01,14649787
4.793157511570320e+03,4.787863393923262e+03,1.764705882352941e+00,14649783
4.797455151001780e+03,4.795690445119427e+03,5.882352941176471e-01,14649790
4.798082103900246e+03,4.796317398017893e+03,5.882352941176471e-01,14649791
4.800000234386398e+03,4.798235528504045e+03,5.882352941176471e-01,14649793
4.800177745447246e+03,4.798413039564893e+03,5.882352941176471e-01,14649794
4.801764940268751e+03,4.799879385357015e+03,5.882352941176471e-01,14649795
4.802040728721656e+03,4.800276022839303e+03,5.882352941176471e-01,14649796
4.802952300745340e+03,4.797658183098281e+03,1.764705882352941e+00,14649792
4.803616445323331e+03,4.801851739440978e+03,5.882352941176471e-01,14649797
4.804717006627693e+03,4.802943950356728e+03,5.882352941176471e-01,14649799
4.805990484211841e+03,4.803077428741463e+03,5.882352941176471e-01,14649800
4.806353968991105e+03,4.804530444832566e+03,5.882352941176471e-01,14649803
4.807997513280370e+03,4.805571286383395e+03,5.882352941176471e-01,14649805
4.808246418392398e+03,4.802824557226399e+03,1.764705882352941e+00,14649798
4.810994473863581e+03,4.809229767981228e+03,5.882352941176471e-01,14649807
4.811526925045075e+03,4.805018591659063e+03,1.764705882352941e+00,14649804
4.812452906390527e+03,4.810688200508175e+03,5.882352941176471e-01,14649808
4.813107166544211e+03,4.811342460661858e+03,5.882352941176471e-01,14649809
4.813816233588208e+03,4.812051527705855e+03,5.882352941176471e-01,14649810
4.816028335165269e+03,4.814263629282916e+03,5.882352941176471e-01,14649813
4.817219368972494e+03,4.813689957207788e+03,1.176470588235294e+00,14649812
4.818219705678744e+03,4.816454999796391e+03,5.882352941176471e-01,14649814
4.818777444735960e+03,4.813483327088902e+03,1.764705882352941e+00,14649811
4.819418803945582e+03,4.816767743869254e+03,5.882352941176471e-01,14649815
4.820263281089705e+03,4.818210609657585e+03,5.882352941176471e-01,14649818
4.820263281089705e+03,4.818088827153965e+03,5.882352941176471e-01,14649817
4.824705387321299e+03,4.822940681438946e+03,5.882352941176471e-01,14649821
4.825006083092796e+03,4.819711965445737e+03,1.764705882352941e+00,14649819
4.826397204010155e+03,4.821103086363096e+03,1.764705882352941e+00,14649820
4.826470093203652e+03,4.823089293637686e+03,5.882352941176471e-01,14649822
4.831187044451583e+03,4.829422338569230e+03,5.882352941176471e-01,14649823
4.831863070981547e+03,4.830098365099194e+03,5.882352941176471e-01,14649825
4.832967689311462e+03,4.831202983429109e+03,5.882352941176471e-01,14649826
4.833099919596901e+03,4.829570507832195e+03,1.176470588235294e+00,14649824
4.834239692087556e+03,4.832474986205203e+03,5.882352941176471e-01,14649827
4.834873299511261e+03,4.833108593628908e+03,5.882352941176471e-01,14649829
4.836004397969909e+03,4.833502986921799e+03,5.882352941176471e-01,14649830
4.838261806958520e+03,4.832847572454046e+03,1.764705882352941e+00,14649828
4.838598695326810e+03,4.836833989444457e+03,5.882352941176471e-01,14649831
4.841937894737809e+03,4.840173188855456e+03,5.882352941176471e-01,14649834
4.843137870646416e+03,4.841013100164879e+03,5.882352941176471e-01,14649835
4.843217423856620e+03,4.837923306209561e+03,1.764705882352941e+00,14649832
4.843702600620162e+03,4.839608458881711e+03,1.176470588235294e+00,14649833
4.844902576528769e+03,4.842991335231289e+03,5.882352941176471e-01,14649836
4.846760420941728e+03,4.844995715059375e+03,5.882352941176471e-01,14649838
4.848525126824081e+03,4.844658613912591e+03,1.176470588235294e+00,14649837
4.850205557419738e+03,4.847003384839123e+03,5.882352941176471e-01,14649841
4.850362305726406e+03,4.845068188079348e+03,1.764705882352941e+00,14649839
4.851970263302091e+03,4.849092980771335e+03,5.882352941176471e-01,14649845
4.853813343337778e+03,4.847118286192752e+03,1.764705882352941e+00,14649842
4.853813343337778e+03,4.846288351980993e+03,1.764705882352941e+00,14649840
4.855551924502353e+03,4.850700999642373e+03,1.176470588235294e+00,14649846
4.856664296240067e+03,4.854899590357714e+03,5.882352941176471e-01,14649850
4.858442832053723e+03,4.856224170013201e+03,5.882352941176471e-01,14649852
4.859229021344708e+03,4.853934903697649e+03,1.764705882352941e+00,14649849
4.860207537936076e+03,4.855635141377750e+03,1.176470588235294e+00,14649851
4.861344964973399e+03,4.859580259091046e+03,5.882352941176471e-01,14649855
4.861972243818429e+03,4.859638106036186e+03,5.882352941176471e-01,14649856
4.862693964907161e+03,4.856691956102673e+03,1.764705882352941e+00,14649854
4.864507940022511e+03,4.862743234140158e+03,5.882352941176471e-01,14649859
4.866403413006295e+03,4.864638707123942e+03,5.882352941176471e-01,14649861
4.866797773803037e+03,4.861503656155978e+03,1.764705882352941e+00,14649857
4.867682394975098e+03,4.865746868071377e+03,5.882352941176471e-01,14649862
4.870481491515603e+03,4.868716785633250e+03,5.882352941176471e-01,14649866
4.871081039638373e+03,4.862388277328040e+03,1.764705882352941e+00,14649858
4.871697530653354e+03,4.869530437115384e+03,5.882352941176471e-01,14649867
4.875571734036827e+03,4.866400422122227e+03,1.764705882352941e+00,14649863
4.875571734036827e+03,4.864046141420058e+03,1.764705882352941e+00,14649860
4.877016012374597e+03,4.868059203778379e+03,1.764705882352941e+00,14649865
4.877336439919180e+03,4.875136224683763e+03,5.882352941176471e-01,14649871
4.878994336620005e+03,4.875763523566624e+03,5.882352941176471e-01,14649872
4.881935513090593e+03,4.876727293990222e+03,1.176470588235294e+00,14649874
4.883700218972946e+03,4.876187824810211e+03,1.764705882352941e+00,14649873
4.883700218972946e+03,4.874050218285577e+03,1.764705882352941e+00,14649870
4.885510924120383e+03,4.882461628241577e+03,5.882352941176471e-01,14649879
4.885510924120383e+03,4.883122971891968e+03,5.882352941176471e-01,14649880
4.887275630002736e+03,4.883857029325611e+03,5.882352941176471e-01,14649881
4.888902338089838e+03,4.878697206003318e+03,1.764705882352941e+00,14649876
4.889853689928640e+03,4.882073510885844e+03,1.764705882352941e+00,14649877
4.890667043972191e+03,4.888182119757630e+03,5.882352941176471e-01,14649883
4.891618395810993e+03,4.889641895021100e+03,5.882352941176471e-01,14649884
4.892644736322891e+03,4.887350618675832e+03,1.764705882352941e+00,14649882
4.893440189421226e+03,4.891675483538873e+03,5.882352941176471e-01,14649887
4.894356195588157e+03,4.891924484352027e+03,5.882352941176471e-01,14649889
4.895303801735451e+03,4.893539095853098e+03,5.882352941176471e-01,14649890
4.896156749216624e+03,4.894392043334271e+03,5.882352941176471e-01,14649892
4.897477057485334e+03,4.895050480444017e+03,5.882352941176471e-01,14649894
4.897477057485334e+03,4.894444536738645e+03,5.882352941176471e-01,14649893
4.897786700920991e+03,4.889912400348320e+03,1.176470588235294e+00,14649885
4.899241763367687e+03,4.897076348102599e+03,5.882352941176471e-01,14649895
4.901161290967868e+03,4.894284089305490e+03,1.764705882352941e+00,14649891
4.901161290967868e+03,4.891917250481012e+03,1.764705882352941e+00,14649888
4.902771175132392e+03,4.899972324142480e+03,5.882352941176471e-01,14649897
4.902925996850221e+03,4.898972627276152e+03,1.176470588235294e+00,14649896
4.904749159841714e+03,4.902984453959361e+03,5.882352941176471e-01,14649898
4.905842802482622e+03,4.904078096600269e+03,5.882352941176471e-01,14649899
4.907599562580899e+03,4.905834856698546e+03,5.882352941176471e-01,14649901
4.907982305434079e+03,4.906217599551726e+03,5.882352941176471e-01,14649902
4.909651325603137e+03,4.907263484357249e+03,5.882352941176471e-01,14649905
4.911416031485490e+03,4.909156970899157e+03,5.882352941176471e-01,14649908
4.911602023813739e+03,4.904543200284327e+03,1.764705882352941e+00,14649900
4.913273733531968e+03,4.906355455901119e+03,1.764705882352941e+00,14649903
4.914161630858377e+03,4.912396924976024e+03,5.882352941176471e-01,14649909
4.914397733871953e+03,4.912633027989600e+03,5.882352941176471e-01,14649910
4.915926336740730e+03,4.913979053253086e+03,5.882352941176471e-01,14649912
4.917744003777042e+03,4.915979297894689e+03,5.882352941176471e-01,14649914
4.918578718421639e+03,4.913284600774580e+03,1.764705882352941e+00,14649911
4.919915512344316e+03,4.918150806461963e+03,5.882352941176471e-01,14649915
4.920343424303992e+03,4.918541729056633e+03,5.882352941176471e-01,14649916
4.921078804472371e+03,4.915784686825312e+03,1.764705882352941e+00,14649913
4.921680218226669e+03,4.918708285885481e+03,5.882352941176471e-01,14649917
4.923135585491840e+03,4.921370879609487e+03,5.882352941176471e-01,14649918
4.924143858369931e+03,4.922379152487579e+03,5.882352941176471e-01,14649919
4.925054524564807e+03,4.923289818682454e+03,5.882352941176471e-01,14649920
4.926407039805467e+03,4.924642333923114e+03,5.882352941176471e-01,14649922
4.927224114006632e+03,4.925459408124279e+03,5.882352941176471e-01,14649923
4.928205935569045e+03,4.926200076093430e+03,5.882352941176471e-01,14649924
4.929267355679755e+03,4.926475419567917e+03,5.882352941176471e-01,14649926
4.929545891470525e+03,4.924251773823466e+03,1.764705882352941e+00,14649921
4.935272047663682e+03,4.931742635898976e+03,1.176470588235294e+00,14649929
4.935838299424294e+03,4.930544181777235e+03,1.764705882352941e+00,14649928
4.937036753546035e+03,4.935267834283243e+03,5.882352941176471e-01,14649931
4.937855191360690e+03,4.932561073713632e+03,1.764705882352941e+00,14649930
4.938123505368468e+03,4.936358799486115e+03,5.882352941176471e-01,14649932
4.938801459428388e+03,4.936531827121600e+03,5.882352941176471e-01,14649933
4.941883872651803e+03,4.940119166769450e+03,5.882352941176471e-01,14649936
4.943594589970550e+03,4.938300472323491e+03,1.764705882352941e+00,14649934
4.943635193289738e+03,4.938341075642679e+03,1.764705882352941e+00,14649935
4.943648578534156e+03,4.941125029313211e+03,5.882352941176471e-01,14649937
4.945441416489798e+03,4.943676710607445e+03,5.882352941176471e-01,14649938
4.946146995317713e+03,4.944382289435360e+03,5.882352941176471e-01,14649939
4.946449900549586e+03,4.944685194667233e+03,5.882352941176471e-01,14649940
4.949399186906770e+03,4.947634481024418e+03,5.882352941176471e-01,14649942
4.950455187896229e+03,4.948690482013876e+03,5.882352941176471e-01,14649943
4.952460635861896e+03,4.947166518214837e+03,1.764705882352941e+00,14649941
4.953615517657497e+03,4.951850811775144e+03,5.882352941176471e-01,14649944
4.957596846644371e+03,4.955832140762018e+03,5.882352941176471e-01,14649946
4.957838590972553e+03,4.956073885090200e+03,5.882352941176471e-01,14649947
4.958869885042020e+03,4.953575767394961e+03,1.764705882352941e+00,14649945
4.959522715412179e+03,4.957150630463331e+03,5.882352941176471e-01,14649949
4.959522715412179e+03,4.956290169831871e+03,5.882352941176471e-01,14649948
4.961428057462289e+03,4.959663351579936e+03,5.882352941176471e-01,14649952
4.964246224984743e+03,4.958952107337684e+03,1.764705882352941e+00,14649951
4.966148210639841e+03,4.960854092992782e+03,1.764705882352941e+00,14649953
4.969540342631801e+03,4.966810828272558e+03,5.882352941176471e-01,14649958
4.969986705897973e+03,4.964179526656565e+03,1.764705882352941e+00,14649955
4.969986705897973e+03,4.963236965861987e+03,1.764705882352941e+00,14649954
4.971528230147240e+03,4.968404767006628e+03,5.882352941176471e-01,14649960
4.971528230147240e+03,4.968149487654629e+03,5.882352941176471e-01,14649959
4.973292936029593e+03,4.970812409063065e+03,5.882352941176471e-01,14649961
4.973340057612378e+03,4.971575351730025e+03,5.882352941176471e-01,14649962
4.973928969245225e+03,4.964262811287878e+03,1.764705882352941e+00,14649956
4.975089056300469e+03,4.971811465858088e+03,5.882352941176471e-01,14649963
4.976853762182822e+03,4.971889898519732e+03,1.176470588235294e+00,14649964
4.977395959195406e+03,4.975631253313053e+03,5.882352941176471e-01,14649966
4.977553391634703e+03,4.975788685752350e+03,5.882352941176471e-01,14649967
4.981352974604398e+03,4.979588268722045e+03,5.882352941176471e-01,14649968
4.983346619395071e+03,4.981581913512718e+03,5.882352941176471e-01,14649969
4.984716238461956e+03,4.982951532579603e+03,5.882352941176471e-01,14649970
4.986412518840200e+03,4.984647812957847e+03,5.882352941176471e-01,14649972
4.987023964850684e+03,4.985259258968331e+03,5.882352941176471e-01,14649973
4.988177224722553e+03,4.985801452709681e+03,5.882352941176471e-01,14649974
4.988783384592824e+03,4.983489266945765e+03,1.764705882352941e+00,14649971
4.991706636487259e+03,4.989530147254282e+03,5.882352941176471e-01,14649978
4.992318082497743e+03,4.986544907056619e+03,1.764705882352941e+00,14649975
4.993776184351485e+03,4.988781571713505e+03,1.176470588235294e+00,14649977
4.994082788380096e+03,4.990179247562555e+03,1.176470588235294e+00,14649979
4.995540890233838e+03,4.993336578626021e+03,5.882352941176470e-01,14649982
4.995540890233838e+03,4.987195214348294e+03,1.764705882352941e+00,14649976
4.997093594972405e+03,4.995328889090052e+03,5.882352941176471e-01,14649983
5.000253957936899e+03,4.998489252054546e+03,5.882352941176471e-01,14649984
5.000411262827316e+03,4.998646556944963e+03,5.882352941176471e-01,14649985
5.003712669845863e+03,5.001621133856927e+03,5.882352941176471e-01,14649989
5.005239498887127e+03,5.000914144384342e+03,1.176470588235294e+00,14649987
5.007004204769480e+03,5.000183258081157e+03,1.764705882352941e+00,14649986
5.007972967913754e+03,5.002324733643591e+03,1.764705882352941e+00,14649990
5.008608810018290e+03,5.006844104135937e+03,5.882352941176471e-01,14649991
5.010720962643713e+03,5.008956256761360e+03,5.882352941176471e-01,14649993
5.012491309247305e+03,5.010726603364952e+03,5.882352941176471e-01,14649994
5.013283879460752e+03,5.007989761813694e+03,1.764705882352941e+00,14649992
5.015862871113274e+03,5.014098165230921e+03,5.882352941176471e-01,14649996
5.016624696065621e+03,5.013095284300915e+03,1.176470588235294e+00,14649995
5.020211426787170e+03,5.018446720904818e+03,5.882352941176471e-01,14649997
5.021523521942803e+03,5.019758816060450e+03,5.882352941176471e-01,14649998
5.021914441330744e+03,5.020149735448391e+03,5.882352941176471e-01,14649999
5.022753645900878e+03,5.020988940018525e+03,5.882352941176471e-01,14650000
5.023593821793447e+03,5.021829115911095e+03,5.882352941176471e-01,14650001
5.024518351783231e+03,5.022234117585868e+03,5.882352941176471e-01,14650003
5.025358527675800e+03,5.023550842713103e+03,5.882352941176471e-01,14650004
5.027467366071092e+03,5.022173248424033e+03,1.764705882352941e+00,14650002
5.028047763547936e+03,5.024356115755546e+03,1.176470588235294e+00,14650005
5.029875139413257e+03,5.028110433530904e+03,5.882352941176471e-01,14650007
5.030617802698872e+03,5.028853096816519e+03,5.882352941176471e-01,14650008
5.033290588633564e+03,5.027996470986505e+03,1.764705882352941e+00,14650006
5.034447466527950e+03,5.031210796797755e+03,5.882352941176471e-01,14650012
5.034447466527950e+03,5.031195104044487e+03,5.882352941176471e-01,14650011
5.037019101423205e+03,5.035254395540852e+03,5.882352941176471e-01,14650015
5.037398439345463e+03,5.031081909314246e+03,1.764705882352941e+00,14650010
5.037398439345463e+03,5.030426491110239e+03,1.764705882352941e+00,14650009
5.039163145227816e+03,5.037306021430043e+03,5.882352941176471e-01,14650017
5.041992005561221e+03,5.040227299678868e+03,5.882352941176471e-01,14650018
5.042313219070264e+03,5.036968614186950e+03,1.764705882352941e+00,14650016
5.042486420563157e+03,5.040721714680804e+03,5.882352941176471e-01,14650019
5.043756711443574e+03,5.041254168326388e+03,5.882352941176471e-01,14650020
5.044077924952617e+03,5.042069565167252e+03,5.882352941176471e-01,14650021
5.044874601522804e+03,5.043109895640451e+03,5.882352941176471e-01,14650022
5.046944504747123e+03,5.045179798864770e+03,5.882352941176471e-01,14650024
5.047812049604833e+03,5.046047343722480e+03,5.882352941176471e-01,14650025
5.049050829090633e+03,5.043604318517702e+03,1.764705882352941e+00,14650023
5.051518234136794e+03,5.049433115424461e+03,5.882352941176471e-01,14650031
5.051518234136794e+03,5.049128375863578e+03,5.882352941176471e-01,14650030
5.053061631426702e+03,5.048376780573486e+03,1.176470588235294e+00,14650028
5.054826337309055e+03,5.048015982179837e+03,1.764705882352941e+00,14650027
5.054826337309055e+03,5.047934502756591e+03,1.764705882352941e+00,14650026
5.056737838950028e+03,5.053942405978424e+03,5.882352941176471e-01,14650035
5.056737838950028e+03,5.054246777479055e+03,5.882352941176471e-01,14650036
5.056737838950028e+03,5.054509805235759e+03,5.882352941176471e-01,14650037
5.059474549119438e+03,5.057709843237085e+03,5.882352941176471e-01,14650039
5.060267250714734e+03,5.052238161215324e+03,1.764705882352941e+00,14650033
5.061304673880740e+03,5.059539967998387e+03,5.882352941176471e-01,14650040
5.062975444300443e+03,5.057681326653384e+03,1.764705882352941e+00,14650038
5.063823332707053e+03,5.061074544113919e+03,5.882352941176471e-01,14650043
5.064777896965583e+03,5.062598429815979e+03,5.882352941176471e-01,14650046
5.067830026601024e+03,5.061277722621715e+03,1.764705882352941e+00,14650044
5.067830026601024e+03,5.059631397732915e+03,1.764705882352941e+00,14650041
5.069117450354112e+03,5.063050937866016e+03,1.764705882352941e+00,14650048
5.069594732483376e+03,5.066538025893557e+03,5.882352941176471e-01,14650049
5.070882156236465e+03,5.068888867224308e+03,5.882352941176471e-01,14650051
5.072493658234708e+03,5.070728952352355e+03,5.882352941176471e-01,14650052
5.072646862118817e+03,5.070866628098522e+03,5.882352941176471e-01,14650053
5.073124144248082e+03,5.067400454275888e+03,1.764705882352941e+00,14650050
5.074411568001170e+03,5.072503158427930e+03,5.882352941176471e-01,14650057
5.075395186883760e+03,5.073630481001407e+03,5.882352941176471e-01,14650058
5.076643259669993e+03,5.074878553787640e+03,5.882352941176471e-01,14650059
5.077794109343915e+03,5.071511051319571e+03,1.764705882352941e+00,14650054
5.078417263700078e+03,5.076652557817725e+03,5.882352941176471e-01,14650060
5.079558815226267e+03,5.076806730546793e+03,5.882352941176471e-01,14650062
5.081974305014316e+03,5.076680187367258e+03,1.764705882352941e+00,14650061
5.083142406776078e+03,5.081377700893725e+03,5.882352941176471e-01,14650064
5.083711381347137e+03,5.077858625404293e+03,1.764705882352941e+00,14650063
5.084737862866613e+03,5.082973156984260e+03,5.882352941176471e-01,14650065
5.088190823934064e+03,5.086426118051711e+03,5.882352941176471e-01,14650068
5.090011324994551e+03,5.084717207347492e+03,1.764705882352941e+00,14650066
5.090520212676501e+03,5.085226095029442e+03,1.764705882352941e+00,14650067
5.090726908204565e+03,5.088962202322212e+03,5.882352941176471e-01,14650069
5.093496066370106e+03,5.091731360487753e+03,5.882352941176471e-01,14650072
5.095987951339734e+03,5.090681657120351e+03,1.764705882352941e+00,14650070
5.096014110177637e+03,5.093544151740508e+03,5.882352941176471e-01,14650076
5.097765736641038e+03,5.095746749870247e+03,5.882352941176471e-01,14650079
5.102133940454806e+03,5.092484698412931e+03,1.764705882352941e+00,14650073
5.102133940454806e+03,5.090732169102902e+03,1.764705882352941e+00,14650071
5.103479250312628e+03,5.096055909079204e+03,1.764705882352941e+00,14650080
5.104548747698584e+03,5.102784041816231e+03,5.882352941176471e-01,14650082
5.109822620794177e+03,5.108057914911824e+03,5.882352941176471e-01,14650085
5.110970848286733e+03,5.108132944469368e+03,5.882352941176471e-01,14650086
5.111440275814520e+03,5.106146158167461e+03,1.764705882352941e+00,14650083
5.111587326676530e+03,5.109354486019592e+03,5.882352941176471e-01,14650087
5.112735554169086e+03,5.110789122525426e+03,5.882352941176471e-01,14650088
5.114969687579226e+03,5.107441436522027e+03,1.764705882352941e+00,14650084
5.115181839268434e+03,5.113417133386081e+03,5.882352941176471e-01,14650089
5.117512466272808e+03,5.115747760390455e+03,5.882352941176471e-01,14650091
5.118162463291139e+03,5.116397757408786e+03,5.882352941176471e-01,14650092
5.119575530018034e+03,5.116981097862925e+03,5.882352941176471e-01,14650093
5.120092021853691e+03,5.114797904206632e+03,1.764705882352941e+00,14650090
5.123433389797051e+03,5.121009250973099e+03,5.882352941176471e-01,14650101
5.123433389797051e+03,5.121245334904203e+03,5.882352941176471e-01,14650102
5.125198095679404e+03,5.122561608235434e+03,5.882352941176471e-01,14650103
5.125751618581235e+03,5.123986912698882e+03,5.882352941176471e-01,14650105
5.126852096981391e+03,5.118612419561432e+03,1.176470588235294e+00,14650096
5.126852096981391e+03,5.118109181998554e+03,1.176470588235294e+00,14650095
5.129281030345941e+03,5.123014002906249e+03,1.764705882352941e+00,14650104
5.130719876179708e+03,5.126889619136468e+03,5.882352941176471e-01,14650109
5.130719876179708e+03,5.127145243382732e+03,5.882352941176471e-01,14650110
5.132484582062061e+03,5.130570844017792e+03,5.882352941176471e-01,14650114
5.134370829625037e+03,5.131727471471635e+03,5.882352941176471e-01,14650116
5.134613912986284e+03,5.126037002203390e+03,1.764705882352941e+00,14650106
5.136135535507390e+03,5.133833476455200e+03,5.882352941176471e-01,14650119
5.136135535507390e+03,5.133763770501212e+03,5.882352941176471e-01,14650118
5.139664947272096e+03,5.131266813742513e+03,1.764705882352941e+00,14650115
5.139664947272096e+03,5.129948861238868e+03,1.764705882352941e+00,14650113
5.139908030633343e+03,5.134431315355146e+03,1.764705882352941e+00,14650120
5.141510680941531e+03,5.137237648850629e+03,5.882352941176471e-01,14650121
5.143275386823884e+03,5.141283982332927e+03,5.882352941176471e-01,14650125
5.143401663108753e+03,5.141636957226400e+03,5.882352941176471e-01,14650126
5.145040092706237e+03,5.143253607623952e+03,5.882352941176471e-01,14650127
5.146804798588590e+03,5.138681540919482e+03,1.764705882352941e+00,14650123
5.146804798588590e+03,5.138497722536896e+03,1.764705882352941e+00,14650122
5.148569504470943e+03,5.140460063445954e+03,1.176470588235294e+00,14650124
5.150334210353296e+03,5.148068712989745e+03,5.882352941176471e-01,14650133
5.150334210353296e+03,5.147599843263472e+03,5.882352941176471e-01,14650132
5.150576796309194e+03,5.144085254508090e+03,1.176470588235294e+00,14650128
5.152098916235649e+03,5.150227154791372e+03,5.882352941176471e-01,14650134
5.152220209213598e+03,5.147163368798299e+03,1.176470588235294e+00,14650131
5.153924268606976e+03,5.151427499188188e+03,5.882352941176471e-01,14650135
5.153984915095951e+03,5.145525264618033e+03,1.764705882352941e+00,14650130
5.155688974489329e+03,5.151856796349475e+03,1.176470588235294e+00,14650136
5.157453680371682e+03,5.153389193365999e+03,1.176470588235294e+00,14650137
5.157719118163850e+03,5.155954412281497e+03,5.882352941176471e-01,14650139
5.158805772001034e+03,5.155276360236328e+03,1.176470588235294e+00,14650138
5.160983092136388e+03,5.157298599651073e+03,1.176470588235294e+00,14650140
5.161386335391087e+03,5.159621629508734e+03,5.882352941176471e-01,14650141
5.163355247056858e+03,5.161590541174505e+03,5.882352941176471e-01,14650143
5.166074111253563e+03,5.160779993606505e+03,1.764705882352941e+00,14650142
5.166929200264404e+03,5.163399788499698e+03,1.176470588235294e+00,14650144
5.167681294451732e+03,5.165916588569379e+03,5.882352941176471e-01,14650145
5.168048055549227e+03,5.166283349666874e+03,5.882352941176471e-01,14650146
5.170170453820820e+03,5.167872488929001e+03,5.882352941176471e-01,14650149
5.171572932959806e+03,5.166998734445355e+03,1.176470588235294e+00,14650147
5.171935159703173e+03,5.167962570918841e+03,1.176470588235294e+00,14650150
5.173337638842159e+03,5.167463115720134e+03,1.764705882352941e+00,14650148
5.176946373924984e+03,5.175181668042631e+03,5.882352941176471e-01,14650153
5.177571887351756e+03,5.172277769704697e+03,1.764705882352941e+00,14650151
5.178711079807337e+03,5.176393913048950e+03,5.882352941176471e-01,14650154
5.178718653827610e+03,5.173424536180552e+03,1.764705882352941e+00,14650152
5.179341858598626e+03,5.177577152716273e+03,5.882352941176471e-01,14650155
5.180479572699827e+03,5.177967486491061e+03,5.882352941176471e-01,14650157
5.180479572699827e+03,5.177660035875028e+03,5.882352941176471e-01,14650156
5.181437607008299e+03,5.179672901125946e+03,5.882352941176471e-01,14650158
5.186534059969311e+03,5.181239942322253e+03,1.764705882352941e+00,14650159
5.189886192101602e+03,5.187305263306563e+03,5.882352941176471e-01,14650166
5.191704848902823e+03,5.189245782761306e+03,5.882352941176471e-01,14650169
5.191812750740559e+03,5.182831011444463e+03,1.764705882352941e+00,14650160
5.195308250499120e+03,5.192348764456597e+03,5.882352941176471e-01,14650172
5.195326747957017e+03,5.184611144202626e+03,1.764705882352941e+00,14650162
5.195326747957017e+03,5.184573004706461e+03,1.764705882352941e+00,14650161
5.197085288020071e+03,5.194886126554346e+03,5.882352941176471e-01,14650177
5.197085288020071e+03,5.195090842485355e+03,5.882352941176471e-01,14650178
5.197085288020071e+03,5.195157836287790e+03,5.882352941176471e-01,14650179
5.198849993902424e+03,5.196369891144011e+03,5.882352941176471e-01,14650181
5.200614699784777e+03,5.198292733756882e+03,5.882352941176470e-01,14650182
5.200614699784777e+03,5.198467029888211e+03,5.882352941176470e-01,14650183
5.200614699784777e+03,5.190743395187494e+03,1.764705882352941e+00,14650171
5.204144111549483e+03,5.196344050914373e+03,1.764705882352941e+00,14650180
5.207673523314189e+03,5.205184447661142e+03,5.882352941176471e-01,14650191
5.208345599393119e+03,5.201070423854078e+03,1.764705882352941e+00,14650186
5.208345599393119e+03,5.199173328763649e+03,1.764705882352941e+00,14650185
5.209438229196542e+03,5.207233718644564e+03,5.882352941176471e-01,14650192
5.211875011157825e+03,5.203245565777944e+03,1.764705882352941e+00,14650190
5.212068404317661e+03,5.210303698435308e+03,5.882352941176471e-01,14650194
5.214233345217242e+03,5.212468639334889e+03,5.882352941176471e-01,14650196
5.215404422922531e+03,5.209928977493052e+03,1.764705882352941e+00,14650193
5.216987801022464e+03,5.210711384497850e+03,1.764705882352941e+00,14650195
5.217169128804883e+03,5.214766719020068e+03,5.882352941176471e-01,14650198
5.218752506904817e+03,5.216980327793396e+03,5.882352941176471e-01,14650201
5.218933834687236e+03,5.214022348603098e+03,1.176470588235294e+00,14650197
5.220018601211201e+03,5.217793454515053e+03,5.882352941176471e-01,14650202
5.220517212787170e+03,5.215790441336336e+03,1.176470588235294e+00,14650199
5.224451802758487e+03,5.222687096876135e+03,5.882352941176471e-01,14650203
5.229249609505024e+03,5.227484903622671e+03,5.882352941176471e-01,14650205
5.229706316393804e+03,5.224412198746745e+03,1.764705882352941e+00,14650204
5.231263172448390e+03,5.229498466566037e+03,5.882352941176471e-01,14650207
5.232769409616332e+03,5.231004703733979e+03,5.882352941176471e-01,14650208
5.233027878330743e+03,5.231102879527027e+03,5.882352941176471e-01,14650209
5.233569273113609e+03,5.228275155466550e+03,1.764705882352941e+00,14650206
5.235333978995962e+03,5.233551520160092e+03,5.882352941176471e-01,14650212
5.236655134619838e+03,5.233125722855132e+03,1.176470588235294e+00,14650211
5.238289067810418e+03,5.232994950163359e+03,1.764705882352941e+00,14650210
5.238887164976932e+03,5.237122459094579e+03,5.882352941176471e-01,14650213
5.239102413191085e+03,5.237337707308732e+03,5.882352941176471e-01,14650214
5.243304007328118e+03,5.241539301445765e+03,5.882352941176471e-01,14650215
5.245323747241233e+03,5.243559041358880e+03,5.882352941176471e-01,14650216
5.253229248725289e+03,5.247935131078230e+03,1.764705882352941e+00,14650217
5.253522286118212e+03,5.248228168471153e+03,1.764705882352941e+00,14650218
5.254538480988361e+03,5.251542068321668e+03,5.882352941176471e-01,14650220
5.255140473304103e+03,5.253082799310374e+03,5.882352941176471e-01,14650222
5.258368888910938e+03,5.255834811942454e+03,5.882352941176471e-01,14650227
5.258368888910938e+03,5.255594019076597e+03,5.882352941176471e-01,14650226
5.258896657955056e+03,5.250700045019289e+03,1.764705882352941e+00,14650219
5.260133594793291e+03,5.257612543723538e+03,5.882352941176471e-01,14650228
5.260397479315350e+03,5.254998921793361e+03,1.176470588235294e+00,14650225
5.261898300675644e+03,5.259337226991795e+03,5.882352941176471e-01,14650229
5.262162185197703e+03,5.253538634988968e+03,1.764705882352941e+00,14650224
5.262676792226405e+03,5.260912086344052e+03,5.882352941176471e-01,14650230
5.263663006557997e+03,5.261375577137438e+03,5.882352941176471e-01,14650231
5.264525669830359e+03,5.262760963948006e+03,5.882352941176471e-01,14650233
5.265427712440350e+03,5.263059306098509e+03,5.882352941176471e-01,14650234
5.267928332538298e+03,5.262634214891240e+03,1.764705882352941e+00,14650232
5.268922296325574e+03,5.267157590443221e+03,5.882352941176471e-01,14650235
5.270319937874269e+03,5.268555231991916e+03,5.882352941176471e-01,14650236
5.272267015824374e+03,5.269303476147287e+03,5.882352941176471e-01,14650239
5.275914265735732e+03,5.269147465291732e+03,1.764705882352941e+00,14650238
5.275914265735732e+03,5.268919976127421e+03,1.764705882352941e+00,14650237
5.276741157196375e+03,5.273872428188981e+03,5.882352941176471e-01,14650243
5.277678971618085e+03,5.275243885501638e+03,5.882352941176471e-01,14650246
5.278810983214966e+03,5.276107023311823e+03,5.882352941176471e-01,14650248
5.279542419852757e+03,5.277491578598474e+03,5.882352941176471e-01,14650251
5.279542419852757e+03,5.277351397468851e+03,5.882352941176471e-01,14650250
5.280941407416215e+03,5.277975198675043e+03,5.882352941176471e-01,14650253
5.283828858704400e+03,5.270794112001097e+03,1.764705882352941e+00,14650241
5.284470819180920e+03,5.278329930286880e+03,1.764705882352941e+00,14650254
5.285032191883837e+03,5.282426350461878e+03,5.882352941176471e-01,14650257
5.285032191883837e+03,5.281090861170791e+03,5.882352941176471e-01,14650256
5.288000230945626e+03,5.280677960483163e+03,1.764705882352941e+00,14650255
5.290776384603002e+03,5.288944063636608e+03,5.882352941176471e-01,14650262
5.292214572546630e+03,5.285482266955943e+03,1.764705882352941e+00,14650258
5.293979278428983e+03,5.292073403953353e+03,5.882352941176471e-01,14650265
5.294542645669473e+03,5.287161432193511e+03,1.764705882352941e+00,14650260
5.295401519393187e+03,5.291250083206532e+03,1.176470588235294e+00,14650264
5.295401519393187e+03,5.289592122803921e+03,1.176470588235294e+00,14650263
5.296307351551826e+03,5.294365767951453e+03,5.882352941176471e-01,14650266
5.297468169328420e+03,5.294615268442144e+03,5.882352941176471e-01,14650267
5.297468169328420e+03,5.294688625612340e+03,5.882352941176471e-01,14650268
5.299232875210773e+03,5.297290409467229e+03,5.882352941176471e-01,14650270
5.299398764328768e+03,5.297634058446415e+03,5.882352941176471e-01,14650271
5.300997581093125e+03,5.295009508139967e+03,1.764705882352941e+00,14650269
5.302789241852626e+03,5.301024535970273e+03,5.882352941176471e-01,14650275
5.304553947734979e+03,5.301946136586147e+03,5.882352941176471e-01,14650276
5.304637585603162e+03,5.298554679044101e+03,1.764705882352941e+00,14650273
5.304637585603162e+03,5.298045510841287e+03,1.764705882352941e+00,14650272
5.306318653617332e+03,5.303554050724028e+03,5.882352941176471e-01,14650277
5.307989539493737e+03,5.306224833611384e+03,5.882352941176471e-01,14650278
5.308881768515117e+03,5.307117062632764e+03,5.882352941176471e-01,14650279
5.310365384374655e+03,5.308600678492302e+03,5.882352941176471e-01,14650281
5.310646474397470e+03,5.308603777176348e+03,5.882352941176471e-01,14650282
5.311365705693019e+03,5.308891261431184e+03,5.882352941176471e-01,14650283
5.312130090257008e+03,5.310209530577024e+03,5.882352941176471e-01,14650284
5.314175886162176e+03,5.307836293928313e+03,1.764705882352941e+00,14650280
5.316350494075041e+03,5.312821082310335e+03,1.176470588235294e+00,14650285
5.317809694300377e+03,5.315893766803415e+03,5.882352941176471e-01,14650288
5.319879905839747e+03,5.314280282535671e+03,1.764705882352941e+00,14650286
5.320058509934003e+03,5.314764392286944e+03,1.764705882352941e+00,14650287
5.321451521011041e+03,5.318034524192293e+03,5.882352941176471e-01,14650291
5.322323950675104e+03,5.320559244792751e+03,5.882352941176471e-01,14650292
5.323409317604453e+03,5.317181166193824e+03,1.764705882352941e+00,14650289
5.325987119384749e+03,5.324222413502396e+03,5.882352941176471e-01,14650295
5.326745638658100e+03,5.320723160506475e+03,1.764705882352941e+00,14650293
5.327382170944947e+03,5.325362307041379e+03,5.882352941176471e-01,14650296
5.327885032646671e+03,5.326120326764318e+03,5.882352941176471e-01,14650297
5.329970140099414e+03,5.328205434217061e+03,5.882352941176471e-01,14650299
5.330773463253936e+03,5.323852759180241e+03,1.764705882352941e+00,14650294
5.332044668381306e+03,5.326750550734247e+03,1.764705882352941e+00,14650298
5.332833924671479e+03,5.331069218789127e+03,5.882352941176471e-01,14650300
5.337643493168764e+03,5.332349375521705e+03,1.764705882352941e+00,14650301
5.339157425785788e+03,5.337392719903435e+03,5.882352941176471e-01,14650302
5.343457846727287e+03,5.338163729080228e+03,1.764705882352941e+00,14650303
5.345206699944606e+03,5.342670253323967e+03,5.882352941176471e-01,14650311
5.345222552609640e+03,5.340639727465057e+03,1.176470588235294e+00,14650306
5.345766303882972e+03,5.339849171637414e+03,1.764705882352941e+00,14650304
5.347009361174815e+03,5.345244655292462e+03,5.882352941176471e-01,14650312
5.348929786485495e+03,5.347165080603142e+03,5.882352941176471e-01,14650314
5.350163783508835e+03,5.348399077626482e+03,5.882352941176471e-01,14650315
5.350501589917171e+03,5.348671716024321e+03,5.882352941176471e-01,14650316
5.352097392595356e+03,5.349818167694891e+03,5.882352941176471e-01,14650318
5.352097392595356e+03,5.349398094360483e+03,5.882352941176471e-01,14650317
5.352459198250200e+03,5.346972178152466e+03,1.764705882352941e+00,14650313
5.353934435344755e+03,5.350920704198139e+03,5.882352941176471e-01,14650320
5.354223904132553e+03,5.352314403196493e+03,5.882352941176471e-01,14650322
5.355699141227108e+03,5.350791017124941e+03,1.176470588235294e+00,14650319
5.355699141227108e+03,5.353834377759080e+03,5.882352941176471e-01,14650323
5.355988610014906e+03,5.354126632006554e+03,5.882352941176471e-01,14650324
5.357560336705393e+03,5.354327724020392e+03,5.882352941176471e-01,14650325
5.357560336705393e+03,5.355493777480462e+03,5.882352941176471e-01,14650327
5.359325042587746e+03,5.356790168848968e+03,5.882352941176471e-01,14650328
5.359845892566053e+03,5.358081186683700e+03,5.882352941176471e-01,14650329
5.361089748470099e+03,5.358204754843493e+03,5.882352941176470e-01,14650330
5.361089748470099e+03,5.355280314544890e+03,1.764705882352941e+00,14650326
5.362854454352452e+03,5.360685648201006e+03,5.882352941176471e-01,14650333
5.362854454352452e+03,5.360460663372167e+03,5.882352941176471e-01,14650332
5.363796852659852e+03,5.361146041248854e+03,5.882352941176471e-01,14650334
5.366383866117158e+03,5.362084298076465e+03,1.176470588235294e+00,14650336
5.367326264424558e+03,5.360215289596181e+03,1.764705882352941e+00,14650331
5.368148571999511e+03,5.362307535394207e+03,1.764705882352941e+00,14650337
5.371403881239233e+03,5.369285217973052e+03,5.882352941176471e-01,14650342
5.371677983764217e+03,5.365394718603235e+03,1.764705882352941e+00,14650338
5.373168587121586e+03,5.370493449887539e+03,5.882352941176471e-01,14650343
5.373305638384078e+03,5.366832912718513e+03,1.764705882352941e+00,14650339
5.375070267241542e+03,5.373305561359189e+03,5.882352941176471e-01,14650344
5.375446443603712e+03,5.373681737721359e+03,5.882352941176471e-01,14650345
5.375727667584901e+03,5.373962961702548e+03,5.882352941176471e-01,14650346
5.376834973123895e+03,5.374440200312032e+03,5.882352941176471e-01,14650347
5.377278679929770e+03,5.375513974047418e+03,5.882352941176471e-01,14650348
5.377605330381874e+03,5.375840624499521e+03,5.882352941176471e-01,14650349
5.379273463613191e+03,5.377508757730838e+03,5.882352941176471e-01,14650350
5.380699731244658e+03,5.378935025362305e+03,5.882352941176471e-01,14650351
5.381108522114379e+03,5.379343816232026e+03,5.882352941176471e-01,14650353
5.384290683699692e+03,5.382474548146001e+03,5.882352941176471e-01,14650356
5.384464308789389e+03,5.379668085826540e+03,1.176470588235294e+00,14650354
5.384637933879085e+03,5.379058106742962e+03,1.764705882352941e+00,14650352
5.387820095464398e+03,5.383161404676529e+03,1.176470588235294e+00,14650357
5.391292211451622e+03,5.389527505569269e+03,5.882352941176471e-01,14650358
5.392638010034720e+03,5.390873304152367e+03,5.882352941176471e-01,14650359
5.393038110888973e+03,5.391273405006620e+03,5.882352941176471e-01,14650360
5.393746752387396e+03,5.391982046505043e+03,5.882352941176471e-01,14650361
5.396140225961953e+03,5.394375520079600e+03,5.882352941176471e-01,14650362
5.396802124168596e+03,5.395037418286243e+03,5.882352941176471e-01,14650364
5.399737387485647e+03,5.396207975720941e+03,1.176470588235294e+00,14650365
5.399743426440160e+03,5.394449308793101e+03,1.764705882352941e+00,14650363
5.401450019772814e+03,5.398510946458536e+03,5.882352941176471e-01,14650367
5.403234096505067e+03,5.400289962389381e+03,5.882352941176471e-01,14650370
5.403234096505067e+03,5.400439995918313e+03,5.882352941176471e-01,14650371
5.403272838204866e+03,5.397816460817737e+03,1.764705882352941e+00,14650366
5.404998802387420e+03,5.399445836963144e+03,1.176470588235294e+00,14650368
5.406282593481080e+03,5.404517887598727e+03,5.882352941176471e-01,14650373
5.406807751013630e+03,5.405043045131278e+03,5.882352941176471e-01,14650374
5.407542375904907e+03,5.405777670022554e+03,5.882352941176471e-01,14650375
5.409750359592176e+03,5.407985653709823e+03,5.882352941176471e-01,14650376
5.412949343990977e+03,5.411184638108624e+03,5.882352941176471e-01,14650377
5.414699224620725e+03,5.412934518738373e+03,5.882352941176471e-01,14650378
5.417836506990628e+03,5.416071801108275e+03,5.882352941176471e-01,14650379
5.418199358324531e+03,5.416434652442178e+03,5.882352941176471e-01,14650380
5.418587704079923e+03,5.416822998197570e+03,5.882352941176471e-01,14650381
5.419843113762250e+03,5.417018603921707e+03,5.882352941176471e-01,14650383
5.419843113762250e+03,5.417016038388534e+03,5.882352941176471e-01,14650382
5.420356939834571e+03,5.418592233952218e+03,5.882352941176471e-01,14650385
5.421607819644603e+03,5.419689274677365e+03,5.882352941176471e-01,14650387
5.424726994353741e+03,5.422962288471388e+03,5.882352941176471e-01,14650389
5.425137231409308e+03,5.418673555979042e+03,1.764705882352941e+00,14650386
5.425533355770779e+03,5.422003944006073e+03,1.176470588235294e+00,14650388
5.427283325649744e+03,5.425518619767391e+03,5.882352941176471e-01,14650390
5.430205298202371e+03,5.426675886437665e+03,1.176470588235294e+00,14650391
5.432098616017834e+03,5.430333910135481e+03,5.882352941176471e-01,14650393
5.432271003390853e+03,5.426976885743794e+03,1.764705882352941e+00,14650392
5.432940522097203e+03,5.431175816214850e+03,5.882352941176471e-01,14650394
5.433949515586696e+03,5.431447136295535e+03,5.882352941176471e-01,14650395
5.437478927351402e+03,5.431511241950161e+03,1.764705882352941e+00,14650396
5.438612710835365e+03,5.436848004953012e+03,5.882352941176471e-01,14650399
5.439432238166692e+03,5.434138120519634e+03,1.764705882352941e+00,14650397
5.440894902825218e+03,5.434969862779769e+03,1.764705882352941e+00,14650398
5.442142122600071e+03,5.440107491465633e+03,5.882352941176471e-01,14650402
5.444170659291602e+03,5.441751798401517e+03,5.882352941176471e-01,14650403
5.444424314589923e+03,5.437619751957640e+03,1.764705882352941e+00,14650400
5.445132011964406e+03,5.439837894317347e+03,1.764705882352941e+00,14650401
5.446062192823116e+03,5.443287334435286e+03,5.882352941176471e-01,14650407
5.446062192823116e+03,5.442537868813838e+03,5.882352941176471e-01,14650406
5.448312797496764e+03,5.446548091614411e+03,5.882352941176471e-01,14650408
5.452129160522803e+03,5.448599748758097e+03,1.176470588235294e+00,14650409
5.454578080134248e+03,5.449283962487189e+03,1.764705882352941e+00,14650410
5.455035896175780e+03,5.449741778528721e+03,1.764705882352941e+00,14650411
5.455658572287509e+03,5.453530899170814e+03,5.882352941176471e-01,14650413
5.456571694037367e+03,5.454311618124531e+03,5.882352941176471e-01,14650415
5.457544367877811e+03,5.455073453817708e+03,5.882352941176471e-01,14650416
5.458517816549753e+03,5.456753110667400e+03,5.882352941176471e-01,14650419
5.459614381466102e+03,5.453973506561636e+03,1.176470588235294e+00,14650414
5.460358846235344e+03,5.458594140352991e+03,5.882352941176471e-01,14650420
5.461379087348455e+03,5.459581592897314e+03,5.882352941176470e-01,14650421
5.461379087348455e+03,5.451873216787042e+03,1.764705882352941e+00,14650412
5.462498662657102e+03,5.459628242867313e+03,5.882352941176471e-01,14650422
5.463143793230808e+03,5.461109067314155e+03,5.882352941176471e-01,14650424
5.464832175309922e+03,5.455900751703406e+03,1.764705882352941e+00,14650418
5.468885725962823e+03,5.462040939525161e+03,1.764705882352941e+00,14650425
5.472092739263925e+03,5.463780087746434e+03,1.764705882352941e+00,14650427
5.472092739263925e+03,5.463597931161181e+03,1.764705882352941e+00,14650426
5.473696553568621e+03,5.464838498155340e+03,1.764705882352941e+00,14650428
5.473857445146278e+03,5.472045013032267e+03,5.882352941176471e-01,14650433
5.473857445146278e+03,5.471033585996112e+03,5.882352941176471e-01,14650432
5.475645583122747e+03,5.473880877240394e+03,5.882352941176471e-01,14650436
5.477333226385098e+03,5.475067064363290e+03,5.882352941176471e-01,14650438
5.477333226385098e+03,5.474186511461553e+03,5.882352941176471e-01,14650437
5.479097932267451e+03,5.476041047524200e+03,5.882352941176471e-01,14650440
5.479372727088179e+03,5.472097933681367e+03,1.764705882352941e+00,14650434
5.480862638149804e+03,5.478582203513966e+03,5.882352941176471e-01,14650442
5.481415315960641e+03,5.479650610078288e+03,5.882352941176471e-01,14650443
5.482627344032157e+03,5.477007786676391e+03,1.764705882352941e+00,14650441
5.483180021842994e+03,5.481278401575534e+03,5.882352941176471e-01,14650446
5.486226795894745e+03,5.484462090012393e+03,5.882352941176471e-01,14650447
5.486364637509728e+03,5.479755151708989e+03,1.764705882352941e+00,14650444
5.487030128328513e+03,5.485265422446160e+03,5.882352941176471e-01,14650448
5.488052701829494e+03,5.485571531938963e+03,5.882352941176471e-01,14650449
5.488129343392081e+03,5.486349195999537e+03,5.882352941176471e-01,14650451
5.488794834210866e+03,5.486745274295152e+03,5.882352941176471e-01,14650452
5.491381019327766e+03,5.489616313445413e+03,5.882352941176471e-01,14650453
5.492692833093545e+03,5.490928127211192e+03,5.882352941176471e-01,14650454
5.493349137061678e+03,5.491584431179325e+03,5.882352941176471e-01,14650455
5.494951262408991e+03,5.493186556526638e+03,5.882352941176471e-01,14650457
5.497567744364753e+03,5.492273626717694e+03,1.764705882352941e+00,14650456
5.498107772562686e+03,5.496343066680333e+03,5.882352941176471e-01,14650459
5.499332450247106e+03,5.496740070626476e+03,5.882352941176471e-01,14650460
5.501502961822596e+03,5.496208844175537e+03,1.764705882352941e+00,14650458
5.503224762808722e+03,5.500872007208490e+03,5.882352941176471e-01,14650466
5.503224762808722e+03,5.500496920831914e+03,5.882352941176471e-01,14650465
5.505185943957572e+03,5.499652446147788e+03,1.176470588235294e+00,14650462
5.505185943957572e+03,5.499864944088449e+03,1.176470588235294e+00,14650463
5.506950649839925e+03,5.498307926972750e+03,1.764705882352941e+00,14650461
5.507289387873667e+03,5.504558300958475e+03,5.882352941176471e-01,14650468
5.508715355722278e+03,5.506202158058799e+03,5.882352941176471e-01,14650471
5.509054093756020e+03,5.504600268894056e+03,1.176470588235294e+00,14650469
5.509054093756020e+03,5.501762359412113e+03,1.176470588235294e+00,14650467
5.511414193332631e+03,5.509649487450278e+03,5.882352941176471e-01,14650473
5.511645954841691e+03,5.509881248959338e+03,5.882352941176471e-01,14650474
5.512244767486984e+03,5.508673402089084e+03,1.176470588235294e+00,14650472
5.513951113339976e+03,5.512186407457623e+03,5.882352941176471e-01,14650475
5.515111659425720e+03,5.513346953543367e+03,5.882352941176471e-01,14650476
5.521674385937348e+03,5.516238220884434e+03,1.764705882352941e+00,14650478
5.521674385937348e+03,5.516192741307734e+03,1.764705882352941e+00,14650477
5.523413611967132e+03,5.519774124873156e+03,5.882352941176471e-01,14650484
5.523413611967132e+03,5.519873874633773e+03,5.882352941176471e-01,14650485
5.523413611967132e+03,5.520223612689463e+03,5.882352941176471e-01,14650486
5.525178317849485e+03,5.522325614511913e+03,5.882352941176471e-01,14650490
5.525204494488097e+03,5.523439788605744e+03,5.882352941176471e-01,14650491
5.526960474824246e+03,5.523857742148274e+03,5.882352941176471e-01,14650492
5.527230384973062e+03,5.516522315696143e+03,1.764705882352941e+00,14650479
5.530489886588952e+03,5.523975614804846e+03,1.764705882352941e+00,14650493
5.532087143525861e+03,5.529364465957024e+03,5.882352941176471e-01,14650497
5.532254592471305e+03,5.525285421232972e+03,1.764705882352941e+00,14650495
5.533851849408214e+03,5.531152322527370e+03,5.882352941176471e-01,14650500
5.535700279763289e+03,5.529474891761694e+03,1.764705882352941e+00,14650498
5.535700279763289e+03,5.528222833870268e+03,1.764705882352941e+00,14650496
5.539145967055273e+03,5.533598033467741e+03,1.764705882352941e+00,14650501
5.539593400302869e+03,5.537828694420516e+03,5.882352941176471e-01,14650503
5.540364064156867e+03,5.538585335781824e+03,5.882352941176471e-01,14650504
5.540910672937626e+03,5.536834652392161e+03,1.176470588235294e+00,14650502
5.544865798515341e+03,5.543101092632988e+03,5.882352941176471e-01,14650505
5.544961418016420e+03,5.543196712134067e+03,5.882352941176471e-01,14650506
5.545091121930173e+03,5.543326416047820e+03,5.882352941176471e-01,14650507
5.550839178801571e+03,5.545037045695213e+03,1.764705882352941e+00,14650509
5.550839178801571e+03,5.544521275700672e+03,1.764705882352941e+00,14650508
5.552351542898182e+03,5.550077329913002e+03,5.882352941176471e-01,14650514
5.552351542898182e+03,5.549165301622351e+03,5.882352941176471e-01,14650513
5.555037483080739e+03,5.546165680473859e+03,1.764705882352941e+00,14650511
5.555037483080739e+03,5.546053076613811e+03,1.764705882352941e+00,14650510
5.555880954662888e+03,5.548569789347734e+03,1.764705882352941e+00,14650512
5.557223924754166e+03,5.553769419086816e+03,5.882352941176471e-01,14650516
5.559010536734137e+03,5.556333720310098e+03,5.882352941176471e-01,14650519
5.559010536734137e+03,5.556416542123018e+03,5.882352941176471e-01,14650520
5.559010536734137e+03,5.556433819196966e+03,5.882352941176471e-01,14650521
5.560775242616490e+03,5.558977359770747e+03,5.882352941176471e-01,14650524
5.560775242616490e+03,5.557311549144637e+03,5.882352941176471e-01,14650523
5.562677272103865e+03,5.560166121816310e+03,5.882352941176471e-01,14650526
5.562951919313908e+03,5.552814683901147e+03,1.764705882352941e+00,14650515
5.564441977986217e+03,5.562102634574013e+03,5.882352941176471e-01,14650528
5.564811660973798e+03,5.563046955091445e+03,5.882352941176471e-01,14650529
5.566206683868570e+03,5.559834478364267e+03,1.764705882352941e+00,14650525
5.566483946109256e+03,5.563432058538527e+03,5.882352941176471e-01,14650531
5.568110020871266e+03,5.565775331442759e+03,5.882352941176471e-01,14650535
5.568110020871266e+03,5.565716937273111e+03,5.882352941176471e-01,14650534
5.569874726753619e+03,5.567421750744711e+03,5.882352941176471e-01,14650536
5.569874726753619e+03,5.568071049444796e+03,5.882352941176471e-01,14650537
5.570013357873961e+03,5.563267139121130e+03,1.764705882352941e+00,14650530
5.574186024424299e+03,5.572421318541946e+03,5.882352941176471e-01,14650538
5.575400256716157e+03,5.573635550833804e+03,5.882352941176471e-01,14650540
5.576613390082027e+03,5.574848684199674e+03,5.882352941176471e-01,14650542
5.578000646806919e+03,5.575575933885098e+03,5.882352941176471e-01,14650543
5.578885818856734e+03,5.573040128693192e+03,1.764705882352941e+00,14650539
5.579765352689272e+03,5.577382238908287e+03,5.882352941176471e-01,14650544
5.580142801846733e+03,5.574471235042213e+03,1.764705882352941e+00,14650541
5.580650524739087e+03,5.578668364183703e+03,5.882352941176471e-01,14650545
5.582028830089760e+03,5.580264124207407e+03,5.882352941176471e-01,14650546
5.583388365099597e+03,5.581623659217244e+03,5.882352941176471e-01,14650547
5.585273920598719e+03,5.583509214716366e+03,5.882352941176471e-01,14650548
5.585332535434187e+03,5.583567829551834e+03,5.882352941176471e-01,14650549
5.585451355520484e+03,5.583686649638131e+03,5.882352941176471e-01,14650550
5.588484598978570e+03,5.586719893096217e+03,5.882352941176471e-01,14650552
5.590408671553350e+03,5.587392494055039e+03,5.882352941176471e-01,14650554
5.590568038245777e+03,5.584185744868667e+03,1.764705882352941e+00,14650551
5.590742887876928e+03,5.587213476112222e+03,1.176470588235294e+00,14650553
5.592292902455023e+03,5.589199756194850e+03,5.882352941176471e-01,14650556
5.594057608337376e+03,5.590098828828069e+03,1.176470588235294e+00,14650557
5.595477690817221e+03,5.593712984934868e+03,5.882352941176471e-01,14650560
5.595599739714212e+03,5.593835033831859e+03,5.882352941176471e-01,14650561
5.597327194960499e+03,5.595562489078146e+03,5.882352941176471e-01,14650562
5.599003459044687e+03,5.597238753162335e+03,5.882352941176471e-01,14650564
5.602364583637519e+03,5.597070465990460e+03,1.764705882352941e+00,14650563
5.604129289519872e+03,5.602177163253605e+03,5.882352941176471e-01,14650567
5.605337954460936e+03,5.600043836813877e+03,1.764705882352941e+00,14650565
5.606125377170296e+03,5.600831259523237e+03,1.764705882352941e+00,14650566
5.608124352480718e+03,5.606359646598365e+03,5.882352941176471e-01,14650569
5.608731343360082e+03,5.605201931595376e+03,1.176470588235294e+00,14650568
5.611848619916856e+03,5.606554502269797e+03,1.764705882352941e+00,14650570
5.612046098872960e+03,5.610281392990607e+03,5.882352941176471e-01,14650572
5.612530045046695e+03,5.609000633281990e+03,1.176470588235294e+00,14650571
5.616258075058122e+03,5.614493369175769e+03,5.882352941176471e-01,14650574
5.617910487206499e+03,5.616145781324146e+03,5.882352941176471e-01,14650575
5.618081495061038e+03,5.616316789178685e+03,5.882352941176471e-01,14650576
5.619675193088852e+03,5.617190035182552e+03,5.882352941176471e-01,14650577
5.619677856143582e+03,5.614383738496524e+03,1.764705882352941e+00,14650573
5.623264843448277e+03,5.619735431683571e+03,1.176470588235294e+00,14650578
5.626845813062960e+03,5.623739374431040e+03,5.882352941176471e-01,14650582
5.626871591987948e+03,5.621577474340890e+03,1.764705882352941e+00,14650579
5.626900272180088e+03,5.621606154533029e+03,1.764705882352941e+00,14650580
5.628664978062441e+03,5.623173194777659e+03,1.176470588235294e+00,14650581
5.630388114290160e+03,5.628067273551339e+03,5.882352941176471e-01,14650588
5.630388114290160e+03,5.627742106048711e+03,5.882352941176471e-01,14650587
5.633055957941006e+03,5.625948428222407e+03,1.764705882352941e+00,14650586
5.633055957941006e+03,5.625600083186660e+03,1.764705882352941e+00,14650585
5.634891089766856e+03,5.631744007524715e+03,5.882352941176471e-01,14650590
5.636655795649209e+03,5.634530958928629e+03,5.882352941176471e-01,14650594
5.636655795649209e+03,5.633609991503228e+03,5.882352941176471e-01,14650593
5.638754262505827e+03,5.631502529889144e+03,1.764705882352941e+00,14650589
5.640201388787573e+03,5.637926930171826e+03,5.882352941176471e-01,14650599
5.640201388787573e+03,5.636704339770183e+03,5.882352941176471e-01,14650598
5.643007237411406e+03,5.635397529789804e+03,1.764705882352941e+00,14650596
5.643007237411406e+03,5.635391731228253e+03,1.764705882352941e+00,14650595
5.645015697041129e+03,5.643250991158777e+03,5.882352941176471e-01,14650602
5.646780402923482e+03,5.645005173956928e+03,5.882352941176471e-01,14650603
5.647134098542835e+03,5.641839980895776e+03,1.764705882352941e+00,14650600
5.648301355058464e+03,5.642380319200764e+03,1.764705882352941e+00,14650601
5.648545108805835e+03,5.645978529403691e+03,5.882352941176471e-01,14650604
5.650684802918660e+03,5.648920097036307e+03,5.882352941176471e-01,14650606
5.650916679942123e+03,5.649151974059770e+03,5.882352941176471e-01,14650607
5.651574007785305e+03,5.649708102941537e+03,5.882352941176471e-01,14650608
5.652449508801013e+03,5.650429266715169e+03,5.882352941176471e-01,14650609
5.653246709927984e+03,5.648044596020599e+03,1.176470588235294e+00,14650605
5.654376155064934e+03,5.652410339691243e+03,5.882352941176471e-01,14650612
5.656140860947287e+03,5.652398309633816e+03,1.176470588235294e+00,14650611
5.656140860947287e+03,5.653487624372916e+03,5.882352941176471e-01,14650613
5.656776121692690e+03,5.651008683681797e+03,1.764705882352941e+00,14650610
5.661434978594346e+03,5.655054203225483e+03,1.764705882352941e+00,14650615
5.661434978594346e+03,5.654781320582911e+03,1.764705882352941e+00,14650614
5.662070239339748e+03,5.656289248710336e+03,1.764705882352941e+00,14650616
5.663402727709909e+03,5.658805318874904e+03,5.882352941176471e-01,14650618
5.663402727709909e+03,5.658771738992281e+03,5.882352941176471e-01,14650617
5.665167433592262e+03,5.663225388852571e+03,5.882352941176471e-01,14650626
5.665167433592262e+03,5.662594117742534e+03,5.882352941176471e-01,14650625
5.668696845356968e+03,5.665950747917247e+03,5.882352941176470e-01,14650629
5.668696845356968e+03,5.661719239120840e+03,1.764705882352941e+00,14650624
5.669129062869160e+03,5.663599207000685e+03,1.764705882352941e+00,14650627
5.671259272952186e+03,5.669494567069833e+03,5.882352941176471e-01,14650631
5.672226257121674e+03,5.664158837928869e+03,1.764705882352941e+00,14650628
5.673023978834539e+03,5.670567758178763e+03,5.882352941176471e-01,14650635
5.673990963004027e+03,5.668524181735387e+03,1.176470588235294e+00,14650630
5.675826473512675e+03,5.669534621063240e+03,1.764705882352941e+00,14650632
5.676553390599244e+03,5.674360027760016e+03,5.882352941176471e-01,14650638
5.677555777081880e+03,5.673768237999160e+03,1.176470588235294e+00,14650637
5.677555777081880e+03,5.672526679266597e+03,1.176470588235294e+00,14650636
5.679112355377590e+03,5.677347649495237e+03,5.882352941176471e-01,14650639
5.685530067862895e+03,5.683765361980542e+03,5.882352941176471e-01,14650641
5.685771437442308e+03,5.684006731559955e+03,5.882352941176471e-01,14650642
5.686804491301093e+03,5.681510373654034e+03,1.764705882352941e+00,14650640
5.687455686798190e+03,5.684837148081644e+03,5.882352941176471e-01,14650644
5.687455686798190e+03,5.684520403311048e+03,5.882352941176471e-01,14650643
5.688894794931994e+03,5.686709150274996e+03,5.882352941176471e-01,14650647
5.689363030858298e+03,5.687598324975945e+03,5.882352941176471e-01,14650648
5.690659500814347e+03,5.687617485486137e+03,5.882352941176471e-01,14650649
5.691127736740650e+03,5.689023445997586e+03,5.882352941176471e-01,14650651
5.692658324659852e+03,5.688656067553252e+03,1.176470588235294e+00,14650650
5.694423030542205e+03,5.690371603154541e+03,1.176470588235294e+00,14650652
5.694423030542205e+03,5.686428150944571e+03,1.764705882352941e+00,14650646
5.696187736424558e+03,5.692363007974686e+03,1.176470588235294e+00,14650653
5.697718324343759e+03,5.695818049130598e+03,5.882352941176471e-01,14650656
5.697952442306911e+03,5.693622467824562e+03,1.176470588235294e+00,14650654
5.700341662104416e+03,5.695047544457357e+03,1.764705882352941e+00,14650655
5.703480986623510e+03,5.701716280741157e+03,5.882352941176471e-01,14650657
5.704115480330787e+03,5.702350774448434e+03,5.882352941176471e-01,14650658
5.704578682278397e+03,5.702813976396045e+03,5.882352941176471e-01,14650659
5.705456421383690e+03,5.703691715501337e+03,5.882352941176471e-01,14650660
5.706374007304920e+03,5.704609301422567e+03,5.882352941176471e-01,14650661
5.706839364768108e+03,5.705074658885755e+03,5.882352941176471e-01,14650662
5.707221127266043e+03,5.705396427916359e+03,5.882352941176471e-01,14650663
5.710670088513981e+03,5.708905382631629e+03,5.882352941176471e-01,14650667
5.711978363260771e+03,5.706022306329876e+03,1.764705882352941e+00,14650665
5.711978363260771e+03,5.705647525197207e+03,1.764705882352941e+00,14650664
5.713743069143124e+03,5.711911518927888e+03,5.882352941176471e-01,14650671
5.713743069143124e+03,5.711137035989563e+03,5.882352941176471e-01,14650670
5.716197679898831e+03,5.708944682480345e+03,1.764705882352941e+00,14650668
5.717272480907830e+03,5.714803502412106e+03,5.882352941176471e-01,14650674
5.717521094512661e+03,5.713148170827613e+03,1.176470588235294e+00,14650672
5.718030477917024e+03,5.715956930510225e+03,5.882352941176471e-01,14650675
5.719202929193403e+03,5.716333864170511e+03,5.882352941176471e-01,14650677
5.720967635075756e+03,5.716469604267242e+03,1.176470588235294e+00,14650678
5.722374980632813e+03,5.720610274750460e+03,5.882352941176471e-01,14650680
5.723105233668980e+03,5.721340527786627e+03,5.882352941176471e-01,14650681
5.728087148094993e+03,5.722793030447934e+03,1.764705882352941e+00,14650682
5.728384368661181e+03,5.726457601578533e+03,5.882352941176471e-01,14650685
5.731550335747037e+03,5.728864037870671e+03,5.882352941176471e-01,14650690
5.732153615030632e+03,5.724854956896475e+03,1.764705882352941e+00,14650683
5.733421588484551e+03,5.731072108901145e+03,5.882352941176471e-01,14650693
5.734047005262681e+03,5.726982361581692e+03,1.176470588235294e+00,14650686
5.736957649089625e+03,5.734945477035236e+03,5.882352941176471e-01,14650699
5.736957649089625e+03,5.734548965273540e+03,5.882352941176471e-01,14650698
5.740504409726034e+03,5.738739703843681e+03,5.882352941176471e-01,14650703
5.741946798583262e+03,5.730579571316565e+03,1.764705882352941e+00,14650692
5.741946798583262e+03,5.729998723575006e+03,1.764705882352941e+00,14650691
5.742393327596485e+03,5.740628621714132e+03,5.882352941176471e-01,14650704
5.743711504465615e+03,5.741093451897098e+03,5.882352941176471e-01,14650706
5.745476210347968e+03,5.743020905292464e+03,5.882352941176471e-01,14650709
5.746236528209180e+03,5.744272811662264e+03,5.882352941176471e-01,14650710
5.747438137547853e+03,5.745053856738091e+03,5.882352941176471e-01,14650711
5.747635358865386e+03,5.732624077440346e+03,1.764705882352941e+00,14650694
5.748178594155776e+03,5.740896029565391e+03,1.176470588235294e+00,14650705
5.749287455087388e+03,5.746591248337666e+03,5.882352941176471e-01,14650713
5.749943300038129e+03,5.748162028148998e+03,5.882352941176471e-01,14650716
5.751052160969741e+03,5.749073887929383e+03,5.882352941176471e-01,14650717
5.751164770630092e+03,5.747607360862218e+03,1.176470588235294e+00,14650715
5.753581608885455e+03,5.751816903003102e+03,5.882352941176471e-01,14650719
5.755076305719649e+03,5.751546893954943e+03,1.176470588235294e+00,14650718
5.755158328588230e+03,5.753393622705877e+03,5.882352941176471e-01,14650720
5.758605717484354e+03,5.755822389845793e+03,5.882352941176471e-01,14650724
5.758988833355941e+03,5.753694715708882e+03,1.764705882352941e+00,14650721
5.760370423366707e+03,5.757800082991896e+03,5.882352941176471e-01,14650725
5.760677650355548e+03,5.754860836314973e+03,1.764705882352941e+00,14650722
5.760753539238294e+03,5.758869244162140e+03,5.882352941176471e-01,14650726
5.764609170324244e+03,5.762844464441891e+03,5.882352941176471e-01,14650728
5.765664541013766e+03,5.760141801601573e+03,1.764705882352941e+00,14650727
5.766882309089264e+03,5.765117603206911e+03,5.882352941176471e-01,14650729
5.767739233094630e+03,5.765974527212277e+03,5.882352941176471e-01,14650730
5.771889086989650e+03,5.770124381107297e+03,5.882352941176471e-01,14650731
5.773783879832748e+03,5.772019173950395e+03,5.882352941176471e-01,14650732
5.777761023115271e+03,5.772466905468212e+03,1.764705882352941e+00,14650733
5.778694524622151e+03,5.773400406975092e+03,1.764705882352941e+00,14650734
5.779671645587198e+03,5.777332684378792e+03,5.882352941176471e-01,14650739
5.780750130197829e+03,5.778985424315476e+03,5.882352941176471e-01,14650740
5.782936016427076e+03,5.779713250328796e+03,5.882352941176471e-01,14650742
5.783076409876041e+03,5.774441583802195e+03,1.764705882352941e+00,14650735
5.785715595713019e+03,5.779358910651960e+03,1.764705882352941e+00,14650741
5.785715595713019e+03,5.776370011139584e+03,1.764705882352941e+00,14650738
5.787460994784247e+03,5.785696288901894e+03,5.882352941176471e-01,14650746
5.789642821116950e+03,5.787878115234597e+03,5.882352941176471e-01,14650747
5.792300195652174e+03,5.790535489769821e+03,5.882352941176471e-01,14650749
5.792753036501576e+03,5.790988330619224e+03,5.882352941176471e-01,14650750
5.793815402172088e+03,5.788521284525029e+03,1.764705882352941e+00,14650748
5.794064901534527e+03,5.791640970843894e+03,5.882352941176471e-01,14650751
5.794732393344267e+03,5.792967687461914e+03,5.882352941176471e-01,14650752
5.795964503664702e+03,5.794199797782349e+03,5.882352941176471e-01,14650753
5.797532372069468e+03,5.795767666187115e+03,5.882352941176471e-01,14650755
5.798071244459247e+03,5.796306538576894e+03,5.882352941176471e-01,14650756
5.799996226874338e+03,5.794702109227280e+03,1.764705882352941e+00,14650754
5.802055883765930e+03,5.798526472001224e+03,1.176470588235294e+00,14650757
5.803195166452135e+03,5.801430460569782e+03,5.882352941176471e-01,14650759
5.803820589648283e+03,5.801755191971241e+03,5.882352941176471e-01,14650760
5.804461365971666e+03,5.799167248324608e+03,1.764705882352941e+00,14650758
5.805905683692327e+03,5.803422494107544e+03,5.882352941176471e-01,14650763
5.805905683692327e+03,5.803201802304132e+03,5.882352941176471e-01,14650762
5.807795286076658e+03,5.805114215305815e+03,5.882352941176471e-01,14650764
5.807795286076658e+03,5.805347844350404e+03,5.882352941176471e-01,14650765
5.808489284099194e+03,5.802294496462475e+03,1.764705882352941e+00,14650761
5.809559991959011e+03,5.806280373198262e+03,5.882352941176471e-01,14650767
5.811121414258869e+03,5.809356708376516e+03,5.882352941176471e-01,14650769
5.813894702067135e+03,5.808600584420076e+03,1.764705882352941e+00,14650768
5.815538309298455e+03,5.810244191651396e+03,1.764705882352941e+00,14650770
5.815659407949488e+03,5.812729942897299e+03,5.882352941176471e-01,14650772
5.816088348669070e+03,5.813989743070810e+03,5.882352941176471e-01,14650773
5.817303015180808e+03,5.815043546388847e+03,5.882352941176471e-01,14650774
5.818165593163262e+03,5.816400887280909e+03,5.882352941176471e-01,14650775
5.819067721063161e+03,5.817021172104361e+03,5.882352941176471e-01,14650776
5.819188819714194e+03,5.812558936904364e+03,1.764705882352941e+00,14650771
5.822475465575379e+03,5.820710759693026e+03,5.882352941176471e-01,14650777
5.824405126834163e+03,5.822640420951810e+03,5.882352941176471e-01,14650778
5.824800615932039e+03,5.823035910049686e+03,5.882352941176471e-01,14650779
5.826169832716516e+03,5.823463756150889e+03,5.882352941176471e-01,14650781
5.828684130547199e+03,5.823390012900140e+03,1.764705882352941e+00,14650780
5.830094733579098e+03,5.824565205962738e+03,1.764705882352941e+00,14650782
5.831423696621651e+03,5.829658990739298e+03,5.882352941176471e-01,14650783
5.832095388962400e+03,5.830330683080047e+03,5.882352941176471e-01,14650784
5.837769883272328e+03,5.836005177389975e+03,5.882352941176471e-01,14650786
5.838207083414976e+03,5.836442377532623e+03,5.882352941176471e-01,14650787
5.838827933498426e+03,5.837063227616073e+03,5.882352941176471e-01,14650788
5.839826055916446e+03,5.837372864138210e+03,5.882352941176471e-01,14650790
5.839826055916446e+03,5.837324251599479e+03,5.882352941176471e-01,14650789
5.840451024050851e+03,5.835156906403792e+03,1.176470588235294e+00,14650785
5.841590761798799e+03,5.839575908896251e+03,5.882352941176471e-01,14650793
5.842509052520506e+03,5.840744346638153e+03,5.882352941176471e-01,14650794
5.843355467681152e+03,5.840948546112721e+03,5.882352941176471e-01,14650795
5.845085389513071e+03,5.843320683630718e+03,5.882352941176471e-01,14650796
5.845120173563505e+03,5.839546325586999e+03,1.764705882352941e+00,14650792
5.846876183433250e+03,5.844307597625718e+03,5.882352941176471e-01,14650798
5.847814331468965e+03,5.845192998150980e+03,5.882352941176471e-01,14650802
5.850225293479412e+03,5.848460587597059e+03,5.882352941176471e-01,14650803
5.850405595197955e+03,5.844322483081063e+03,1.764705882352941e+00,14650799
5.850405595197955e+03,5.844284919704259e+03,1.764705882352941e+00,14650797
5.852972881567649e+03,5.851208175685296e+03,5.882352941176471e-01,14650805
5.854771555739525e+03,5.851242143974819e+03,1.176470588235294e+00,14650806
5.855041049120868e+03,5.853276343238515e+03,5.882352941176471e-01,14650807
5.855519411126471e+03,5.849780917956654e+03,1.764705882352941e+00,14650804
5.857069362839991e+03,5.855304656957638e+03,5.882352941176471e-01,14650808
5.857316568731071e+03,5.855551862848718e+03,5.882352941176471e-01,14650809
5.857405795462226e+03,5.855641089579873e+03,5.882352941176471e-01,14650810
5.858834068722344e+03,5.856194834909143e+03,5.882352941176471e-01,14650811
5.859221895183531e+03,5.857457189301178e+03,5.882352941176471e-01,14650812
5.861240672130279e+03,5.857711260365573e+03,1.176470588235294e+00,14650813
5.862378460427907e+03,5.860613754545554e+03,5.882352941176471e-01,14650815
5.863345275196809e+03,5.861580569314457e+03,5.882352941176471e-01,14650816
5.864128186369403e+03,5.858560148982712e+03,1.764705882352941e+00,14650814
5.864143166310260e+03,5.861745869318079e+03,5.882352941176471e-01,14650817
5.866309972868487e+03,5.864545266986134e+03,5.882352941176471e-01,14650819
5.868639392843868e+03,5.862746267043108e+03,1.764705882352941e+00,14650818
5.869183124251978e+03,5.867418418369625e+03,5.882352941176471e-01,14650820
5.871268364368053e+03,5.867738952603347e+03,1.176470588235294e+00,14650821
5.871605481950678e+03,5.869840776068325e+03,5.882352941176471e-01,14650823
5.872168804608574e+03,5.867962745558994e+03,1.176470588235294e+00,14650822
5.875725506778961e+03,5.873960800896608e+03,5.882352941176471e-01,14650825
5.875826976483083e+03,5.874062270600730e+03,5.882352941176471e-01,14650826
5.877386537016806e+03,5.874351357506397e+03,5.882352941176471e-01,14650827
5.877490212661314e+03,5.873857125252100e+03,1.176470588235294e+00,14650824
5.877695141034289e+03,5.875930435151937e+03,5.882352941176471e-01,14650828
5.885673220710513e+03,5.883908514828161e+03,5.882352941176471e-01,14650829
5.886763011319427e+03,5.884998305437074e+03,5.882352941176471e-01,14650830
5.887567770709660e+03,5.885803064827307e+03,5.882352941176471e-01,14650832
5.888814324057193e+03,5.885284912292487e+03,1.176470588235294e+00,14650831
5.889635683845612e+03,5.887870977963260e+03,5.882352941176471e-01,14650833
5.890363524115106e+03,5.888598818232753e+03,5.882352941176471e-01,14650834
5.893407517530645e+03,5.891642811648292e+03,5.882352941176471e-01,14650837
5.894697682124955e+03,5.889403564477897e+03,1.764705882352941e+00,14650835
5.894865751014297e+03,5.892818920256461e+03,5.882352941176471e-01,14650838
5.896936929295351e+03,5.891336339249591e+03,1.764705882352941e+00,14650836
5.897016068564412e+03,5.895251362682059e+03,5.882352941176471e-01,14650840
5.898468944210197e+03,5.895695516149291e+03,5.882352941176471e-01,14650841
5.898701635177704e+03,5.896815943233887e+03,5.882352941176471e-01,14650843
5.900349995576304e+03,5.897988075663348e+03,5.882352941176471e-01,14650845
5.900545480329118e+03,5.894827827539448e+03,1.764705882352941e+00,14650839
5.902179863042928e+03,5.900132727351059e+03,5.882352941176471e-01,14650847
5.904027612391474e+03,5.902262906509121e+03,5.882352941176471e-01,14650849
5.905709274807634e+03,5.897446988241345e+03,1.764705882352941e+00,14650844
5.905792318273827e+03,5.903335071172961e+03,5.882352941176471e-01,14650850
5.906245357139554e+03,5.899255241113825e+03,1.764705882352941e+00,14650846
5.908472575799462e+03,5.906707869917109e+03,5.882352941176471e-01,14650851
5.909565326902087e+03,5.907800621019734e+03,5.882352941176471e-01,14650852
5.910646180822509e+03,5.908881474940156e+03,5.882352941176471e-01,14650853
5.912603366935786e+03,5.910838661053433e+03,5.882352941176471e-01,14650855
5.914244228081853e+03,5.910714816317148e+03,1.176470588235294e+00,14650854
5.914653601999654e+03,5.912888896117301e+03,5.882352941176471e-01,14650856
5.917827723101079e+03,5.916063017218726e+03,5.882352941176471e-01,14650859
5.918005699584114e+03,5.916169937958189e+03,5.882352941176471e-01,14650860
5.918723032588017e+03,5.913428914940958e+03,1.764705882352941e+00,14650857
5.921357134865785e+03,5.914476287819408e+03,1.764705882352941e+00,14650858
5.921414803521487e+03,5.919650097639134e+03,5.882352941176471e-01,14650862
5.923121840748137e+03,5.920416860361586e+03,5.882352941176471e-01,14650864
5.923299817231173e+03,5.919677238128390e+03,1.176470588235294e+00,14650863
5.924944215286193e+03,5.917997835544607e+03,1.764705882352941e+00,14650861
5.925287834708539e+03,5.923523128826186e+03,5.882352941176471e-01,14650866
5.926821130453937e+03,5.925056424571584e+03,5.882352941176471e-01,14650868
5.926956609867941e+03,5.923195787966280e+03,1.176470588235294e+00,14650865
5.928473627050899e+03,5.925533436627161e+03,5.882352941176471e-01,14650869
5.929595846454417e+03,5.927831140572065e+03,5.882352941176471e-01,14650870
5.930350542218643e+03,5.923920886631711e+03,1.764705882352941e+00,14650867
5.931044223145202e+03,5.929279517262849e+03,5.882352941176471e-01,14650871
5.931494693919373e+03,5.929729988037020e+03,5.882352941176471e-01,14650872
5.934091938094577e+03,5.932327232212224e+03,5.882352941176471e-01,14650875
5.935644659865702e+03,5.930125391299789e+03,1.764705882352941e+00,14650873
5.937090894115929e+03,5.931796776468870e+03,1.764705882352941e+00,14650874
5.939469475235834e+03,5.937704769353482e+03,5.882352941176471e-01,14650877
5.940351182634880e+03,5.938586476752527e+03,5.882352941176471e-01,14650878
5.942896372444951e+03,5.937602254797892e+03,1.764705882352941e+00,14650876
5.944643230004568e+03,5.941113818239862e+03,1.176470588235294e+00,14650880
5.946171484805505e+03,5.940877367158446e+03,1.764705882352941e+00,14650879
5.946407935886921e+03,5.944480890461824e+03,5.882352941176471e-01,14650882
5.948054416228566e+03,5.945556721658765e+03,5.882352941176471e-01,14650884
5.948054416228566e+03,5.945535498215174e+03,5.882352941176471e-01,14650883
5.948459250429398e+03,5.943165132782339e+03,1.764705882352941e+00,14650881
5.951780758296062e+03,5.949660184622926e+03,5.882352941176471e-01,14650890
5.952178219909530e+03,5.946806713245392e+03,1.176470588235294e+00,14650885
5.953545464178415e+03,5.950794866833731e+03,5.882352941176471e-01,14650892
5.953832423970939e+03,5.952067718088586e+03,5.882352941176471e-01,14650893
5.955310170060768e+03,5.952520388226279e+03,5.882352941176471e-01,14650894
5.955831133481912e+03,5.948448276834146e+03,1.764705882352941e+00,14650889
5.956266373124054e+03,5.954501667241701e+03,5.882352941176471e-01,14650895
5.957595839364265e+03,5.955401682212648e+03,5.882352941176471e-01,14650897
5.958031079006406e+03,5.956124240504281e+03,5.882352941176471e-01,14650898
5.958859081193946e+03,5.957094375311593e+03,5.882352941176471e-01,14650899
5.962388492958652e+03,5.960362643761064e+03,5.882352941176471e-01,14650903
5.962820685293305e+03,5.955258722171277e+03,1.764705882352941e+00,14650896
5.963633512264391e+03,5.957659744130944e+03,1.764705882352941e+00,14650900
5.965398218146744e+03,5.963474857010129e+03,5.882352941176471e-01,14650907
5.967162924029097e+03,5.965212021622547e+03,5.882352941176471e-01,14650909
5.968484211895326e+03,5.958110725803022e+03,1.764705882352941e+00,14650902
5.969736414628506e+03,5.964442296981447e+03,1.764705882352941e+00,14650908
5.970298483610692e+03,5.967407802582103e+03,5.882352941176471e-01,14650911
5.970692335793803e+03,5.968583343561351e+03,5.882352941176471e-01,14650913
5.973265826393212e+03,5.966901943024022e+03,1.764705882352941e+00,14650910
5.973827895375397e+03,5.970114879663930e+03,1.176470588235294e+00,14650914
5.976187731193899e+03,5.972658319429194e+03,1.176470588235294e+00,14650915
5.976462337431701e+03,5.974697631549348e+03,5.882352941176471e-01,14650917
5.976795238157918e+03,5.972763608802451e+03,1.176470588235294e+00,14650916
5.981619151959859e+03,5.975536017295867e+03,1.764705882352941e+00,14650919
5.981619151959859e+03,5.975179010399065e+03,1.764705882352941e+00,14650918
5.983383857842212e+03,5.981354636497652e+03,5.882352941176471e-01,14650924
5.984563676636616e+03,5.982132231964117e+03,5.882352941176471e-01,14650925
5.985148563724565e+03,5.983361635327540e+03,5.882352941176470e-01,14650926
5.985148563724565e+03,5.978628815738072e+03,1.764705882352941e+00,14650920
5.986913269606918e+03,5.984815231166600e+03,5.882352941176471e-01,14650928
5.986913269606918e+03,5.984719118833695e+03,5.882352941176471e-01,14650927
5.988093088401321e+03,5.979659361371111e+03,1.764705882352941e+00,14650921
5.989740705843518e+03,5.987975999961166e+03,5.882352941176471e-01,14650930
5.992207387253977e+03,5.985623013174432e+03,1.764705882352941e+00,14650929
5.993322429493386e+03,5.991557723611033e+03,5.882352941176471e-01,14650931
5.994288150781487e+03,5.992523444899134e+03,5.882352941176471e-01,14650932
5.994576139921438e+03,5.992811434039085e+03,5.882352941176471e-01,14650933
5.996132098280167e+03,5.994367392397814e+03,5.882352941176471e-01,14650935
5.997896804162520e+03,5.996111631503061e+03,5.882352941176471e-01,14650937
5.998616547140445e+03,5.993185851093825e+03,1.764705882352941e+00,14650934
5.998961992229892e+03,5.997098613110577e+03,5.882352941176471e-01,14650938
5.999661510044873e+03,5.997313725303078e+03,5.882352941176471e-01,14650939
6.000442993245647e+03,5.998678287363294e+03,5.882352941176471e-01,14650940
6.002230135314174e+03,6.000465429431821e+03,5.882352941176471e-01,14650942
6.003129181586730e+03,5.995432580465186e+03,1.764705882352941e+00,14650936
6.004256109876951e+03,5.998762933885293e+03,1.764705882352941e+00,14650941
6.008308886773858e+03,6.006337172241737e+03,5.882352941176471e-01,14650947
6.009548900664616e+03,6.003359110980792e+03,1.764705882352941e+00,14650943
6.010417934510204e+03,6.008582471506073e+03,5.882352941176471e-01,14650950
6.011663401208032e+03,6.004978099959615e+03,1.176470588235294e+00,14650946
6.011663401208032e+03,6.004779475009152e+03,1.176470588235294e+00,14650945
6.012182640392557e+03,6.007078223209746e+03,1.176470588235294e+00,14650949
6.013428107090385e+03,6.010930533200913e+03,5.882352941176471e-01,14650951
6.013691494112820e+03,6.011926788230468e+03,5.882352941176471e-01,14650952
6.015512481990806e+03,6.013747776108453e+03,5.882352941176471e-01,14650953
6.017893427734836e+03,6.014364015970130e+03,1.176470588235294e+00,14650954
6.019870643499268e+03,6.018105937616915e+03,5.882352941176471e-01,14650956
6.020222378324826e+03,6.018457672442473e+03,5.882352941176471e-01,14650957
6.021514643825548e+03,6.019749937943195e+03,5.882352941176471e-01,14650958
6.021611582005913e+03,6.017961464685133e+03,1.176470588235294e+00,14650955
6.025676388326103e+03,6.023911682443750e+03,5.882352941176471e-01,14650959
6.028128113922722e+03,6.026363408040369e+03,5.882352941176471e-01,14650960
6.029448694872473e+03,6.027683988990120e+03,5.882352941176471e-01,14650962
6.031635065763900e+03,6.029870359881547e+03,5.882352941176471e-01,14650963
6.032858897494264e+03,6.027564779847205e+03,1.764705882352941e+00,14650961
6.033665376516883e+03,6.031900670634530e+03,5.882352941176471e-01,14650964
6.034775521095078e+03,6.033010815212725e+03,5.882352941176471e-01,14650965
6.036165104450842e+03,6.034400398568489e+03,5.882352941176471e-01,14650966
6.038297248172323e+03,6.036532542289970e+03,5.882352941176471e-01,14650967
6.039257169171992e+03,6.037492463289639e+03,5.882352941176471e-01,14650968
6.041021875054344e+03,6.038560393487345e+03,5.882352941176471e-01,14650971
6.041888761713057e+03,6.038359349948351e+03,1.176470588235294e+00,14650970
6.043019808407731e+03,6.040281808950343e+03,5.882352941176471e-01,14650972
6.043389977147207e+03,6.038095859500148e+03,1.764705882352941e+00,14650969
6.045892451438014e+03,6.044127745555661e+03,5.882352941176471e-01,14650977
6.047182879360116e+03,6.041371716260895e+03,1.764705882352941e+00,14650975
6.049014950424706e+03,6.046742185804341e+03,5.882352941176471e-01,14650982
6.049014950424706e+03,6.046506705935234e+03,5.882352941176471e-01,14650981
6.051255682991475e+03,6.044494108522432e+03,1.176470588235294e+00,14650978
6.052544362189412e+03,6.049807725225793e+03,5.882352941176471e-01,14650985
6.053020388873828e+03,6.043788197959884e+03,1.764705882352941e+00,14650976
6.054785094756181e+03,6.047716591575102e+03,1.176470588235294e+00,14650983
6.056073773954118e+03,6.053788976631393e+03,5.882352941176471e-01,14650988
6.056549800638534e+03,6.048433304571484e+03,1.764705882352941e+00,14650984
6.057194140237502e+03,6.051709052406091e+03,1.176470588235294e+00,14650987
6.058958846119855e+03,6.051496954780907e+03,1.764705882352941e+00,14650986
6.059130177704358e+03,6.057365471822005e+03,5.882352941176471e-01,14650989
6.063340532018170e+03,6.058046414371111e+03,1.764705882352941e+00,14650990
6.064192411299548e+03,6.061334439743277e+03,5.882352941176471e-01,14650993
6.064252963766914e+03,6.058339199591159e+03,1.764705882352941e+00,14650991
6.065105237900523e+03,6.060602447067476e+03,1.176470588235294e+00,14650992
6.066050012451556e+03,6.064285306569203e+03,5.882352941176471e-01,14650995
6.067413622029376e+03,6.065648916147024e+03,5.882352941176471e-01,14650997
6.068524356097070e+03,6.066759650214717e+03,5.882352941176471e-01,14650998
6.069412939419009e+03,6.067648233536656e+03,5.882352941176471e-01,14650999
6.069937566222489e+03,6.064643448575430e+03,1.764705882352941e+00,14650996
6.072050513766337e+03,6.070285807883984e+03,5.882352941176471e-01,14651005
6.072942351183715e+03,6.069406207786816e+03,1.176470588235294e+00,14651004
6.073845048572868e+03,6.072080342690515e+03,5.882352941176471e-01,14651006
6.074479862511438e+03,6.067748504605480e+03,1.764705882352941e+00,14651000
6.075144524600898e+03,6.073379818718545e+03,5.882352941176471e-01,14651007
6.078820451576866e+03,6.075291039812160e+03,1.176470588235294e+00,14651008
6.079402057737966e+03,6.077637351855613e+03,5.882352941176471e-01,14651009
6.079464325544450e+03,6.077699619662097e+03,5.882352941176471e-01,14651010
6.080875960539769e+03,6.078737699563613e+03,5.882352941176471e-01,14651012
6.081441085031890e+03,6.079676379149537e+03,5.882352941176471e-01,14651013
6.082640666422122e+03,6.078442817677812e+03,1.176470588235294e+00,14651011
6.084405372304475e+03,6.080768726411479e+03,1.176470588235294e+00,14651014
6.086735202678949e+03,6.081376531892269e+03,1.764705882352941e+00,14651015
6.087244381116198e+03,6.085479675233845e+03,5.882352941176471e-01,14651016
6.091376678618764e+03,6.089611972736411e+03,5.882352941176471e-01,14651018
6.091900302416080e+03,6.090135596533727e+03,5.882352941176471e-01,14651019
6.092346100773493e+03,6.088816689008787e+03,1.176470588235294e+00,14651017
6.093403196399775e+03,6.090930149841663e+03,5.882352941176471e-01,14651021
6.093403196399775e+03,6.090793195073732e+03,5.882352941176471e-01,14651020
6.097640218420552e+03,6.092046822262935e+03,1.764705882352941e+00,14651022
6.097939906486338e+03,6.096175200603985e+03,5.882352941176471e-01,14651024
6.099472132087024e+03,6.097081213539761e+03,5.882352941176471e-01,14651026
6.099472132087024e+03,6.096577620794511e+03,5.882352941176471e-01,14651025
6.101236837969377e+03,6.098545538836154e+03,5.882352941176471e-01,14651028
6.101469318251044e+03,6.096009928106438e+03,1.764705882352941e+00,14651023
6.103001543851730e+03,6.100646504978967e+03,5.882352941176471e-01,14651029
6.104766249734083e+03,6.102471521541960e+03,5.882352941176471e-01,14651031
6.104998730015750e+03,6.098103212069466e+03,1.764705882352941e+00,14651027
6.106530955616436e+03,6.101036294989007e+03,1.764705882352941e+00,14651030
6.106647195757270e+03,6.104392959733155e+03,5.882352941176471e-01,14651033
6.106647195757270e+03,6.104136084243527e+03,5.882352941176471e-01,14651032
6.108295661498789e+03,6.105453018744771e+03,5.882352941176471e-01,14651034
6.109099342505212e+03,6.107334636622859e+03,5.882352941176471e-01,14651035
6.109416323941769e+03,6.107651618059416e+03,5.882352941176471e-01,14651036
6.112281437783143e+03,6.110516731900790e+03,5.882352941176471e-01,14651037
6.112864392511510e+03,6.111099686629157e+03,5.882352941176471e-01,14651038
6.112977335153252e+03,6.111212629270899e+03,5.882352941176471e-01,14651039
6.117847897433983e+03,6.111965669256019e+03,1.764705882352941e+00,14651040
6.118158510158569e+03,6.112826121790706e+03,1.764705882352941e+00,14651042
6.119454655955182e+03,6.116210853861264e+03,5.882352941176471e-01,14651045
6.121219361837535e+03,6.118986762813172e+03,5.882352941176471e-01,14651048
6.121545622803058e+03,6.113702344465599e+03,1.764705882352941e+00,14651043
6.122984067719888e+03,6.120688487749658e+03,5.882352941176471e-01,14651050
6.124915537014764e+03,6.121799401662733e+03,5.882352941176471e-01,14651052
6.125082300427287e+03,6.115609349468169e+03,1.764705882352941e+00,14651044
6.126861480280397e+03,6.121567362633338e+03,1.764705882352941e+00,14651051
6.126915828150705e+03,6.125151122268352e+03,5.882352941176471e-01,14651055
6.128535567471110e+03,6.126526691949381e+03,5.882352941176471e-01,14651057
6.128535567471110e+03,6.125863393378506e+03,5.882352941176471e-01,14651056
6.130300273353463e+03,6.127293574486360e+03,5.882352941176471e-01,14651058
6.130445239915411e+03,6.124361160024536e+03,1.764705882352941e+00,14651054
6.132064979235816e+03,6.130110779300531e+03,5.882352941176471e-01,14651060
6.133829685118169e+03,6.131390779001825e+03,5.882352941176471e-01,14651062
6.134138335814754e+03,6.128844218167695e+03,1.764705882352941e+00,14651059
6.135764179030381e+03,6.133999473148028e+03,5.882352941176471e-01,14651063
6.136196053258194e+03,6.130901935611135e+03,1.764705882352941e+00,14651061
6.136428033613238e+03,6.134663327730885e+03,5.882352941176471e-01,14651064
6.138460509635289e+03,6.136695803752936e+03,5.882352941176471e-01,14651066
6.139635426418744e+03,6.136106014654038e+03,1.176470588235294e+00,14651065
6.140834760577176e+03,6.139070054694823e+03,5.882352941176471e-01,14651068
6.141856295715582e+03,6.140091589833229e+03,5.882352941176471e-01,14651069
6.142008629116728e+03,6.136714511469669e+03,1.764705882352941e+00,14651067
6.144517445294843e+03,6.142752739412490e+03,5.882352941176471e-01,14651071
6.146128878224235e+03,6.140685540639458e+03,1.764705882352941e+00,14651070
6.147332003043043e+03,6.145567297160690e+03,5.882352941176471e-01,14651073
6.148471817772934e+03,6.146707111890581e+03,5.882352941176471e-01,14651074
6.149023997886095e+03,6.143729880239037e+03,1.764705882352941e+00,14651072
6.149663653641744e+03,6.147149199717704e+03,5.882352941176471e-01,14651075
6.150236523655287e+03,6.148465892475740e+03,5.882352941176471e-01,14651077
6.152086864288565e+03,6.150322158406212e+03,5.882352941176471e-01,14651079
6.153757950149536e+03,6.151449777941872e+03,5.882352941176471e-01,14651081
6.153924651549225e+03,6.152091697055840e+03,5.882352941176471e-01,14651083
6.155578223165119e+03,6.153679986876706e+03,5.882352941176471e-01,14651085
6.155578223165119e+03,6.153701957968539e+03,5.882352941176471e-01,14651086
6.159227282166096e+03,6.150134918363448e+03,1.764705882352941e+00,14651078
6.159227282166096e+03,6.150395239784519e+03,1.764705882352941e+00,14651080
6.159227282166096e+03,6.151664388808641e+03,1.764705882352941e+00,14651082
6.160991988048449e+03,6.158432585143580e+03,5.882352941176471e-01,14651088
6.160991988048449e+03,6.156056812110204e+03,5.882352941176471e-01,14651087
6.164939570104823e+03,6.159645452457765e+03,1.764705882352941e+00,14651089
6.166723519471063e+03,6.164958813588710e+03,5.882352941176471e-01,14651090
6.168580604780180e+03,6.166815898897827e+03,5.882352941176471e-01,14651092
6.169166626086409e+03,6.167401920204056e+03,5.882352941176471e-01,14651093
6.170294780961769e+03,6.166376083146031e+03,1.176470588235294e+00,14651091
6.170931331968762e+03,6.168938304001451e+03,5.882352941176471e-01,14651095
6.173485436376206e+03,6.168191318729147e+03,1.764705882352941e+00,14651094
6.174829826629702e+03,6.173065120747349e+03,5.882352941176471e-01,14651097
6.175963108051495e+03,6.170668990404436e+03,1.764705882352941e+00,14651096
6.175966941465819e+03,6.174202235583466e+03,5.882352941176471e-01,14651098
6.179456743186955e+03,6.177692037304602e+03,5.882352941176471e-01,14651100
6.179911000713040e+03,6.178146294830687e+03,5.882352941176471e-01,14651101
6.180748444495109e+03,6.175454326848050e+03,1.764705882352941e+00,14651099
6.181221449069308e+03,6.178168082794477e+03,5.882352941176471e-01,14651102
6.181675706595393e+03,6.179891122168068e+03,5.882352941176471e-01,14651103
6.183650528519630e+03,6.181885822637277e+03,5.882352941176471e-01,14651105
6.184277856259815e+03,6.180063322817521e+03,1.176470588235294e+00,14651104
6.189615954235432e+03,6.184321836588373e+03,1.764705882352941e+00,14651106
6.191243971524598e+03,6.189479265642245e+03,5.882352941176471e-01,14651108
6.193968634877291e+03,6.192203928994938e+03,5.882352941176471e-01,14651110
6.194623242378644e+03,6.189329124731585e+03,1.764705882352941e+00,14651107
6.195838584689030e+03,6.190544467041971e+03,1.764705882352941e+00,14651109
6.196905470548501e+03,6.194161462225331e+03,5.882352941176471e-01,14651112
6.199367996453735e+03,6.193202984049336e+03,1.764705882352941e+00,14651111
6.201097621026293e+03,6.196477148607180e+03,1.176470588235294e+00,14651115
6.201097621026293e+03,6.195658286953651e+03,1.176470588235294e+00,14651114
6.202433303475131e+03,6.199964976627268e+03,5.882352941176471e-01,14651118
6.204484024979827e+03,6.202062707447243e+03,5.882352941176471e-01,14651123
6.204484024979827e+03,6.202265987079602e+03,5.882352941176471e-01,14651124
6.207131083803357e+03,6.200902312872349e+03,1.176470588235294e+00,14651120
6.207131083803357e+03,6.201042713397169e+03,1.176470588235294e+00,14651121
6.208895789685710e+03,6.207114025939277e+03,5.882352941176470e-01,14651126
6.208895789685710e+03,6.197754702047556e+03,1.764705882352941e+00,14651117
6.210660495568063e+03,6.207863586895919e+03,5.882352941176470e-01,14651127
6.210660495568063e+03,6.207913805592665e+03,5.882352941176470e-01,14651128
6.210660495568063e+03,6.204382476373017e+03,1.764705882352941e+00,14651125
6.212425201450415e+03,6.210456086620122e+03,5.882352941176471e-01,14651130
6.212809531966055e+03,6.211044826083702e+03,5.882352941176471e-01,14651131
6.214597996230961e+03,6.212833290348608e+03,5.882352941176471e-01,14651132
6.214820925037015e+03,6.213056219154662e+03,5.882352941176471e-01,14651133
6.218638696499054e+03,6.216873990616701e+03,5.882352941176471e-01,14651135
6.219193293765645e+03,6.213899176118587e+03,1.764705882352941e+00,14651134
6.219409809318370e+03,6.217645103436017e+03,5.882352941176471e-01,14651136
6.220957999647998e+03,6.219009108934308e+03,5.882352941176471e-01,14651139
6.222722705530351e+03,6.220655609117954e+03,5.882352941176471e-01,14651143
6.225207969118099e+03,6.217749471673517e+03,1.764705882352941e+00,14651137
6.225916226505553e+03,6.221911834135265e+03,1.176470588235294e+00,14651144
6.226252117295057e+03,6.219820353890571e+03,1.764705882352941e+00,14651141
6.228344620150334e+03,6.226579914267981e+03,5.882352941176471e-01,14651146
6.229485400424750e+03,6.227720694542397e+03,5.882352941176471e-01,14651147
6.230502086765158e+03,6.224608199668617e+03,1.764705882352941e+00,14651145
6.231565207561927e+03,6.229800501679574e+03,5.882352941176471e-01,14651148
6.234251870449842e+03,6.232487164567489e+03,5.882352941176471e-01,14651149
6.234433010517123e+03,6.232668304634770e+03,5.882352941176471e-01,14651150
6.238759126771355e+03,6.235229715006650e+03,1.176470588235294e+00,14651151
6.239736156382527e+03,6.236206744617821e+03,1.176470588235294e+00,14651152
6.241859597130348e+03,6.239074007598054e+03,5.882352941176471e-01,14651155
6.242288538536061e+03,6.236924214348756e+03,1.764705882352941e+00,14651153
6.243624303012701e+03,6.241387547087397e+03,5.882352941176471e-01,14651157
6.246217278370531e+03,6.238444818023886e+03,1.764705882352941e+00,14651154
6.247153714777406e+03,6.241514516670819e+03,1.764705882352941e+00,14651158
6.247161471417373e+03,6.243851217367980e+03,5.882352941176471e-01,14651160
6.247981984252884e+03,6.245404522174987e+03,5.882352941176471e-01,14651162
6.248918420659759e+03,6.246818679759703e+03,5.882352941176471e-01,14651163
6.250683126542112e+03,6.248108258308953e+03,5.882352941176471e-01,14651165
6.250690883182079e+03,6.243087194675588e+03,1.764705882352941e+00,14651159
6.253276101899942e+03,6.247896250745973e+03,1.764705882352941e+00,14651164
6.254419060093658e+03,6.252164069631739e+03,5.882352941176471e-01,14651169
6.254419060093658e+03,6.251868508344864e+03,5.882352941176471e-01,14651168
6.255145533772281e+03,6.253380827889928e+03,5.882352941176471e-01,14651171
6.256183765976010e+03,6.254125580204972e+03,5.882352941176471e-01,14651173
6.256183765976010e+03,6.253839370570477e+03,5.882352941176471e-01,14651172
6.256978276706708e+03,6.254543657534263e+03,5.882352941176471e-01,14651174
6.259098643739544e+03,6.256924453120130e+03,5.882352941176471e-01,14651177
6.259713177740716e+03,6.257689599007674e+03,5.882352941176471e-01,14651179
6.260031158317784e+03,6.250719855570697e+03,1.764705882352941e+00,14651166
6.261273038956012e+03,6.258204153633777e+03,5.882352941176471e-01,14651181
6.261273038956012e+03,6.258086440809809e+03,5.882352941176471e-01,14651180
6.261795864200136e+03,6.255281607876430e+03,1.176470588235294e+00,14651176
6.263212019919740e+03,6.260258187484111e+03,5.882352941176471e-01,14651183
6.264976725802093e+03,6.261015088855570e+03,1.176470588235294e+00,14651185
6.264976725802093e+03,6.262183589093286e+03,5.882352941176471e-01,14651186
6.266741431684446e+03,6.263684957090667e+03,5.882352941176470e-01,14651187
6.266741431684446e+03,6.260471397475388e+03,1.764705882352941e+00,14651184
6.268506137566799e+03,6.265481086337566e+03,5.882352941176471e-01,14651189
6.270270843449151e+03,6.264271901003294e+03,1.764705882352941e+00,14651188
6.271277774291929e+03,6.269513068409576e+03,5.882352941176471e-01,14651191
6.272035549331504e+03,6.266029933555102e+03,1.764705882352941e+00,14651190
6.272358013625917e+03,6.270593307743564e+03,5.882352941176471e-01,14651192
6.274015231410132e+03,6.271401922265480e+03,5.882352941176471e-01,14651196
6.276654657254688e+03,6.270615588369706e+03,1.764705882352941e+00,14651193
6.277544643174838e+03,6.271701896638104e+03,1.764705882352941e+00,14651197
6.278419363137041e+03,6.276429211167805e+03,5.882352941176471e-01,14651203
6.279309349057191e+03,6.277392559213239e+03,5.882352941176471e-01,14651204
6.279816122746108e+03,6.277785118919543e+03,5.882352941176471e-01,14651205
6.281948774901747e+03,6.278264838342032e+03,1.176470588235294e+00,14651206
6.283092147666355e+03,6.274375713948156e+03,1.764705882352941e+00,14651200
6.283092147666355e+03,6.274237004726243e+03,1.764705882352941e+00,14651199
6.283713480784100e+03,6.280394098001671e+03,5.882352941176471e-01,14651207
6.284856853548708e+03,6.281967802133776e+03,5.882352941176471e-01,14651208
6.288868787595687e+03,6.287104081713334e+03,5.882352941176471e-01,14651210
6.289121595444849e+03,6.283827477797790e+03,1.764705882352941e+00,14651209
6.289244445009717e+03,6.287479739127364e+03,5.882352941176471e-01,14651211
6.290886301327202e+03,6.289077915848370e+03,5.882352941176471e-01,14651214
6.292502763486734e+03,6.287685124987197e+03,1.176470588235294e+00,14651212
6.292794117936074e+03,6.291029412053721e+03,5.882352941176471e-01,14651215
6.294125667387080e+03,6.292360961504727e+03,5.882352941176471e-01,14651216
6.294558567309185e+03,6.292793861426832e+03,5.882352941176471e-01,14651217
6.295044566926396e+03,6.293279861044043e+03,5.882352941176471e-01,14651218
6.296937618848451e+03,6.295172912966098e+03,5.882352941176471e-01,14651219
6.297748666901657e+03,6.295983961019304e+03,5.882352941176471e-01,14651220
6.299570262275171e+03,6.297207466824862e+03,5.882352941176471e-01,14651223
6.300963436984138e+03,6.298710572996897e+03,5.882352941176471e-01,14651226
6.302728142866491e+03,6.300774779745792e+03,5.882352941176471e-01,14651228
6.302728142866491e+03,6.300521942097187e+03,5.882352941176471e-01,14651227
6.303734127254554e+03,6.296097740001626e+03,1.764705882352941e+00,14651221
6.304492848748844e+03,6.301310383118917e+03,5.882352941176471e-01,14651229
6.306257554631197e+03,6.304019115895915e+03,5.882352941176470e-01,14651231
6.306257554631197e+03,6.298039870401916e+03,1.764705882352941e+00,14651225
6.308022260513550e+03,6.305916045503597e+03,5.882352941176471e-01,14651233
6.308060001815240e+03,6.306295295932887e+03,5.882352941176471e-01,14651234
6.309028244901613e+03,6.302956855635081e+03,1.764705882352941e+00,14651230
6.310954112542820e+03,6.309189406660467e+03,5.882352941176471e-01,14651235
6.313924299127980e+03,6.312159593245627e+03,5.882352941176471e-01,14651236
6.315693119973184e+03,6.313928414090831e+03,5.882352941176471e-01,14651237
6.319068700658876e+03,6.317303994776523e+03,5.882352941176471e-01,14651239
6.319074756154095e+03,6.317310050271742e+03,5.882352941176471e-01,14651240
6.319254123843574e+03,6.315724712078868e+03,1.176470588235294e+00,14651238
6.321344773781700e+03,6.319580067899347e+03,5.882352941176471e-01,14651241
6.322887895075523e+03,6.321123189193170e+03,5.882352941176471e-01,14651243
6.324817634134988e+03,6.323052928252635e+03,5.882352941176471e-01,14651245
6.325431378849888e+03,6.320137261202829e+03,1.764705882352941e+00,14651242
6.326582340017341e+03,6.323804001427679e+03,5.882352941176471e-01,14651246
6.327134426290037e+03,6.321840308642978e+03,1.764705882352941e+00,14651244
6.328311363785150e+03,6.326546657902797e+03,5.882352941176471e-01,14651247
6.329178713236289e+03,6.327414007353937e+03,5.882352941176471e-01,14651248
6.331208789155359e+03,6.329444083273006e+03,5.882352941176471e-01,14651251
6.333823498440150e+03,6.328529380793092e+03,1.764705882352941e+00,14651249
6.334254132548598e+03,6.328960014901539e+03,1.764705882352941e+00,14651250
6.335588204322503e+03,6.333368614990806e+03,5.882352941176471e-01,14651253
6.336164683467242e+03,6.334229857815253e+03,5.882352941176471e-01,14651255
6.336164683467242e+03,6.333848974090316e+03,5.882352941176471e-01,14651254
6.339117616087209e+03,6.332781116738828e+03,1.764705882352941e+00,14651252
6.343222312057938e+03,6.341457606175585e+03,5.882352941176471e-01,14651259
6.344474954966045e+03,6.341888680267741e+03,5.882352941176471e-01,14651260
6.344987017940291e+03,6.343070999142732e+03,5.882352941176471e-01,14651263
6.346180124903883e+03,6.339633364348717e+03,1.176470588235294e+00,14651256
6.347944830786236e+03,6.345725847619475e+03,5.882352941176471e-01,14651264
6.348465579078792e+03,6.341303815333562e+03,1.764705882352941e+00,14651258
6.348465579078792e+03,6.340945543201339e+03,1.764705882352941e+00,14651257
6.349740829546702e+03,6.346732616773266e+03,5.882352941176471e-01,14651265
6.350230284961145e+03,6.348367253945281e+03,5.882352941176471e-01,14651268
6.351505535429055e+03,6.348926061546397e+03,5.882352941176471e-01,14651269
6.352096939612101e+03,6.350332233729748e+03,5.882352941176471e-01,14651271
6.353414803607050e+03,6.350341548929300e+03,5.882352941176471e-01,14651272
6.353759696725851e+03,6.351794660020340e+03,5.882352941176471e-01,14651274
6.355524402608204e+03,6.348007416542461e+03,1.764705882352941e+00,14651267
6.356977745681235e+03,6.354898445953303e+03,5.882352941176471e-01,14651276
6.357255578181078e+03,6.350100193486039e+03,1.764705882352941e+00,14651270
6.357289108490557e+03,6.355466831305365e+03,5.882352941176471e-01,14651277
6.359495404518216e+03,6.357730698635864e+03,5.882352941176471e-01,14651279
6.360507157445941e+03,6.353448333916530e+03,1.764705882352941e+00,14651275
6.362624846932035e+03,6.360710363655933e+03,5.882352941176471e-01,14651282
6.363024816282922e+03,6.361238711293914e+03,5.882352941176471e-01,14651283
6.364036569210647e+03,6.357330729284976e+03,1.764705882352941e+00,14651278
6.364389552814388e+03,6.362187794576262e+03,5.882352941176471e-01,14651284
6.366914319969515e+03,6.359029547412136e+03,1.764705882352941e+00,14651280
6.367918964579093e+03,6.364188749046901e+03,1.176470588235294e+00,14651286
6.369330686857706e+03,6.363745000126695e+03,1.764705882352941e+00,14651285
6.370510964361582e+03,6.368248018291219e+03,5.882352941176471e-01,14651291
6.371159950317570e+03,6.369395244435217e+03,5.882352941176471e-01,14651292
6.372924656199923e+03,6.370903421245439e+03,5.882352941176471e-01,14651294
6.373975818548777e+03,6.366587162701751e+03,1.764705882352941e+00,14651287
6.374798413156589e+03,6.372131838603219e+03,5.882352941176471e-01,14651296
6.375740524431130e+03,6.373386655424051e+03,5.882352941176471e-01,14651301
6.376563119038942e+03,6.374682312806888e+03,5.882352941176471e-01,14651302
6.378724104375245e+03,6.375779247897285e+03,5.882352941176471e-01,14651303
6.379120383829195e+03,6.369735329700991e+03,1.764705882352941e+00,14651293
6.379120383829195e+03,6.367048785224238e+03,1.764705882352941e+00,14651289
6.383344107555600e+03,6.380474338043927e+03,5.882352941176471e-01,14651308
6.383344768596841e+03,6.379814695790894e+03,1.176470588235294e+00,14651305
6.384432062222734e+03,6.380225899242809e+03,1.176470588235294e+00,14651307
6.384432062222734e+03,6.379815356832135e+03,1.176470588235294e+00,14651306
6.387227131830231e+03,6.385462425947878e+03,5.882352941176471e-01,14651309
6.389248564609139e+03,6.387483858726786e+03,5.882352941176471e-01,14651312
6.389513246931183e+03,6.385983835166478e+03,1.176470588235294e+00,14651310
6.391381708517079e+03,6.389617002634726e+03,5.882352941176471e-01,14651314
6.392381885968009e+03,6.387087768320950e+03,1.764705882352941e+00,14651311
6.393146414399432e+03,6.389019360251291e+03,1.176470588235294e+00,14651313
6.394542682256198e+03,6.390550732923184e+03,1.176470588235294e+00,14651315
6.396186336128039e+03,6.394421630245687e+03,5.882352941176471e-01,14651317
6.397676003615067e+03,6.391558647529804e+03,1.764705882352941e+00,14651316
6.398198801957392e+03,6.395534279870758e+03,5.882352941176471e-01,14651319
6.399021421386190e+03,6.396681856022039e+03,5.882352941176471e-01,14651321
6.401728213722098e+03,6.395321948804965e+03,1.764705882352941e+00,14651318
6.402970121262126e+03,6.397426776320358e+03,1.764705882352941e+00,14651323
6.403260817685300e+03,6.400816704474303e+03,5.882352941176471e-01,14651325
6.405257625486804e+03,6.399731405920594e+03,1.764705882352941e+00,14651324
6.406596147627253e+03,6.404831441744900e+03,5.882352941176471e-01,14651326
6.407433036736370e+03,6.405668330854017e+03,5.882352941176471e-01,14651327
6.407696106633820e+03,6.405931400751467e+03,5.882352941176471e-01,14651328
6.408360853509606e+03,6.406406785165827e+03,5.882352941176471e-01,14651329
6.412832018740957e+03,6.407537901093898e+03,1.764705882352941e+00,14651330
6.413892257314720e+03,6.408598139667661e+03,1.764705882352941e+00,14651331
6.417224795044792e+03,6.415460089162439e+03,5.882352941176471e-01,14651332
6.420977653591724e+03,6.415683535944666e+03,1.764705882352941e+00,14651333
6.421458874121852e+03,6.416164756474793e+03,1.764705882352941e+00,14651334
6.422518912691851e+03,6.416254930784880e+03,1.764705882352941e+00,14651335
6.424368549781343e+03,6.421484900992725e+03,5.882352941176471e-01,14651339
6.428082384478999e+03,6.425686811140249e+03,5.882352941176471e-01,14651347
6.428996333919322e+03,6.419866539926325e+03,1.764705882352941e+00,14651336
6.430431206323227e+03,6.423239795658276e+03,1.764705882352941e+00,14651344
6.430674962037715e+03,6.428910256155362e+03,5.882352941176471e-01,14651348
6.432163780904559e+03,6.430399075022206e+03,5.882352941176471e-01,14651349
6.435223424681876e+03,6.433458718799523e+03,5.882352941176471e-01,14651350
6.436846297613259e+03,6.435081591730906e+03,5.882352941176471e-01,14651351
6.438114290822378e+03,6.436349584940025e+03,5.882352941176471e-01,14651353
6.440971590104944e+03,6.435677472457885e+03,1.764705882352941e+00,14651352
6.442976349625864e+03,6.441211643743511e+03,5.882352941176471e-01,14651355
6.444571555970612e+03,6.441042144205906e+03,1.176470588235294e+00,14651354
6.444574541022745e+03,6.442809835140392e+03,5.882352941176471e-01,14651356
6.446101431355739e+03,6.444336725473386e+03,5.882352941176471e-01,14651357
6.451484971222266e+03,6.446190853575207e+03,1.764705882352941e+00,14651358
6.452416066259932e+03,6.450022640300102e+03,5.882352941176471e-01,14651361
6.453287377235823e+03,6.447993259588764e+03,1.764705882352941e+00,14651359
6.455014382986972e+03,6.448886654495227e+03,1.764705882352941e+00,14651360
6.457521246975322e+03,6.455756541092969e+03,5.882352941176471e-01,14651362
6.459629293617326e+03,6.456099881852620e+03,1.176470588235294e+00,14651363
6.460746417762197e+03,6.458981711879844e+03,5.882352941176471e-01,14651365
6.462697337985838e+03,6.460932632103485e+03,5.882352941176471e-01,14651366
6.463305138171480e+03,6.458011020524421e+03,1.764705882352941e+00,14651364
6.465703581386981e+03,6.463938875504628e+03,5.882352941176471e-01,14651368
6.467439680591002e+03,6.462145562943943e+03,1.764705882352941e+00,14651367
6.468823579111845e+03,6.467058873229492e+03,5.882352941176471e-01,14651370
6.469277715603033e+03,6.467513009720680e+03,5.882352941176471e-01,14651371
6.469961304267484e+03,6.464667186620425e+03,1.764705882352941e+00,14651369
6.471042421485386e+03,6.469170181581888e+03,5.882352941176471e-01,14651375
6.472475264867264e+03,6.470710558984911e+03,5.882352941176471e-01,14651376
6.472584059189913e+03,6.468143112571041e+03,1.176470588235294e+00,14651372
6.472872113255315e+03,6.471107407372962e+03,5.882352941176471e-01,14651377
6.474239970749617e+03,6.472008831493380e+03,5.882352941176471e-01,14651378
6.474812369608625e+03,6.473047663726272e+03,5.882352941176471e-01,14651380
6.476631419805877e+03,6.474866713923524e+03,5.882352941176471e-01,14651382
6.477834357221828e+03,6.474918434423638e+03,5.882352941176471e-01,14651383
6.477899331929335e+03,6.472605214282276e+03,1.764705882352941e+00,14651379
6.479631550457934e+03,6.477110997479874e+03,5.882352941176471e-01,14651385
6.480160831570583e+03,6.473417309820630e+03,1.764705882352941e+00,14651381
6.483160962222640e+03,6.477782328254047e+03,1.764705882352941e+00,14651386
6.483168643833684e+03,6.481036837118860e+03,5.882352941176471e-01,14651389
6.484257679448210e+03,6.482492973565857e+03,5.882352941176471e-01,14651390
6.484836120496765e+03,6.479639232068978e+03,1.176470588235294e+00,14651387
6.486600826379118e+03,6.480541490856004e+03,1.764705882352941e+00,14651388
6.487223053502691e+03,6.485458347620338e+03,5.882352941176471e-01,14651392
6.487787091212916e+03,6.485790089477430e+03,5.882352941176471e-01,14651393
6.488365532261471e+03,6.486053276577923e+03,5.882352941176471e-01,14651394
6.488987759385044e+03,6.483901715569894e+03,1.176470588235294e+00,14651391
6.491506493257843e+03,6.489741787375490e+03,5.882352941176471e-01,14651396
6.493580683431553e+03,6.488286565784495e+03,1.764705882352941e+00,14651395
6.493993577698657e+03,6.491985122226252e+03,5.882352941176471e-01,14651400
6.495268018241067e+03,6.492279494836367e+03,5.882352941176471e-01,14651401
6.495758283581010e+03,6.493876620227287e+03,5.882352941176471e-01,14651403
6.498960851785754e+03,6.490464165933952e+03,1.764705882352941e+00,14651397
6.498960851785754e+03,6.491321455304845e+03,1.764705882352941e+00,14651398
6.498960851785754e+03,6.493072739511115e+03,1.764705882352941e+00,14651402
6.501431440021048e+03,6.496468776575599e+03,5.882352941176471e-01,14651406
6.503196145903401e+03,6.501040704873702e+03,5.882352941176471e-01,14651409
6.504960851785754e+03,6.496324088155624e+03,1.764705882352941e+00,14651405
6.504960851785754e+03,6.495879600906163e+03,1.764705882352941e+00,14651404
6.506725557668107e+03,6.503858371753483e+03,5.882352941176471e-01,14651413
6.508931747450514e+03,6.501754015616061e+03,1.764705882352941e+00,14651410
6.509204403460652e+03,6.507439697578299e+03,5.882352941176471e-01,14651414
6.510182118481377e+03,6.508417412599024e+03,5.882352941176471e-01,14651415
6.513103160099205e+03,6.511338454216852e+03,5.882352941176471e-01,14651418
6.514100343652936e+03,6.511394208272591e+03,5.882352941176471e-01,14651419
6.514664970816149e+03,6.509370853169090e+03,1.764705882352941e+00,14651416
6.516632571863911e+03,6.510570931888230e+03,1.764705882352941e+00,14651417
6.517458260124797e+03,6.515693554242444e+03,5.882352941176471e-01,14651421
6.518540207067516e+03,6.516775501185163e+03,5.882352941176471e-01,14651422
6.519406816370880e+03,6.517003808539186e+03,5.882352941176471e-01,14651423
6.519590666734610e+03,6.514296549087552e+03,1.764705882352941e+00,14651420
6.522069618832222e+03,6.518349735303487e+03,1.176470588235294e+00,14651425
6.522404841873617e+03,6.520640135991264e+03,5.882352941176471e-01,14651426
6.523618394886154e+03,6.521853689003801e+03,5.882352941176471e-01,14651427
6.525932199203709e+03,6.522402787439003e+03,1.176470588235294e+00,14651428
6.527790455542969e+03,6.522496337895910e+03,1.764705882352941e+00,14651429
6.529418704373380e+03,6.524124586726322e+03,1.764705882352941e+00,14651430
6.531771704357337e+03,6.530006998474984e+03,5.882352941176471e-01,14651431
6.533614377008304e+03,6.531849671125951e+03,5.882352941176471e-01,14651432
6.536588256914259e+03,6.534823551031907e+03,5.882352941176471e-01,14651435
6.537286039961036e+03,6.534850573284607e+03,5.882352941176471e-01,14651436
6.538238619299943e+03,6.533756628196330e+03,1.176470588235294e+00,14651433
6.540003325182296e+03,6.534594864038568e+03,1.764705882352941e+00,14651434
6.540414976391828e+03,6.538650270509475e+03,5.882352941176471e-01,14651438
6.541145704193927e+03,6.538791562202855e+03,5.882352941176471e-01,14651439
6.543944388156534e+03,6.537616292429221e+03,1.764705882352941e+00,14651437
6.545255788249347e+03,6.541916197301525e+03,5.882352941176471e-01,14651442
6.545297442829355e+03,6.539807862758010e+03,1.764705882352941e+00,14651440
6.545709094038887e+03,6.541601412744618e+03,1.176470588235294e+00,14651441
6.548332226357163e+03,6.546567520474810e+03,5.882352941176471e-01,14651446
6.550646324944517e+03,6.547116913179811e+03,1.176470588235294e+00,14651447
6.552439453803317e+03,6.547145336156258e+03,1.764705882352941e+00,14651448
6.553232562233358e+03,6.549703150468652e+03,1.176470588235294e+00,14651449
6.555940442591576e+03,6.550639050196324e+03,1.764705882352941e+00,14651450
6.557776528032889e+03,6.556011822150536e+03,5.882352941176471e-01,14651452
6.558285637566146e+03,6.554756225801441e+03,1.176470588235294e+00,14651451
6.562157015310194e+03,6.560392309427841e+03,5.882352941176471e-01,14651453
6.562771251261197e+03,6.561006545378844e+03,5.882352941176471e-01,14651454
6.565447331322684e+03,6.563682625440331e+03,5.882352941176471e-01,14651455
6.573278068683261e+03,6.571513362800908e+03,5.882352941176471e-01,14651456
6.573331546898849e+03,6.571566841016496e+03,5.882352941176471e-01,14651458
6.575042774565614e+03,6.572026619158963e+03,5.882352941176471e-01,14651459
6.575073161105834e+03,6.571543749341128e+03,1.176470588235294e+00,14651457
6.580209568933298e+03,6.578444863050945e+03,5.882352941176471e-01,14651460
6.580647813313271e+03,6.578883107430918e+03,5.882352941176471e-01,14651461
6.581209036532832e+03,6.579444330650479e+03,5.882352941176471e-01,14651462
6.583502443016585e+03,6.580678771277397e+03,5.882352941176471e-01,14651466
6.584423203444707e+03,6.579728023576018e+03,1.176470588235294e+00,14651463
6.587031854781291e+03,6.581125533589334e+03,1.764705882352941e+00,14651467
6.588796560663644e+03,6.586885742764938e+03,5.882352941176471e-01,14651470
6.588796560663644e+03,6.583050557389074e+03,1.764705882352941e+00,14651468
6.589717321091765e+03,6.583809818857996e+03,1.764705882352941e+00,14651469
6.592098592573299e+03,6.590333886690946e+03,5.882352941176471e-01,14651473
6.592325972428350e+03,6.587649663713515e+03,1.176470588235294e+00,14651471
6.594090678310703e+03,6.592170650410639e+03,5.882352941176471e-01,14651476
6.595002199433700e+03,6.592935991912003e+03,5.882352941176471e-01,14651477
6.595628004338004e+03,6.593844799098227e+03,5.882352941176471e-01,14651478
6.596259521094781e+03,6.594494815212428e+03,5.882352941176471e-01,14651479
6.596766905316053e+03,6.594688410797091e+03,5.882352941176471e-01,14651480
6.599992476706427e+03,6.591110722953156e+03,1.764705882352941e+00,14651474
6.599992476706427e+03,6.589708081786641e+03,1.764705882352941e+00,14651472
6.602614157820025e+03,6.600849451937672e+03,5.882352941176471e-01,14651485
6.603382711703846e+03,6.596804728894242e+03,1.764705882352941e+00,14651482
6.603382711703846e+03,6.595340126662171e+03,1.764705882352941e+00,14651481
6.604524824209747e+03,6.601830619991728e+03,5.882352941176471e-01,14651486
6.605147417586199e+03,6.602906078834764e+03,5.882352941176471e-01,14651488
6.605978726520672e+03,6.604214020638319e+03,5.882352941176471e-01,14651489
6.606289530092100e+03,6.604264884735538e+03,5.882352941176471e-01,14651490
6.608054235974453e+03,6.606175725597074e+03,5.882352941176471e-01,14651493
6.609092483818142e+03,6.606317532687793e+03,5.882352941176471e-01,14651494
6.609818941856806e+03,6.607781785644295e+03,5.882352941176471e-01,14651495
6.610857189700495e+03,6.608178249253441e+03,5.882352941176471e-01,14651496
6.611084193554748e+03,6.604532250029869e+03,1.764705882352941e+00,14651491
6.615156635899806e+03,6.611627224135100e+03,1.176470588235294e+00,14651497
6.615545371206556e+03,6.613780665324203e+03,5.882352941176471e-01,14651498
6.617200707923891e+03,6.615436002041538e+03,5.882352941176471e-01,14651500
6.617516402659115e+03,6.615751696776762e+03,5.882352941176471e-01,14651501
6.618861048921344e+03,6.614594176286446e+03,1.176470588235294e+00,14651499
6.621274780239895e+03,6.619510074357542e+03,5.882352941176471e-01,14651503
6.621757364700758e+03,6.616463247053699e+03,1.764705882352941e+00,14651502
6.621847830053483e+03,6.620083124171130e+03,5.882352941176471e-01,14651504
6.624860759056171e+03,6.622162583991883e+03,5.882352941176471e-01,14651509
6.626194313006291e+03,6.621326718268086e+03,1.176470588235294e+00,14651507
6.627959018888644e+03,6.620195699117942e+03,1.764705882352941e+00,14651505
6.628294769470177e+03,6.626530063587824e+03,5.882352941176471e-01,14651512
6.628861420906532e+03,6.623126651211292e+03,1.764705882352941e+00,14651511
6.629723724770997e+03,6.626813029374342e+03,5.882352941176471e-01,14651513
6.631641372148396e+03,6.629876666266043e+03,5.882352941176471e-01,14651514
6.633847901579171e+03,6.632083195696818e+03,5.882352941176471e-01,14651515
6.634478518599340e+03,6.632713812716987e+03,5.882352941176471e-01,14651516
6.638023887606517e+03,6.636259181724164e+03,5.882352941176471e-01,14651518
6.638234072283947e+03,6.636469366401595e+03,5.882352941176471e-01,14651519
6.639153755140562e+03,6.633859637493504e+03,1.764705882352941e+00,14651517
6.639788593488870e+03,6.636887211253290e+03,5.882352941176471e-01,14651520
6.640918461022915e+03,6.638889747693908e+03,5.882352941176471e-01,14651522
6.643106392470807e+03,6.640477370061848e+03,5.882352941176471e-01,14651525
6.643106392470807e+03,6.640272098708584e+03,5.882352941176471e-01,14651524
6.643627965847971e+03,6.638333848200912e+03,1.764705882352941e+00,14651521
6.644871098353159e+03,6.639615024920449e+03,1.176470588235294e+00,14651523
6.647424162757371e+03,6.645659456875019e+03,5.882352941176471e-01,14651528
6.648400510117865e+03,6.643035767463763e+03,1.764705882352941e+00,14651527
6.649419313752043e+03,6.647532824785184e+03,5.882352941176471e-01,14651532
6.650165216000218e+03,6.647733227332139e+03,5.882352941176471e-01,14651533
6.651022612509925e+03,6.649257906627572e+03,5.882352941176471e-01,14651534
6.652787318392278e+03,6.650206149597642e+03,5.882352941176471e-01,14651535
6.653314323153866e+03,6.646508616450002e+03,1.764705882352941e+00,14651530
6.653314323153866e+03,6.645889901987337e+03,1.764705882352941e+00,14651529
6.655470936572640e+03,6.653706230690287e+03,5.882352941176471e-01,14651537
6.658821629598934e+03,6.653527511951875e+03,1.764705882352941e+00,14651536
6.660984466292316e+03,6.659219760409963e+03,5.882352941176471e-01,14651540
6.662463643983076e+03,6.657169526336017e+03,1.764705882352941e+00,14651538
6.662891255753521e+03,6.660034671135718e+03,5.882352941176471e-01,14651541
6.663033339332372e+03,6.657739221685313e+03,1.764705882352941e+00,14651539
6.665610665724337e+03,6.663845959841984e+03,5.882352941176471e-01,14651544
6.667747655811656e+03,6.665982949929303e+03,5.882352941176471e-01,14651545
6.668041874847235e+03,6.662747757200176e+03,1.764705882352941e+00,14651543
6.670916853685428e+03,6.669152147803075e+03,5.882352941176471e-01,14651546
6.671840708527942e+03,6.670076002645589e+03,5.882352941176471e-01,14651547
6.672029375234345e+03,6.670264669351992e+03,5.882352941176471e-01,14651548
6.677959638528686e+03,6.672665520881628e+03,1.764705882352941e+00,14651549
6.678950571452112e+03,6.675421159687406e+03,1.176470588235294e+00,14651550
6.680808314784837e+03,6.679043608902484e+03,5.882352941176471e-01,14651553
6.682441944983007e+03,6.679945908287536e+03,5.882352941176471e-01,14651554
6.682778153754364e+03,6.681013447872011e+03,5.882352941176471e-01,14651556
6.684206650865360e+03,6.681364432835036e+03,5.882352941176471e-01,14651557
6.685971356747713e+03,6.683813197568605e+03,5.882352941176471e-01,14651558
6.686101616096317e+03,6.679041976231326e+03,1.764705882352941e+00,14651552
6.686101616096317e+03,6.678912533218301e+03,1.764705882352941e+00,14651551
6.689500768512418e+03,6.680794899597235e+03,1.764705882352941e+00,14651555
6.691980888171297e+03,6.690216182288944e+03,5.882352941176471e-01,14651561
6.692647033118674e+03,6.687352915471615e+03,1.764705882352941e+00,14651559
6.693191695204491e+03,6.689662283439785e+03,1.176470588235294e+00,14651560
6.695187989947743e+03,6.693423284065390e+03,5.882352941176471e-01,14651563
6.697110628714276e+03,6.695345922831923e+03,5.882352941176471e-01,14651565
6.697275005818355e+03,6.691842660815339e+03,1.764705882352941e+00,14651562
6.698796618936448e+03,6.696043843457638e+03,5.882352941176471e-01,14651567
6.700642355740221e+03,6.697309954389215e+03,5.882352941176471e-01,14651569
6.700642355740221e+03,6.698026422094728e+03,5.882352941176471e-01,14651571
6.702407061622574e+03,6.700254687501347e+03,5.882352941176471e-01,14651573
6.704171767504927e+03,6.701545144573729e+03,5.882352941176471e-01,14651574
6.704848859130058e+03,6.695188491511561e+03,1.764705882352941e+00,14651564
6.705936473387280e+03,6.703440392446693e+03,5.882352941176470e-01,14651575
6.705936473387280e+03,6.699912975838580e+03,1.764705882352941e+00,14651572
6.706613565012411e+03,6.704544094888459e+03,5.882352941176471e-01,14651576
6.709465885151986e+03,6.705643445779997e+03,1.176470588235294e+00,14651577
6.709508855410854e+03,6.707744149528501e+03,5.882352941176471e-01,14651578
6.710076844197411e+03,6.708312138315058e+03,5.882352941176471e-01,14651579
6.711259237873584e+03,6.708489338412865e+03,5.882352941176471e-01,14651581
6.711259237873584e+03,6.708333346178053e+03,5.882352941176471e-01,14651580
6.713201840806896e+03,6.711437134924543e+03,5.882352941176471e-01,14651584
6.713509143114524e+03,6.711744437232171e+03,5.882352941176471e-01,14651585
6.715370961844470e+03,6.710043188186863e+03,1.764705882352941e+00,14651583
6.718955885007471e+03,6.717191179125118e+03,5.882352941176471e-01,14651587
6.719138132899976e+03,6.717373427017623e+03,5.882352941176471e-01,14651588
6.721589093003990e+03,6.716294975356931e+03,1.764705882352941e+00,14651586
6.722751423224675e+03,6.720986717342322e+03,5.882352941176471e-01,14651589
6.723580187848209e+03,6.721815481965856e+03,5.882352941176471e-01,14651590
6.724020260847005e+03,6.722255554964652e+03,5.882352941176471e-01,14651591
6.725370950262812e+03,6.722786142905897e+03,5.882352941176471e-01,14651593
6.725784966729358e+03,6.723632300912710e+03,5.882352941176471e-01,14651595
6.726305591178494e+03,6.722776179413788e+03,1.176470588235294e+00,14651592
6.727135656145165e+03,6.724785301071542e+03,5.882352941176471e-01,14651596
6.728900362027518e+03,6.726508133911113e+03,5.882352941176471e-01,14651600
6.729314378494064e+03,6.725491835751152e+03,1.176470588235294e+00,14651597
6.730482869509781e+03,6.727871722675158e+03,5.882352941176471e-01,14651602
6.732247575392134e+03,6.727721959465351e+03,1.176470588235294e+00,14651601
6.732247575392134e+03,6.729866283551608e+03,5.882352941176471e-01,14651605
6.732843790258769e+03,6.725848296084503e+03,1.764705882352941e+00,14651598
6.734080815715702e+03,6.731188605329763e+03,5.882352941176471e-01,14651607
6.734608496141122e+03,6.732453178715779e+03,5.882352941176471e-01,14651609
6.735845521598055e+03,6.731024030183944e+03,1.176470588235294e+00,14651606
6.737333146774128e+03,6.735568440891775e+03,5.882352941176471e-01,14651611
6.738299718398167e+03,6.736535012515814e+03,5.882352941176471e-01,14651612
6.739391763747737e+03,6.736581232223284e+03,5.882352941176471e-01,14651613
6.739685674838994e+03,6.734391557191935e+03,1.764705882352941e+00,14651610
6.741733544512090e+03,6.739968838629737e+03,5.882352941176471e-01,14651616
6.743114100292478e+03,6.741150237593958e+03,5.882352941176471e-01,14651618
6.745262956276796e+03,6.739584688527772e+03,1.764705882352941e+00,14651615
6.745755215231900e+03,6.740461097584841e+03,1.764705882352941e+00,14651617
6.748468186311529e+03,6.746703480429177e+03,5.882352941176471e-01,14651621
6.749289975589419e+03,6.743995857942360e+03,1.764705882352941e+00,14651619
6.750168615869094e+03,6.747993241100850e+03,5.882352941176471e-01,14651622
6.751054681471772e+03,6.748657603798000e+03,5.882352941176471e-01,14651623
6.751997598076235e+03,6.746639204104388e+03,1.764705882352941e+00,14651620
6.752163738879626e+03,6.750399032997273e+03,5.882352941176471e-01,14651624
6.753888058315552e+03,6.752123352433199e+03,5.882352941176471e-01,14651625
6.755290748203841e+03,6.753526042321488e+03,5.882352941176471e-01,14651626
6.755529253022475e+03,6.753764547140122e+03,5.882352941176471e-01,14651627
6.757174706495511e+03,6.754204755196573e+03,5.882352941176471e-01,14651629
6.757417470080258e+03,6.753780986607794e+03,1.176470588235294e+00,14651628
6.758939412377864e+03,6.756214124463591e+03,5.882352941176471e-01,14651631
6.760209409565113e+03,6.758444703682760e+03,5.882352941176471e-01,14651632
6.760704118260217e+03,6.758938451671052e+03,5.882352941176470e-01,14651633
6.760704118260217e+03,6.754985689216821e+03,1.764705882352941e+00,14651630
6.762689590454316e+03,6.760924884571963e+03,5.882352941176471e-01,14651635
6.763047590399165e+03,6.761282884516812e+03,5.882352941176471e-01,14651636
6.763848478674274e+03,6.762083772791921e+03,5.882352941176471e-01,14651637
6.766109344874567e+03,6.759107055981131e+03,1.764705882352941e+00,14651634
6.767413809209270e+03,6.763884397444564e+03,1.176470588235294e+00,14651638
6.768282573012984e+03,6.766517867130631e+03,5.882352941176471e-01,14651640
6.769686387441917e+03,6.764392269794858e+03,1.764705882352941e+00,14651639
6.770047278895337e+03,6.767477059909420e+03,5.882352941176471e-01,14651642
6.771464444942895e+03,6.769699739060542e+03,5.882352941176471e-01,14651644
6.771798633159064e+03,6.766537885226261e+03,1.176470588235294e+00,14651641
6.773098844833018e+03,6.770590826073568e+03,5.882352941176471e-01,14651645
6.773563339041417e+03,6.771618179357320e+03,5.882352941176471e-01,14651649
6.775142247240411e+03,6.771935881304713e+03,5.882352941176471e-01,14651650
6.775142247240411e+03,6.772102202193443e+03,5.882352941176471e-01,14651651
6.775142247240411e+03,6.772160563087977e+03,5.882352941176471e-01,14651652
6.776906953122764e+03,6.774905311047686e+03,5.882352941176471e-01,14651656
6.777058062966207e+03,6.768680122022673e+03,1.176470588235294e+00,14651643
6.778747213926838e+03,6.775444466927296e+03,5.882352941176471e-01,14651657
6.778747213926838e+03,6.775493627652704e+03,5.882352941176471e-01,14651658
6.778747213926838e+03,6.775871665561665e+03,5.882352941176471e-01,14651659
6.780511919809191e+03,6.778471884672322e+03,5.882352941176471e-01,14651662
6.782276625691544e+03,6.779790239704086e+03,5.882352941176470e-01,14651663
6.782276625691544e+03,6.774273389172455e+03,1.764705882352941e+00,14651655
6.784041331573897e+03,6.777594381848008e+03,1.764705882352941e+00,14651661
6.785806037456250e+03,6.783888579353389e+03,5.882352941176471e-01,14651668
6.787570743338603e+03,6.785778230726122e+03,5.882352941176471e-01,14651671
6.787570743338603e+03,6.784885110096755e+03,5.882352941176471e-01,14651670
6.788453096279779e+03,6.781346016730529e+03,1.176470588235294e+00,14651665
6.789776625691544e+03,6.783590227547997e+03,1.176470588235294e+00,14651667
6.790217802162132e+03,6.780868367411497e+03,1.764705882352941e+00,14651664
6.791541331573897e+03,6.789487438656364e+03,5.882352941176470e-01,14651672
6.791541331573897e+03,6.784166306969223e+03,1.764705882352941e+00,14651669
6.791982508044485e+03,6.790033672892022e+03,5.882352941176471e-01,14651673
6.793306037456250e+03,6.790564074182656e+03,5.882352941176471e-01,14651674
6.794260164344885e+03,6.792495458462532e+03,5.882352941176471e-01,14651676
6.796472634215370e+03,6.794707928333017e+03,5.882352941176471e-01,14651677
6.796835449220956e+03,6.790599241972721e+03,1.764705882352941e+00,14651675
6.799078419186190e+03,6.797313713303837e+03,5.882352941176471e-01,14651679
6.802107833917534e+03,6.800343128035181e+03,5.882352941176471e-01,14651680
6.802144366806069e+03,6.796850249159010e+03,1.764705882352941e+00,14651678
6.802650098468713e+03,6.800885392586360e+03,5.882352941176471e-01,14651681
6.803872539799887e+03,6.801519559282911e+03,5.882352941176471e-01,14651682
6.804357701459338e+03,6.802592995576985e+03,5.882352941176471e-01,14651683
6.804434614511458e+03,6.802669908629105e+03,5.882352941176471e-01,14651684
6.808179910619655e+03,6.806415204737302e+03,5.882352941176471e-01,14651686
6.808383703601481e+03,6.806618997719128e+03,5.882352941176471e-01,14651687
6.809944616502008e+03,6.808073406448181e+03,5.882352941176471e-01,14651688
6.810322342292678e+03,6.805028224645620e+03,1.764705882352941e+00,14651685
6.810361916960432e+03,6.808597211078079e+03,5.882352941176471e-01,14651689
6.815329720855210e+03,6.813565014972857e+03,5.882352941176471e-01,14651692
6.815941615309001e+03,6.810647497661943e+03,1.764705882352941e+00,14651690
6.816819090435964e+03,6.811524972788905e+03,1.764705882352941e+00,14651691
6.818145058754836e+03,6.815457925086253e+03,5.882352941176471e-01,14651695
6.818145058754836e+03,6.815333086504848e+03,5.882352941176471e-01,14651694
6.820410819672954e+03,6.818646113790601e+03,5.882352941176471e-01,14651696
6.820623838502269e+03,6.814150246467811e+03,1.764705882352941e+00,14651693
6.822388544384622e+03,6.820583517152126e+03,5.882352941176471e-01,14651701
6.824247700730631e+03,6.818953583083572e+03,1.764705882352941e+00,14651697
6.826312853030081e+03,6.819179514915439e+03,1.176470588235294e+00,14651698
6.827633718443414e+03,6.825690569683505e+03,5.882352941176471e-01,14651707
6.827633718443414e+03,6.824698370356277e+03,5.882352941176471e-01,14651706
6.828077558912434e+03,6.826176801553964e+03,5.882352941176471e-01,14651708
6.829537939121535e+03,6.826530553149339e+03,5.882352941176471e-01,14651709
6.831435670461802e+03,6.823046597525161e+03,1.176470588235294e+00,14651705
6.833200376344155e+03,6.828052262830718e+03,1.176470588235294e+00,14651712
6.833200376344155e+03,6.822794687862835e+03,1.764705882352941e+00,14651704
6.835041631741356e+03,6.829747514094297e+03,1.764705882352941e+00,14651713
6.837142056885058e+03,6.831853287590687e+03,1.176470588235294e+00,14651714
6.838494493991214e+03,6.835926380185900e+03,5.882352941176471e-01,14651719
6.839166591051778e+03,6.834463067017900e+03,1.176470588235294e+00,14651716
6.840259199873567e+03,6.835713070264054e+03,1.176470588235294e+00,14651718
6.843788611638273e+03,6.837661713453793e+03,1.764705882352941e+00,14651720
6.844327809076733e+03,6.842563103194380e+03,5.882352941176471e-01,14651722
6.844618470507622e+03,6.839324352860563e+03,1.764705882352941e+00,14651721
6.846353736737890e+03,6.844589030855537e+03,5.882352941176471e-01,14651723
6.847325143934111e+03,6.845560438051758e+03,5.882352941176471e-01,14651724
6.849901346048379e+03,6.848136640166026e+03,5.882352941176471e-01,14651725
6.852249894458399e+03,6.850485188576046e+03,5.882352941176471e-01,14651727
6.854284245018841e+03,6.848990127371782e+03,1.764705882352941e+00,14651726
6.855905178135260e+03,6.850611060488201e+03,1.764705882352941e+00,14651728
6.857661433784490e+03,6.855896727902137e+03,5.882352941176471e-01,14651729
6.857943982412421e+03,6.856179276530068e+03,5.882352941176471e-01,14651730
6.858219573135635e+03,6.856454867253282e+03,5.882352941176471e-01,14651731
6.859567413980808e+03,6.857369608694735e+03,5.882352941176471e-01,14651733
6.859567413980808e+03,6.857074935962152e+03,5.882352941176471e-01,14651732
6.860518894996467e+03,6.858754189114114e+03,5.882352941176471e-01,14651734
6.861479636368007e+03,6.859714930485654e+03,5.882352941176471e-01,14651736
6.862283600878820e+03,6.859789002805802e+03,5.882352941176471e-01,14651737
6.863096825745514e+03,6.860578483140340e+03,5.882352941176471e-01,14651738
6.863244342250360e+03,6.861475654197651e+03,5.882352941176471e-01,14651739
6.864048306761173e+03,6.862177324947430e+03,5.882352941176471e-01,14651740
6.866461460783250e+03,6.864696754900897e+03,5.882352941176471e-01,14651742
6.866773754015066e+03,6.859436963527892e+03,1.764705882352941e+00,14651735
6.868390943392573e+03,6.862434527130163e+03,1.764705882352941e+00,14651741
6.868654203379648e+03,6.866889497497295e+03,5.882352941176471e-01,14651745
6.871121836567446e+03,6.869357130685093e+03,5.882352941176471e-01,14651746
6.871386597608355e+03,6.869621891726002e+03,5.882352941176471e-01,14651747
6.871837966793794e+03,6.866100272267548e+03,1.764705882352941e+00,14651743
6.877327876112158e+03,6.873798464347452e+03,1.176470588235294e+00,14651748
6.878761410514414e+03,6.876148537584439e+03,5.882352941176471e-01,14651752
6.879092581994511e+03,6.877068846266969e+03,5.882352941176471e-01,14651753
6.879603891658003e+03,6.877480891402844e+03,5.882352941176471e-01,14651754
6.880465242455764e+03,6.874248900069941e+03,1.176470588235294e+00,14651749
6.880857287876864e+03,6.878978316937535e+03,5.882352941176471e-01,14651755
6.881799272939237e+03,6.875231998749709e+03,1.176470588235294e+00,14651750
6.883563978821589e+03,6.876074479893297e+03,1.764705882352941e+00,14651751
6.884064837138762e+03,6.882300131256409e+03,5.882352941176471e-01,14651757
6.884862480715175e+03,6.881333068950469e+03,1.176470588235294e+00,14651756
6.887218037167221e+03,6.885453331284868e+03,5.882352941176471e-01,14651759
6.888861292145869e+03,6.885331880381163e+03,1.176470588235294e+00,14651758
6.888962874721466e+03,6.887198168839113e+03,5.882352941176471e-01,14651760
6.890625998028222e+03,6.887781331959787e+03,5.882352941176471e-01,14651762
6.891053811772626e+03,6.887524400007920e+03,1.176470588235294e+00,14651761
6.892509076906626e+03,6.888979665141920e+03,1.176470588235294e+00,14651763
6.892584140876041e+03,6.890819434993688e+03,5.882352941176471e-01,14651764
6.894273782788979e+03,6.892083436805852e+03,5.882352941176471e-01,14651766
6.895361271430684e+03,6.891831859665978e+03,1.176470588235294e+00,14651765
6.897256863051500e+03,6.895492157169147e+03,5.882352941176471e-01,14651769
6.899033067940865e+03,6.896239777192445e+03,5.882352941176471e-01,14651770
6.899044566947877e+03,6.893750449300818e+03,1.764705882352941e+00,14651767
6.899567900436038e+03,6.894128046137788e+03,1.764705882352941e+00,14651768
6.904524370813629e+03,6.899230253166571e+03,1.764705882352941e+00,14651772
6.906405696688910e+03,6.901111579041851e+03,1.764705882352941e+00,14651773
6.906506606293181e+03,6.904741900410828e+03,5.882352941176471e-01,14651774
6.908170402571263e+03,6.905975444611196e+03,5.882352941176471e-01,14651776
6.908356510812287e+03,6.904827099047581e+03,1.176470588235294e+00,14651775
6.910019908096525e+03,6.908037542825394e+03,5.882352941176471e-01,14651779
6.910019908096525e+03,6.907123113796041e+03,5.882352941176471e-01,14651778
6.911885922576993e+03,6.906575295974729e+03,1.764705882352941e+00,14651777
6.913384969177387e+03,6.911620263295034e+03,5.882352941176471e-01,14651781
6.914104146953728e+03,6.912339441071375e+03,5.882352941176471e-01,14651782
6.915326410310811e+03,6.910032292663753e+03,1.764705882352941e+00,14651780
6.919655619616936e+03,6.912388000162690e+03,1.764705882352941e+00,14651783
6.921009380775388e+03,6.914212620964605e+03,1.764705882352941e+00,14651788
6.921420325499289e+03,6.916383562868380e+03,1.176470588235294e+00,14651790
6.922732992185351e+03,6.920131546756589e+03,5.882352941176471e-01,14651797
6.922732992185351e+03,6.919856539664673e+03,5.882352941176471e-01,14651796
6.923185031381642e+03,6.917900850055918e+03,1.176470588235294e+00,14651791
6.924528577781508e+03,6.922763871899155e+03,5.882352941176471e-01,14651798
6.925937126116506e+03,6.924172420234153e+03,5.882352941176471e-01,14651800
6.926293283663861e+03,6.924454822928073e+03,5.882352941176471e-01,14651801
6.926423520819049e+03,6.922894109054343e+03,1.176470588235294e+00,14651799
6.927883403364663e+03,6.926118697482310e+03,5.882352941176471e-01,14651802
6.928591368144407e+03,6.926826662262054e+03,5.882352941176471e-01,14651803
6.929140876176830e+03,6.927376170294477e+03,5.882352941176471e-01,14651804
6.930002091636888e+03,6.927823695489882e+03,5.882352941176471e-01,14651806
6.930002091636888e+03,6.927747274917970e+03,5.882352941176471e-01,14651805
6.930905582059183e+03,6.929083839808284e+03,5.882352941176471e-01,14651807
6.935096183896056e+03,6.933331478013704e+03,5.882352941176471e-01,14651808
6.936118984152734e+03,6.934354278270381e+03,5.882352941176471e-01,14651809
6.939582046079364e+03,6.937817340197011e+03,5.882352941176471e-01,14651812
6.941444488922700e+03,6.936106044758406e+03,1.764705882352941e+00,14651810
6.941516108944877e+03,6.937986697180171e+03,1.176470588235294e+00,14651813
6.943111457844070e+03,6.936266317815053e+03,1.764705882352941e+00,14651811
6.943299710397928e+03,6.941535004515575e+03,5.882352941176471e-01,14651815
6.945454533131176e+03,6.943689827248823e+03,5.882352941176471e-01,14651817
6.946738606569759e+03,6.940547653585121e+03,1.764705882352941e+00,14651814
6.946876878953822e+03,6.944641357341285e+03,5.882352941176471e-01,14651818
6.947219239013529e+03,6.943347467189117e+03,1.176470588235294e+00,14651816
6.948503312452112e+03,6.946408156430130e+03,5.882352941176471e-01,14651819
6.949587761431765e+03,6.947823055549412e+03,5.882352941176471e-01,14651821
6.951700825656727e+03,6.949936119774374e+03,5.882352941176471e-01,14651823
6.952324440053748e+03,6.947030322406689e+03,1.764705882352941e+00,14651820
6.953436721144908e+03,6.950518601947078e+03,5.882352941176471e-01,14651824
6.955853851818454e+03,6.949849688591860e+03,1.764705882352941e+00,14651822
6.956966132909614e+03,6.953599532028967e+03,5.882352941176470e-01,14651828
6.956966132909614e+03,6.950533972976200e+03,1.764705882352941e+00,14651825
6.959138989231651e+03,6.957374283349298e+03,5.882352941176471e-01,14651829
6.959383263583160e+03,6.953215786440826e+03,1.764705882352941e+00,14651827
6.959874255602783e+03,6.958109549720430e+03,5.882352941176471e-01,14651830
6.962150596947892e+03,6.960385891065540e+03,5.882352941176471e-01,14651832
6.962542812698564e+03,6.960778106816211e+03,5.882352941176471e-01,14651833
6.963987862253001e+03,6.962223156370648e+03,5.882352941176471e-01,14651834
6.965477782352526e+03,6.960183664705467e+03,1.764705882352941e+00,14651831
6.965752568135354e+03,6.963143995705343e+03,5.882352941176471e-01,14651836
6.966890362522060e+03,6.964045578508211e+03,5.882352941176471e-01,14651837
6.969281979900060e+03,6.963008825044535e+03,1.764705882352941e+00,14651835
6.970419774286766e+03,6.967899254257138e+03,5.882352941176471e-01,14651841
6.970600028912536e+03,6.968835323030183e+03,5.882352941176471e-01,14651842
6.972184480169119e+03,6.970112012652517e+03,5.882352941176471e-01,14651843
6.972854007518767e+03,6.971089301636414e+03,5.882352941176471e-01,14651844
6.973304661957814e+03,6.964562573077249e+03,1.764705882352941e+00,14651838
6.975103822337344e+03,6.973339116454991e+03,5.882352941176471e-01,14651846
6.976045032118254e+03,6.974280326235901e+03,5.882352941176471e-01,14651847
6.977478597816177e+03,6.971348608918016e+03,1.764705882352941e+00,14651845
6.980702974782643e+03,6.974403066895360e+03,1.764705882352941e+00,14651848
6.981812263523241e+03,6.980047557640888e+03,5.882352941176471e-01,14651850
6.984514425411912e+03,6.982749719529559e+03,5.882352941176471e-01,14651851
6.988935296280271e+03,6.983641178633213e+03,1.764705882352941e+00,14651852
6.990666031458155e+03,6.988901325575802e+03,5.882352941176471e-01,14651853
6.992453009864211e+03,6.990688303981858e+03,5.882352941176471e-01,14651854
6.995205118871119e+03,6.991675707106414e+03,1.176470588235294e+00,14651856
6.996170667195158e+03,6.992641255430452e+03,1.176470588235294e+00,14651857
6.996831892325542e+03,6.991537774678483e+03,1.764705882352941e+00,14651855
6.997385389473780e+03,6.995620683591427e+03,5.882352941176471e-01,14651858
7.002524067241395e+03,6.997229949594336e+03,1.764705882352941e+00,14651859
7.009485176273451e+03,7.007224495958255e+03,5.882352941176471e-01,14651863
7.012311340253140e+03,7.009939803468926e+03,5.882352941176471e-01,14651868
7.013300611406130e+03,7.010862831662534e+03,5.882352941176471e-01,14651869
7.014076046135493e+03,7.011821928891750e+03,5.882352941176471e-01,14651871
7.015822463386539e+03,7.005955764508745e+03,1.764705882352941e+00,14651860
7.016055359843689e+03,7.014290653961336e+03,5.882352941176471e-01,14651873
7.019157524366465e+03,7.008614073643649e+03,1.764705882352941e+00,14651864
7.019157524366465e+03,7.007054179878258e+03,1.764705882352941e+00,14651862
7.019584771608395e+03,7.012443038197904e+03,1.764705882352941e+00,14651872
7.020922230248818e+03,7.017419229787235e+03,5.882352941176471e-01,14651874
7.025293600382265e+03,7.023528894499912e+03,5.882352941176471e-01,14651876
7.025495411655634e+03,7.023730705773281e+03,5.882352941176471e-01,14651877
7.026871220643606e+03,7.024436515803284e+03,5.882352941176471e-01,14651879
7.027331144976337e+03,7.025566439093984e+03,5.882352941176471e-01,14651881
7.030329604969963e+03,7.022967637636877e+03,1.764705882352941e+00,14651875
7.030400632408312e+03,7.027944508011002e+03,5.882352941176471e-01,14651883
7.030860556741043e+03,7.023889192338862e+03,1.764705882352941e+00,14651878
7.032129824571490e+03,7.028824482242333e+03,5.882352941176471e-01,14651885
7.034732834670527e+03,7.032968128788174e+03,5.882352941176471e-01,14651890
7.035659236336196e+03,7.033848493824954e+03,5.882352941176471e-01,14651892
7.035659236336196e+03,7.033092217919938e+03,5.882352941176471e-01,14651891
7.036497540552880e+03,7.034039399595413e+03,5.882352941176471e-01,14651893
7.038309064455936e+03,7.036066727885311e+03,5.882352941176471e-01,14651896
7.039232905464617e+03,7.036848965074180e+03,5.882352941176471e-01,14651899
7.040253638004938e+03,7.037556714309695e+03,5.882352941176471e-01,14651901
7.041628491247888e+03,7.028702244289907e+03,1.176470588235294e+00,14651884
7.042762317229323e+03,7.040940441161227e+03,5.882352941176471e-01,14651904
7.043393197130241e+03,7.026170044543906e+03,1.764705882352941e+00,14651882
7.044338052114770e+03,7.031256642873896e+03,1.176470588235294e+00,14651889
7.045157903012594e+03,7.043007327204481e+03,5.882352941176471e-01,14651905
7.046102757997123e+03,7.031248638314822e+03,1.764705882352941e+00,14651888
7.046284451040190e+03,7.043715289383465e+03,5.882352941176471e-01,14651906
7.047867463879476e+03,7.045177336170188e+03,5.882352941176471e-01,14651909
7.048552520346736e+03,7.046787814464383e+03,5.882352941176471e-01,14651910
7.049974697995459e+03,7.047287342772928e+03,5.882352941176471e-01,14651911
7.050452020659652e+03,7.044701438200904e+03,1.764705882352941e+00,14651908
7.051739403877812e+03,7.049594404563091e+03,5.882352941176471e-01,14651914
7.051739403877812e+03,7.049207647205795e+03,5.882352941176471e-01,14651913
7.053504109760165e+03,7.051024096996066e+03,5.882352941176471e-01,14651917
7.056711675720331e+03,7.047484165888039e+03,1.176470588235294e+00,14651912
7.058476381602684e+03,7.050495879259844e+03,1.764705882352941e+00,14651916
7.058476381602684e+03,7.050299564738309e+03,1.764705882352941e+00,14651915
7.060241087485037e+03,7.058041685459029e+03,5.882352941176471e-01,14651922
7.062005793367390e+03,7.056435077792938e+03,1.764705882352941e+00,14651921
7.062005793367390e+03,7.052918195867116e+03,1.764705882352941e+00,14651920
7.064615846666369e+03,7.061086434901663e+03,1.176470588235294e+00,14651923
7.067596047094914e+03,7.065367488127987e+03,5.882352941176471e-01,14651928
7.070367373533366e+03,7.063422902308939e+03,1.176470588235294e+00,14651924
7.071125458859620e+03,7.069011163994194e+03,5.882352941176471e-01,14651932
7.072132079415719e+03,7.064066635330208e+03,1.764705882352941e+00,14651925
7.074275827961199e+03,7.066989629409419e+03,1.764705882352941e+00,14651931
7.074275827961199e+03,7.066859729701879e+03,1.764705882352941e+00,14651930
7.077426197062778e+03,7.071953685896553e+03,1.764705882352941e+00,14651933
7.080441176136127e+03,7.075147058489068e+03,1.764705882352941e+00,14651934
7.081056132423225e+03,7.079291426540872e+03,5.882352941176471e-01,14651935
7.087852696218895e+03,7.084323284454189e+03,1.176470588235294e+00,14651937
7.087853335292338e+03,7.086088629409985e+03,5.882352941176471e-01,14651938
7.088745261726176e+03,7.083451144079118e+03,1.764705882352941e+00,14651936
7.089617828150210e+03,7.087045288825274e+03,5.882352941176471e-01,14651940
7.093147239914916e+03,7.086782634757771e+03,1.764705882352941e+00,14651939
7.094777000620474e+03,7.091786174274479e+03,5.882352941176471e-01,14651945
7.095542825471243e+03,7.093778119588890e+03,5.882352941176471e-01,14651946
7.096417239726652e+03,7.091247588855768e+03,1.176470588235294e+00,14651943
7.096577837068504e+03,7.089864829095039e+03,1.764705882352941e+00,14651942
7.099306667721596e+03,7.097541961839243e+03,5.882352941176471e-01,14651949
7.100976685088544e+03,7.098259549683466e+03,5.882352941176471e-01,14651951
7.100976685088544e+03,7.097799590381626e+03,5.882352941176471e-01,14651950
7.101715378251283e+03,7.097405398601506e+03,1.176470588235294e+00,14651947
7.103007899158919e+03,7.101243193276566e+03,5.882352941176471e-01,14651955
7.105716243754363e+03,7.103951537872010e+03,5.882352941176471e-01,14651956
7.106270802735602e+03,7.100594677016265e+03,1.764705882352941e+00,14651954
7.107758229127336e+03,7.105669024430079e+03,5.882352941176471e-01,14651959
7.107758229127336e+03,7.105319835183711e+03,5.882352941176471e-01,14651958
7.109522935009689e+03,7.106911789271823e+03,5.882352941176471e-01,14651960
7.110291681669879e+03,7.104997564022820e+03,1.764705882352941e+00,14651957
7.113856837878700e+03,7.112092131996347e+03,5.882352941176471e-01,14651961
7.116904626017917e+03,7.115139920135565e+03,5.882352941176471e-01,14651963
7.117396396202965e+03,7.112102278555907e+03,1.764705882352941e+00,14651962
7.119115093930407e+03,7.117350388048054e+03,5.882352941176471e-01,14651964
7.119165125361048e+03,7.117400419478695e+03,5.882352941176471e-01,14651965
7.120993842517595e+03,7.117464430752889e+03,1.176470588235294e+00,14651966
7.122644505695113e+03,7.120005333113652e+03,5.882352941176471e-01,14651969
7.124523254282300e+03,7.118859323996985e+03,1.764705882352941e+00,14651967
7.124563979124099e+03,7.119269861477040e+03,1.764705882352941e+00,14651968
7.129235626801633e+03,7.123941509154574e+03,1.764705882352941e+00,14651970
7.132372856312968e+03,7.130608150430615e+03,5.882352941176471e-01,14651971
7.133989879208312e+03,7.132225173325959e+03,5.882352941176471e-01,14651972
7.138353326514240e+03,7.133059208867181e+03,1.764705882352941e+00,14651973
7.138698693185745e+03,7.133404575538686e+03,1.764705882352941e+00,14651974
7.140144252966600e+03,7.137693053438527e+03,5.882352941176471e-01,14651977
7.140144252966600e+03,7.137290363295415e+03,5.882352941176471e-01,14651976
7.142228104950451e+03,7.136641061771901e+03,1.764705882352941e+00,14651975
7.142852534346778e+03,7.141087828464425e+03,5.882352941176471e-01,14651978
7.143992810832804e+03,7.141870591545734e+03,5.882352941176471e-01,14651980
7.144617240229130e+03,7.142587727150638e+03,5.882352941176471e-01,14651981
7.146126918568046e+03,7.144362212685693e+03,5.882352941176471e-01,14651982
7.146697598113113e+03,7.144932892230760e+03,5.882352941176471e-01,14651983
7.147016037445478e+03,7.141721919798419e+03,1.764705882352941e+00,14651979
7.149761294245333e+03,7.147441709316430e+03,5.882352941176471e-01,14651987
7.150250527282600e+03,7.148101552275561e+03,5.882352941176471e-01,14651989
7.151035724668935e+03,7.148509338805028e+03,5.882352941176471e-01,14651991
7.152538698089176e+03,7.145648044091183e+03,1.176470588235294e+00,14651984
7.152538698089176e+03,7.146367236922244e+03,1.176470588235294e+00,14651985
7.152538698089176e+03,7.146904440773496e+03,1.176470588235294e+00,14651986
7.154303403971529e+03,7.152308443123552e+03,5.882352941176471e-01,14651995
7.156068109853882e+03,7.153587271457681e+03,5.882352941176471e-01,14651996
7.159009286324470e+03,7.148549775809777e+03,1.764705882352941e+00,14651992
7.159009286324470e+03,7.151043709084811e+03,1.764705882352941e+00,14651993
7.159009286324470e+03,7.151332439566153e+03,1.764705882352941e+00,14651994
7.160773992206823e+03,7.156086700153612e+03,5.882352941176471e-01,14651998
7.162538698089176e+03,7.154090967580828e+03,1.764705882352941e+00,14651997
7.164303403971529e+03,7.156944494265741e+03,1.764705882352941e+00,14651999
7.164632972831725e+03,7.162868266949372e+03,5.882352941176471e-01,14652001
7.166068109853882e+03,7.159230713616798e+03,1.764705882352941e+00,14652000
7.166397678714078e+03,7.164518688096755e+03,5.882352941176471e-01,14652003
7.167832815736235e+03,7.164245022605929e+03,1.176470588235294e+00,14652002
7.169685128995797e+03,7.167920423113444e+03,5.882352941176471e-01,14652005
7.171821346401649e+03,7.170056640519296e+03,5.882352941176471e-01,14652007
7.172832355318124e+03,7.167538237671065e+03,1.764705882352941e+00,14652004
7.175135663461828e+03,7.169841545814769e+03,1.764705882352941e+00,14652006
7.176192719420238e+03,7.172663307655532e+03,1.176470588235294e+00,14652008
7.178097742494594e+03,7.176333036612241e+03,5.882352941176471e-01,14652010
7.179430541663126e+03,7.174136424016068e+03,1.764705882352941e+00,14652009
7.182659680859163e+03,7.180894974976810e+03,5.882352941176471e-01,14652011
7.183474410992722e+03,7.181709705110369e+03,5.882352941176471e-01,14652012
7.189357582833588e+03,7.184063465186529e+03,1.764705882352941e+00,14652013
7.189473184294862e+03,7.187708478412509e+03,5.882352941176471e-01,14652014
7.191455897512194e+03,7.189691191629841e+03,5.882352941176471e-01,14652015
7.194043176127700e+03,7.192278470245347e+03,5.882352941176471e-01,14652018
7.195725637473291e+03,7.192362461477127e+03,5.882352941176471e-01,14652020
7.196649112682848e+03,7.192231027588777e+03,1.176470588235294e+00,14652017
7.198413818565201e+03,7.192161423828392e+03,1.764705882352941e+00,14652016
7.199255049237996e+03,7.192290309166063e+03,1.764705882352941e+00,14652019
7.200217328341890e+03,7.198452622459537e+03,5.882352941176471e-01,14652021
7.202742076275341e+03,7.200977370392988e+03,5.882352941176471e-01,14652023
7.204983993198181e+03,7.203219287315828e+03,5.882352941176471e-01,14652025
7.205858617494095e+03,7.203676076303273e+03,5.882352941176471e-01,14652026
7.206203635055205e+03,7.200909517408146e+03,1.764705882352941e+00,14652022
7.206748699080534e+03,7.204542846789140e+03,5.882352941176471e-01,14652027
7.207623323376448e+03,7.205095770118385e+03,5.882352941176471e-01,14652028
7.207968340937558e+03,7.206000150184128e+03,5.882352941176471e-01,14652029
7.208513404962887e+03,7.206354004942781e+03,5.882352941176471e-01,14652030
7.211152735141154e+03,7.202329205729389e+03,1.764705882352941e+00,14652024
7.215285338497034e+03,7.209991220849975e+03,1.764705882352941e+00,14652031
7.217297483986374e+03,7.215532778104021e+03,5.882352941176471e-01,14652033
7.217403842735231e+03,7.215639136852878e+03,5.882352941176471e-01,14652034
7.219115369243156e+03,7.216634601072741e+03,5.882352941176471e-01,14652035
7.219115369243156e+03,7.216735592968919e+03,5.882352941176471e-01,14652036
7.219343249385311e+03,7.214049131738252e+03,1.764705882352941e+00,14652032
7.222862774452947e+03,7.221098068570594e+03,5.882352941176471e-01,14652039
7.224409486890214e+03,7.218420498225959e+03,1.764705882352941e+00,14652037
7.224534219958512e+03,7.219240102311453e+03,1.764705882352941e+00,14652038
7.226240437366688e+03,7.224475731484335e+03,5.882352941176471e-01,14652041
7.226946983235679e+03,7.225034910969515e+03,5.882352941176471e-01,14652043
7.228005143249041e+03,7.225783910756252e+03,5.882352941176471e-01,14652044
7.228476026047843e+03,7.226710588705244e+03,5.882352941176471e-01,14652045
7.229944893690258e+03,7.227321452879698e+03,5.882352941176471e-01,14652046
7.230240731930196e+03,7.228355232366768e+03,5.882352941176471e-01,14652048
7.230663629822395e+03,7.223417571470974e+03,1.764705882352941e+00,14652040
7.231857518692580e+03,7.229581687810322e+03,5.882352941176471e-01,14652050
7.231857518692580e+03,7.229286161561977e+03,5.882352941176471e-01,14652049
7.233622224574933e+03,7.231639319381119e+03,5.882352941176471e-01,14652053
7.235386930457286e+03,7.233478927553424e+03,5.882352941176471e-01,14652054
7.236182991258157e+03,7.230888873611098e+03,1.764705882352941e+00,14652051
7.237151636339639e+03,7.231468533931171e+03,1.764705882352941e+00,14652052
7.237947697140510e+03,7.235399781391680e+03,5.882352941176471e-01,14652059
7.240690686305140e+03,7.234063411513164e+03,1.764705882352941e+00,14652055
7.241922276918834e+03,7.240157571036481e+03,5.882352941176471e-01,14652061
7.242541591498753e+03,7.240776885616400e+03,5.882352941176471e-01,14652062
7.244635200485062e+03,7.242870494602709e+03,5.882352941176471e-01,14652064
7.245451688683540e+03,7.240026907352560e+03,1.764705882352941e+00,14652060
7.246742818624693e+03,7.244145290401258e+03,5.882352941176471e-01,14652065
7.247085730881971e+03,7.241154841555436e+03,1.764705882352941e+00,14652063
7.249043795530510e+03,7.247279089648157e+03,5.882352941176471e-01,14652068
7.249456511119958e+03,7.247691805237605e+03,5.882352941176471e-01,14652069
7.251617893312091e+03,7.249853187429738e+03,5.882352941176471e-01,14652071
7.252573207295216e+03,7.246707017065036e+03,1.764705882352941e+00,14652067
7.253765840594447e+03,7.248038043376081e+03,1.764705882352941e+00,14652070
7.254215179741196e+03,7.252450473858843e+03,5.882352941176471e-01,14652072
7.259729719464119e+03,7.257965013581766e+03,5.882352941176471e-01,14652075
7.261226608961116e+03,7.255932491314057e+03,1.764705882352941e+00,14652073
7.261802707884038e+03,7.256508590236979e+03,1.764705882352941e+00,14652074
7.265877693616674e+03,7.264112987734321e+03,5.882352941176471e-01,14652078
7.266024212649900e+03,7.264179471993328e+03,5.882352941176471e-01,14652079
7.266099166532985e+03,7.260805048885926e+03,1.764705882352941e+00,14652076
7.267715659015640e+03,7.265083701493184e+03,5.882352941176471e-01,14652080
7.269480364897993e+03,7.267269736915833e+03,5.882352941176471e-01,14652082
7.269567559674531e+03,7.267802853792178e+03,5.882352941176471e-01,14652083
7.269628578297691e+03,7.262494800885194e+03,1.764705882352941e+00,14652077
7.271306089403506e+03,7.265713396662831e+03,1.176470588235294e+00,14652081
7.271314826601576e+03,7.268329834994492e+03,5.882352941176471e-01,14652084
7.273070795285859e+03,7.270456590284565e+03,5.882352941176471e-01,14652089
7.273079532483929e+03,7.268424846576554e+03,1.176470588235294e+00,14652085
7.273945746659414e+03,7.272181040777061e+03,5.882352941176471e-01,14652090
7.278364912932917e+03,7.272422405698618e+03,1.764705882352941e+00,14652091
7.278437366257220e+03,7.276672660374867e+03,5.882352941176471e-01,14652092
7.282499609595080e+03,7.277205491948022e+03,1.764705882352941e+00,14652093
7.283672155109229e+03,7.277320501442013e+03,1.764705882352941e+00,14652094
7.284024949644754e+03,7.281886408313322e+03,5.882352941176471e-01,14652099
7.287337760362424e+03,7.284597015373092e+03,5.882352941176471e-01,14652102
7.287500261501663e+03,7.278391161991422e+03,1.764705882352941e+00,14652096
7.287554361409460e+03,7.285709247968560e+03,5.882352941176471e-01,14652104
7.290147666819670e+03,7.288382960937317e+03,5.882352941176471e-01,14652105
7.290989047981559e+03,7.281675584924556e+03,1.764705882352941e+00,14652098
7.290989047981559e+03,7.280256172047369e+03,1.764705882352941e+00,14652097
7.292004349947552e+03,7.289783506024948e+03,5.882352941176471e-01,14652106
7.292753753863912e+03,7.290331621310729e+03,5.882352941176471e-01,14652108
7.293791595786097e+03,7.292026889903745e+03,5.882352941176471e-01,14652109
7.295352981591789e+03,7.293588275709437e+03,5.882352941176471e-01,14652110
7.298115613871240e+03,7.296350907988887e+03,5.882352941176471e-01,14652111
7.299758956822452e+03,7.297994250940099e+03,5.882352941176471e-01,14652113
7.301667471800887e+03,7.299902765918534e+03,5.882352941176471e-01,14652115
7.302401935262562e+03,7.297107817615504e+03,1.764705882352941e+00,14652112
7.303618818240136e+03,7.301061105493516e+03,5.882352941176471e-01,14652117
7.304984201622056e+03,7.300285354551900e+03,1.176470588235294e+00,14652116
7.305931347027268e+03,7.303739595343343e+03,5.882352941176471e-01,14652120
7.306748907504409e+03,7.299290761474564e+03,1.764705882352941e+00,14652114
7.308241093227715e+03,7.305083962951128e+03,5.882352941176471e-01,14652123
7.308241093227715e+03,7.305024234214883e+03,5.882352941176471e-01,14652122
7.310005799110068e+03,7.307784149429236e+03,5.882352941176471e-01,14652126
7.310281521934253e+03,7.308512873394626e+03,5.882352941176471e-01,14652128
7.311862412600483e+03,7.308849411728854e+03,5.882352941176471e-01,14652129
7.311862412600483e+03,7.309565969136610e+03,5.882352941176471e-01,14652130
7.311862412600483e+03,7.309643157334730e+03,5.882352941176471e-01,14652131
7.315390223032619e+03,7.304349199400277e+03,1.764705882352941e+00,14652121
7.315390223032619e+03,7.302040752914679e+03,1.764705882352941e+00,14652119
7.315547014942227e+03,7.306752110169548e+03,1.764705882352941e+00,14652125
7.317233324869776e+03,7.312172793754559e+03,5.882352941176471e-01,14652132
7.317233324869776e+03,7.312391537059211e+03,5.882352941176471e-01,14652133
7.317233324869776e+03,7.312517755117004e+03,5.882352941176471e-01,14652134
7.318998030752129e+03,7.316564560652630e+03,5.882352941176471e-01,14652136
7.318998030752129e+03,7.316793988551881e+03,5.882352941176471e-01,14652137
7.321795872081474e+03,7.320031166199121e+03,5.882352941176471e-01,14652140
7.322527442516835e+03,7.317061272285013e+03,1.764705882352941e+00,14652138
7.324292148399188e+03,7.318315147928651e+03,1.764705882352941e+00,14652139
7.325287572389194e+03,7.323522866506841e+03,5.882352941176471e-01,14652141
7.330781316050440e+03,7.328606279574156e+03,5.882352941176471e-01,14652145
7.331136432817189e+03,7.325842315170130e+03,1.764705882352941e+00,14652142
7.331257502389580e+03,7.325963384742522e+03,1.764705882352941e+00,14652143
7.334665844581895e+03,7.327251904285734e+03,1.764705882352941e+00,14652144
7.335072027642324e+03,7.333307321759971e+03,5.882352941176471e-01,14652147
7.336075433697499e+03,7.330172350264933e+03,1.764705882352941e+00,14652146
7.336633641994462e+03,7.333409692101725e+03,5.882352941176471e-01,14652148
7.338398347876815e+03,7.334269110484956e+03,1.176470588235294e+00,14652149
7.340504078241284e+03,7.338739372358931e+03,5.882352941176471e-01,14652150
7.342276013956560e+03,7.340511308074207e+03,5.882352941176471e-01,14652153
7.342475002299317e+03,7.340710296416964e+03,5.882352941176471e-01,14652154
7.343770872597256e+03,7.341680691119690e+03,5.882352941176471e-01,14652156
7.343770872597256e+03,7.341455008146254e+03,5.882352941176471e-01,14652155
7.345535578479609e+03,7.343034479543514e+03,5.882352941176471e-01,14652157
7.345973006157211e+03,7.338914182627799e+03,1.764705882352941e+00,14652151
7.347375249348395e+03,7.345610543466042e+03,5.882352941176471e-01,14652160
7.348363868648723e+03,7.339971613590893e+03,1.176470588235294e+00,14652152
7.350128574531076e+03,7.343516427137702e+03,1.764705882352941e+00,14652158
7.350736001787046e+03,7.348971295904693e+03,5.882352941176471e-01,14652161
7.350904661113101e+03,7.344355587290285e+03,1.764705882352941e+00,14652159
7.352196994041414e+03,7.349085868421808e+03,5.882352941176471e-01,14652162
7.355726405806120e+03,7.350068449090732e+03,1.764705882352941e+00,14652163
7.357450719048028e+03,7.355686013165675e+03,5.882352941176471e-01,14652164
7.359215424930381e+03,7.357315629965433e+03,5.882352941176471e-01,14652167
7.359626747102481e+03,7.357675429014397e+03,5.882352941176471e-01,14652168
7.360574184389461e+03,7.357896212654257e+03,5.882352941176471e-01,14652169
7.361865171628324e+03,7.356097335337775e+03,1.176470588235294e+00,14652165
7.362744836695087e+03,7.360678708917354e+03,5.882352941176471e-01,14652171
7.363629877510677e+03,7.357044772624755e+03,1.764705882352941e+00,14652166
7.364142530353765e+03,7.361244979968908e+03,5.882352941176471e-01,14652172
7.366263567506702e+03,7.364498861624349e+03,5.882352941176471e-01,14652177
7.366274248459793e+03,7.362548708752442e+03,1.176470588235294e+00,14652176
7.367159289275383e+03,7.359080709224046e+03,1.764705882352941e+00,14652170
7.368033613865600e+03,7.364817072488781e+03,5.882352941176471e-01,14652178
7.369792315281909e+03,7.368027609399556e+03,5.882352941176471e-01,14652180
7.371563025630306e+03,7.365511284053276e+03,1.764705882352941e+00,14652179
7.371609209655741e+03,7.369844503773388e+03,5.882352941176471e-01,14652182
7.373584941003371e+03,7.371820235121018e+03,5.882352941176471e-01,14652183
7.374964375524346e+03,7.369670257877287e+03,1.764705882352941e+00,14652181
7.384319335526743e+03,7.382554629644391e+03,5.882352941176471e-01,14652185
7.388169122417460e+03,7.383519260926800e+03,1.176470588235294e+00,14652187
7.388541956965291e+03,7.382468839980702e+03,1.764705882352941e+00,14652184
7.389752193320886e+03,7.386767686492962e+03,5.882352941176471e-01,14652190
7.390306662847644e+03,7.385619454777432e+03,1.176470588235294e+00,14652189
7.391516899203239e+03,7.388858945078705e+03,5.882352941176471e-01,14652192
7.392071368729997e+03,7.389752709870632e+03,5.882352941176471e-01,14652194
7.393281605085591e+03,7.391488836632082e+03,5.882352941176471e-01,14652196
7.395231134143531e+03,7.389102154189652e+03,1.176470588235294e+00,14652193
7.396995840025884e+03,7.390791370744982e+03,1.764705882352941e+00,14652195
7.396995840025884e+03,7.387335202563312e+03,1.764705882352941e+00,14652191
7.398760545908237e+03,7.391524349869559e+03,1.764705882352941e+00,14652197
7.399687129347727e+03,7.397922423465374e+03,5.882352941176471e-01,14652198
7.400749607385147e+03,7.398984901502794e+03,5.882352941176471e-01,14652199
7.401692753419145e+03,7.399928047536793e+03,5.882352941176471e-01,14652201
7.402514313267500e+03,7.400672313797131e+03,5.882352941176471e-01,14652202
7.403192480227096e+03,7.400910170176165e+03,5.882352941176471e-01,14652204
7.406043725032206e+03,7.399398089387988e+03,1.764705882352941e+00,14652200
7.406721891991802e+03,7.400867514463500e+03,1.764705882352941e+00,14652203
7.410848873263518e+03,7.409084167381165e+03,5.882352941176471e-01,14652207
7.411559895670116e+03,7.408030483905410e+03,1.176470588235294e+00,14652206
7.411842941397333e+03,7.406548823750274e+03,1.764705882352941e+00,14652205
7.413020534179301e+03,7.409975733840937e+03,5.882352941176471e-01,14652208
7.413466124416077e+03,7.411542013867691e+03,5.882352941176471e-01,14652212
7.413466124416077e+03,7.411459305813663e+03,5.882352941176471e-01,14652211
7.414785240061654e+03,7.412311848270366e+03,5.882352941176471e-01,14652213
7.415230830298430e+03,7.413453566277293e+03,5.882352941176471e-01,14652214
7.415509170041423e+03,7.413744464159070e+03,5.882352941176471e-01,14652215
7.416772741062395e+03,7.414781394858567e+03,5.882352941176471e-01,14652217
7.416772741062395e+03,7.414107241742442e+03,5.882352941176471e-01,14652216
7.420363434925689e+03,7.418598729043336e+03,5.882352941176471e-01,14652218
7.422334289944013e+03,7.420569584061660e+03,5.882352941176471e-01,14652220
7.424098995826366e+03,7.422105410067142e+03,5.882352941176471e-01,14652223
7.425999525191317e+03,7.423167156918346e+03,5.882352941176471e-01,14652225
7.426067436932617e+03,7.419417477790629e+03,1.764705882352941e+00,14652219
7.429544811746628e+03,7.421204815609967e+03,1.764705882352941e+00,14652222
7.429544811746628e+03,7.420795951222542e+03,1.764705882352941e+00,14652221
7.430911859796826e+03,7.427640289947510e+03,5.882352941176471e-01,14652231
7.432676565679179e+03,7.430129551030110e+03,5.882352941176471e-01,14652233
7.433558918620355e+03,7.426706114675783e+03,1.176470588235294e+00,14652230
7.435323624502708e+03,7.432887374162760e+03,5.882352941176470e-01,14652234
7.435323624502708e+03,7.426207444825375e+03,1.764705882352941e+00,14652229
7.435323624502708e+03,7.424822426485456e+03,1.764705882352941e+00,14652228
7.437088330385061e+03,7.434141835113542e+03,5.882352941176471e-01,14652235
7.441671622623075e+03,7.439906916740722e+03,5.882352941176471e-01,14652238
7.442486016416378e+03,7.437191898769319e+03,1.764705882352941e+00,14652236
7.443079813975019e+03,7.439550402210313e+03,1.176470588235294e+00,14652237
7.443436328505428e+03,7.441665721152408e+03,5.882352941176471e-01,14652239
7.444250722298731e+03,7.442190921809167e+03,5.882352941176471e-01,14652240
7.447592738902764e+03,7.445828033020411e+03,5.882352941176471e-01,14652242
7.450056604852324e+03,7.444762487205266e+03,1.764705882352941e+00,14652241
7.450067487315522e+03,7.448302781433169e+03,5.882352941176471e-01,14652243
7.450741109441337e+03,7.448976403558984e+03,5.882352941176471e-01,14652244
7.451828565710142e+03,7.449944769682586e+03,5.882352941176471e-01,14652246
7.453593271592495e+03,7.449902697632572e+03,1.176470588235294e+00,14652245
7.454270521206043e+03,7.452090937715044e+03,5.882352941176471e-01,14652250
7.455357977474848e+03,7.453280492591069e+03,5.882352941176471e-01,14652251
7.457122683357201e+03,7.454624163626438e+03,5.882352941176471e-01,14652253
7.457976754180946e+03,7.450412806952866e+03,1.764705882352941e+00,14652248
7.458887389239554e+03,7.453510589116872e+03,1.764705882352941e+00,14652252
7.459243844112411e+03,7.457479138230058e+03,5.882352941176471e-01,14652254
7.461693978313935e+03,7.459929272431582e+03,5.882352941176471e-01,14652256
7.463117451146788e+03,7.461352745264435e+03,5.882352941176471e-01,14652257
7.463771478357266e+03,7.462006772474913e+03,5.882352941176471e-01,14652258
7.465070786015937e+03,7.459776668368878e+03,1.764705882352941e+00,14652255
7.468411568793846e+03,7.462800214095413e+03,1.764705882352941e+00,14652259
7.468646284529678e+03,7.466881578647325e+03,5.882352941176471e-01,14652260
7.470627624809390e+03,7.468862918927037e+03,5.882352941176471e-01,14652262
7.470783334379873e+03,7.469018628497520e+03,5.882352941176471e-01,14652263
7.472226226485697e+03,7.466932108838638e+03,1.764705882352941e+00,14652261
7.475921742456448e+03,7.470210139395075e+03,1.764705882352941e+00,14652264
7.476913895992033e+03,7.475149190109680e+03,5.882352941176471e-01,14652266
7.477686448338801e+03,7.475717058833933e+03,5.882352941176471e-01,14652267
7.478048540523098e+03,7.474519128758392e+03,1.176470588235294e+00,14652265
7.479410780163827e+03,7.477646074281474e+03,5.882352941176471e-01,14652268
7.479451154221154e+03,7.477680615790998e+03,5.882352941176471e-01,14652269
7.481249550518431e+03,7.479484844636078e+03,5.882352941176471e-01,14652271
7.482439591044363e+03,7.480674885162010e+03,5.882352941176471e-01,14652272
7.483237625506315e+03,7.481472919623962e+03,5.882352941176471e-01,14652273
7.483687076879672e+03,7.478392959232613e+03,1.764705882352941e+00,14652270
7.485002331388668e+03,7.482853947470480e+03,5.882352941176471e-01,14652276
7.486958820176918e+03,7.485194114294565e+03,5.882352941176471e-01,14652277
7.487940886904480e+03,7.481882274669794e+03,1.764705882352941e+00,14652274
7.488529986368965e+03,7.486765280486612e+03,5.882352941176471e-01,14652278
7.489757245533065e+03,7.487992539650712e+03,5.882352941176471e-01,14652279
7.495122734742095e+03,7.493358028859742e+03,5.882352941176471e-01,14652284
7.495423597070768e+03,7.490129479423709e+03,1.764705882352941e+00,14652280
7.496239301644393e+03,7.494474595762040e+03,5.882352941176471e-01,14652285
7.497018115186540e+03,7.494624018041513e+03,5.882352941176471e-01,14652286
7.498004007526746e+03,7.496215605500741e+03,5.882352941176471e-01,14652289
7.500530137783355e+03,7.491419136372843e+03,1.764705882352941e+00,14652282
7.500530137783355e+03,7.490914404499517e+03,1.764705882352941e+00,14652281
7.501533419291452e+03,7.498668825130622e+03,5.882352941176471e-01,14652291
7.502294843665708e+03,7.500096171354294e+03,5.882352941176471e-01,14652292
7.503298125173805e+03,7.501054376853756e+03,5.882352941176471e-01,14652294
7.505062831056158e+03,7.503078433860194e+03,5.882352941176471e-01,14652296
7.506085452161909e+03,7.500865418543757e+03,1.176470588235294e+00,14652293
7.506346648893405e+03,7.492237592296997e+03,1.764705882352941e+00,14652283
7.510356948703217e+03,7.504656414606703e+03,1.764705882352941e+00,14652297
7.511379569808968e+03,7.506039116156204e+03,1.764705882352941e+00,14652298
7.511713340993876e+03,7.509105642608521e+03,5.882352941176471e-01,14652300
7.512632965138445e+03,7.510052069075517e+03,5.882352941176471e-01,14652303
7.515242752758582e+03,7.507977061301181e+03,1.764705882352941e+00,14652299
7.516162376903151e+03,7.510164557753903e+03,1.764705882352941e+00,14652304
7.518361150690256e+03,7.513067033043197e+03,1.764705882352941e+00,14652305
7.520400178875501e+03,7.518635472993148e+03,5.882352941176471e-01,14652308
7.520778747989292e+03,7.515484630342233e+03,1.764705882352941e+00,14652306
7.521456494550210e+03,7.515890525643155e+03,1.764705882352941e+00,14652307
7.522164884757854e+03,7.519582238489028e+03,5.882352941176471e-01,14652309
7.523001799952716e+03,7.521237094070363e+03,5.882352941176471e-01,14652310
7.526536314237071e+03,7.523006902472365e+03,1.176470588235294e+00,14652311
7.527197098380154e+03,7.523667686615448e+03,1.176470588235294e+00,14652312
7.528301020119424e+03,7.526414843691762e+03,5.882352941176471e-01,14652314
7.530222404685188e+03,7.524928287038129e+03,1.764705882352941e+00,14652313
7.530752880638072e+03,7.528988174755719e+03,5.882352941176471e-01,14652315
7.533120315231787e+03,7.531355609349434e+03,5.882352941176471e-01,14652317
7.534918167070000e+03,7.529624049422941e+03,1.764705882352941e+00,14652316
7.535144535956862e+03,7.533379830074509e+03,5.882352941176471e-01,14652318
7.537573282946536e+03,7.535808577064183e+03,5.882352941176471e-01,14652320
7.538040833332833e+03,7.536276127450480e+03,5.882352941176471e-01,14652321
7.539399350371453e+03,7.534105232724394e+03,1.764705882352941e+00,14652319
7.540154627572451e+03,7.538389921690098e+03,5.882352941176471e-01,14652323
7.541739177502516e+03,7.538209765737810e+03,1.176470588235294e+00,14652322
7.543973193412509e+03,7.542208487530156e+03,5.882352941176471e-01,14652326
7.545753580553460e+03,7.543988874671107e+03,5.882352941176471e-01,14652327
7.546580630912266e+03,7.541286513265207e+03,1.764705882352941e+00,14652324
7.546934647317644e+03,7.541640529670585e+03,1.764705882352941e+00,14652325
7.547931811615216e+03,7.544867459047355e+03,5.882352941176471e-01,14652329
7.550464059082350e+03,7.548007185886164e+03,5.882352941176471e-01,14652334
7.551857556550804e+03,7.548708724320952e+03,5.882352941176471e-01,14652335
7.551857556550804e+03,7.548855068154997e+03,5.882352941176471e-01,14652336
7.554135270240703e+03,7.544856344963630e+03,1.176470588235294e+00,14652328
7.555899976123056e+03,7.547270783424646e+03,1.764705882352941e+00,14652331
7.555899976123056e+03,7.546795419417477e+03,1.764705882352941e+00,14652330
7.556248161256405e+03,7.553140076069670e+03,5.882352941176471e-01,14652339
7.557664682005409e+03,7.554831640507400e+03,5.882352941176471e-01,14652341
7.558800041519144e+03,7.557035335636791e+03,5.882352941176471e-01,14652343
7.561726299840175e+03,7.556432182193117e+03,1.764705882352941e+00,14652342
7.564585364980509e+03,7.562820659098156e+03,5.882352941176471e-01,14652346
7.565030190686560e+03,7.561500778921855e+03,1.176470588235294e+00,14652344
7.566020625147713e+03,7.563807577434312e+03,5.882352941176471e-01,14652348
7.566020625147713e+03,7.563586060571931e+03,5.882352941176471e-01,14652347
7.566794896568913e+03,7.562161767667859e+03,1.176470588235294e+00,14652345
7.567785331030066e+03,7.565512392620576e+03,5.882352941176471e-01,14652349
7.569812855388708e+03,7.566992937033029e+03,5.882352941176471e-01,14652352
7.570994408287835e+03,7.566881843539903e+03,1.176470588235294e+00,14652351
7.571577561271061e+03,7.567039589001735e+03,1.176470588235294e+00,14652353
7.572759114170188e+03,7.570962899985420e+03,5.882352941176470e-01,14652354
7.572759114170188e+03,7.566546262100291e+03,1.764705882352941e+00,14652350
7.575730463007237e+03,7.572201051242531e+03,1.176470588235294e+00,14652355
7.578775568003084e+03,7.573481450356025e+03,1.764705882352941e+00,14652356
7.579215064413783e+03,7.577450358531430e+03,5.882352941176471e-01,14652357
7.579349764501475e+03,7.577585058619122e+03,5.882352941176471e-01,14652358
7.580540273885437e+03,7.577597367512779e+03,5.882352941176471e-01,14652359
7.581423802121188e+03,7.579659096238835e+03,5.882352941176471e-01,14652360
7.581729745123893e+03,7.579965039241540e+03,5.882352941176471e-01,14652361
7.582766825438732e+03,7.580372280022451e+03,5.882352941176471e-01,14652362
7.585620386470801e+03,7.583727359450603e+03,5.882352941176471e-01,14652368
7.586717919768246e+03,7.581233042391850e+03,1.764705882352941e+00,14652365
7.588347899676461e+03,7.582090974706095e+03,1.764705882352941e+00,14652366
7.589066128563909e+03,7.586096606141741e+03,5.882352941176471e-01,14652372
7.590830834446262e+03,7.588800402174141e+03,5.882352941176471e-01,14652376
7.591187355734323e+03,7.585273029535218e+03,1.176470588235294e+00,14652369
7.591877311441167e+03,7.589779171140032e+03,5.882352941176471e-01,14652377
7.593049095873930e+03,7.591284389991577e+03,5.882352941176471e-01,14652379
7.596578507638636e+03,7.594410179919746e+03,5.882352941176471e-01,14652384
7.597433509274696e+03,7.588161982513458e+03,1.764705882352941e+00,14652375
7.597965023609087e+03,7.594816416098197e+03,5.882352941176471e-01,14652385
7.599893021258491e+03,7.590606704166027e+03,1.176470588235294e+00,14652378
7.601657727140844e+03,7.591318924763458e+03,1.764705882352941e+00,14652380
7.603248731497837e+03,7.594292473571719e+03,1.764705882352941e+00,14652383
7.603248731497837e+03,7.592980053250271e+03,1.764705882352941e+00,14652382
7.605217274428314e+03,7.603452568545961e+03,5.882352941176471e-01,14652393
7.608512713622131e+03,7.600999266631400e+03,1.764705882352941e+00,14652390
7.608644767668958e+03,7.603118994161151e+03,1.764705882352941e+00,14652392
7.608644767668958e+03,7.602153287124885e+03,1.764705882352941e+00,14652391
7.610365455535702e+03,7.607053435290689e+03,5.882352941176471e-01,14652394
7.612130161418055e+03,7.608751535786082e+03,5.882352941176471e-01,14652397
7.614271483971797e+03,7.607321521699374e+03,1.176470588235294e+00,14652395
7.614271483971797e+03,7.609565314413824e+03,1.176470588235294e+00,14652398
7.616036189854150e+03,7.613636628103611e+03,5.882352941176470e-01,14652400
7.616036189854150e+03,7.608135914512204e+03,1.764705882352941e+00,14652396
7.617800895736503e+03,7.615354237493246e+03,5.882352941176471e-01,14652402
7.619565601618856e+03,7.615906989522420e+03,1.176470588235294e+00,14652403
7.620273373646223e+03,7.614979255999164e+03,1.764705882352941e+00,14652401
7.622302489708392e+03,7.620537783826039e+03,5.882352941176471e-01,14652405
7.625003958149297e+03,7.619709840502238e+03,1.764705882352941e+00,14652404
7.625943086934785e+03,7.624178381052432e+03,5.882352941176471e-01,14652406
7.627925517669295e+03,7.626160811786942e+03,5.882352941176471e-01,14652407
7.633311143696080e+03,7.628017026049021e+03,1.764705882352941e+00,14652408
7.633521081212041e+03,7.631756375329688e+03,5.882352941176471e-01,14652410
7.635075849578433e+03,7.633163038181274e+03,5.882352941176471e-01,14652413
7.637050492976747e+03,7.630993496580065e+03,1.764705882352941e+00,14652409
7.640432879005273e+03,7.632180112912434e+03,1.764705882352941e+00,14652411
7.642197584887626e+03,7.640341658132577e+03,5.882352941176471e-01,14652424
7.642334439479182e+03,7.640569733596829e+03,5.882352941176471e-01,14652425
7.644067546157083e+03,7.634284077950694e+03,1.176470588235294e+00,14652414
7.645748309562118e+03,7.642490050813809e+03,5.882352941176471e-01,14652427
7.645832252039436e+03,7.635222875314613e+03,1.764705882352941e+00,14652415
7.647513015444471e+03,7.645452601907512e+03,5.882352941176471e-01,14652431
7.649309242438534e+03,7.645858506547688e+03,5.882352941176471e-01,14652433
7.651073948320887e+03,7.648668170703761e+03,5.882352941176471e-01,14652437
7.652838654203240e+03,7.650671805081034e+03,5.882352941176471e-01,14652439
7.652838654203240e+03,7.650127625555673e+03,5.882352941176471e-01,14652438
7.653380702662062e+03,7.639194753660124e+03,1.764705882352941e+00,14652422
7.654695780510170e+03,7.651525425741191e+03,5.882352941176471e-01,14652440
7.655145408544415e+03,7.653115915476972e+03,5.882352941176471e-01,14652443
7.656460486392523e+03,7.654225732565330e+03,5.882352941176471e-01,14652444
7.658339074528362e+03,7.656542960031755e+03,5.882352941176471e-01,14652446
7.659751738140297e+03,7.645842872897247e+03,1.764705882352941e+00,14652432
7.659751738140297e+03,7.644297728774512e+03,1.764705882352941e+00,14652430
7.661516444022650e+03,7.659421362328279e+03,5.882352941176471e-01,14652450
7.661516444022650e+03,7.659235991130032e+03,5.882352941176471e-01,14652449
7.663281149905002e+03,7.661460221671383e+03,5.882352941176471e-01,14652452
7.663281149905002e+03,7.661164129101117e+03,5.882352941176471e-01,14652451
7.664387595671039e+03,7.654809662763656e+03,1.764705882352941e+00,14652445
7.668575267552061e+03,7.662527315749935e+03,1.764705882352941e+00,14652453
7.670237501324484e+03,7.664512928661594e+03,1.764705882352941e+00,14652454
7.670339973434414e+03,7.668377551049405e+03,5.882352941176471e-01,14652459
7.671914590638744e+03,7.669314809913212e+03,5.882352941176471e-01,14652461
7.672152539042159e+03,7.670387833159806e+03,5.882352941176471e-01,14652463
7.673679296521097e+03,7.670477052557374e+03,5.882352941176471e-01,14652464
7.676421399683638e+03,7.667171895462376e+03,1.764705882352941e+00,14652457
7.676421399683638e+03,7.666054656223340e+03,1.764705882352941e+00,14652456
7.677494115584356e+03,7.668952193565515e+03,1.764705882352941e+00,14652460
7.678829735106422e+03,7.674250111118203e+03,5.882352941176471e-01,14652466
7.678829735106422e+03,7.674597023434627e+03,5.882352941176471e-01,14652467
7.678829735106422e+03,7.674781889746415e+03,5.882352941176471e-01,14652468
7.680594440988775e+03,7.678226878896316e+03,5.882352941176471e-01,14652473
7.682359146871128e+03,7.678161010850511e+03,1.176470588235294e+00,14652472
7.683557405477464e+03,7.681792699595111e+03,5.882352941176471e-01,14652474
7.684123852753480e+03,7.677646760887832e+03,1.764705882352941e+00,14652471
7.684643429858017e+03,7.681916881080904e+03,5.882352941176471e-01,14652475
7.687539975062983e+03,7.685065020509231e+03,5.882352941176471e-01,14652484
7.689561876835897e+03,7.683138512527932e+03,1.764705882352941e+00,14652478
7.691197984772970e+03,7.689205486615737e+03,5.882352941176471e-01,14652489
7.692503676518845e+03,7.685053094364716e+03,1.764705882352941e+00,14652483
7.693091288600603e+03,7.687138873773305e+03,1.764705882352941e+00,14652487
7.694497889469437e+03,7.691346515649893e+03,5.882352941176471e-01,14652491
7.696262595351789e+03,7.693465384558351e+03,5.882352941176471e-01,14652493
7.696262595351789e+03,7.694130768823252e+03,5.882352941176471e-01,14652494
7.696620700365309e+03,7.690802890652528e+03,1.764705882352941e+00,14652490
7.698027301234142e+03,7.694896953163169e+03,5.882352941176471e-01,14652495
7.699792007116495e+03,7.691842419911492e+03,1.764705882352941e+00,14652492
7.704020744917323e+03,7.698726627270264e+03,1.764705882352941e+00,14652496
7.704995926495286e+03,7.699701808848227e+03,1.764705882352941e+00,14652497
7.705132932464238e+03,7.703368226581885e+03,5.882352941176471e-01,14652498
7.708368257650593e+03,7.706603551768240e+03,5.882352941176471e-01,14652501
7.708525338259992e+03,7.704263213879699e+03,1.176470588235294e+00,14652500
7.709314862564382e+03,7.703624894852090e+03,1.764705882352941e+00,14652499
7.710347376338782e+03,7.708582670456429e+03,5.882352941176471e-01,14652502
7.710479358556038e+03,7.708714652673685e+03,5.882352941176471e-01,14652503
7.711079568446734e+03,7.708970500834411e+03,5.882352941176471e-01,14652504
7.712178073329763e+03,7.709567026137122e+03,5.882352941176471e-01,14652505
7.714468631409847e+03,7.712703925527494e+03,5.882352941176471e-01,14652507
7.715707485094469e+03,7.710273961849582e+03,1.764705882352941e+00,14652506
7.716251841120412e+03,7.714487135238059e+03,5.882352941176471e-01,14652508
7.717270972273833e+03,7.715506266391480e+03,5.882352941176471e-01,14652509
7.718632861313273e+03,7.716868155430921e+03,5.882352941176471e-01,14652511
7.720397567195626e+03,7.718585680571851e+03,5.882352941176471e-01,14652513
7.721751925132545e+03,7.716457807485486e+03,1.764705882352941e+00,14652510
7.723358565760529e+03,7.720965517333517e+03,5.882352941176471e-01,14652515
7.723926978960332e+03,7.717996313787474e+03,1.764705882352941e+00,14652512
7.725241820583659e+03,7.722238386364432e+03,5.882352941176471e-01,14652519
7.725770778991646e+03,7.724006073109293e+03,5.882352941176471e-01,14652522
7.726966979391531e+03,7.719757860045103e+03,1.176470588235294e+00,14652514
7.727535484873999e+03,7.725358484214632e+03,5.882352941176471e-01,14652523
7.728731685273884e+03,7.721661994204173e+03,1.764705882352941e+00,14652517
7.730496391156237e+03,7.727972401977498e+03,5.882352941176470e-01,14652525
7.730496391156237e+03,7.722036579077313e+03,1.764705882352941e+00,14652518
7.732287548704841e+03,7.729652401828974e+03,5.882352941176471e-01,14652529
7.732287548704841e+03,7.729620595260883e+03,5.882352941176471e-01,14652528
7.732829602521058e+03,7.730575746154990e+03,5.882352941176471e-01,14652531
7.735816960469547e+03,7.729101002984929e+03,1.764705882352941e+00,14652527
7.735816960469547e+03,7.727298472594980e+03,1.764705882352941e+00,14652524
7.736321795247818e+03,7.734557089365465e+03,5.882352941176471e-01,14652532
7.737581666351900e+03,7.735138912644262e+03,5.882352941176471e-01,14652533
7.738258800305562e+03,7.736494094423209e+03,5.882352941176471e-01,14652534
7.739906848610708e+03,7.738142142728355e+03,5.882352941176471e-01,14652536
7.741232050766646e+03,7.737702639001941e+03,1.176470588235294e+00,14652535
7.742769426244077e+03,7.741004720361724e+03,5.882352941176471e-01,14652537
7.745522778840065e+03,7.743758072957712e+03,5.882352941176471e-01,14652539
7.746983777191235e+03,7.741689659544176e+03,1.764705882352941e+00,14652538
7.747241193604765e+03,7.745476487722412e+03,5.882352941176471e-01,14652540
7.748575050936336e+03,7.746810345053983e+03,5.882352941176471e-01,14652541
7.753007959063653e+03,7.747713841416595e+03,1.764705882352941e+00,14652542
7.755959792448846e+03,7.750665674801787e+03,1.764705882352941e+00,14652543
7.756014928706599e+03,7.750720811059540e+03,1.764705882352941e+00,14652544
7.757227999689650e+03,7.754430068912774e+03,5.882352941176471e-01,14652546
7.757724498331198e+03,7.755821834353294e+03,5.882352941176471e-01,14652547
7.759191519318141e+03,7.757426813435789e+03,5.882352941176471e-01,14652548
7.759501872550280e+03,7.757737166667927e+03,5.882352941176471e-01,14652549
7.759544340471305e+03,7.753698587924944e+03,1.764705882352941e+00,14652545
7.761272651069455e+03,7.759507945187102e+03,5.882352941176471e-01,14652550
7.764924065213208e+03,7.759629947566149e+03,1.764705882352941e+00,14652551
7.765441618456394e+03,7.761922031505495e+03,5.882352941176471e-01,14652554
7.769100793915943e+03,7.761920297414270e+03,1.764705882352941e+00,14652553
7.769100793915943e+03,7.761887934523944e+03,1.764705882352941e+00,14652552
7.770757143245729e+03,7.767130184937159e+03,5.882352941176471e-01,14652562
7.774727731481023e+03,7.764677157129581e+03,1.764705882352941e+00,14652558
7.774727731481023e+03,7.765830909540923e+03,1.764705882352941e+00,14652559
7.774727731481023e+03,7.766899839445954e+03,1.764705882352941e+00,14652561
7.776492437363376e+03,7.773668212304177e+03,5.882352941176471e-01,14652566
7.776712851335543e+03,7.774948145453190e+03,5.882352941176471e-01,14652568
7.778257143245729e+03,7.775392375559766e+03,5.882352941176471e-01,14652569
7.778477557217896e+03,7.774501831466863e+03,1.176470588235294e+00,14652567
7.780021849128082e+03,7.776015360848061e+03,1.176470588235294e+00,14652570
7.781252218382348e+03,7.779487512499995e+03,5.882352941176471e-01,14652571
7.782666874240717e+03,7.780902168358365e+03,5.882352941176471e-01,14652572
7.784511941648154e+03,7.782747235765801e+03,5.882352941176471e-01,14652575
7.786276647530507e+03,7.784503523621770e+03,5.882352941176471e-01,14652578
7.787028320765158e+03,7.785263614882805e+03,5.882352941176471e-01,14652579
7.787351264591012e+03,7.785586558708659e+03,5.882352941176471e-01,14652580
7.788041353412859e+03,7.786017371837524e+03,5.882352941176471e-01,14652581
7.789115970473365e+03,7.787159380292796e+03,5.882352941176471e-01,14652583
7.789806059295212e+03,7.787727719428700e+03,5.882352941176471e-01,14652584
7.790557732529864e+03,7.788693117105898e+03,5.882352941176471e-01,14652585
7.791193700147129e+03,7.781857500154220e+03,1.176470588235294e+00,14652574
7.792958406029482e+03,7.791067402133365e+03,5.882352941176470e-01,14652587
7.792958406029482e+03,7.781492743638373e+03,1.764705882352941e+00,14652573
7.796698944730186e+03,7.786675883152279e+03,1.764705882352941e+00,14652582
7.796698944730186e+03,7.783385610264152e+03,1.764705882352941e+00,14652577
7.798908563013848e+03,7.793591786837475e+03,1.176470588235294e+00,14652589
7.800673268896201e+03,7.791425826194862e+03,1.764705882352941e+00,14652588
7.802229411841135e+03,7.796726731256658e+03,1.764705882352941e+00,14652591
7.802229411841135e+03,7.795373529775345e+03,1.764705882352941e+00,14652590
7.804430062246532e+03,7.802665356364180e+03,5.882352941176471e-01,14652597
7.805976795867363e+03,7.802101883457362e+03,1.176470588235294e+00,14652596
7.805976795867363e+03,7.799075950093374e+03,1.176470588235294e+00,14652592
7.807038847464131e+03,7.805011431399623e+03,5.882352941176471e-01,14652599
7.808674560509448e+03,7.806909854627095e+03,5.882352941176471e-01,14652600
7.809506207632069e+03,7.802669692268965e+03,1.764705882352941e+00,14652598
7.810439266391801e+03,7.808455898674253e+03,5.882352941176471e-01,14652602
7.811497956657121e+03,7.809733250774768e+03,5.882352941176471e-01,14652603
7.812332965111190e+03,7.806921451553695e+03,1.764705882352941e+00,14652601
7.812481707537320e+03,7.810717001654967e+03,5.882352941176471e-01,14652604
7.813262662539474e+03,7.811419159603073e+03,5.882352941176471e-01,14652605
7.815174114195570e+03,7.813409408313217e+03,5.882352941176471e-01,14652606
7.815176689041512e+03,7.813411983159159e+03,5.882352941176471e-01,14652607
7.817291056166890e+03,7.813761644402184e+03,1.176470588235294e+00,14652608
7.817867871250224e+03,7.816103165367871e+03,5.882352941176471e-01,14652610
7.819104917490744e+03,7.815575505726038e+03,1.176470588235294e+00,14652609
7.824387155990234e+03,7.819093038343175e+03,1.764705882352941e+00,14652611
7.828422079161269e+03,7.826657373278917e+03,5.882352941176471e-01,14652614
7.829671798463487e+03,7.824377680816428e+03,1.764705882352941e+00,14652612
7.829972537873667e+03,7.824678420226608e+03,1.764705882352941e+00,14652613
7.830187467743481e+03,7.827624858874467e+03,5.882352941176471e-01,14652615
7.834778827586745e+03,7.833014121704392e+03,5.882352941176471e-01,14652621
7.834965916110546e+03,7.828422932536093e+03,1.764705882352941e+00,14652620
7.836730621992899e+03,7.834781504012746e+03,5.882352941176471e-01,14652624
7.840008589267596e+03,7.837437195243516e+03,5.882352941176471e-01,14652630
7.841871725556432e+03,7.834629881187748e+03,1.764705882352941e+00,14652622
7.844721494490627e+03,7.835081315669456e+03,1.764705882352941e+00,14652625
7.845302706914655e+03,7.843042530316018e+03,5.882352941176471e-01,14652634
7.845401137321138e+03,7.839800188063401e+03,1.764705882352941e+00,14652632
7.846504314895620e+03,7.844739609013267e+03,5.882352941176471e-01,14652635
7.847067412797008e+03,7.844906573198189e+03,5.882352941176471e-01,14652636
7.847228373907662e+03,7.845463668025309e+03,5.882352941176471e-01,14652637
7.849451858499641e+03,7.847687152617288e+03,5.882352941176471e-01,14652638
7.849786097295114e+03,7.848021391412761e+03,5.882352941176471e-01,14652639
7.849953081433515e+03,7.841442956306047e+03,1.764705882352941e+00,14652633
7.852970234417665e+03,7.851205528535312e+03,5.882352941176471e-01,14652640
7.854737550119807e+03,7.852972844237454e+03,5.882352941176471e-01,14652643
7.854908371709454e+03,7.851378959944748e+03,1.176470588235294e+00,14652641
7.856502256002160e+03,7.854321264018870e+03,5.882352941176471e-01,14652645
7.856673077591807e+03,7.852134268941314e+03,1.176470588235294e+00,14652642
7.858666075016297e+03,7.856901369133944e+03,5.882352941176471e-01,14652647
7.860031667766866e+03,7.853350709202768e+03,1.764705882352941e+00,14652644
7.860782125868269e+03,7.857727975125360e+03,5.882352941176471e-01,14652648
7.860957798353079e+03,7.855486012056575e+03,1.764705882352941e+00,14652646
7.866203082217116e+03,7.860908964570057e+03,1.764705882352941e+00,14652651
7.866783158817119e+03,7.865018452934766e+03,5.882352941176471e-01,14652652
7.867344713719380e+03,7.865580007837027e+03,5.882352941176471e-01,14652653
7.870850762418947e+03,7.869086056536594e+03,5.882352941176471e-01,14652656
7.871608774038920e+03,7.866314656391861e+03,1.764705882352941e+00,14652654
7.873373479921273e+03,7.871029294876729e+03,5.882352941176471e-01,14652659
7.875679310920364e+03,7.869618537850142e+03,1.764705882352941e+00,14652657
7.875679310920364e+03,7.868154918245312e+03,1.764705882352941e+00,14652655
7.876902891685979e+03,7.870221238345866e+03,1.764705882352941e+00,14652658
7.877444016802717e+03,7.874367469647690e+03,5.882352941176471e-01,14652660
7.878956837348414e+03,7.877192131466061e+03,5.882352941176471e-01,14652662
7.879681809165036e+03,7.877917103282683e+03,5.882352941176471e-01,14652663
7.880011810672047e+03,7.878076390446413e+03,5.882352941176471e-01,14652664
7.882486249113120e+03,7.876482398907341e+03,1.764705882352941e+00,14652661
7.885127293205139e+03,7.883362587322786e+03,5.882352941176471e-01,14652666
7.885817272833854e+03,7.884052566951501e+03,5.882352941176471e-01,14652668
7.886891999087492e+03,7.884128211128432e+03,5.882352941176471e-01,14652669
7.887581978716207e+03,7.884015231955217e+03,1.176470588235294e+00,14652667
7.889210145041836e+03,7.882188656508708e+03,1.764705882352941e+00,14652665
7.889921786652675e+03,7.887516001264931e+03,5.882352941176471e-01,14652671
7.890974850924189e+03,7.886967476942085e+03,1.176470588235294e+00,14652670
7.891686492535028e+03,7.889455900097278e+03,5.882352941176471e-01,14652673
7.893451198417381e+03,7.887550291400062e+03,1.764705882352941e+00,14652672
7.896140437020709e+03,7.892611025256003e+03,1.176470588235294e+00,14652674
7.900244369424985e+03,7.897172260694351e+03,5.882352941176471e-01,14652679
7.900244369424985e+03,7.898203308688102e+03,5.882352941176471e-01,14652680
7.900489331228976e+03,7.895114823670713e+03,1.764705882352941e+00,14652675
7.903855435124354e+03,7.895251874292013e+03,1.764705882352941e+00,14652676
7.903855435124354e+03,7.896493725057396e+03,1.764705882352941e+00,14652677
7.903855435124354e+03,7.896936190263162e+03,1.764705882352941e+00,14652678
7.905620141006707e+03,7.902341311477395e+03,5.882352941176471e-01,14652681
7.905812805733425e+03,7.904048099851072e+03,5.882352941176471e-01,14652683
7.907967987807981e+03,7.906203281925628e+03,5.882352941176471e-01,14652685
7.909149552771413e+03,7.902726284046067e+03,1.764705882352941e+00,14652682
7.909750769932466e+03,7.907986064050113e+03,5.882352941176471e-01,14652686
7.910914258653766e+03,7.905251900780920e+03,1.764705882352941e+00,14652684
7.912678964536119e+03,7.908026118542397e+03,1.176470588235294e+00,14652687
7.912835110224143e+03,7.911070404341790e+03,5.882352941176471e-01,14652689
7.914521743262484e+03,7.912012093322342e+03,5.882352941176471e-01,14652691
7.915044887579525e+03,7.909193286706644e+03,1.764705882352941e+00,14652688
7.916286449144837e+03,7.911899112015404e+03,1.176470588235294e+00,14652690
7.920382067662906e+03,7.918617361780554e+03,5.882352941176471e-01,14652692
7.924820168465926e+03,7.919526050818867e+03,1.764705882352941e+00,14652693
7.927293571489591e+03,7.921999453842532e+03,1.764705882352941e+00,14652694
7.928753070757639e+03,7.924404653739855e+03,1.176470588235294e+00,14652696
7.930517776639991e+03,7.924376057679365e+03,1.764705882352941e+00,14652695
7.931650767787741e+03,7.928938520664555e+03,5.882352941176471e-01,14652702
7.934802515836530e+03,7.927602500310294e+03,1.764705882352941e+00,14652699
7.934802515836530e+03,7.925016736291330e+03,1.764705882352941e+00,14652698
7.936189558002967e+03,7.934007495721481e+03,5.882352941176471e-01,14652708
7.938143095743278e+03,7.935423503474832e+03,5.882352941176471e-01,14652710
7.938642421420387e+03,7.929916717566164e+03,1.764705882352941e+00,14652705
7.939907801625631e+03,7.937189528385040e+03,5.882352941176471e-01,14652712
7.940105655263724e+03,7.934675748078710e+03,1.176470588235294e+00,14652709
7.940698603393752e+03,7.938538803019464e+03,5.882352941176471e-01,14652713
7.942902058942587e+03,7.941137353060234e+03,5.882352941176471e-01,14652716
7.943437213390337e+03,7.939225373602412e+03,1.176470588235294e+00,14652715
7.945917990069495e+03,7.944153284187142e+03,5.882352941176471e-01,14652717
7.947013784741552e+03,7.945249078859199e+03,5.882352941176471e-01,14652718
7.948695562374487e+03,7.946930856492134e+03,5.882352941176471e-01,14652720
7.951949736001116e+03,7.946655618354057e+03,1.764705882352941e+00,14652719
7.954848111012445e+03,7.952423117682910e+03,5.882352941176471e-01,14652724
7.955137793321075e+03,7.949843675674016e+03,1.764705882352941e+00,14652721
7.958261081373976e+03,7.951029016939110e+03,1.176470588235294e+00,14652722
7.958261081373976e+03,7.952347837842396e+03,1.176470588235294e+00,14652723
7.960025787256329e+03,7.953945103579631e+03,1.764705882352941e+00,14652726
7.961790493138682e+03,7.959340890661417e+03,5.882352941176471e-01,14652735
7.965319904903388e+03,7.962953161411175e+03,5.882352941176471e-01,14652738
7.966250039521382e+03,7.954612953531455e+03,1.764705882352941e+00,14652728
7.967549678094738e+03,7.960987152552315e+03,1.764705882352941e+00,14652736
7.971178419996515e+03,7.969413714114162e+03,5.882352941176471e-01,14652741
7.971233157284394e+03,7.965939039637335e+03,1.764705882352941e+00,14652739
7.972943125878868e+03,7.970540900635011e+03,5.882352941176471e-01,14652742
7.973015347881778e+03,7.967721230234719e+03,1.764705882352941e+00,14652740
7.974755979763161e+03,7.972738243390117e+03,5.882352941176471e-01,14652745
7.976520685645514e+03,7.971778036805902e+03,1.176470588235294e+00,14652744
7.976645552798869e+03,7.971351435151810e+03,1.764705882352941e+00,14652743
7.976889312053995e+03,7.975124606171642e+03,5.882352941176471e-01,14652747
7.978379041892883e+03,7.975672104674341e+03,5.882352941176471e-01,14652749
7.978379041892883e+03,7.975337732022196e+03,5.882352941176471e-01,14652748
7.978703824256246e+03,7.976939118373893e+03,5.882352941176471e-01,14652752
7.981908453657589e+03,7.977445253735906e+03,1.176470588235294e+00,14652753
7.983173448843499e+03,7.981408742961146e+03,5.882352941176471e-01,14652754
7.983529287599369e+03,7.981764581717016e+03,5.882352941176471e-01,14652755
7.984066919180284e+03,7.982302213297931e+03,5.882352941176471e-01,14652756
7.990220270654781e+03,7.986690858890075e+03,1.176470588235294e+00,14652757
7.992464365794855e+03,7.989663080031804e+03,5.882352941176471e-01,14652760
7.993017575064616e+03,7.987723457417557e+03,1.764705882352941e+00,14652758
7.993162883007579e+03,7.990939354541363e+03,5.882352941176471e-01,14652763
7.994782280946969e+03,7.992479101651648e+03,5.882352941176471e-01,14652765
7.995993777559561e+03,7.993690599862086e+03,5.882352941176471e-01,14652766
7.996692294772285e+03,7.989633471242873e+03,1.764705882352941e+00,14652759
7.998311692711675e+03,7.992359048516534e+03,1.764705882352941e+00,14652764
7.999026870027961e+03,7.996108132984251e+03,5.882352941176471e-01,14652772
7.999614673664019e+03,7.997832033518930e+03,5.882352941176471e-01,14652774
8.000076398594028e+03,7.995542906878435e+03,1.176470588235294e+00,14652767
8.001127863601425e+03,7.999363157719072e+03,5.882352941176471e-01,14652775
8.001379379546372e+03,7.999365865725204e+03,5.882352941176471e-01,14652776
8.003437945075787e+03,8.001673239193434e+03,5.882352941176471e-01,14652778
8.005202650958140e+03,8.002928706115505e+03,5.882352941176471e-01,14652780
8.006083282736698e+03,8.000789165089639e+03,1.764705882352941e+00,14652777
8.006980842814537e+03,8.001686725167478e+03,1.764705882352941e+00,14652779
8.010505759254561e+03,8.004185347479016e+03,1.764705882352941e+00,14652781
8.011021118443138e+03,8.009256412560785e+03,5.882352941176471e-01,14652785
8.013053785250766e+03,8.007759667603707e+03,1.764705882352941e+00,14652784
8.014468064120077e+03,8.011709912464865e+03,5.882352941176471e-01,14652788
8.014468064120077e+03,8.011910969070765e+03,5.882352941176471e-01,14652789
8.014468064120077e+03,8.012499253984092e+03,5.882352941176471e-01,14652790
8.016673946473018e+03,8.014271688212534e+03,5.882352941176471e-01,14652793
8.018776509419354e+03,8.010320066957691e+03,1.176470588235294e+00,14652787
8.018776509419354e+03,8.013322875475947e+03,1.176470588235294e+00,14652791
8.020541215301707e+03,8.018025374728952e+03,5.882352941176470e-01,14652795
8.020541215301707e+03,8.018473035780947e+03,5.882352941176470e-01,14652796
8.020541215301707e+03,8.009957240170118e+03,1.764705882352941e+00,14652786
8.022908762453780e+03,8.021144056571427e+03,5.882352941176471e-01,14652797
8.025398269894515e+03,8.023633564012162e+03,5.882352941176471e-01,14652799
8.027099168265940e+03,8.021805050618881e+03,1.764705882352941e+00,14652798
8.027188189274210e+03,8.024462417033108e+03,5.882352941176471e-01,14652801
8.027345966458272e+03,8.025448696889199e+03,5.882352941176471e-01,14652803
8.030628580030646e+03,8.023816554693566e+03,1.764705882352941e+00,14652800
8.033860060402872e+03,8.032095354520519e+03,5.882352941176471e-01,14652804
8.034926774070863e+03,8.033162068188510e+03,5.882352941176471e-01,14652805
8.035596961933098e+03,8.033832256050745e+03,5.882352941176471e-01,14652806
8.035635461138520e+03,8.033870755256168e+03,5.882352941176471e-01,14652807
8.039519963259972e+03,8.037755257377619e+03,5.882352941176471e-01,14652809
8.039537034581340e+03,8.037772328698987e+03,5.882352941176471e-01,14652810
8.040647423471803e+03,8.038077092117459e+03,5.882352941176471e-01,14652811
8.043066446346046e+03,8.037095868965719e+03,1.764705882352941e+00,14652808
8.044814080907031e+03,8.038904860330827e+03,1.764705882352941e+00,14652813
8.044831152228399e+03,8.043025751034495e+03,5.882352941176471e-01,14652815
8.046491850674659e+03,8.044320496368059e+03,5.882352941176471e-01,14652816
8.048314513966828e+03,8.046324776138441e+03,5.882352941176471e-01,14652818
8.048343492671737e+03,8.042962438909953e+03,1.764705882352941e+00,14652814
8.049120781323925e+03,8.046944465937987e+03,5.882352941176471e-01,14652821
8.050093709201635e+03,8.047602150743619e+03,5.882352941176471e-01,14652823
8.050885487206278e+03,8.048433904622492e+03,5.882352941176471e-01,14652824
8.051858415083988e+03,8.049857153723629e+03,5.882352941176471e-01,14652825
8.052021888719011e+03,8.050257182836658e+03,5.882352941176471e-01,14652826
8.054813614726264e+03,8.045591369559219e+03,1.764705882352941e+00,14652817
8.057152532731047e+03,8.051846392351861e+03,1.764705882352941e+00,14652827
8.058048632375879e+03,8.055568725448023e+03,5.882352941176471e-01,14652830
8.058617815482705e+03,8.056853109600352e+03,5.882352941176471e-01,14652831
8.059042536245381e+03,8.054519220611173e+03,1.176470588235294e+00,14652828
8.059813338258232e+03,8.057474678721476e+03,5.882352941176471e-01,14652832
8.060459546879564e+03,8.058314033526767e+03,5.882352941176471e-01,14652833
8.061578044140585e+03,8.059749926254007e+03,5.882352941176471e-01,14652836
8.062398100386002e+03,8.060390639502496e+03,5.882352941176471e-01,14652837
8.063342750022938e+03,8.058771866511716e+03,1.176470588235294e+00,14652835
8.064162806268355e+03,8.062094731101417e+03,5.882352941176471e-01,14652840
8.064162806268355e+03,8.062058250495075e+03,5.882352941176471e-01,14652839
8.065107455905291e+03,8.062465252057625e+03,5.882352941176471e-01,14652841
8.065927512150708e+03,8.060411444920143e+03,1.176470588235294e+00,14652838
8.066286760401584e+03,8.064522054519231e+03,5.882352941176471e-01,14652842
8.066872161787644e+03,8.064662376311653e+03,5.882352941176471e-01,14652843
8.067692218033061e+03,8.065489947427737e+03,5.882352941176471e-01,14652844
8.068636867669997e+03,8.066336211143188e+03,5.882352941176471e-01,14652846
8.069636548040852e+03,8.067448269260990e+03,5.882352941176471e-01,14652848
8.070401573552349e+03,8.068546690279464e+03,5.882352941176471e-01,14652849
8.071689110623119e+03,8.066045124033545e+03,1.176470588235294e+00,14652845
8.072166279434702e+03,8.070212261440681e+03,5.882352941176471e-01,14652851
8.073757191592061e+03,8.071992485709708e+03,5.882352941176471e-01,14652852
8.074621446864190e+03,8.072856740981837e+03,5.882352941176471e-01,14652853
8.074930665687910e+03,8.069361503929456e+03,1.764705882352941e+00,14652850
8.076114806347010e+03,8.074350100464657e+03,5.882352941176471e-01,14652854
8.076679797232261e+03,8.074915091349908e+03,5.882352941176471e-01,14652855
8.077338204852672e+03,8.075573498970319e+03,5.882352941176471e-01,14652856
8.078631803390792e+03,8.076867097508439e+03,5.882352941176471e-01,14652858
8.082161215155498e+03,8.076284328511919e+03,1.764705882352941e+00,14652857
8.082632322499731e+03,8.077210906056144e+03,1.764705882352941e+00,14652859
8.083780228788721e+03,8.077654744955107e+03,1.176470588235294e+00,14652860
8.085544934671074e+03,8.079301424723504e+03,1.764705882352941e+00,14652861
8.087092468194766e+03,8.085327762312413e+03,5.882352941176471e-01,14652864
8.089834259921634e+03,8.084540142274575e+03,1.764705882352941e+00,14652863
8.090154422193895e+03,8.088389716311542e+03,5.882352941176471e-01,14652865
8.096121197679038e+03,8.089333171319221e+03,1.764705882352941e+00,14652866
8.099052362172644e+03,8.091073764990927e+03,1.764705882352941e+00,14652869
8.099052362172644e+03,8.090778394515959e+03,1.764705882352941e+00,14652868
8.099650609443744e+03,8.093389651220647e+03,1.764705882352941e+00,14652872
8.100817068054997e+03,8.097959723388133e+03,5.882352941176471e-01,14652875
8.100817068054997e+03,8.097065028789831e+03,5.882352941176471e-01,14652874
8.101415315326097e+03,8.099123223600712e+03,5.882352941176471e-01,14652876
8.102581773937350e+03,8.100656550661081e+03,5.882352941176471e-01,14652878
8.102581773937350e+03,8.100251217486251e+03,5.882352941176471e-01,14652877
8.103702032477556e+03,8.101937326595203e+03,5.882352941176471e-01,14652879
8.108033181981268e+03,8.102739064334210e+03,1.764705882352941e+00,14652880
8.109248806710002e+03,8.106875343197730e+03,5.882352941176471e-01,14652883
8.110441960780381e+03,8.106340997203702e+03,1.176470588235294e+00,14652882
8.111638069180475e+03,8.109873363298122e+03,5.882352941176471e-01,14652886
8.112206666662734e+03,8.105610402598625e+03,1.764705882352941e+00,14652881
8.113515026753668e+03,8.110978807829331e+03,5.882352941176471e-01,14652889
8.114092807457356e+03,8.111806446716736e+03,5.882352941176471e-01,14652892
8.114239796069562e+03,8.112449536487272e+03,5.882352941176471e-01,14652894
8.115713068163787e+03,8.112785744831774e+03,5.882352941176471e-01,14652896
8.115713068163787e+03,8.112487907436667e+03,5.882352941176471e-01,14652895
8.117477774046140e+03,8.114695292894475e+03,5.882352941176471e-01,14652899
8.117693732399767e+03,8.107593093174319e+03,1.764705882352941e+00,14652885
8.119242479928493e+03,8.110041193172635e+03,1.764705882352941e+00,14652887
8.119404448693713e+03,8.116695160160941e+03,5.882352941176471e-01,14652901
8.121007185810846e+03,8.118863291064166e+03,5.882352941176471e-01,14652904
8.122933860458419e+03,8.116138570977739e+03,1.764705882352941e+00,14652900
8.125121377190689e+03,8.123356671308336e+03,5.882352941176471e-01,14652906
8.125283231367177e+03,8.123518525484824e+03,5.882352941176471e-01,14652907
8.125719900693021e+03,8.120425783045963e+03,1.764705882352941e+00,14652905
8.126993985857367e+03,8.124055332776557e+03,5.882352941176471e-01,14652909
8.126993985857367e+03,8.123736733438085e+03,5.882352941176471e-01,14652908
8.128856472352319e+03,8.126331620274510e+03,5.882352941176471e-01,14652914
8.128856472352319e+03,8.125988742768053e+03,5.882352941176471e-01,14652913
8.130621178234671e+03,8.128064918531847e+03,5.882352941176471e-01,14652917
8.132385884117024e+03,8.129573050285227e+03,5.882352941176470e-01,14652918
8.132385884117024e+03,8.125379335652433e+03,1.764705882352941e+00,14652911
8.132913145259949e+03,8.127287327695163e+03,1.764705882352941e+00,14652916
8.134575243023719e+03,8.132810537141366e+03,5.882352941176471e-01,14652920
8.134784946312336e+03,8.133020240429983e+03,5.882352941176471e-01,14652921
8.136566997028308e+03,8.134802291145955e+03,5.882352941176471e-01,14652925
8.140079063959395e+03,8.131382538604882e+03,1.764705882352941e+00,14652919
8.141671054561322e+03,8.134185532414653e+03,1.764705882352941e+00,14652924
8.141671054561322e+03,8.133021136408107e+03,1.764705882352941e+00,14652922
8.143435760443675e+03,8.141277361959555e+03,5.882352941176471e-01,14652930
8.145373181606454e+03,8.139241287363788e+03,1.764705882352941e+00,14652929
8.147152095893575e+03,8.145387390011222e+03,5.882352941176471e-01,14652935
8.147161502351196e+03,8.141867384704138e+03,1.764705882352941e+00,14652931
8.148845021611018e+03,8.143015595804593e+03,1.764705882352941e+00,14652932
8.148921505004739e+03,8.145974322912069e+03,5.882352941176471e-01,14652936
8.150667090038662e+03,8.147311128313733e+03,5.882352941176471e-01,14652938
8.150667090038662e+03,8.147475062301574e+03,5.882352941176471e-01,14652939
8.152431795921014e+03,8.149564969206722e+03,5.882352941176471e-01,14652943
8.152431795921014e+03,8.149305995871376e+03,5.882352941176471e-01,14652942
8.154196501803367e+03,8.151447751456832e+03,5.882352941176471e-01,14652944
8.154586832512453e+03,8.147009741207098e+03,1.764705882352941e+00,14652937
8.155195650921607e+03,8.153430945039254e+03,5.882352941176471e-01,14652945
8.156895674995298e+03,8.155130969112945e+03,5.882352941176471e-01,14652946
8.162759477298707e+03,8.160994771416354e+03,5.882352941176471e-01,14652948
8.164436520568124e+03,8.159142402921065e+03,1.764705882352941e+00,14652947
8.167080768168278e+03,8.163551356403572e+03,1.176470588235294e+00,14652949
8.168344151971402e+03,8.164814740206696e+03,1.176470588235294e+00,14652950
8.171457324550581e+03,8.169692618668228e+03,5.882352941176471e-01,14652952
8.172277900909964e+03,8.166983783262905e+03,1.764705882352941e+00,14652951
8.172982942796220e+03,8.171218236913867e+03,5.882352941176471e-01,14652953
8.175578709455533e+03,8.173814003573180e+03,5.882352941176471e-01,14652955
8.176751442197640e+03,8.171336195414831e+03,1.764705882352941e+00,14652954
8.177861490181599e+03,8.176096784299246e+03,5.882352941176471e-01,14652957
8.179242236790738e+03,8.173948119143679e+03,1.764705882352941e+00,14652956
8.182045559844699e+03,8.176723743677912e+03,1.764705882352941e+00,14652958
8.183518339173349e+03,8.181667991916289e+03,5.882352941176471e-01,14652963
8.184252424134353e+03,8.179988927408643e+03,1.176470588235294e+00,14652960
8.185283045055702e+03,8.182931837871520e+03,5.882352941176471e-01,14652964
8.186017130016706e+03,8.178897643755255e+03,1.764705882352941e+00,14652959
8.187086219358659e+03,8.184819044867738e+03,5.882352941176471e-01,14652965
8.187781835899059e+03,8.185359981896911e+03,5.882352941176470e-01,14652967
8.187781835899059e+03,8.180148389283021e+03,1.764705882352941e+00,14652961
8.189198733511212e+03,8.186908421431843e+03,5.882352941176471e-01,14652970
8.192728145275918e+03,8.186319456732349e+03,1.764705882352941e+00,14652969
8.193556152438518e+03,8.191159338199652e+03,5.882352941176471e-01,14652973
8.194715521959876e+03,8.192950816077523e+03,5.882352941176471e-01,14652975
8.195446455938645e+03,8.190500606710965e+03,1.176470588235294e+00,14652972
8.197211161820998e+03,8.190026740673812e+03,1.764705882352941e+00,14652971
8.198244933724582e+03,8.192019069075869e+03,1.764705882352941e+00,14652974
8.198975867703351e+03,8.194984168291740e+03,1.176470588235294e+00,14652976
8.202505279468057e+03,8.200454566471912e+03,5.882352941176471e-01,14652980
8.202883934588032e+03,8.197589816940973e+03,1.764705882352941e+00,14652977
8.203539051371640e+03,8.197988449469764e+03,1.764705882352941e+00,14652978
8.204459312910397e+03,8.201495629402616e+03,5.882352941176471e-01,14652982
8.204459312910397e+03,8.201170482892712e+03,5.882352941176471e-01,14652981
8.206224018792750e+03,8.203771195421651e+03,5.882352941176471e-01,14652984
8.207528593905725e+03,8.204627248095749e+03,5.882352941176471e-01,14652986
8.208858441417086e+03,8.198796986571890e+03,1.176470588235294e+00,14652979
8.208858441417086e+03,8.204395881419773e+03,1.176470588235294e+00,14652985
8.210623147299439e+03,8.208299434028194e+03,5.882352941176470e-01,14652988
8.210623147299439e+03,8.208506184340458e+03,5.882352941176470e-01,14652989
8.210623147299439e+03,8.203111552022540e+03,1.764705882352941e+00,14652983
8.212387853181792e+03,8.210487415087385e+03,5.882352941176471e-01,14652990
8.214152559064145e+03,8.205223942195654e+03,1.764705882352941e+00,14652987
8.216299130550155e+03,8.214534424667802e+03,5.882352941176471e-01,14652993
8.219057260373267e+03,8.213967215749201e+03,1.176470588235294e+00,14652992
8.220821966255620e+03,8.213576227040743e+03,1.764705882352941e+00,14652991
8.221610405534742e+03,8.219675543103950e+03,5.882352941176471e-01,14652999
8.222591909784404e+03,8.215017682870087e+03,1.176470588235294e+00,14652995
8.222591909784404e+03,8.214724846339112e+03,1.176470588235294e+00,14652994
8.223554930379132e+03,8.221790224496779e+03,5.882352941176471e-01,14653000
8.224511955749310e+03,8.221943545981675e+03,5.882352941176471e-01,14653002
8.224511955749310e+03,8.221864816861345e+03,5.882352941176471e-01,14653001
8.225319636261485e+03,8.223057930032062e+03,5.882352941176471e-01,14653004
8.226276661631662e+03,8.223755039023030e+03,5.882352941176471e-01,14653006
8.226276661631662e+03,8.223736686385277e+03,5.882352941176471e-01,14653005
8.229716163915349e+03,8.219072973312560e+03,1.764705882352941e+00,14652998
8.229716163915349e+03,8.217919666954362e+03,1.764705882352941e+00,14652997
8.230613753908544e+03,8.224523405299519e+03,1.764705882352941e+00,14653007
8.231480869797702e+03,8.228965379542071e+03,5.882352941176471e-01,14653008
8.234643296254641e+03,8.232878590372288e+03,5.882352941176471e-01,14653011
8.236408002136994e+03,8.234409467368112e+03,5.882352941176471e-01,14653014
8.239622723383128e+03,8.232080328636424e+03,1.764705882352941e+00,14653010
8.239622723383128e+03,8.231629996209329e+03,1.764705882352941e+00,14653009
8.240993382353214e+03,8.233822121544354e+03,1.764705882352941e+00,14653013
8.241627397632175e+03,8.239862691749822e+03,5.882352941176471e-01,14653017
8.242758088235567e+03,8.240068949136076e+03,5.882352941176471e-01,14653018
8.245156809396881e+03,8.239772433929102e+03,1.764705882352941e+00,14653016
8.246831257458513e+03,8.241011532492335e+03,1.764705882352941e+00,14653019
8.249994505683770e+03,8.248229799801417e+03,5.882352941176471e-01,14653020
8.255714878533522e+03,8.250420760886463e+03,1.764705882352941e+00,14653021
8.255734604507075e+03,8.250440486860016e+03,1.764705882352941e+00,14653022
8.256015346348832e+03,8.254250640466479e+03,5.882352941176471e-01,14653023
8.259169324671201e+03,8.257404618788848e+03,5.882352941176471e-01,14653024
8.260068611577043e+03,8.258303905694690e+03,5.882352941176471e-01,14653025
8.262759011648935e+03,8.260994305766582e+03,5.882352941176471e-01,14653027
8.263931279794344e+03,8.258637162147286e+03,1.764705882352941e+00,14653026
8.265178016920384e+03,8.263413311038031e+03,5.882352941176471e-01,14653028
8.265580891648088e+03,8.263816185765735e+03,5.882352941176471e-01,14653029
8.265695985676697e+03,8.263818010558651e+03,5.882352941176471e-01,14653030
8.266942722802737e+03,8.264140999155719e+03,5.882352941176471e-01,14653031
8.269116086600061e+03,8.267351380717708e+03,5.882352941176471e-01,14653032
8.270895023095197e+03,8.269130317212844e+03,5.882352941176471e-01,14653034
8.271743495461403e+03,8.269978789579050e+03,5.882352941176471e-01,14653035
8.272070256292144e+03,8.270081031312629e+03,5.882352941176471e-01,14653036
8.274424434859903e+03,8.268540844527438e+03,1.764705882352941e+00,14653033
8.276651283549460e+03,8.274886577667107e+03,5.882352941176471e-01,14653037
8.280347876973498e+03,8.278583171091145e+03,5.882352941176471e-01,14653039
8.280929198440229e+03,8.279164492557876e+03,5.882352941176471e-01,14653040
8.281019783532928e+03,8.275725665885869e+03,1.764705882352941e+00,14653038
8.282693904322582e+03,8.280692793067954e+03,5.882352941176471e-01,14653044
8.284107232801175e+03,8.279283798881301e+03,1.176470588235294e+00,14653041
8.284851402942843e+03,8.283086697060490e+03,5.882352941176471e-01,14653045
8.287855979063927e+03,8.285463938881255e+03,5.882352941176471e-01,14653049
8.288027491962785e+03,8.286168194619479e+03,5.882352941176471e-01,14653051
8.290454864512365e+03,8.284249645861316e+03,1.764705882352941e+00,14653046
8.291385390828633e+03,8.287080124708890e+03,1.176470588235294e+00,14653052
8.293321609609844e+03,8.287934010912426e+03,1.764705882352941e+00,14653053
8.294357094284568e+03,8.292592388402215e+03,5.882352941176471e-01,14653055
8.295607588153178e+03,8.293842882270825e+03,5.882352941176471e-01,14653056
8.295845624204688e+03,8.292316212439983e+03,1.176470588235294e+00,14653054
8.296209730892060e+03,8.294445025009707e+03,5.882352941176471e-01,14653057
8.299788320183376e+03,8.298023614301023e+03,5.882352941176471e-01,14653059
8.300863945441592e+03,8.299099239559239e+03,5.882352941176471e-01,14653060
8.300901705800237e+03,8.295277736791523e+03,1.764705882352941e+00,14653058
8.305082437830434e+03,8.299561823237661e+03,1.764705882352941e+00,14653061
8.305385585450592e+03,8.303620879568239e+03,5.882352941176471e-01,14653063
8.306847143712787e+03,8.304869705164785e+03,5.882352941176471e-01,14653065
8.307356471947701e+03,8.305096123779095e+03,5.882352941176471e-01,14653066
8.307820334774200e+03,8.305797946680104e+03,5.882352941176471e-01,14653068
8.309121177830054e+03,8.307142899927127e+03,5.882352941176471e-01,14653070
8.309606654978944e+03,8.307841949096591e+03,5.882352941176471e-01,14653071
8.310376555477493e+03,8.308602399495036e+03,5.882352941176471e-01,14653072
8.311117815125656e+03,8.304145060077472e+03,1.176470588235294e+00,14653064
8.311117815125656e+03,8.302526217127141e+03,1.176470588235294e+00,14653062
8.312882521008009e+03,8.310680244290444e+03,5.882352941176471e-01,14653074
8.313928086454147e+03,8.310398674689441e+03,1.176470588235294e+00,14653073
8.314625107678414e+03,8.306818066042494e+03,1.764705882352941e+00,14653069
8.315374159046243e+03,8.313609453163890e+03,5.882352941176471e-01,14653075
8.320330475360939e+03,8.316801063596233e+03,1.176470588235294e+00,14653076
8.322236217661467e+03,8.320338956472387e+03,5.882352941176471e-01,14653083
8.325663456528470e+03,8.318312531969659e+03,1.764705882352941e+00,14653077
8.325663456528470e+03,8.318706805896761e+03,1.764705882352941e+00,14653078
8.325663456528470e+03,8.319120592550217e+03,1.764705882352941e+00,14653079
8.328606016570209e+03,8.326841310687856e+03,5.882352941176471e-01,14653084
8.329217864224048e+03,8.327453158341695e+03,5.882352941176471e-01,14653085
8.333129907319941e+03,8.327835789672882e+03,1.764705882352941e+00,14653086
8.333155392074580e+03,8.330634698763727e+03,5.882352941176471e-01,14653089
8.333900134217268e+03,8.328424246319958e+03,1.764705882352941e+00,14653087
8.335896295161584e+03,8.334131589279231e+03,5.882352941176471e-01,14653091
8.336659319084647e+03,8.334157857455112e+03,5.882352941176471e-01,14653092
8.336684803839285e+03,8.329625980309874e+03,1.764705882352941e+00,14653088
8.337661001043937e+03,8.335739477112859e+03,5.882352941176471e-01,14653093
8.338424024967000e+03,8.332135014016460e+03,1.176470588235294e+00,14653090
8.338524674317561e+03,8.336759968435208e+03,5.882352941176471e-01,14653094
8.340239055524634e+03,8.338397416672775e+03,5.882352941176471e-01,14653098
8.340239055524634e+03,8.338062047220661e+03,5.882352941176471e-01,14653097
8.342022678904750e+03,8.340257973022397e+03,5.882352941176471e-01,14653100
8.343462054534349e+03,8.340719405120143e+03,5.882352941176471e-01,14653101
8.343768467289339e+03,8.336870820166672e+03,1.764705882352941e+00,14653095
8.343787384787103e+03,8.338530533699957e+03,1.176470588235294e+00,14653099
8.347690744489095e+03,8.345926038606742e+03,5.882352941176471e-01,14653103
8.350999506783362e+03,8.349234800901009e+03,5.882352941176471e-01,14653105
8.352900924252813e+03,8.350286778011342e+03,5.882352941176471e-01,14653107
8.353660507872145e+03,8.348366390225086e+03,1.764705882352941e+00,14653104
8.356430336017519e+03,8.350280853626535e+03,1.764705882352941e+00,14653106
8.357339677155947e+03,8.351204574164010e+03,1.764705882352941e+00,14653110
8.358195041899872e+03,8.356375077169553e+03,5.882352941176471e-01,14653112
8.358993630361923e+03,8.353699512714864e+03,1.764705882352941e+00,14653111
8.360928589822330e+03,8.359163883939977e+03,5.882352941176471e-01,14653115
8.361533744826301e+03,8.359212688177595e+03,5.882352941176471e-01,14653116
8.362616980006503e+03,8.360256145875418e+03,5.882352941176471e-01,14653117
8.363298450708654e+03,8.361437177767387e+03,5.882352941176471e-01,14653119
8.366373548671926e+03,8.358004333061595e+03,1.764705882352941e+00,14653113
8.366373548671926e+03,8.359011252543618e+03,1.764705882352941e+00,14653114
8.366373548671926e+03,8.360574560975011e+03,1.764705882352941e+00,14653118
8.368281867017269e+03,8.366517161134916e+03,5.882352941176471e-01,14653121
8.371667666318985e+03,8.363570084364933e+03,1.764705882352941e+00,14653120
8.373323114504972e+03,8.368028996857913e+03,1.764705882352941e+00,14653122
8.373531843864574e+03,8.371767137982221e+03,5.882352941176471e-01,14653124
8.375762830949089e+03,8.370468713302030e+03,1.764705882352941e+00,14653123
8.376963425125628e+03,8.375198719243275e+03,5.882352941176471e-01,14653125
8.377106800672040e+03,8.375342094789687e+03,5.882352941176471e-01,14653126
8.377595875727848e+03,8.375831169845495e+03,5.882352941176471e-01,14653127
8.380492836890334e+03,8.376915909530520e+03,1.176470588235294e+00,14653128
8.382400918319098e+03,8.377032788358057e+03,1.764705882352941e+00,14653129
8.385477449871434e+03,8.380183332224376e+03,1.764705882352941e+00,14653130
8.386104640408568e+03,8.380810522761509e+03,1.764705882352941e+00,14653131
8.387242155753787e+03,8.385394743547792e+03,5.882352941176471e-01,14653134
8.388065450140211e+03,8.385785014488765e+03,5.882352941176471e-01,14653136
8.388065450140211e+03,8.385778390954924e+03,5.882352941176471e-01,14653135
8.389418508829352e+03,8.387018125523914e+03,5.882352941176471e-01,14653139
8.389418508829352e+03,8.386993640868890e+03,5.882352941176471e-01,14653138
8.391573217513967e+03,8.382847740026847e+03,1.764705882352941e+00,14653132
8.391758384665706e+03,8.389993678783353e+03,5.882352941176471e-01,14653140
8.392947920594058e+03,8.384634090300150e+03,1.764705882352941e+00,14653133
8.393337923396319e+03,8.390372505365400e+03,5.882352941176471e-01,14653141
8.394493825931683e+03,8.392729120049330e+03,5.882352941176471e-01,14653142
8.396258531814035e+03,8.393661653889965e+03,5.882352941176471e-01,14653145
8.396550051608943e+03,8.394627335788456e+03,5.882352941176471e-01,14653146
8.398168997593842e+03,8.395927081616470e+03,5.882352941176471e-01,14653149
8.398168997593842e+03,8.395883046699942e+03,5.882352941176471e-01,14653148
8.398742290919968e+03,8.396977585037615e+03,5.882352941176471e-01,14653150
8.399878578537900e+03,8.393020639844237e+03,1.176470588235294e+00,14653143
8.401643284420253e+03,8.393136223776549e+03,1.764705882352941e+00,14653144
8.401719355982287e+03,8.399954650099934e+03,5.882352941176471e-01,14653151
8.402271702684674e+03,8.395206039436959e+03,1.764705882352941e+00,14653147
8.403458704677295e+03,8.400231859369320e+03,5.882352941176471e-01,14653152
8.405261027922467e+03,8.403496322040114e+03,5.882352941176471e-01,14653156
8.406490233919089e+03,8.404590191275926e+03,5.882352941176471e-01,14653157
8.406988116442001e+03,8.400524715800856e+03,1.764705882352941e+00,14653153
8.408307012101058e+03,8.405498683023152e+03,5.882352941176471e-01,14653160
8.408752822324354e+03,8.406594378518321e+03,5.882352941176471e-01,14653162
8.410857894286279e+03,8.402960822154383e+03,1.764705882352941e+00,14653155
8.412214479258113e+03,8.409180781553047e+03,5.882352941176471e-01,14653166
8.412214479258113e+03,8.408991681388064e+03,5.882352941176471e-01,14653165
8.412815954303358e+03,8.411051248421005e+03,5.882352941176471e-01,14653168
8.413979185140466e+03,8.411850440496755e+03,5.882352941176471e-01,14653170
8.413979185140466e+03,8.411413006647170e+03,5.882352941176471e-01,14653169
8.416830304419255e+03,8.408874095189582e+03,1.764705882352941e+00,14653164
8.416830304419255e+03,8.407512403687984e+03,1.764705882352941e+00,14653163
8.417522053049371e+03,8.414153636099277e+03,5.882352941176471e-01,14653172
8.420027790716323e+03,8.418263084833970e+03,5.882352941176471e-01,14653174
8.420359716183961e+03,8.413992641284666e+03,1.764705882352941e+00,14653171
8.422124422066314e+03,8.416749079968973e+03,1.764705882352941e+00,14653173
8.422339421537374e+03,8.420574715655021e+03,5.882352941176471e-01,14653176
8.424904468051386e+03,8.423139762169033e+03,5.882352941176471e-01,14653177
8.425475945319340e+03,8.420181827672281e+03,1.764705882352941e+00,14653175
8.431408706667805e+03,8.429552795656224e+03,5.882352941176471e-01,14653183
8.431408706667805e+03,8.429308825584314e+03,5.882352941176471e-01,14653182
8.432140696591299e+03,8.429893016417160e+03,5.882352941176471e-01,14653184
8.433361593484690e+03,8.431596887602337e+03,5.882352941176471e-01,14653186
8.435126299367043e+03,8.430869200905737e+03,1.176470588235294e+00,14653185
8.436397600091517e+03,8.427816713959849e+03,1.764705882352941e+00,14653179
8.436397600091517e+03,8.426846578944240e+03,1.764705882352941e+00,14653178
8.436891005249396e+03,8.433557933092510e+03,5.882352941176471e-01,14653187
8.438162305973869e+03,8.435357369513638e+03,5.882352941176471e-01,14653188
8.440188326270235e+03,8.438423620387882e+03,5.882352941176471e-01,14653189
8.442589761382334e+03,8.439060349617628e+03,1.176470588235294e+00,14653191
8.442996941104196e+03,8.441232235221843e+03,5.882352941176471e-01,14653192
8.444177810765530e+03,8.438883693118472e+03,1.764705882352941e+00,14653190
8.444543739009793e+03,8.441305206720067e+03,5.882352941176471e-01,14653193
8.444761646986549e+03,8.442968304872547e+03,5.882352941176471e-01,14653195
8.446272485337705e+03,8.444507779455352e+03,5.882352941176471e-01,14653196
8.447989841119127e+03,8.446225135236774e+03,5.882352941176471e-01,14653198
8.448289728839367e+03,8.444760317074661e+03,1.176470588235294e+00,14653197
8.449827076683571e+03,8.448062370801218e+03,5.882352941176471e-01,14653200
8.450583743526010e+03,8.448819037643657e+03,5.882352941176471e-01,14653201
8.453143242674968e+03,8.447849125027909e+03,1.764705882352941e+00,14653199
8.453639420681158e+03,8.451874714798805e+03,5.882352941176471e-01,14653202
8.455324938430621e+03,8.453560232548268e+03,5.882352941176471e-01,14653203
8.456071235740652e+03,8.454306529858299e+03,5.882352941176471e-01,14653205
8.457202941027636e+03,8.454435598378934e+03,5.882352941176471e-01,14653206
8.457237540994982e+03,8.455466559323948e+03,5.882352941176471e-01,14653211
8.459600647505358e+03,8.453708129230276e+03,1.764705882352941e+00,14653204
8.460732352792342e+03,8.458132640481793e+03,5.882352941176471e-01,14653214
8.460978725432314e+03,8.459201334147605e+03,5.882352941176471e-01,14653215
8.461931206031203e+03,8.457449313667608e+03,1.176470588235294e+00,14653213
8.462996189722428e+03,8.461231483840075e+03,5.882352941176471e-01,14653216
8.463695911913556e+03,8.461403106615077e+03,5.882352941176470e-01,14653217
8.463695911913556e+03,8.456815700838026e+03,1.764705882352941e+00,14653212
8.466015416808563e+03,8.464250710926210e+03,5.882352941176471e-01,14653219
8.466781107484832e+03,8.465016401602479e+03,5.882352941176471e-01,14653220
8.468647517097123e+03,8.463353399450064e+03,1.764705882352941e+00,14653218
8.470310519249538e+03,8.468038167673802e+03,5.882352941176471e-01,14653225
8.470925389963270e+03,8.465822314177135e+03,1.176470588235294e+00,14653221
8.472283798275099e+03,8.470157494399052e+03,5.882352941176471e-01,14653226
8.472690095845623e+03,8.470727665535955e+03,5.882352941176470e-01,14653228
8.472690095845623e+03,8.466523178437202e+03,1.764705882352941e+00,14653222
8.474180286135680e+03,8.471727490932428e+03,5.882352941176471e-01,14653229
8.474454801727976e+03,8.467315051023704e+03,1.176470588235294e+00,14653223
8.477984213492682e+03,8.472547362231555e+03,1.764705882352941e+00,14653231
8.481143276764101e+03,8.479378570881748e+03,5.882352941176471e-01,14653234
8.484348432231750e+03,8.478691384680267e+03,1.764705882352941e+00,14653232
8.484774182235102e+03,8.483009476352749e+03,5.882352941176471e-01,14653239
8.486538888117455e+03,8.481355743069016e+03,1.176470588235294e+00,14653237
8.487736364667202e+03,8.481037592518598e+03,1.764705882352941e+00,14653236
8.487736364667202e+03,8.480053881383129e+03,1.764705882352941e+00,14653235
8.489101911699640e+03,8.485484039367600e+03,5.882352941176471e-01,14653241
8.490866617581993e+03,8.488937994434060e+03,5.882352941176471e-01,14653244
8.490866617581993e+03,8.489015679183081e+03,5.882352941176471e-01,14653245
8.492631323464345e+03,8.488870947985873e+03,1.176470588235294e+00,14653243
8.494396029346698e+03,8.485908697825568e+03,1.764705882352941e+00,14653242
8.494396029346698e+03,8.485001657331874e+03,1.764705882352941e+00,14653240
8.497925441111404e+03,8.491494278880732e+03,1.764705882352941e+00,14653246
8.499690146993757e+03,8.497854608089023e+03,5.882352941176471e-01,14653249
8.500116898947958e+03,8.494822781300899e+03,1.764705882352941e+00,14653247
8.502338938804448e+03,8.497044821157389e+03,1.764705882352941e+00,14653248
8.503222655433164e+03,8.501457949550811e+03,5.882352941176471e-01,14653250
8.504545503001159e+03,8.501561240080034e+03,5.882352941176471e-01,14653252
8.506310208883512e+03,8.503969644266118e+03,5.882352941176471e-01,14653254
8.506787853535779e+03,8.501493735888721e+03,1.764705882352941e+00,14653251
8.509839620648218e+03,8.507111127432491e+03,5.882352941176471e-01,14653260
8.512964680625904e+03,8.504241726293260e+03,1.764705882352941e+00,14653255
8.512964680625904e+03,8.501993233726653e+03,1.764705882352941e+00,14653253
8.514214382419587e+03,8.506760304670323e+03,1.764705882352941e+00,14653259
8.515700774072751e+03,8.513936068190398e+03,5.882352941176471e-01,14653262
8.516643080473882e+03,8.514878374591529e+03,5.882352941176471e-01,14653264
8.519308912451067e+03,8.517544206568715e+03,5.882352941176471e-01,14653267
8.519819662583692e+03,8.514525544936633e+03,1.764705882352941e+00,14653263
8.521858471507330e+03,8.515114375369507e+03,1.764705882352941e+00,14653265
8.522838324215773e+03,8.516523020103414e+03,1.764705882352941e+00,14653266
8.524812596751680e+03,8.522061645199183e+03,5.882352941176471e-01,14653270
8.525113780230751e+03,8.523257457522880e+03,5.882352941176471e-01,14653272
8.525387883272036e+03,8.519781404038815e+03,1.764705882352941e+00,14653268
8.528643191995456e+03,8.521487157914813e+03,1.764705882352941e+00,14653269
8.530106714398738e+03,8.524371502239948e+03,1.764705882352941e+00,14653273
8.530200382620204e+03,8.527970811288256e+03,5.882352941176471e-01,14653275
8.530407897877809e+03,8.528490532314984e+03,5.882352941176471e-01,14653277
8.533729794384910e+03,8.526616115278366e+03,1.764705882352941e+00,14653274
8.534394251431852e+03,8.532329971473818e+03,5.882352941176471e-01,14653280
8.535400832045797e+03,8.529103947818105e+03,1.764705882352941e+00,14653278
8.537259206149616e+03,8.530864839667146e+03,1.764705882352941e+00,14653279
8.537585931068528e+03,8.535821225186175e+03,5.882352941176471e-01,14653282
8.537923663196558e+03,8.533971246635551e+03,1.176470588235294e+00,14653281
8.542078734116323e+03,8.538549322351618e+03,1.176470588235294e+00,14653283
8.546233071319455e+03,8.544468365437102e+03,5.882352941176471e-01,14653285
8.548385626998075e+03,8.546620921115722e+03,5.882352941176471e-01,14653287
8.549149208259729e+03,8.543855090612671e+03,1.764705882352941e+00,14653284
8.549253819256423e+03,8.547372337289676e+03,5.882352941176471e-01,14653288
8.551915038762781e+03,8.545724407491717e+03,1.764705882352941e+00,14653286
8.553463279505791e+03,8.551698573623438e+03,5.882352941176471e-01,14653290
8.554347965704076e+03,8.552583259821723e+03,5.882352941176471e-01,14653291
8.554443325906788e+03,8.548848277705800e+03,1.764705882352941e+00,14653289
8.556340652317301e+03,8.554575946434948e+03,5.882352941176471e-01,14653296
8.557656205919210e+03,8.555295188251295e+03,5.882352941176471e-01,14653297
8.559533199871674e+03,8.557444631497678e+03,5.882352941176471e-01,14653298
8.559645487941785e+03,8.552651628939734e+03,1.764705882352941e+00,14653293
8.559645487941785e+03,8.552621002328450e+03,1.764705882352941e+00,14653292
8.561382121806610e+03,8.558014324686607e+03,5.882352941176471e-01,14653300
8.561382121806610e+03,8.558230345318976e+03,5.882352941176471e-01,14653301
8.561382121806610e+03,8.558474454628815e+03,5.882352941176471e-01,14653302
8.563146827688963e+03,8.560847044632684e+03,5.882352941176471e-01,14653305
8.564911533571316e+03,8.562826921595390e+03,5.882352941176471e-01,14653308
8.564911533571316e+03,8.562376056225302e+03,5.882352941176471e-01,14653307
8.566676239453669e+03,8.563902887984490e+03,5.882352941176471e-01,14653311
8.566676239453669e+03,8.563886750107881e+03,5.882352941176471e-01,14653310
8.568056446203996e+03,8.560647801858388e+03,1.176470588235294e+00,14653304
8.569821152086349e+03,8.563702474851383e+03,1.764705882352941e+00,14653309
8.569821152086349e+03,8.561993330292886e+03,1.764705882352941e+00,14653306
8.571752775051614e+03,8.568915194329508e+03,5.882352941176471e-01,14653318
8.572142128984769e+03,8.570154986252174e+03,5.882352941176471e-01,14653321
8.573517480933967e+03,8.571348173236354e+03,5.882352941176471e-01,14653322
8.575476863782898e+03,8.568751784974080e+03,1.764705882352941e+00,14653317
8.575476863782898e+03,8.566961606051391e+03,1.764705882352941e+00,14653312
8.577046892698673e+03,8.573633968539177e+03,5.882352941176471e-01,14653324
8.578811598581026e+03,8.576813546911806e+03,5.882352941176471e-01,14653326
8.579006275547603e+03,8.572779419018877e+03,1.764705882352941e+00,14653323
8.580361911290136e+03,8.578076000524716e+03,5.882352941176471e-01,14653328
8.582126617172489e+03,8.580212153171053e+03,5.882352941176471e-01,14653331
8.583891323054842e+03,8.581630240963030e+03,5.882352941176471e-01,14653335
8.583891323054842e+03,8.580781357436526e+03,5.882352941176471e-01,14653334
8.585901471021087e+03,8.576403713178943e+03,1.176470588235294e+00,14653325
8.585901471021087e+03,8.578976191318660e+03,1.176470588235294e+00,14653330
8.587666176903440e+03,8.582505226493279e+03,1.176470588235294e+00,14653336
8.587666176903440e+03,8.584393612195047e+03,5.882352941176470e-01,14653337
8.587666176903440e+03,8.577774523631139e+03,1.764705882352941e+00,14653327
8.589748090166227e+03,8.587983384283874e+03,5.882352941176471e-01,14653339
8.592960294550499e+03,8.587482984990204e+03,1.764705882352941e+00,14653338
8.593383968175574e+03,8.591619262293221e+03,5.882352941176471e-01,14653340
8.594418591588190e+03,8.592653885705837e+03,5.882352941176471e-01,14653341
8.594725000432852e+03,8.592746939405149e+03,5.882352941176471e-01,14653342
8.595148674057927e+03,8.593031982982460e+03,5.882352941176471e-01,14653343
8.597174502689274e+03,8.595409796806921e+03,5.882352941176471e-01,14653346
8.598280247239133e+03,8.596515541356780e+03,5.882352941176471e-01,14653348
8.598939208571627e+03,8.596628324944741e+03,5.882352941176471e-01,14653349
8.600703914453980e+03,8.595888892134395e+03,1.176470588235294e+00,14653347
8.601630619539933e+03,8.594370337434460e+03,1.764705882352941e+00,14653345
8.601630619539933e+03,8.593742258950001e+03,1.764705882352941e+00,14653344
8.604928355033150e+03,8.602252882166371e+03,5.882352941176471e-01,14653354
8.606693060915503e+03,8.602418380664260e+03,1.176470588235294e+00,14653355
8.606693060915503e+03,8.604353666126052e+03,5.882352941176471e-01,14653356
8.607486405565673e+03,8.599186196452140e+03,1.764705882352941e+00,14653350
8.610069539748957e+03,8.608304833866605e+03,5.882352941176471e-01,14653359
8.611910712096936e+03,8.608670742565392e+03,5.882352941176471e-01,14653360
8.611987178562562e+03,8.606269261646491e+03,1.764705882352941e+00,14653358
8.611987178562562e+03,8.605531286120212e+03,1.764705882352941e+00,14653357
8.613713651212102e+03,8.610318332726918e+03,5.882352941176471e-01,14653363
8.613713651212102e+03,8.610258696885883e+03,5.882352941176471e-01,14653362
8.613851042376882e+03,8.612086336494529e+03,5.882352941176471e-01,14653364
8.619655677765968e+03,8.617890971883615e+03,5.882352941176471e-01,14653366
8.621024514099647e+03,8.619259808217294e+03,5.882352941176471e-01,14653367
8.621293631471325e+03,8.619412028443114e+03,5.882352941176471e-01,14653368
8.622897345855511e+03,8.620979349258768e+03,5.882352941176471e-01,14653369
8.623058337353678e+03,8.621240765846670e+03,5.882352941176471e-01,14653371
8.623185089530674e+03,8.617764219706619e+03,1.764705882352941e+00,14653365
8.624662051737864e+03,8.622636847754558e+03,5.882352941176471e-01,14653372
8.625887095004596e+03,8.624122389122243e+03,5.882352941176471e-01,14653374
8.627207416608152e+03,8.623678004843447e+03,1.176470588235294e+00,14653373
8.628793058959129e+03,8.627028353076776e+03,5.882352941176471e-01,14653375
8.629383944171466e+03,8.627619238289113e+03,5.882352941176471e-01,14653376
8.629465853090035e+03,8.627701147207682e+03,5.882352941176471e-01,14653377
8.632322470723835e+03,8.628123311288307e+03,1.176470588235294e+00,14653378
8.634830392786512e+03,8.629536275139454e+03,1.764705882352941e+00,14653379
8.635131478793513e+03,8.629837361146454e+03,1.764705882352941e+00,14653380
8.637437545030897e+03,8.633908133266191e+03,1.176470588235294e+00,14653381
8.639334632324270e+03,8.637569926441917e+03,5.882352941176471e-01,14653382
8.642196451300177e+03,8.640431745417824e+03,5.882352941176471e-01,14653385
8.643143589282351e+03,8.641251019766030e+03,5.882352941176471e-01,14653387
8.645725863064883e+03,8.643634572069686e+03,5.882352941176471e-01,14653389
8.646836661976169e+03,8.639726472601111e+03,1.764705882352941e+00,14653384
8.646836661976169e+03,8.639501882434180e+03,1.764705882352941e+00,14653383
8.648601367858522e+03,8.646298491774005e+03,5.882352941176471e-01,14653391
8.650366073740875e+03,8.644386194334681e+03,1.176470588235294e+00,14653390
8.650366073740875e+03,8.642120068724846e+03,1.764705882352941e+00,14653388
8.651019980711941e+03,8.649181580484161e+03,5.882352941176471e-01,14653393
8.652130779623228e+03,8.647247805518468e+03,1.176470588235294e+00,14653392
8.653195743118138e+03,8.651431037235785e+03,5.882352941176471e-01,14653394
8.653369617495247e+03,8.651604911612894e+03,5.882352941176471e-01,14653395
8.653916039405987e+03,8.652151333523634e+03,5.882352941176471e-01,14653396
8.654960449000491e+03,8.653071156130282e+03,5.882352941176471e-01,14653397
8.658433764791255e+03,8.656669058908902e+03,5.882352941176471e-01,14653398
8.658859644648329e+03,8.657094938765976e+03,5.882352941176471e-01,14653399
8.661665038895506e+03,8.659900333013153e+03,5.882352941176471e-01,14653401
8.663890035283640e+03,8.662125329401287e+03,5.882352941176471e-01,14653402
8.664451481866304e+03,8.662686775983951e+03,5.882352941176471e-01,14653403
8.664598887027956e+03,8.659304769380897e+03,1.764705882352941e+00,14653400
8.666545453219105e+03,8.664780747336752e+03,5.882352941176471e-01,14653406
8.668309277539861e+03,8.666289203765725e+03,5.882352941176471e-01,14653407
8.669184152930699e+03,8.662964033494776e+03,1.764705882352941e+00,14653404
8.670074864983811e+03,8.664779865775155e+03,1.764705882352941e+00,14653405
8.671838689304567e+03,8.667622422048440e+03,1.176470588235294e+00,14653408
8.674605800822204e+03,8.672588037650210e+03,5.882352941176471e-01,14653415
8.674605800822204e+03,8.672392123585641e+03,5.882352941176471e-01,14653414
8.675737057256655e+03,8.673111880371088e+03,5.882352941176471e-01,14653416
8.676370506704557e+03,8.674490748852456e+03,5.882352941176471e-01,14653417
8.679617828285923e+03,8.671253957564472e+03,1.764705882352941e+00,14653410
8.679617828285923e+03,8.670898820550524e+03,1.764705882352941e+00,14653409
8.680112739571380e+03,8.674818621924321e+03,1.764705882352941e+00,14653418
8.683882424697366e+03,8.682117718815013e+03,5.882352941176471e-01,14653422
8.684911945932982e+03,8.678779450510089e+03,1.764705882352941e+00,14653420
8.684911945932982e+03,8.676754542933224e+03,1.764705882352941e+00,14653419
8.686333478070130e+03,8.682243424356451e+03,5.882352941176471e-01,14653423
8.686333478070130e+03,8.682420348400424e+03,5.882352941176471e-01,14653425
8.688098183952483e+03,8.685164220308252e+03,5.882352941176471e-01,14653427
8.688098183952483e+03,8.686159763661108e+03,5.882352941176471e-01,14653428
8.689743226490944e+03,8.680233349588769e+03,1.176470588235294e+00,14653421
8.690151277129257e+03,8.688386571246904e+03,5.882352941176471e-01,14653430
8.691567764045243e+03,8.689630384845340e+03,5.882352941176471e-01,14653432
8.693333353266582e+03,8.682273482959523e+03,1.176470588235294e+00,14653424
8.693680688893963e+03,8.691857918017636e+03,5.882352941176471e-01,14653435
8.695097617479442e+03,8.692327414969156e+03,5.882352941176471e-01,14653436
8.695604145337625e+03,8.693839439455272e+03,5.882352941176471e-01,14653438
8.698840605532912e+03,8.686931102290829e+03,1.764705882352941e+00,14653429
8.698840605532912e+03,8.688984077678494e+03,1.764705882352941e+00,14653431
8.698840605532912e+03,8.690123121401291e+03,1.764705882352941e+00,14653433
8.701159762177023e+03,8.695971647085615e+03,5.882352941176471e-01,14653439
8.701159762177023e+03,8.696104611918205e+03,5.882352941176471e-01,14653440
8.701159762177023e+03,8.696256355874458e+03,5.882352941176471e-01,14653441
8.702924468059376e+03,8.700956389246889e+03,5.882352941176471e-01,14653446
8.702924468059376e+03,8.699949507056429e+03,5.882352941176471e-01,14653445
8.704689173941729e+03,8.692549589414511e+03,1.764705882352941e+00,14653437
8.704968869643345e+03,8.703204163760992e+03,5.882352941176471e-01,14653448
8.708218585706435e+03,8.702428660198826e+03,1.764705882352941e+00,14653447
8.709963306845129e+03,8.707304563737900e+03,5.882352941176471e-01,14653452
8.709983291588788e+03,8.703830242229829e+03,1.764705882352941e+00,14653449
8.711740003573677e+03,8.708282759095449e+03,5.882352941176471e-01,14653454
8.711740003573677e+03,8.708372155954352e+03,5.882352941176471e-01,14653455
8.711740003573677e+03,8.708746911987309e+03,5.882352941176471e-01,14653456
8.713504709456030e+03,8.706961568932111e+03,1.176470588235294e+00,14653451
8.715269415338383e+03,8.706393925593106e+03,1.764705882352941e+00,14653450
8.717034121220736e+03,8.711063882173364e+03,1.764705882352941e+00,14653459
8.719176686250067e+03,8.717411980367714e+03,5.882352941176471e-01,14653461
8.719299616488335e+03,8.714005498841276e+03,1.764705882352941e+00,14653460
8.720513435151257e+03,8.718748729268905e+03,5.882352941176471e-01,14653462
8.722783419609883e+03,8.721018713727530e+03,5.882352941176471e-01,14653465
8.724749966668439e+03,8.721989381012612e+03,5.882352941176471e-01,14653467
8.724951807844641e+03,8.719657690197583e+03,1.764705882352941e+00,14653463
8.726615593138893e+03,8.724649890168318e+03,5.882352941176471e-01,14653470
8.727238638760101e+03,8.720015635780161e+03,1.764705882352941e+00,14653464
8.730145004903599e+03,8.723873406445923e+03,1.764705882352941e+00,14653469
8.731294280729704e+03,8.729529574847351e+03,5.882352941176471e-01,14653472
8.732861643790932e+03,8.729332232026226e+03,1.176470588235294e+00,14653471
8.735439122550658e+03,8.729975870977089e+03,1.764705882352941e+00,14653473
8.736175484909195e+03,8.734410779026842e+03,5.882352941176471e-01,14653474
8.736196400507527e+03,8.734431694625174e+03,5.882352941176471e-01,14653475
8.737572009612279e+03,8.735221775697855e+03,5.882352941176471e-01,14653477
8.737572009612279e+03,8.735135118510307e+03,5.882352941176471e-01,14653476
8.739025457741326e+03,8.737260751858973e+03,5.882352941176471e-01,14653478
8.739336715494632e+03,8.737312941262962e+03,5.882352941176471e-01,14653479
8.741151011195201e+03,8.739386305312848e+03,5.882352941176471e-01,14653481
8.744518977753214e+03,8.739224860106155e+03,1.764705882352941e+00,14653480
8.745250234190181e+03,8.739956116543122e+03,1.764705882352941e+00,14653482
8.746420091694552e+03,8.743952211605959e+03,5.882352941176471e-01,14653485
8.746420091694552e+03,8.743875564947934e+03,5.882352941176471e-01,14653484
8.747014940072534e+03,8.744990656750330e+03,5.882352941176471e-01,14653486
8.749949503459258e+03,8.743027087988832e+03,1.764705882352941e+00,14653483
8.750474864560578e+03,8.748710158678225e+03,5.882352941176471e-01,14653488
8.751856551102473e+03,8.750091845220120e+03,5.882352941176471e-01,14653490
8.753384384671350e+03,8.750646735256950e+03,5.882352941176471e-01,14653491
8.753861934564422e+03,8.748090267024291e+03,1.764705882352941e+00,14653487
8.755172719965493e+03,8.752340065816744e+03,5.882352941176471e-01,14653493
8.755473926448545e+03,8.753431643494930e+03,5.882352941176471e-01,14653495
8.757303382747762e+03,8.749157200764092e+03,1.764705882352941e+00,14653489
8.758702131730199e+03,8.751944514683839e+03,1.764705882352941e+00,14653492
8.762272585632763e+03,8.760016229791122e+03,5.882352941176471e-01,14653499
8.762751825701293e+03,8.757457708054234e+03,1.764705882352941e+00,14653496
8.763289960960596e+03,8.757995843313537e+03,1.764705882352941e+00,14653497
8.767886196658842e+03,8.766099469583939e+03,5.882352941176471e-01,14653505
8.768351451291384e+03,8.761022424413767e+03,1.764705882352941e+00,14653500
8.768351451291384e+03,8.758743173868057e+03,1.764705882352941e+00,14653498
8.770636523280478e+03,8.762877545952272e+03,1.176470588235294e+00,14653503
8.771415608423548e+03,8.769438755753578e+03,5.882352941176471e-01,14653508
8.771927435304800e+03,8.770117638361078e+03,5.882352941176471e-01,14653509
8.772401229162831e+03,8.770180519525739e+03,5.882352941176471e-01,14653510
8.775200933628880e+03,8.768398023540095e+03,1.764705882352941e+00,14653507
8.775200933628880e+03,8.766220204189618e+03,1.764705882352941e+00,14653506
8.776965639511233e+03,8.772283007801613e+03,1.176470588235294e+00,14653511
8.779546347215656e+03,8.777781641333304e+03,5.882352941176471e-01,14653514
8.779977551984091e+03,8.774351842744513e+03,1.764705882352941e+00,14653513
8.783017969920021e+03,8.781253264037668e+03,5.882352941176471e-01,14653516
8.783180313345874e+03,8.777886195698815e+03,1.764705882352941e+00,14653515
8.783981313745694e+03,8.782216607863341e+03,5.882352941176471e-01,14653517
8.786547381684726e+03,8.782284389337542e+03,1.176470588235294e+00,14653518
8.787315492754603e+03,8.785550786872250e+03,5.882352941176471e-01,14653521
8.790732162841036e+03,8.783673339311624e+03,1.764705882352941e+00,14653519
8.792063416113157e+03,8.786471697139264e+03,1.764705882352941e+00,14653522
8.792063416113157e+03,8.785226509365118e+03,1.764705882352941e+00,14653520
8.794892957897134e+03,8.792725056419902e+03,5.882352941176471e-01,14653527
8.795592827877863e+03,8.786951486371210e+03,1.764705882352941e+00,14653523
8.796818073565009e+03,8.794232863581138e+03,5.882352941176471e-01,14653530
8.797357533760216e+03,8.795273848779205e+03,5.882352941176471e-01,14653533
8.797357533760216e+03,8.795213777468179e+03,5.882352941176471e-01,14653532
8.801234106877223e+03,8.788946933460744e+03,1.764705882352941e+00,14653524
8.804510273645215e+03,8.796374396169070e+03,1.764705882352941e+00,14653534
8.804510273645215e+03,8.797259679390918e+03,1.764705882352941e+00,14653536
8.804510273645215e+03,8.797878275788667e+03,1.764705882352941e+00,14653537
8.808878349004514e+03,8.807113643122161e+03,5.882352941176471e-01,14653539
8.810133331311156e+03,8.808368625428803e+03,5.882352941176471e-01,14653540
8.811532318664453e+03,8.809767612782100e+03,5.882352941176471e-01,14653541
8.815914742536287e+03,8.810620624889229e+03,1.764705882352941e+00,14653542
8.817431109811328e+03,8.815666403928975e+03,5.882352941176471e-01,14653543
8.818307446893677e+03,8.816542741011324e+03,5.882352941176471e-01,14653545
8.819308080455242e+03,8.817543374572889e+03,5.882352941176471e-01,14653546
8.820031356147466e+03,8.818172974085312e+03,5.882352941176471e-01,14653548
8.820031356147466e+03,8.817853455236933e+03,5.882352941176471e-01,14653547
8.821434424183707e+03,8.818983946484961e+03,5.882352941176471e-01,14653550
8.821796062029819e+03,8.816461147754196e+03,1.176470588235294e+00,14653544
8.823199130066060e+03,8.818427250104249e+03,1.176470588235294e+00,14653549
8.823823180660984e+03,8.822058474778631e+03,5.882352941176471e-01,14653552
8.825190353834746e+03,8.822453253288730e+03,5.882352941176471e-01,14653554
8.825190353834746e+03,8.822371761746950e+03,5.882352941176471e-01,14653553
8.826955059717099e+03,8.824553092221834e+03,5.882352941176471e-01,14653558
8.828719765599452e+03,8.824487969396150e+03,1.176470588235294e+00,14653557
8.829967082078715e+03,8.823749809200473e+03,1.764705882352941e+00,14653555
8.829967082078715e+03,8.821887459956373e+03,1.764705882352941e+00,14653551
8.831819925429286e+03,8.830055219546933e+03,5.882352941176471e-01,14653560
8.833681790699583e+03,8.831917084817230e+03,5.882352941176471e-01,14653562
8.834197135007330e+03,8.828903017360271e+03,1.764705882352941e+00,14653559
8.836077911219328e+03,8.830783793572269e+03,1.764705882352941e+00,14653561
8.837208133924248e+03,8.835443428041895e+03,5.882352941176471e-01,14653563
8.837436522399638e+03,8.835671816517285e+03,5.882352941176471e-01,14653564
8.838322887395729e+03,8.836558181513376e+03,5.882352941176471e-01,14653565
8.840090905802930e+03,8.838326199920577e+03,5.882352941176471e-01,14653566
8.841197079019106e+03,8.839432373136753e+03,5.882352941176471e-01,14653567
8.841413050162711e+03,8.839648344280358e+03,5.882352941176471e-01,14653568
8.842253495236601e+03,8.840488789354248e+03,5.882352941176471e-01,14653569
8.842961784901459e+03,8.840942950557821e+03,5.882352941176471e-01,14653570
8.845243894785973e+03,8.843479188903620e+03,5.882352941176471e-01,14653573
8.846924600822892e+03,8.841630483175833e+03,1.764705882352941e+00,14653571
8.847008600668326e+03,8.844559271543294e+03,5.882352941176471e-01,14653575
8.847854981228726e+03,8.845315391265048e+03,5.882352941176471e-01,14653576
8.848689306705245e+03,8.846259473594369e+03,5.882352941176471e-01,14653578
8.849033823064681e+03,8.842391665333671e+03,1.176470588235294e+00,14653572
8.849855404511161e+03,8.847529633696331e+03,5.882352941176471e-01,14653579
8.850626270767316e+03,8.848333413282580e+03,5.882352941176471e-01,14653582
8.852558432067306e+03,8.850793726184953e+03,5.882352941176471e-01,14653584
8.854033920665386e+03,8.851834591683399e+03,5.882352941176471e-01,14653585
8.854155682532022e+03,8.848326416028890e+03,1.764705882352941e+00,14653581
8.856087843832012e+03,8.850504508900680e+03,1.764705882352941e+00,14653583
8.856498470634655e+03,8.854733764752302e+03,5.882352941176471e-01,14653587
8.859730978726151e+03,8.854436861079092e+03,1.764705882352941e+00,14653586
8.860475334591154e+03,8.858710628708801e+03,5.882352941176471e-01,14653588
8.861884930746756e+03,8.860120224864403e+03,5.882352941176471e-01,14653589
8.863554786168945e+03,8.861790080286592e+03,5.882352941176471e-01,14653590
8.864367450605053e+03,8.862602744722700e+03,5.882352941176471e-01,14653591
8.864972051165252e+03,8.863207345282899e+03,5.882352941176471e-01,14653592
8.865413134043315e+03,8.863648428160962e+03,5.882352941176471e-01,14653593
8.868120360414333e+03,8.864590948649628e+03,1.176470588235294e+00,14653594
8.870627559447831e+03,8.868862853565478e+03,5.882352941176471e-01,14653597
8.871040260916309e+03,8.867510849151603e+03,1.176470588235294e+00,14653596
8.871375263818449e+03,8.866081146171390e+03,1.764705882352941e+00,14653595
8.872629489377118e+03,8.870864783494765e+03,5.882352941176471e-01,14653598
8.874417837025280e+03,8.872653131142927e+03,5.882352941176471e-01,14653599
8.875886085833897e+03,8.874121379951544e+03,5.882352941176471e-01,14653601
8.877848429765407e+03,8.874780634425699e+03,5.882352941176471e-01,14653604
8.879613135647760e+03,8.877030199123464e+03,5.882352941176471e-01,14653607
8.879905521372769e+03,8.872846697843357e+03,1.764705882352941e+00,14653600
8.881572765346786e+03,8.874352480431509e+03,1.764705882352941e+00,14653602
8.885102177111491e+03,8.878898342061185e+03,1.764705882352941e+00,14653608
8.885199639019828e+03,8.879720807043111e+03,1.764705882352941e+00,14653609
8.886671959177172e+03,8.880783089028760e+03,1.764705882352941e+00,14653610
8.888829434481999e+03,8.887064728599646e+03,5.882352941176471e-01,14653612
8.890084884166468e+03,8.888320178284115e+03,5.882352941176471e-01,14653613
8.890396294758550e+03,8.884736469074843e+03,1.764705882352941e+00,14653611
8.891849590048821e+03,8.890005878490999e+03,5.882352941176471e-01,14653615
8.892554378335803e+03,8.890789672453450e+03,5.882352941176471e-01,14653617
8.894245805108290e+03,8.892190720708573e+03,5.882352941176471e-01,14653619
8.895432549408762e+03,8.892819237715425e+03,5.882352941176471e-01,14653620
8.895985086288901e+03,8.888979810354724e+03,1.764705882352941e+00,14653614
8.896603883140879e+03,8.890716393343584e+03,1.176470588235294e+00,14653616
8.898368589023232e+03,8.891903137644056e+03,1.764705882352941e+00,14653618
8.902331766270243e+03,8.900567060387890e+03,5.882352941176471e-01,14653622
8.902608754169088e+03,8.900844048286735e+03,5.882352941176471e-01,14653623
8.902725008375252e+03,8.897430890728193e+03,1.764705882352941e+00,14653621
8.905103571795244e+03,8.903338865912891e+03,5.882352941176471e-01,14653624
8.905953707233395e+03,8.904189001351042e+03,5.882352941176471e-01,14653626
8.907926122188630e+03,8.906161416306277e+03,5.882352941176471e-01,14653628
8.908632983559950e+03,8.906383351619615e+03,5.882352941176471e-01,14653629
8.908990334627400e+03,8.903696216980341e+03,1.764705882352941e+00,14653625
8.909690828070983e+03,8.905019295079878e+03,1.176470588235294e+00,14653627
8.910735847156454e+03,8.908971141274101e+03,5.882352941176471e-01,14653630
8.912089158024299e+03,8.910324452141946e+03,5.882352941176471e-01,14653631
8.912933738535485e+03,8.911169032653132e+03,5.882352941176471e-01,14653632
8.916888819777454e+03,8.911594702130395e+03,1.764705882352941e+00,14653633
8.917476853533521e+03,8.912182735886462e+03,1.764705882352941e+00,14653634
8.918663274989327e+03,8.916898569106974e+03,5.882352941176471e-01,14653638
8.919612186075625e+03,8.912690452301059e+03,1.176470588235294e+00,14653635
8.921372456513628e+03,8.915583897473101e+03,1.176470588235294e+00,14653637
8.921376891957978e+03,8.914298030928355e+03,1.764705882352941e+00,14653636
8.923243258627334e+03,8.921478552744981e+03,5.882352941176471e-01,14653640
8.923483826792583e+03,8.921719120910230e+03,5.882352941176471e-01,14653641
8.923961828080736e+03,8.918667710433677e+03,1.764705882352941e+00,14653639
8.925168343286519e+03,8.922219092687305e+03,5.882352941176471e-01,14653643
8.925168343286519e+03,8.921804423637840e+03,5.882352941176471e-01,14653642
8.927045969594826e+03,8.925281263712473e+03,5.882352941176471e-01,14653646
8.928526990173680e+03,8.924997578408974e+03,1.176470588235294e+00,14653645
8.929173442235596e+03,8.927408736353243e+03,5.882352941176471e-01,14653648
8.930614922086991e+03,8.928383135645561e+03,5.882352941176471e-01,14653650
8.931015193964958e+03,8.925721076317900e+03,1.764705882352941e+00,14653647
8.932379627969344e+03,8.929987114842553e+03,5.882352941176471e-01,14653652
8.934544605729664e+03,8.927794592741730e+03,1.764705882352941e+00,14653649
8.935909039734050e+03,8.934138843738236e+03,5.882352941176471e-01,14653655
8.937673745616403e+03,8.929742926158205e+03,1.764705882352941e+00,14653651
8.938756234496563e+03,8.932522757081357e+03,1.764705882352941e+00,14653654
8.938756234496563e+03,8.931363261710790e+03,1.764705882352941e+00,14653653
8.940160110752196e+03,8.937379642486358e+03,5.882352941176471e-01,14653658
8.941924816634549e+03,8.936273259889109e+03,1.176470588235294e+00,14653656
8.941924816634549e+03,8.939678147590808e+03,5.882352941176471e-01,14653659
8.943689522516902e+03,8.937114916603772e+03,1.764705882352941e+00,14653657
8.945617315666157e+03,8.943852609783804e+03,5.882352941176471e-01,14653661
8.947439158416097e+03,8.945674452533744e+03,5.882352941176471e-01,14653662
8.947994801170761e+03,8.942700683523703e+03,1.764705882352941e+00,14653660
8.951220174437779e+03,8.949455468555426e+03,5.882352941176471e-01,14653664
8.951346473745058e+03,8.949581767862705e+03,5.882352941176471e-01,14653665
8.951404284850138e+03,8.946110167203079e+03,1.764705882352941e+00,14653663
8.955048074099610e+03,8.952231813608632e+03,5.882352941176471e-01,14653669
8.958186959744633e+03,8.950742776465871e+03,1.764705882352941e+00,14653666
8.958186959744633e+03,8.951817150232029e+03,1.764705882352941e+00,14653667
8.958186959744633e+03,8.952111789858210e+03,1.764705882352941e+00,14653668
8.959951665626986e+03,8.955825285272668e+03,5.882352941176471e-01,14653672
8.961716371509339e+03,8.952605660505248e+03,1.764705882352941e+00,14653670
8.961748049441786e+03,8.959983343559433e+03,5.882352941176471e-01,14653673
8.963481077391692e+03,8.955148422466246e+03,1.764705882352941e+00,14653671
8.964873679444992e+03,8.963108973562639e+03,5.882352941176471e-01,14653676
8.965245783274045e+03,8.960279701104485e+03,1.176470588235294e+00,14653674
8.965736160300443e+03,8.963971454418090e+03,5.882352941176471e-01,14653677
8.966824437241871e+03,8.964287594131799e+03,5.882352941176471e-01,14653678
8.967737438735703e+03,8.965972732853350e+03,5.882352941176471e-01,14653680
8.968589143124224e+03,8.966587322077505e+03,5.882352941176471e-01,14653682
8.969502144618056e+03,8.964351042253179e+03,1.176470588235294e+00,14653679
8.970907478022838e+03,8.969142772140485e+03,5.882352941176471e-01,14653683
8.971266850500409e+03,8.969164003101226e+03,5.882352941176471e-01,14653684
8.972118554888930e+03,8.966224668458988e+03,1.764705882352941e+00,14653681
8.972910606445085e+03,8.971145900562732e+03,5.882352941176471e-01,14653685
8.973486988003093e+03,8.971722282120740e+03,5.882352941176471e-01,14653686
8.975053078454190e+03,8.973288372571837e+03,5.882352941176471e-01,14653687
8.976526822348889e+03,8.974762116466536e+03,5.882352941176471e-01,14653688
8.982744397379458e+03,8.980979691497105e+03,5.882352941176471e-01,14653691
8.984740800639583e+03,8.979446682992524e+03,1.764705882352941e+00,14653689
8.985328461923667e+03,8.983563756041314e+03,5.882352941176471e-01,14653692
8.985818057107937e+03,8.980523939460878e+03,1.764705882352941e+00,14653690
8.988191101156303e+03,8.986426395273950e+03,5.882352941176471e-01,14653693
8.995248331822905e+03,8.989954214175846e+03,1.764705882352941e+00,14653694
8.995743468489838e+03,8.990449350842779e+03,1.764705882352941e+00,14653695
8.996172246717592e+03,8.990878129070533e+03,1.764705882352941e+00,14653696
8.997343128816547e+03,8.994357521575996e+03,5.882352941176471e-01,14653698
8.997343128816547e+03,8.993555302034004e+03,5.882352941176471e-01,14653697
9.000250688812595e+03,8.998485982930242e+03,5.882352941176471e-01,14653700
9.004556119960194e+03,9.002791414077841e+03,5.882352941176471e-01,14653701
9.005269660522432e+03,9.003504954640079e+03,5.882352941176471e-01,14653702
9.005895115096155e+03,9.004130409213802e+03,5.882352941176471e-01,14653703
9.007347093691646e+03,9.005256559135081e+03,5.882352941176471e-01,14653708
9.010072758862566e+03,9.004183491342686e+03,1.764705882352941e+00,14653704
9.010876505456352e+03,9.004889901843164e+03,1.764705882352941e+00,14653707
9.013324183458049e+03,9.011559477575697e+03,5.882352941176471e-01,14653709
9.017052761406982e+03,9.015288055524629e+03,5.882352941176471e-01,14653710
9.024199683043173e+03,9.022434977160820e+03,5.882352941176471e-01,14653711
9.026909048161665e+03,9.025144342279312e+03,5.882352941176471e-01,14653714
9.028179011969559e+03,9.022884894322500e+03,1.764705882352941e+00,14653712
9.028985566144562e+03,9.023691448497503e+03,1.764705882352941e+00,14653713
9.032359071858996e+03,9.025796078234075e+03,1.764705882352941e+00,14653715
9.033241567231828e+03,9.029480593082332e+03,1.176470588235294e+00,14653718
9.033241567231828e+03,9.027812982646343e+03,1.176470588235294e+00,14653717
9.035006273114181e+03,9.032828475765378e+03,5.882352941176471e-01,14653720
9.035888483623702e+03,9.029915452781368e+03,1.764705882352941e+00,14653719
9.036438638597249e+03,9.034673932714896e+03,5.882352941176471e-01,14653721
9.037653189506055e+03,9.035765745418980e+03,5.882352941176471e-01,14653723
9.040370564376489e+03,9.035076446729430e+03,1.764705882352941e+00,14653722
9.043054747066457e+03,9.041290041184104e+03,5.882352941176471e-01,14653726
9.043813963419754e+03,9.041311008892323e+03,5.882352941176471e-01,14653727
9.044530208387658e+03,9.042313130188895e+03,5.882352941176471e-01,14653728
9.046294914270011e+03,9.044159390123820e+03,5.882352941176471e-01,14653729
9.046963767007812e+03,9.041000796622952e+03,1.764705882352941e+00,14653725
9.046963767007812e+03,9.040284551655048e+03,1.764705882352941e+00,14653724
9.048059620152364e+03,9.045405916556381e+03,5.882352941176471e-01,14653730
9.052311531429443e+03,9.047017413782384e+03,1.764705882352941e+00,14653731
9.055889616027369e+03,9.054124910145016e+03,5.882352941176471e-01,14653733
9.058492707366665e+03,9.053198589719606e+03,1.764705882352941e+00,14653732
9.059114439095565e+03,9.057349733213212e+03,5.882352941176471e-01,14653734
9.060070989769864e+03,9.058306283887511e+03,5.882352941176471e-01,14653735
9.060568042024136e+03,9.058803336141783e+03,5.882352941176471e-01,14653736
9.060879144977918e+03,9.059047460403042e+03,5.882352941176471e-01,14653737
9.062084221779353e+03,9.059887085167141e+03,5.882352941176471e-01,14653739
9.062643850860271e+03,9.060665529977519e+03,5.882352941176471e-01,14653740
9.064408556742623e+03,9.062291020088643e+03,5.882352941176471e-01,14653742
9.065613633544059e+03,9.059450533916567e+03,1.764705882352941e+00,14653738
9.068540506908047e+03,9.066176066305402e+03,5.882352941176471e-01,14653745
9.069079889935651e+03,9.061794251025981e+03,1.764705882352941e+00,14653741
9.069143045308765e+03,9.063822723242543e+03,1.764705882352941e+00,14653743
9.070907751191118e+03,9.064471712115737e+03,1.176470588235294e+00,14653744
9.072069918672753e+03,9.070298943573485e+03,5.882352941176471e-01,14653749
9.072609301700357e+03,9.070613134435203e+03,5.882352941176471e-01,14653750
9.074872645783093e+03,9.068063710097679e+03,1.764705882352941e+00,14653747
9.077364036319812e+03,9.071778716845656e+03,1.764705882352941e+00,14653751
9.077751882084285e+03,9.075987176201932e+03,5.882352941176471e-01,14653753
9.079128742202165e+03,9.075319867854795e+03,1.176470588235294e+00,14653752
9.080910008364281e+03,9.079145302481928e+03,5.882352941176471e-01,14653756
9.082378691384207e+03,9.076865952494139e+03,1.764705882352941e+00,14653754
9.083065654257308e+03,9.077771536610249e+03,1.764705882352941e+00,14653755
9.084143397266560e+03,9.081726052108249e+03,5.882352941176471e-01,14653760
9.085173348026891e+03,9.083408642144539e+03,5.882352941176471e-01,14653761
9.086464752685123e+03,9.079753371568443e+03,1.764705882352941e+00,14653757
9.086957932893681e+03,9.085193227011328e+03,5.882352941176471e-01,14653764
9.088733346261875e+03,9.086968640379522e+03,5.882352941176471e-01,14653766
9.089715839681723e+03,9.083554491443207e+03,1.764705882352941e+00,14653762
9.090920134769767e+03,9.088421948144990e+03,5.882352941176471e-01,14653768
9.091480545564076e+03,9.089577511512954e+03,5.882352941176471e-01,14653770
9.093245251446429e+03,9.091150009446987e+03,5.882352941176471e-01,14653774
9.094611739906798e+03,9.092207120624218e+03,5.882352941176471e-01,14653776
9.095009957328782e+03,9.093009227396770e+03,5.882352941176471e-01,14653778
9.095465647791690e+03,9.093583954630274e+03,5.882352941176471e-01,14653779
9.096774663211135e+03,9.094716724832536e+03,5.882352941176471e-01,14653782
9.097796570039213e+03,9.096031864156860e+03,5.882352941176471e-01,14653783
9.100121686710984e+03,9.087280529619567e+03,1.764705882352941e+00,14653767
9.100121686710984e+03,9.086600748255418e+03,1.764705882352941e+00,14653765
9.101325981803919e+03,9.093716515515910e+03,1.764705882352941e+00,14653780
9.102988696170157e+03,9.101223990287804e+03,5.882352941176471e-01,14653784
9.105618349838272e+03,9.103853643955919e+03,5.882352941176471e-01,14653786
9.107200471413266e+03,9.101906353766207e+03,1.764705882352941e+00,14653785
9.109989755195021e+03,9.108225049312668e+03,5.882352941176471e-01,14653787
9.116239962966083e+03,9.114475257083730e+03,5.882352941176471e-01,14653788
9.116471331775788e+03,9.114706625893435e+03,5.882352941176471e-01,14653789
9.118911815249014e+03,9.117147109366661e+03,5.882352941176471e-01,14653791
9.119634065817477e+03,9.116104654052771e+03,1.176470588235294e+00,14653790
9.119897521534723e+03,9.118132815652370e+03,5.882352941176471e-01,14653792
9.121580634387210e+03,9.119815928504857e+03,5.882352941176471e-01,14653794
9.123454867314852e+03,9.121690161432499e+03,5.882352941176471e-01,14653796
9.124205932896073e+03,9.118630589927675e+03,1.764705882352941e+00,14653793
9.125550769130201e+03,9.123251697096402e+03,5.882352941176471e-01,14653799
9.125550769130201e+03,9.122850778304547e+03,5.882352941176471e-01,14653798
9.127315475012554e+03,9.125481795907774e+03,5.882352941176471e-01,14653801
9.127315475012554e+03,9.125168537754586e+03,5.882352941176471e-01,14653800
9.128216647090035e+03,9.120587847416138e+03,1.764705882352941e+00,14653795
9.129080180894907e+03,9.126443691607202e+03,5.882352941176471e-01,14653802
9.132609592659612e+03,9.126982038799282e+03,1.764705882352941e+00,14653803
9.133510764737094e+03,9.127498701140644e+03,1.764705882352941e+00,14653804
9.135841497168128e+03,9.130547379521069e+03,1.764705882352941e+00,14653805
9.138091328025149e+03,9.134561916260443e+03,1.176470588235294e+00,14653806
9.140135503730817e+03,9.138309610702121e+03,5.882352941176471e-01,14653810
9.143353018161823e+03,9.138013369557907e+03,1.764705882352941e+00,14653808
9.143353018161823e+03,9.136606091966111e+03,1.764705882352941e+00,14653807
9.143664915495523e+03,9.138104431471622e+03,1.764705882352941e+00,14653809
9.145475562239950e+03,9.143710856357598e+03,5.882352941176471e-01,14653813
9.146882429926529e+03,9.144407993587314e+03,5.882352941176471e-01,14653815
9.146882429926529e+03,9.143949089189901e+03,5.882352941176471e-01,14653814
9.147454485231786e+03,9.142918640458909e+03,1.176470588235294e+00,14653811
9.148647135808882e+03,9.145948868745604e+03,5.882352941176471e-01,14653817
9.148647135808882e+03,9.145903996458915e+03,5.882352941176471e-01,14653816
9.149475753116751e+03,9.147711047234398e+03,5.882352941176471e-01,14653818
9.150411841691235e+03,9.148645904114792e+03,5.882352941176471e-01,14653819
9.150975635355999e+03,9.149210929473646e+03,5.882352941176471e-01,14653820
9.152867258411177e+03,9.151102552528824e+03,5.882352941176471e-01,14653821
9.155568427360224e+03,9.153803721477871e+03,5.882352941176471e-01,14653823
9.157314469769934e+03,9.153785058005228e+03,1.176470588235294e+00,14653822
9.158974559118523e+03,9.156095304380750e+03,5.882352941176471e-01,14653826
9.160739265000876e+03,9.156261408376881e+03,1.176470588235294e+00,14653827
9.160739265000876e+03,9.158503867217615e+03,5.882352941176471e-01,14653829
9.161476429345016e+03,9.155235914286288e+03,1.764705882352941e+00,14653824
9.162871497323955e+03,9.161106791441602e+03,5.882352941176471e-01,14653830
9.167367423547785e+03,9.165602717665432e+03,5.882352941176471e-01,14653831
9.168539128156333e+03,9.166774422273980e+03,5.882352941176471e-01,14653832
9.169880039681021e+03,9.168115333798668e+03,5.882352941176471e-01,14653833
9.172320482085411e+03,9.168791070320705e+03,1.176470588235294e+00,14653834
9.172786674909227e+03,9.171021969026874e+03,5.882352941176471e-01,14653835
9.173076727047312e+03,9.171312021164959e+03,5.882352941176471e-01,14653836
9.174174915619697e+03,9.172410209737344e+03,5.882352941176471e-01,14653837
9.175930322206924e+03,9.174165616324571e+03,5.882352941176471e-01,14653839
9.176316086673933e+03,9.172440022505333e+03,1.176470588235294e+00,14653838
9.178018299225504e+03,9.174488887460798e+03,1.176470588235294e+00,14653840
9.178657687358423e+03,9.176892981476070e+03,5.882352941176471e-01,14653841
9.180635398463220e+03,9.178870692580867e+03,5.882352941176471e-01,14653843
9.183426310065270e+03,9.178132192418211e+03,1.764705882352941e+00,14653842
9.183608804772866e+03,9.181844098890513e+03,5.882352941176471e-01,14653844
9.185312679086020e+03,9.183113859571382e+03,5.882352941176471e-01,14653847
9.185312679086020e+03,9.182338056309969e+03,5.882352941176471e-01,14653846
9.185804646311111e+03,9.182275234546405e+03,1.176470588235294e+00,14653845
9.189136434505644e+03,9.187371728623291e+03,5.882352941176471e-01,14653851
9.189527805911664e+03,9.185998394146958e+03,1.176470588235294e+00,14653849
9.190302885925104e+03,9.188445037634531e+03,5.882352941176471e-01,14653852
9.192466428116052e+03,9.189854667907120e+03,5.882352941176471e-01,14653854
9.193057217676370e+03,9.186773474160398e+03,1.764705882352941e+00,14653850
9.194348431810501e+03,9.191706522779689e+03,5.882352941176471e-01,14653858
9.195369633013787e+03,9.192818321552341e+03,5.882352941176471e-01,14653860
9.196793938495045e+03,9.190008269686758e+03,1.176470588235294e+00,14653855
9.198558644377398e+03,9.188736606153533e+03,1.764705882352941e+00,14653853
9.200038173170296e+03,9.197900204204753e+03,5.882352941176471e-01,14653868
9.203668828799557e+03,9.194152636586498e+03,1.764705882352941e+00,14653862
9.203668828799557e+03,9.195822098605045e+03,1.764705882352941e+00,14653863
9.203668828799557e+03,9.196334030939417e+03,1.764705882352941e+00,14653865
9.205433534681910e+03,9.201015332845741e+03,5.882352941176471e-01,14653871
9.205433534681910e+03,9.202894897272965e+03,5.882352941176471e-01,14653872
9.208962946446616e+03,9.196831047503465e+03,1.764705882352941e+00,14653867
9.208962946446616e+03,9.198698370424938e+03,1.764705882352941e+00,14653869
9.208962946446616e+03,9.200717359120996e+03,1.764705882352941e+00,14653870
9.210759473864060e+03,9.205631506238139e+03,5.882352941176471e-01,14653873
9.210759473864060e+03,9.206204690464052e+03,5.882352941176471e-01,14653874
9.212524179746413e+03,9.209013860902762e+03,5.882352941176471e-01,14653881
9.212524179746413e+03,9.210416100314379e+03,5.882352941176471e-01,14653883
9.216053591511119e+03,9.209063588614051e+03,1.764705882352941e+00,14653882
9.216053591511119e+03,9.206242233902337e+03,1.764705882352941e+00,14653875
9.217534602236799e+03,9.213418507587602e+03,5.882352941176471e-01,14653885
9.217534602236799e+03,9.213550027786649e+03,5.882352941176471e-01,14653886
9.217534602236799e+03,9.213711849043099e+03,5.882352941176471e-01,14653887
9.221064014001505e+03,9.213154105002074e+03,1.764705882352941e+00,14653884
9.223758264777773e+03,9.221993558895420e+03,5.882352941176471e-01,14653890
9.224592869892347e+03,9.222828164009994e+03,5.882352941176471e-01,14653891
9.226014628515579e+03,9.220720510868520e+03,1.764705882352941e+00,14653889
9.229499955569106e+03,9.224205837922048e+03,1.764705882352941e+00,14653892
9.232041621826970e+03,9.230276915944617e+03,5.882352941176471e-01,14653893
9.234089435173434e+03,9.232324729291081e+03,5.882352941176471e-01,14653894
9.235869103941019e+03,9.233283234498134e+03,5.882352941176471e-01,14653898
9.237798690432807e+03,9.235734043077607e+03,5.882352941176471e-01,14653903
9.239563396315160e+03,9.237457067217467e+03,5.882352941176471e-01,14653905
9.240057372906424e+03,9.238292667024071e+03,5.882352941176471e-01,14653906
9.241657419925022e+03,9.232788921270157e+03,1.176470588235294e+00,14653896
9.243248391551860e+03,9.236654878678162e+03,1.176470588235294e+00,14653904
9.243422125807375e+03,9.241639269141501e+03,5.882352941176470e-01,14653908
9.243422125807375e+03,9.232354655061545e+03,1.764705882352941e+00,14653895
9.247254234007182e+03,9.243724822242476e+03,1.176470588235294e+00,14653910
9.248542509198918e+03,9.243108818109632e+03,1.764705882352941e+00,14653909
9.250042754772494e+03,9.244748637125435e+03,1.764705882352941e+00,14653911
9.250561240509917e+03,9.248796534627564e+03,5.882352941176471e-01,14653912
9.252588028581364e+03,9.250823322699011e+03,5.882352941176471e-01,14653913
9.254884901537747e+03,9.253120195655394e+03,5.882352941176471e-01,14653916
9.257172976859534e+03,9.251878859212475e+03,1.764705882352941e+00,14653914
9.258414313302453e+03,9.252729076116505e+03,1.764705882352941e+00,14653915
9.258937682741887e+03,9.256441793563885e+03,5.882352941176471e-01,14653918
9.259787899645916e+03,9.254040683618574e+03,1.764705882352941e+00,14653917
9.260440703904523e+03,9.257623582973975e+03,5.882352941176471e-01,14653919
9.261570343184819e+03,9.259805637302466e+03,5.882352941176471e-01,14653921
9.263970115669229e+03,9.258017756443595e+03,1.764705882352941e+00,14653920
9.264862228985640e+03,9.263097523103287e+03,5.882352941176471e-01,14653922
9.266104821850423e+03,9.264340115968070e+03,5.882352941176471e-01,14653923
9.269379697623298e+03,9.267614991740945e+03,5.882352941176471e-01,14653925
9.273723475007470e+03,9.267612120396787e+03,1.764705882352941e+00,14653924
9.274670943926199e+03,9.271556320849539e+03,5.882352941176471e-01,14653931
9.275141846751314e+03,9.273377140868961e+03,5.882352941176471e-01,14653932
9.275488180889823e+03,9.273599609418288e+03,5.882352941176471e-01,14653933
9.276435649808552e+03,9.274496716175705e+03,5.882352941176471e-01,14653934
9.276991582684837e+03,9.268486772409754e+03,1.176470588235294e+00,14653926
9.278886940610859e+03,9.271425138321115e+03,1.176470588235294e+00,14653930
9.279967958189604e+03,9.277508876743599e+03,5.882352941176471e-01,14653937
9.280651646493212e+03,9.270429819411996e+03,1.764705882352941e+00,14653929
9.281732664071957e+03,9.279536721889483e+03,5.882352941176471e-01,14653940
9.283839214106114e+03,9.281603280085504e+03,5.882352941176471e-01,14653943
9.284647704927046e+03,9.275474700043876e+03,1.764705882352941e+00,14653935
9.285603919988467e+03,9.283648918263716e+03,5.882352941176471e-01,14653944
9.287772871281286e+03,9.281351616496905e+03,1.764705882352941e+00,14653942
9.287772871281286e+03,9.280408920377309e+03,1.764705882352941e+00,14653941
9.289464533076534e+03,9.287699827194181e+03,5.882352941176471e-01,14653945
9.291358192700705e+03,9.289080715116700e+03,5.882352941176471e-01,14653949
9.293122898583058e+03,9.290780488655485e+03,5.882352941176471e-01,14653950
9.293983651959506e+03,9.287957734677817e+03,1.764705882352941e+00,14653946
9.294887604465411e+03,9.288571449090659e+03,1.764705882352941e+00,14653948
9.295317981153635e+03,9.292588391158641e+03,5.882352941176471e-01,14653952
9.297269034160807e+03,9.295504328278454e+03,5.882352941176471e-01,14653953
9.298629134774893e+03,9.296864428892540e+03,5.882352941176471e-01,14653954
9.298847392918341e+03,9.292116023601541e+03,1.764705882352941e+00,14653951
9.299033740043160e+03,9.297124000816229e+03,5.882352941176471e-01,14653955
9.300502969728970e+03,9.298106136449354e+03,5.882352941176471e-01,14653957
9.300502969728970e+03,9.297383236347954e+03,5.882352941176471e-01,14653956
9.303234849344345e+03,9.301470143461992e+03,5.882352941176471e-01,14653959
9.304999555226698e+03,9.303216280352121e+03,5.882352941176471e-01,14653961
9.305554944986723e+03,9.300260827339664e+03,1.764705882352941e+00,14653958
9.306032166330057e+03,9.303910164847469e+03,5.882352941176471e-01,14653962
9.307796872212410e+03,9.305601455906552e+03,5.882352941176471e-01,14653964
9.308528966991404e+03,9.302502754565351e+03,1.764705882352941e+00,14653960
9.310293672873757e+03,9.307982984132001e+03,5.882352941176471e-01,14653966
9.310849062633782e+03,9.305404524192161e+03,1.764705882352941e+00,14653963
9.313123101113726e+03,9.311358395231373e+03,5.882352941176471e-01,14653967
9.313153341656293e+03,9.307859224009234e+03,1.764705882352941e+00,14653965
9.315730809345660e+03,9.313966103463307e+03,5.882352941176471e-01,14653969
9.316863999978818e+03,9.311569882331759e+03,1.764705882352941e+00,14653968
9.318497389625062e+03,9.316732683742709e+03,5.882352941176471e-01,14653970
9.318982439801511e+03,9.317217733919158e+03,5.882352941176471e-01,14653971
9.321128158951101e+03,9.317598747186395e+03,1.176470588235294e+00,14653972
9.322738093663457e+03,9.320973387781104e+03,5.882352941176471e-01,14653973
9.325031509527644e+03,9.323266803645291e+03,5.882352941176471e-01,14653975
9.327521071922406e+03,9.322226954275347e+03,1.764705882352941e+00,14653974
9.330693578811291e+03,9.327164167046585e+03,1.176470588235294e+00,14653976
9.333463486543315e+03,9.331698780660962e+03,5.882352941176471e-01,14653977
9.333684135505675e+03,9.331919429623322e+03,5.882352941176471e-01,14653978
9.333992021970718e+03,9.332227316088365e+03,5.882352941176471e-01,14653979
9.340734364584984e+03,9.335440246937925e+03,1.764705882352941e+00,14653980
9.341734884537635e+03,9.338205472772929e+03,1.176470588235294e+00,14653981
9.341874248945389e+03,9.340109543063036e+03,5.882352941176471e-01,14653982
9.342499070467337e+03,9.340337638260481e+03,5.882352941176471e-01,14653983
9.346932997447236e+03,9.343403585682530e+03,1.176470588235294e+00,14653985
9.347628480923299e+03,9.345863775040946e+03,5.882352941176471e-01,14653986
9.347955727888162e+03,9.342661610241104e+03,1.764705882352941e+00,14653984
9.349488153400184e+03,9.347723447517831e+03,5.882352941176471e-01,14653987
9.350690556850549e+03,9.348925850968196e+03,5.882352941176471e-01,14653989
9.351586334698069e+03,9.349821628815716e+03,5.882352941176471e-01,14653990
9.352245607522913e+03,9.350243388646878e+03,5.882352941176471e-01,14653991
9.352478087968281e+03,9.350713382085928e+03,5.882352941176471e-01,14653992
9.353328215345043e+03,9.348716195758207e+03,1.176470588235294e+00,14653988
9.354010919326969e+03,9.352246213444616e+03,5.882352941176471e-01,14653993
9.354739182171564e+03,9.352974476289211e+03,5.882352941176471e-01,14653994
9.356489119894868e+03,9.354724414012515e+03,5.882352941176471e-01,14653995
9.356995362833526e+03,9.355230656951174e+03,5.882352941176471e-01,14653996
9.358417906709383e+03,9.356653200827030e+03,5.882352941176471e-01,14653997
9.358435103316101e+03,9.356670397433748e+03,5.882352941176471e-01,14653998
9.359128344678499e+03,9.357363638796146e+03,5.882352941176471e-01,14653999
9.360182612591736e+03,9.358414315677803e+03,5.882352941176471e-01,14654000
9.360693918609639e+03,9.358929212727286e+03,5.882352941176471e-01,14654001
9.362095024998097e+03,9.360330319115744e+03,5.882352941176471e-01,14654002
9.362307548449521e+03,9.360542842567168e+03,5.882352941176471e-01,14654003
9.364692895646458e+03,9.361163483881752e+03,1.176470588235294e+00,14654004
9.367690147616497e+03,9.364160735851791e+03,1.176470588235294e+00,14654005
9.369578432454968e+03,9.366660950705343e+03,5.882352941176471e-01,14654009
9.370628929356904e+03,9.364891694829194e+03,1.176470588235294e+00,14654006
9.371343138337321e+03,9.369085781914876e+03,5.882352941176471e-01,14654012
9.373107844219674e+03,9.371220249959810e+03,5.882352941176471e-01,14654014
9.374158341121609e+03,9.367282958464434e+03,1.764705882352941e+00,14654010
9.374872550102027e+03,9.369247321954411e+03,1.764705882352941e+00,14654013
9.375397798552995e+03,9.371682933146291e+03,5.882352941176471e-01,14654015
9.378927210317701e+03,9.372112419426129e+03,1.764705882352941e+00,14654016
9.380166667749086e+03,9.374859437691820e+03,1.764705882352941e+00,14654017
9.381521187654491e+03,9.379756481772138e+03,5.882352941176471e-01,14654018
9.381936206634780e+03,9.380171500752427e+03,5.882352941176471e-01,14654019
9.385135998410276e+03,9.383371292527923e+03,5.882352941176471e-01,14654020
9.386078852799653e+03,9.384314146917301e+03,5.882352941176471e-01,14654021
9.388731893942742e+03,9.386967188060389e+03,5.882352941176471e-01,14654023
9.388992575298246e+03,9.387227869415893e+03,5.882352941176471e-01,14654024
9.390369563272454e+03,9.385075445625395e+03,1.764705882352941e+00,14654022
9.390626940502847e+03,9.387724329113318e+03,5.882352941176471e-01,14654026
9.392391646385200e+03,9.387409141778276e+03,1.176470588235294e+00,14654025
9.392391646385200e+03,9.390436748804721e+03,5.882352941176471e-01,14654030
9.394362395970439e+03,9.392597690088087e+03,5.882352941176471e-01,14654031
9.395708471274357e+03,9.389788698404364e+03,1.764705882352941e+00,14654027
9.400677950200808e+03,9.398913244318455e+03,5.882352941176471e-01,14654033
9.401791382567765e+03,9.400026676685412e+03,5.882352941176471e-01,14654034
9.402698325301058e+03,9.400933619418705e+03,5.882352941176471e-01,14654035
9.403606430812550e+03,9.401292221636337e+03,5.882352941176471e-01,14654036
9.403656773174982e+03,9.398362655527924e+03,1.764705882352941e+00,14654032
9.404855315346698e+03,9.403090609464345e+03,5.882352941176471e-01,14654038
9.405667106154621e+03,9.403902400272268e+03,5.882352941176471e-01,14654040
9.408999594586192e+03,9.403705476939134e+03,1.764705882352941e+00,14654039
9.409333023052722e+03,9.407568317170369e+03,5.882352941176471e-01,14654042
9.410320592577151e+03,9.407985399662996e+03,5.882352941176471e-01,14654043
9.410764300468545e+03,9.408641670844912e+03,5.882352941176471e-01,14654044
9.412381103720433e+03,9.409535651771237e+03,5.882352941176471e-01,14654047
9.413504122210107e+03,9.406791180812445e+03,1.176470588235294e+00,14654041
9.415268828092460e+03,9.409115818502725e+03,1.764705882352941e+00,14654045
9.415910515485139e+03,9.409508664719322e+03,1.764705882352941e+00,14654046
9.417033533974813e+03,9.414947094495768e+03,5.882352941176471e-01,14654050
9.418798239857166e+03,9.416766839259412e+03,5.882352941176471e-01,14654052
9.419041105162397e+03,9.413746987515338e+03,1.764705882352941e+00,14654049
9.420562945739519e+03,9.418675202411447e+03,5.882352941176471e-01,14654054
9.420805811044749e+03,9.416478785249078e+03,1.176470588235294e+00,14654051
9.423537608778490e+03,9.417482291272075e+03,1.764705882352941e+00,14654053
9.427209613970426e+03,9.421915496323367e+03,1.764705882352941e+00,14654055
9.428843156884940e+03,9.426481759894603e+03,5.882352941176471e-01,14654058
9.429526395648112e+03,9.427385217951206e+03,5.882352941176471e-01,14654059
9.430673444251212e+03,9.427978735203435e+03,5.882352941176471e-01,14654061
9.430739025735132e+03,9.425313745120234e+03,1.764705882352941e+00,14654056
9.431291101530465e+03,9.429330097608101e+03,5.882352941176471e-01,14654063
9.432470940875525e+03,9.429973271102425e+03,5.882352941176471e-01,14654065
9.432470940875525e+03,9.429598206235407e+03,5.882352941176471e-01,14654064
9.433132019843172e+03,9.431367313960819e+03,5.882352941176471e-01,14654066
9.435924140209876e+03,9.425779938445730e+03,1.764705882352941e+00,14654057
9.436330892124054e+03,9.433938824378152e+03,5.882352941176471e-01,14654070
9.437688846092229e+03,9.435481737593870e+03,5.882352941176471e-01,14654071
9.438220095799597e+03,9.436455389917244e+03,5.882352941176471e-01,14654072
9.440724107269814e+03,9.433108914761764e+03,1.764705882352941e+00,14654068
9.440724107269814e+03,9.431794392807748e+03,1.764705882352941e+00,14654067
9.442488813152167e+03,9.440244441460667e+03,5.882352941176471e-01,14654074
9.443514213446655e+03,9.437920965707605e+03,1.764705882352941e+00,14654073
9.444209507048819e+03,9.442444801166466e+03,5.882352941176471e-01,14654075
9.445469109485317e+03,9.443704403602964e+03,5.882352941176471e-01,14654076
9.445584379544915e+03,9.443819673662562e+03,5.882352941176471e-01,14654077
9.448005821467336e+03,9.446241115584983e+03,5.882352941176471e-01,14654078
9.450761691824098e+03,9.448996985941745e+03,5.882352941176471e-01,14654079
9.451896757272044e+03,9.450132051389692e+03,5.882352941176471e-01,14654080
9.452305951082940e+03,9.450541245200587e+03,5.882352941176471e-01,14654081
9.452838827697832e+03,9.451074121815479e+03,5.882352941176471e-01,14654082
9.457550748866039e+03,9.455786042983686e+03,5.882352941176471e-01,14654084
9.460084337958145e+03,9.454790220311086e+03,1.764705882352941e+00,14654083
9.460321335100766e+03,9.458556629218413e+03,5.882352941176471e-01,14654085
9.460913579117345e+03,9.459148873234992e+03,5.882352941176471e-01,14654086
9.461849043840498e+03,9.459629154636279e+03,5.882352941176471e-01,14654087
9.462086040983119e+03,9.460281195957029e+03,5.882352941176471e-01,14654088
9.464558316419113e+03,9.462793610536760e+03,5.882352941176471e-01,14654089
9.465792428174751e+03,9.464027722292398e+03,5.882352941176471e-01,14654090
9.469950924930105e+03,9.468186219047752e+03,5.882352941176471e-01,14654091
9.473651904825897e+03,9.470122493061191e+03,1.176470588235294e+00,14654092
9.478621502019025e+03,9.476856796136672e+03,5.882352941176471e-01,14654094
9.479697098349481e+03,9.477932392467128e+03,5.882352941176471e-01,14654095
9.480751434634792e+03,9.475457316987733e+03,1.764705882352941e+00,14654093
9.480854099153753e+03,9.479089393271400e+03,5.882352941176471e-01,14654096
9.483608954861201e+03,9.480079543096495e+03,1.176470588235294e+00,14654097
9.485000344436331e+03,9.482878362117231e+03,5.882352941176471e-01,14654100
9.486886307363874e+03,9.484627760045951e+03,5.882352941176471e-01,14654101
9.487007564409064e+03,9.481582644545162e+03,1.764705882352941e+00,14654099
9.487007564409064e+03,9.481470932671625e+03,1.764705882352941e+00,14654098
9.489300198831372e+03,9.487535492949019e+03,5.882352941176471e-01,14654103
9.491170682371732e+03,9.489405976489379e+03,5.882352941176471e-01,14654104
9.491345383857208e+03,9.489580677974855e+03,5.882352941176471e-01,14654105
9.492935388254085e+03,9.490009397621031e+03,5.882352941176471e-01,14654107
9.493621823224640e+03,9.491857117342287e+03,5.882352941176471e-01,14654108
9.494700094136438e+03,9.492549882544300e+03,5.882352941176471e-01,14654109
9.494911791810950e+03,9.489617674163891e+03,1.764705882352941e+00,14654106
9.496930283858402e+03,9.495165577976049e+03,5.882352941176471e-01,14654110
9.498766984833533e+03,9.497002278951180e+03,5.882352941176471e-01,14654112
9.499753151142750e+03,9.497988445260397e+03,5.882352941176471e-01,14654113
9.500566575533054e+03,9.495272457885995e+03,1.764705882352941e+00,14654111
9.501724827666248e+03,9.499960121783895e+03,5.882352941176471e-01,14654114
9.504562725010853e+03,9.502798019128500e+03,5.882352941176471e-01,14654116
9.507109366426047e+03,9.505344660543695e+03,5.882352941176471e-01,14654117
9.507194992034701e+03,9.505430286152348e+03,5.882352941176471e-01,14654118
9.507204342944760e+03,9.501910225297701e+03,1.764705882352941e+00,14654115
9.510681590995080e+03,9.507103493379868e+03,1.176470588235294e+00,14654120
9.512446296877433e+03,9.505813201320322e+03,1.764705882352941e+00,14654119
9.513730894822920e+03,9.509276888736442e+03,1.176470588235294e+00,14654122
9.513730894822920e+03,9.507956669238995e+03,1.176470588235294e+00,14654121
9.515495600705273e+03,9.513574051252403e+03,5.882352941176471e-01,14654125
9.515975708642139e+03,9.509980832975875e+03,1.764705882352941e+00,14654123
9.518065468143744e+03,9.516300762261391e+03,5.882352941176471e-01,14654127
9.519025012469979e+03,9.515160241011331e+03,1.176470588235294e+00,14654126
9.519025012469979e+03,9.512623852661718e+03,1.764705882352941e+00,14654124
9.519830174026097e+03,9.517870272761446e+03,5.882352941176471e-01,14654128
9.521439540236072e+03,9.519674834353719e+03,5.882352941176471e-01,14654130
9.524319130117038e+03,9.518505993886835e+03,1.764705882352941e+00,14654129
9.526562762869824e+03,9.523033351105118e+03,1.176470588235294e+00,14654131
9.526569657174255e+03,9.524804951291902e+03,5.882352941176471e-01,14654133
9.528327468752177e+03,9.526274458571054e+03,5.882352941176471e-01,14654134
9.528565207218484e+03,9.523271089571425e+03,1.764705882352941e+00,14654132
9.530951390318663e+03,9.529186684436310e+03,5.882352941176471e-01,14654135
9.534510774582636e+03,9.532746068700283e+03,5.882352941176471e-01,14654136
9.536986320864127e+03,9.533456909099421e+03,1.176470588235294e+00,14654137
9.539259976945046e+03,9.533965859297987e+03,1.764705882352941e+00,14654138
9.540583539220442e+03,9.538579281838302e+03,5.882352941176471e-01,14654141
9.542568816906273e+03,9.540154186523847e+03,5.882352941176471e-01,14654142
9.542789388709752e+03,9.537054127455736e+03,1.764705882352941e+00,14654139
9.543527858604354e+03,9.538233740957295e+03,1.764705882352941e+00,14654140
9.544480570657612e+03,9.541461720977484e+03,5.882352941176471e-01,14654144
9.546245276539965e+03,9.541467667038311e+03,1.176470588235294e+00,14654145
9.548297263409582e+03,9.546532557527229e+03,5.882352941176471e-01,14654148
9.549270566751217e+03,9.543976449104158e+03,1.764705882352941e+00,14654147
9.551881742507627e+03,9.546587624860569e+03,1.764705882352941e+00,14654149
9.553147096900846e+03,9.550273944343953e+03,5.882352941176471e-01,14654155
9.553591381056641e+03,9.551576008672510e+03,5.882352941176471e-01,14654157
9.556254723867813e+03,9.548616560624969e+03,1.764705882352941e+00,14654151
9.556254723867813e+03,9.547385727645148e+03,1.764705882352941e+00,14654150
9.558019429750165e+03,9.556126530759293e+03,5.882352941176471e-01,14654159
9.559117876823680e+03,9.555588465058974e+03,1.176470588235294e+00,14654158
9.559479676075028e+03,9.557714970192675e+03,5.882352941176471e-01,14654160
9.562180424333217e+03,9.560415718450864e+03,5.882352941176471e-01,14654162
9.564232078282278e+03,9.562467372399925e+03,5.882352941176471e-01,14654164
9.565243123493308e+03,9.559949005846250e+03,1.764705882352941e+00,14654161
9.565953898906711e+03,9.562780908506992e+03,5.882352941176471e-01,14654166
9.567153846570021e+03,9.565389140687668e+03,5.882352941176471e-01,14654169
9.567718604789064e+03,9.562616953714947e+03,1.176470588235294e+00,14654165
9.568918552452374e+03,9.567083347813673e+03,5.882352941176471e-01,14654170
9.569337293477057e+03,9.562295831368244e+03,1.764705882352941e+00,14654163
9.570683258334726e+03,9.567880632486997e+03,5.882352941176471e-01,14654173
9.571329030402736e+03,9.567219455102903e+03,1.176470588235294e+00,14654171
9.572657334729421e+03,9.570227916561844e+03,5.882352941176471e-01,14654176
9.572657334729421e+03,9.569728067258678e+03,5.882352941176471e-01,14654175
9.574578198792139e+03,9.571929168304042e+03,5.882352941176471e-01,14654177
9.574858442167442e+03,9.569309176948234e+03,1.764705882352941e+00,14654174
9.576436319132926e+03,9.573914904437804e+03,5.882352941176471e-01,14654182
9.580141701674805e+03,9.577492143795962e+03,5.882352941176471e-01,14654185
9.580317672451977e+03,9.572969651090151e+03,1.764705882352941e+00,14654181
9.580317672451977e+03,9.571983195522294e+03,1.764705882352941e+00,14654178
9.583671113439511e+03,9.576061145532451e+03,1.764705882352941e+00,14654184
9.584185722243697e+03,9.580656310478991e+03,1.176470588235294e+00,14654187
9.585693123723957e+03,9.583119569805993e+03,5.882352941176471e-01,14654189
9.586806282746168e+03,9.584213988096585e+03,5.882352941176471e-01,14654191
9.587457829606310e+03,9.585214923878184e+03,5.882352941176471e-01,14654194
9.588688332885807e+03,9.586923627003455e+03,5.882352941176471e-01,14654196
9.590928569242372e+03,9.583305957755610e+03,1.764705882352941e+00,14654190
9.590928569242372e+03,9.582930176952725e+03,1.764705882352941e+00,14654188
9.592599999164619e+03,9.589236384174424e+03,5.882352941176471e-01,14654200
9.592599999164619e+03,9.589390478748574e+03,5.882352941176471e-01,14654201
9.594364705046972e+03,9.591828443206729e+03,5.882352941176471e-01,14654205
9.595541175635208e+03,9.588706634233170e+03,1.176470588235294e+00,14654199
9.597305881517560e+03,9.587806991879875e+03,1.764705882352941e+00,14654197
9.597305881517560e+03,9.585740416206573e+03,1.764705882352941e+00,14654195
9.598188234458737e+03,9.595482143901061e+03,5.882352941176471e-01,14654207
9.599136368772013e+03,9.597371662889660e+03,5.882352941176471e-01,14654208
9.599887158968990e+03,9.591021781254338e+03,1.176470588235294e+00,14654204
9.600901074654366e+03,9.598869920309225e+03,5.882352941176471e-01,14654209
9.601717646223443e+03,9.595284458377229e+03,1.764705882352941e+00,14654206
9.602093196938472e+03,9.600328491056119e+03,5.882352941176471e-01,14654210
9.609325574743978e+03,9.604031457096919e+03,1.764705882352941e+00,14654211
9.609557048642898e+03,9.606426205137144e+03,5.882352941176471e-01,14654215
9.609557048642898e+03,9.606361773717865e+03,5.882352941176471e-01,14654214
9.611244596558945e+03,9.607920897527646e+03,5.882352941176471e-01,14654217
9.611244596558945e+03,9.608198457248491e+03,5.882352941176471e-01,14654218
9.611244596558945e+03,9.609308581396911e+03,5.882352941176471e-01,14654219
9.614774008323650e+03,9.606033849968257e+03,1.764705882352941e+00,14654213
9.614774008323650e+03,9.606015210698063e+03,1.764705882352941e+00,14654212
9.617955910839072e+03,9.616191204956719e+03,5.882352941176471e-01,14654220
9.619524965965168e+03,9.617760260082815e+03,5.882352941176471e-01,14654222
9.620442791852318e+03,9.618678085969965e+03,5.882352941176471e-01,14654223
9.622207497734671e+03,9.619596360973786e+03,5.882352941176471e-01,14654226
9.623054377729874e+03,9.621089067384968e+03,5.882352941176471e-01,14654227
9.624303069838217e+03,9.617244246308805e+03,1.764705882352941e+00,14654221
9.625986487074265e+03,9.619047862205271e+03,1.176470588235294e+00,14654224
9.627751192956618e+03,9.619379031790011e+03,1.764705882352941e+00,14654225
9.628348495376932e+03,9.622381498299226e+03,1.764705882352941e+00,14654230
9.630171063563700e+03,9.626641651798994e+03,1.176470588235294e+00,14654231
9.631280604721324e+03,9.627500037770302e+03,1.176470588235294e+00,14654232
9.634224044235675e+03,9.628929926588616e+03,1.764705882352941e+00,14654233
9.636417269964542e+03,9.634652564082189e+03,5.882352941176471e-01,14654236
9.636935028617890e+03,9.633405616853184e+03,1.176470588235294e+00,14654235
9.638181975846895e+03,9.636184020993061e+03,5.882352941176471e-01,14654237
9.638204953374020e+03,9.632910835726961e+03,1.764705882352941e+00,14654234
9.640382087667688e+03,9.638617381785335e+03,5.882352941176471e-01,14654238
9.641297848050492e+03,9.639533142168139e+03,5.882352941176471e-01,14654239
9.644227277817611e+03,9.642462571935258e+03,5.882352941176471e-01,14654241
9.645916363941182e+03,9.640622246294123e+03,1.764705882352941e+00,14654240
9.647582826903468e+03,9.645818121021115e+03,5.882352941176471e-01,14654243
9.649238969928095e+03,9.647474264045742e+03,5.882352941176471e-01,14654244
9.651034948500960e+03,9.645740830853901e+03,1.764705882352941e+00,14654242
9.654266005125472e+03,9.648971887478413e+03,1.764705882352941e+00,14654245
9.656495741702228e+03,9.652966329937522e+03,1.176470588235294e+00,14654247
9.656855833264929e+03,9.651561715617870e+03,1.764705882352941e+00,14654246
9.659386323039114e+03,9.657621617156761e+03,5.882352941176471e-01,14654248
9.659463032510966e+03,9.657698326628613e+03,5.882352941176471e-01,14654249
9.659912762177808e+03,9.658148056295455e+03,5.882352941176471e-01,14654250
9.663054230499365e+03,9.661289524617012e+03,5.882352941176471e-01,14654252
9.664818936381718e+03,9.662648499148400e+03,5.882352941176471e-01,14654254
9.664938339414015e+03,9.659644221766956e+03,1.764705882352941e+00,14654251
9.666636333691805e+03,9.661342216044747e+03,1.764705882352941e+00,14654253
9.666684180350243e+03,9.664919474467890e+03,5.882352941176471e-01,14654255
9.672724330908343e+03,9.670959625025990e+03,5.882352941176471e-01,14654256
9.673546802256383e+03,9.671782096374030e+03,5.882352941176471e-01,14654257
9.675499701929229e+03,9.673734996046876e+03,5.882352941176471e-01,14654258
9.676066516771541e+03,9.674301810889188e+03,5.882352941176471e-01,14654259
9.676247445840536e+03,9.674482739958183e+03,5.882352941176471e-01,14654260
9.678376102406917e+03,9.676611396524564e+03,5.882352941176471e-01,14654262
9.679187648432331e+03,9.677422942549978e+03,5.882352941176471e-01,14654263
9.681861875076409e+03,9.676567757429350e+03,1.764705882352941e+00,14654261
9.685759142861095e+03,9.683349355465847e+03,5.882352941176471e-01,14654269
9.686425243814265e+03,9.680648953224026e+03,1.764705882352941e+00,14654264
9.687856899220033e+03,9.681500118366630e+03,1.764705882352941e+00,14654266
9.689457623256968e+03,9.686513123637497e+03,5.882352941176471e-01,14654274
9.689621605102386e+03,9.687702767484367e+03,5.882352941176471e-01,14654277
9.692954403918456e+03,9.685983195478592e+03,1.764705882352941e+00,14654273
9.692954403918456e+03,9.684951855416940e+03,1.764705882352941e+00,14654270
9.693713311395532e+03,9.690686437799548e+03,5.882352941176471e-01,14654280
9.694719109800809e+03,9.692184069029380e+03,5.882352941176471e-01,14654281
9.696695392990919e+03,9.688419193748473e+03,1.764705882352941e+00,14654278
9.697798516689816e+03,9.695303492748664e+03,5.882352941176471e-01,14654286
9.699011660722720e+03,9.693377558533971e+03,1.176470588235294e+00,14654282
9.699563222572169e+03,9.695267870950317e+03,1.176470588235294e+00,14654285
9.700776366605073e+03,9.693831975436018e+03,1.764705882352941e+00,14654283
9.700891923082667e+03,9.697977522602175e+03,5.882352941176471e-01,14654287
9.701327928454522e+03,9.699242773677908e+03,5.882352941176471e-01,14654289
9.702541072487426e+03,9.700479930285032e+03,5.882352941176471e-01,14654290
9.704016519742201e+03,9.702251813859848e+03,5.882352941176471e-01,14654292
9.706109679375136e+03,9.703826153084957e+03,5.882352941176471e-01,14654296
9.706109679375136e+03,9.703767710271890e+03,5.882352941176471e-01,14654295
9.706703535183517e+03,9.701409417536458e+03,1.176470588235294e+00,14654291
9.709639091139842e+03,9.703223452105558e+03,1.764705882352941e+00,14654294
9.709639091139842e+03,9.702908721361013e+03,1.764705882352941e+00,14654293
9.711700564439158e+03,9.709935858556805e+03,5.882352941176471e-01,14654297
9.712169921349652e+03,9.710405215467299e+03,5.882352941176471e-01,14654298
9.713761963304333e+03,9.711997257421980e+03,5.882352941176471e-01,14654299
9.716511757176831e+03,9.714747051294478e+03,5.882352941176471e-01,14654301
9.716718505119218e+03,9.714953799236865e+03,5.882352941176471e-01,14654302
9.717678560767066e+03,9.715670659388628e+03,5.882352941176471e-01,14654303
9.718695561713724e+03,9.716930855831372e+03,5.882352941176471e-01,14654304
9.719462237837713e+03,9.717697531955360e+03,5.882352941176471e-01,14654305
9.720041168941537e+03,9.714149149002360e+03,1.764705882352941e+00,14654300
9.720460267596077e+03,9.718160379036571e+03,5.882352941176471e-01,14654306
9.722991649602419e+03,9.719109338248661e+03,1.176470588235294e+00,14654307
9.723570580706243e+03,9.719623240254512e+03,1.176470588235294e+00,14654308
9.727929992490132e+03,9.726165286607779e+03,5.882352941176471e-01,14654309
9.728042495304995e+03,9.726277789422642e+03,5.882352941176471e-01,14654311
9.729725162065318e+03,9.726195750300612e+03,1.176470588235294e+00,14654310
9.731856095872742e+03,9.730091389990389e+03,5.882352941176471e-01,14654314
9.733000012241795e+03,9.730385126925505e+03,5.882352941176471e-01,14654315
9.734764718124148e+03,9.732436900081462e+03,5.882352941176471e-01,14654318
9.735178577799681e+03,9.729598853495829e+03,1.176470588235294e+00,14654313
9.736943283682034e+03,9.735125592084530e+03,5.882352941176470e-01,14654319
9.736943283682034e+03,9.729342347458349e+03,1.764705882352941e+00,14654312
9.738294129888853e+03,9.731466177508650e+03,1.764705882352941e+00,14654317
9.742237401329093e+03,9.736488838066661e+03,1.764705882352941e+00,14654321
9.742315393176951e+03,9.737021275529893e+03,1.764705882352941e+00,14654322
9.743588247535912e+03,9.741121270088688e+03,5.882352941176471e-01,14654325
9.744002107211446e+03,9.741952462519727e+03,5.882352941176471e-01,14654326
9.744479732889835e+03,9.737298182197663e+03,1.176470588235294e+00,14654323
9.745766813093799e+03,9.743656247783554e+03,5.882352941176471e-01,14654328
9.748882365182971e+03,9.746366851949228e+03,5.882352941176471e-01,14654332
9.749296224858504e+03,9.743114660838013e+03,1.764705882352941e+00,14654327
9.750647071065324e+03,9.748067503401236e+03,5.882352941176471e-01,14654334
9.751379347859784e+03,9.744474920174531e+03,1.176470588235294e+00,14654329
9.753144053742137e+03,9.745265989881024e+03,1.764705882352941e+00,14654330
9.754176482830030e+03,9.747141224539739e+03,1.764705882352941e+00,14654333
9.754908759624490e+03,9.751805335001966e+03,5.882352941176471e-01,14654337
9.754908759624490e+03,9.751639535409494e+03,5.882352941176471e-01,14654336
9.756490396308228e+03,9.753735626088032e+03,5.882352941176471e-01,14654340
9.758255102190581e+03,9.755491638032687e+03,5.882352941176471e-01,14654343
9.760124477856331e+03,9.753401690338543e+03,1.764705882352941e+00,14654339
9.760124477856331e+03,9.751341104138941e+03,1.764705882352941e+00,14654335
9.762504629913436e+03,9.760739924031083e+03,5.882352941176471e-01,14654350
9.763632955664358e+03,9.756804405658421e+03,1.764705882352941e+00,14654344
9.765789473978102e+03,9.760495356331043e+03,1.764705882352941e+00,14654349
9.767917936383830e+03,9.766153230501477e+03,5.882352941176471e-01,14654351
9.777247998905724e+03,9.775483293023371e+03,5.882352941176471e-01,14654352
9.780996502828595e+03,9.775702385181536e+03,1.764705882352941e+00,14654353
9.783777346074313e+03,9.782012640191960e+03,5.882352941176471e-01,14654355
9.783939495880786e+03,9.778645378233727e+03,1.764705882352941e+00,14654354
9.787571773547293e+03,9.785286861922470e+03,5.882352941176471e-01,14654359
9.788399301662852e+03,9.784634239217571e+03,1.176470588235294e+00,14654357
9.788399301662852e+03,9.784042361782587e+03,1.176470588235294e+00,14654356
9.791101185311999e+03,9.785105540578722e+03,1.764705882352941e+00,14654358
9.791464092837340e+03,9.789699386954987e+03,5.882352941176471e-01,14654361
9.791928713427558e+03,9.787834262551856e+03,1.176470588235294e+00,14654360
9.794796217708393e+03,9.793031511826040e+03,5.882352941176471e-01,14654364
9.794993504602046e+03,9.793033934318539e+03,5.882352941176471e-01,14654365
9.796395302959058e+03,9.791026663137357e+03,1.764705882352941e+00,14654362
9.796560923590746e+03,9.791127111838582e+03,1.176470588235294e+00,14654363
9.798518776370449e+03,9.796754070488096e+03,5.882352941176471e-01,14654367
9.799026198599175e+03,9.797261492716822e+03,5.882352941176471e-01,14654368
9.801430450950971e+03,9.797362037266535e+03,1.176470588235294e+00,14654369
9.802048188135155e+03,9.799918936724811e+03,5.882352941176471e-01,14654371
9.802555610363881e+03,9.796136333303913e+03,1.764705882352941e+00,14654366
9.803812894017508e+03,9.801877703572185e+03,5.882352941176471e-01,14654372
9.804320316246234e+03,9.802191007224755e+03,5.882352941176471e-01,14654373
9.804959862715677e+03,9.798019100815796e+03,1.764705882352941e+00,14654370
9.805577599899860e+03,9.802581748447379e+03,5.882352941176471e-01,14654374
9.806501392739813e+03,9.804736686857460e+03,5.882352941176471e-01,14654375
9.806724568598030e+03,9.804822332358268e+03,5.882352941176471e-01,14654376
9.808377686551274e+03,9.806267653810265e+03,5.882352941176471e-01,14654379
9.810142392433627e+03,9.807564422505012e+03,5.882352941176471e-01,14654381
9.811253834826321e+03,9.809489128943968e+03,5.882352941176471e-01,14654383
9.813345172453503e+03,9.811133705123320e+03,5.882352941176471e-01,14654387
9.815298990393474e+03,9.812594588653142e+03,5.882352941176471e-01,14654389
9.815677214508710e+03,9.805129954890957e+03,1.764705882352941e+00,14654377
9.817189770980906e+03,9.809580166731272e+03,1.176470588235294e+00,14654384
9.818954476863259e+03,9.812459213597717e+03,1.764705882352941e+00,14654388
9.818954476863259e+03,9.807894029856490e+03,1.764705882352941e+00,14654382
9.820719182745612e+03,9.817515880755028e+03,5.882352941176471e-01,14654393
9.820905452304327e+03,9.819140746421974e+03,5.882352941176471e-01,14654395
9.822944077932705e+03,9.821179372050352e+03,5.882352941176471e-01,14654396
9.824225379838664e+03,9.815813272693082e+03,1.764705882352941e+00,14654391
9.824248594510318e+03,9.818525299752707e+03,1.764705882352941e+00,14654394
9.824708783815058e+03,9.821220159204047e+03,5.882352941176471e-01,14654397
9.826952370600257e+03,9.825187664717904e+03,5.882352941176471e-01,14654401
9.829046351379362e+03,9.823051886730088e+03,1.176470588235294e+00,14654398
9.829534973933492e+03,9.827622810918057e+03,5.882352941176471e-01,14654404
9.831468324535413e+03,9.825984922706649e+03,1.764705882352941e+00,14654402
9.832820074421133e+03,9.829793427395132e+03,5.882352941176471e-01,14654407
9.834768463037740e+03,9.833003757155387e+03,5.882352941176471e-01,14654410
9.836563562605509e+03,9.828622511226619e+03,1.764705882352941e+00,14654406
9.836563562605509e+03,9.828095666965979e+03,1.764705882352941e+00,14654405
9.838377149645415e+03,9.834847737880709e+03,1.176470588235294e+00,14654411
9.838562860220772e+03,9.836798154338419e+03,5.882352941176471e-01,14654412
9.840013699527246e+03,9.831204524161413e+03,1.764705882352941e+00,14654409
9.840234710815446e+03,9.837651495011196e+03,5.882352941176471e-01,14654414
9.840234710815446e+03,9.836850814049214e+03,5.882352941176471e-01,14654413
9.842903408946647e+03,9.841138703064294e+03,5.882352941176471e-01,14654416
9.843543111291952e+03,9.841488659599331e+03,5.882352941176471e-01,14654418
9.844668114829000e+03,9.838781906026973e+03,1.176470588235294e+00,14654415
9.846716933028832e+03,9.841422815381773e+03,1.764705882352941e+00,14654417
9.847028505952295e+03,9.845263800069942e+03,5.882352941176471e-01,14654420
9.848442976861367e+03,9.845565687623103e+03,5.882352941176471e-01,14654421
9.850207682743720e+03,9.847425114962154e+03,5.882352941176471e-01,14654423
9.850557917717001e+03,9.844874903046843e+03,1.764705882352941e+00,14654419
9.851972388626073e+03,9.850018090183043e+03,5.882352941176471e-01,14654426
9.852322623599354e+03,9.850526028256841e+03,5.882352941176471e-01,14654427
9.853737094508426e+03,9.850607631356638e+03,5.882352941176471e-01,14654428
9.855534541059079e+03,9.853408165036748e+03,5.882352941176471e-01,14654431
9.855534541059079e+03,9.852932788486341e+03,5.882352941176471e-01,14654430
9.856236984843184e+03,9.845892743372759e+03,1.764705882352941e+00,14654422
9.857720713211895e+03,9.854657637530596e+03,5.882352941176471e-01,14654433
9.857720713211895e+03,9.854756834982354e+03,5.882352941176471e-01,14654434
9.859485419094248e+03,9.856846040521534e+03,5.882352941176471e-01,14654438
9.861250124976601e+03,9.858998396448038e+03,5.882352941176471e-01,14654440
9.861466694907742e+03,9.854398177715710e+03,1.176470588235294e+00,14654432
9.863014830858954e+03,9.859918558956531e+03,5.882352941176471e-01,14654441
9.863231400790095e+03,9.852037869962673e+03,1.764705882352941e+00,14654429
9.864574909686807e+03,9.862810203804454e+03,5.882352941176471e-01,14654442
9.865187815950850e+03,9.863423110068498e+03,5.882352941176471e-01,14654443
9.865982956606567e+03,9.864218250724214e+03,5.882352941176471e-01,14654444
9.867513925076153e+03,9.865749219193800e+03,5.882352941176471e-01,14654445
9.868486328882056e+03,9.866721622999703e+03,5.882352941176471e-01,14654447
9.870119284807194e+03,9.866589873042489e+03,1.176470588235294e+00,14654446
9.872000657125614e+03,9.870235951243261e+03,5.882352941176471e-01,14654448
9.874318171220673e+03,9.872553465338320e+03,5.882352941176471e-01,14654450
9.876494288200605e+03,9.871200170553546e+03,1.764705882352941e+00,14654449
9.877297539701842e+03,9.875532833819489e+03,5.882352941176471e-01,14654452
9.878118102766478e+03,9.872823985119419e+03,1.764705882352941e+00,14654451
9.878471241340214e+03,9.876706535457861e+03,5.882352941176471e-01,14654453
9.879695980860429e+03,9.877931274978076e+03,5.882352941176471e-01,14654454
9.879882808648831e+03,9.878085979039118e+03,5.882352941176471e-01,14654455
9.881647514531184e+03,9.879834348414942e+03,5.882352941176471e-01,14654459
9.883765358987273e+03,9.878166243376472e+03,1.764705882352941e+00,14654456
9.885059282284744e+03,9.878581633497877e+03,1.764705882352941e+00,14654457
9.887838942687171e+03,9.882544825040112e+03,1.764705882352941e+00,14654460
9.889392239758503e+03,9.887627533876150e+03,5.882352941176471e-01,14654462
9.890393127437468e+03,9.888628421555115e+03,5.882352941176471e-01,14654463
9.890400322330175e+03,9.885106204683116e+03,1.764705882352941e+00,14654461
9.891216980846709e+03,9.889452274964356e+03,5.882352941176471e-01,14654464
9.892157833319820e+03,9.889804996307524e+03,5.882352941176471e-01,14654465
9.892987280927252e+03,9.891222575044899e+03,5.882352941176471e-01,14654466
9.893355378303227e+03,9.891590672420874e+03,5.882352941176471e-01,14654467
9.893995846024029e+03,9.892231140141676e+03,5.882352941176471e-01,14654468
9.897205303772005e+03,9.895440597889652e+03,5.882352941176471e-01,14654469
9.897965761485606e+03,9.896201055603254e+03,5.882352941176471e-01,14654470
9.899343558387412e+03,9.897578852505060e+03,5.882352941176471e-01,14654471
9.902093794144987e+03,9.900329088262634e+03,5.882352941176471e-01,14654473
9.904038970861887e+03,9.898744853214828e+03,1.764705882352941e+00,14654472
9.904232103656101e+03,9.902467397773748e+03,5.882352941176471e-01,14654474
9.907751168943490e+03,9.905986463061137e+03,5.882352941176471e-01,14654476
9.908181047832597e+03,9.902886930185538e+03,1.764705882352941e+00,14654475
9.908884204186298e+03,9.907119498303945e+03,5.882352941176471e-01,14654477
9.911280580708196e+03,9.909232509775869e+03,5.882352941176471e-01,14654481
9.911937890699144e+03,9.910173184816791e+03,5.882352941176471e-01,14654482
9.913045286590549e+03,9.910943292611741e+03,5.882352941176471e-01,14654483
9.914258798056514e+03,9.907684320808640e+03,1.764705882352941e+00,14654478
9.914992568923273e+03,9.912237796194451e+03,5.882352941176471e-01,14654484
9.915467302463850e+03,9.908660456986840e+03,1.764705882352941e+00,14654480
9.918155095254599e+03,9.915834397105554e+03,5.882352941176471e-01,14654490
9.919349901222558e+03,9.917585195340205e+03,5.882352941176471e-01,14654492
9.920650243153283e+03,9.913319151266105e+03,1.176470588235294e+00,14654487
9.922414949035636e+03,9.914906813233093e+03,1.764705882352941e+00,14654488
9.923814433909823e+03,9.917780743682198e+03,1.764705882352941e+00,14654493
9.923814433909823e+03,9.915935964481391e+03,1.764705882352941e+00,14654491
9.925579139792176e+03,9.923201610951964e+03,5.882352941176471e-01,14654495
9.927709066682695e+03,9.922057238104666e+03,1.764705882352941e+00,14654494
9.930392603598356e+03,9.926863191833650e+03,1.176470588235294e+00,14654496
9.930654780466795e+03,9.927125368702089e+03,1.176470588235294e+00,14654497
9.931365399392485e+03,9.929600693510132e+03,5.882352941176471e-01,14654498
9.933505986522818e+03,9.931741280640465e+03,5.882352941176471e-01,14654499
9.934925066429162e+03,9.933160360546809e+03,5.882352941176471e-01,14654500
9.936260672902895e+03,9.934495967020542e+03,5.882352941176471e-01,14654501
9.938025378785248e+03,9.936023547412592e+03,5.882352941176471e-01,14654504
9.939790084667601e+03,9.934995961762020e+03,1.176470588235294e+00,14654503
9.939792041670380e+03,9.934497924023322e+03,1.764705882352941e+00,14654502
9.942054785291432e+03,9.936615049288103e+03,1.764705882352941e+00,14654505
9.942084100158349e+03,9.940319394275996e+03,5.882352941176471e-01,14654506
9.945108701649205e+03,9.943343995766852e+03,5.882352941176471e-01,14654508
9.947014118055671e+03,9.944589883209564e+03,5.882352941176471e-01,14654511
9.947220690809305e+03,9.941926573162246e+03,1.764705882352941e+00,14654507
9.950543529820377e+03,9.944488612187766e+03,1.764705882352941e+00,14654510
9.950543529820377e+03,9.943555061553021e+03,1.764705882352941e+00,14654509
9.951454210940953e+03,9.948799824650932e+03,5.882352941176471e-01,14654514
9.954072941585083e+03,9.947544007813956e+03,1.764705882352941e+00,14654513
9.955714582148519e+03,9.953949876266166e+03,5.882352941176471e-01,14654518
9.955837647467436e+03,9.949879900739745e+03,1.764705882352941e+00,14654517
9.956790651030847e+03,9.955025945148494e+03,5.882352941176471e-01,14654519
9.960057064853953e+03,9.958292358971600e+03,5.882352941176471e-01,14654520
9.964259540362534e+03,9.962494834480181e+03,5.882352941176471e-01,14654522
9.964462139517754e+03,9.962697433635401e+03,5.882352941176471e-01,14654523
9.966125545822497e+03,9.963503047541492e+03,5.882352941176471e-01,14654524
9.966747388396817e+03,9.961453270749758e+03,1.764705882352941e+00,14654521
9.969654957587203e+03,9.963798497852670e+03,1.764705882352941e+00,14654525
9.971444805447024e+03,9.969680099564671e+03,5.882352941176471e-01,14654526
9.972174165195851e+03,9.970409459313498e+03,5.882352941176471e-01,14654527
9.972966018007428e+03,9.971201312125075e+03,5.882352941176471e-01,14654528
9.977780938532140e+03,9.976016232649787e+03,5.882352941176471e-01,14654529
9.978089900345331e+03,9.976325194462978e+03,5.882352941176471e-01,14654530
9.978924051139392e+03,9.977159345257039e+03,5.882352941176471e-01,14654531
9.981408475184938e+03,9.979643769302585e+03,5.882352941176471e-01,14654532
9.981512797392089e+03,9.979748091509736e+03,5.882352941176471e-01,14654533
9.983225342170866e+03,9.980372076293428e+03,5.882352941176471e-01,14654536
9.985035453436771e+03,9.981865659584897e+03,5.882352941176471e-01,14654537
9.985065723692473e+03,9.979771606045414e+03,1.764705882352941e+00,14654534
9.986800159319124e+03,9.980272670125789e+03,1.176470588235294e+00,14654535
9.988564865201477e+03,9.982191701229150e+03,1.764705882352941e+00,14654538
9.990398249935434e+03,9.985104132288375e+03,1.764705882352941e+00,14654542
9.993436206177175e+03,9.991671500294823e+03,5.882352941176471e-01,14654544
9.994231071340855e+03,9.992466365458502e+03,5.882352941176471e-01,14654545
9.995640065905454e+03,9.990345948258395e+03,1.764705882352941e+00,14654543
9.996565559056154e+03,9.994800853173801e+03,5.882352941176471e-01,14654546
