FinishTime,ArrivalTime,ServiceTime,ID
2.790629111276038e+00,1.025923228923097e+00,5.882352941176471e-01,797665
7.577225110874215e+00,4.047813346168333e+00,1.176470588235294e+00,797666
1.403810058471543e+01,8.743982937656604e+00,1.764705882352941e+00,797667
2.207801699647470e+01,2.031331111412176e+01,5.882352941176471e-01,797669
2.248393480720208e+01,2.071922892484914e+01,5.882352941176471e-01,797670
2.330596026947746e+01,1.801184262241863e+01,1.764705882352941e+00,797668
2.437786786857273e+01,2.261316198621979e+01,5.882352941176471e-01,797672
2.560742876118058e+01,2.104534461424438e+01,1.176470588235294e+00,797671
2.721636117653445e+01,2.545165529418151e+01,5.882352941176471e-01,797673
2.763358169223017e+01,2.586887580987723e+01,5.882352941176471e-01,797674
3.193971314631509e+01,3.017500726396215e+01,5.882352941176471e-01,797675
4.440259057575938e+01,3.910847292870056e+01,1.764705882352941e+00,797676
4.544943316188858e+01,4.015531551482975e+01,1.764705882352941e+00,797677
5.076407510706849e+01,4.899936922471555e+01,5.882352941176471e-01,797679
5.195613591626979e+01,5.019143003391684e+01,5.882352941176471e-01,797680
5.341237867830058e+01,4.811826103124176e+01,1.764705882352941e+00,797678
5.521324163965069e+01,5.344853575729774e+01,5.882352941176471e-01,797681
6.010232351402211e+01,5.833761763166917e+01,5.882352941176471e-01,797682
6.148315837013244e+01,5.971845248777950e+01,5.882352941176471e-01,797683
6.189515074626312e+01,6.013044486391018e+01,5.882352941176471e-01,797684
7.265735388385430e+01,6.736323623679548e+01,1.764705882352941e+00,797685
7.661013290280757e+01,7.131601525574874e+01,1.764705882352941e+00,797686
8.723415300848126e+01,8.546944712612832e+01,5.882352941176471e-01,797687
9.104698135030952e+01,8.575286370325070e+01,1.764705882352941e+00,797688
9.611441459825452e+01,9.082029695119569e+01,1.764705882352941e+00,797689
1.081885614004444e+02,1.064238555180915e+02,5.882352941176471e-01,797690
1.093639007926766e+02,1.075991949103237e+02,5.882352941176471e-01,797692
1.105114381313256e+02,1.087467322489726e+02,5.882352941176471e-01,797693
1.108402010224539e+02,1.073107892577480e+02,1.176470588235294e+00,797691
1.201965043597467e+02,1.184317984773937e+02,5.882352941176471e-01,797694
1.247971032094365e+02,1.230323973270836e+02,5.882352941176471e-01,797696
1.265400040523898e+02,1.212458864053310e+02,1.764705882352941e+00,797695
1.272926966220083e+02,1.255279907396554e+02,5.882352941176471e-01,797697
1.327877061301139e+02,1.310230002477610e+02,5.882352941176471e-01,797700
1.332227047782572e+02,1.279285871311984e+02,1.764705882352941e+00,797698
1.344926025233713e+02,1.291984848763124e+02,1.764705882352941e+00,797699
1.347699113365385e+02,1.322339873755749e+02,5.882352941176471e-01,797702
1.365346172188914e+02,1.316217320612652e+02,1.176470588235294e+00,797701
1.467394747410020e+02,1.449747688586491e+02,5.882352941176471e-01,797703
1.491864948566702e+02,1.474217889743172e+02,5.882352941176471e-01,797704
1.555310622616257e+02,1.537663563792728e+02,5.882352941176471e-01,797706
1.571093661425395e+02,1.518152484954807e+02,1.764705882352941e+00,797705
1.616240451341670e+02,1.563299274871081e+02,1.764705882352941e+00,797707
1.616791486470104e+02,1.599144427646575e+02,5.882352941176471e-01,797708
1.661356012749137e+02,1.643708953925607e+02,5.882352941176471e-01,797709
1.679377884186535e+02,1.661730825363005e+02,5.882352941176471e-01,797710
1.696616532208432e+02,1.678969473384902e+02,5.882352941176471e-01,797711
1.718707674590835e+02,1.701060615767305e+02,5.882352941176471e-01,797712
1.723052921408684e+02,1.705405862585154e+02,5.882352941176471e-01,797713
1.746085080882807e+02,1.710790963235748e+02,1.176470588235294e+00,797714
1.790198422756760e+02,1.737257246286171e+02,1.764705882352941e+00,797715
1.823207082985797e+02,1.805560024162268e+02,5.882352941176471e-01,797718
1.832341142436018e+02,1.797047024788960e+02,1.176470588235294e+00,797716
1.853922399825239e+02,1.800981223354651e+02,1.764705882352941e+00,797717
1.859773124429345e+02,1.842126065605816e+02,5.882352941176471e-01,797720
1.884095075178354e+02,1.831153898707766e+02,1.764705882352941e+00,797719
1.934037447617593e+02,1.916390388794064e+02,5.882352941176471e-01,797721
1.995901822255057e+02,1.942960645784468e+02,1.764705882352941e+00,797722
2.013765617318026e+02,1.996118558494497e+02,5.882352941176471e-01,797724
2.020466940413209e+02,1.985172822766151e+02,1.176470588235294e+00,797723
2.041086536879479e+02,2.023439478055950e+02,5.882352941176471e-01,797725
2.096850241508669e+02,2.079203182685139e+02,5.882352941176471e-01,797727
2.116529982482008e+02,2.098882923658479e+02,5.882352941176471e-01,797728
2.129083968533762e+02,2.076142792063174e+02,1.764705882352941e+00,797726
2.148434231684953e+02,2.130787172861424e+02,5.882352941176471e-01,797729
2.190160182342621e+02,2.172513123519091e+02,5.882352941176471e-01,797731
2.195457491726660e+02,2.142516315256072e+02,1.764705882352941e+00,797730
2.306504329549099e+02,2.271210211902040e+02,1.176470588235294e+00,797732
2.322731876971402e+02,2.305084818147873e+02,5.882352941176471e-01,797733
2.333410613700847e+02,2.315763554877317e+02,5.882352941176471e-01,797734
2.392529193529555e+02,2.339588017058966e+02,1.764705882352941e+00,797735
2.401335993425055e+02,2.383688934601526e+02,5.882352941176471e-01,797736
2.402729695025535e+02,2.385082636202006e+02,5.882352941176471e-01,797737
2.410176252353084e+02,2.388644255092526e+02,5.882352941176471e-01,797738
2.437023196365638e+02,2.419376137542109e+02,5.882352941176471e-01,797739
2.437919768028578e+02,2.420272709205048e+02,5.882352941176471e-01,797740
2.468402293149838e+02,2.450755234326309e+02,5.882352941176471e-01,797741
2.491712555486714e+02,2.474065496663185e+02,5.882352941176471e-01,797743
2.493982872375384e+02,2.476335813551855e+02,5.882352941176471e-01,797744
2.513331305271802e+02,2.460390128801214e+02,1.764705882352941e+00,797742
2.531247564226548e+02,2.513600505403018e+02,5.882352941176471e-01,797745
2.541669403567329e+02,2.524022344743800e+02,5.882352941176471e-01,797746
2.542630492734932e+02,2.524983433911403e+02,5.882352941176471e-01,797747
2.582153496139340e+02,2.564506437315810e+02,5.882352941176471e-01,797748
2.635292940269797e+02,2.582351763799209e+02,1.764705882352941e+00,797749
2.643096820869313e+02,2.625449762045783e+02,5.882352941176471e-01,797751
2.676114168176238e+02,2.623172991705650e+02,1.764705882352941e+00,797750
2.700394262037866e+02,2.647453085567278e+02,1.764705882352941e+00,797752
2.710398924686315e+02,2.692751865862786e+02,5.882352941176471e-01,797753
2.725236130047254e+02,2.707589071223724e+02,5.882352941176471e-01,797754
2.749452411946557e+02,2.731805353123028e+02,5.882352941176471e-01,797755
2.801790769993564e+02,2.748849593522975e+02,1.764705882352941e+00,797756
2.812239374464431e+02,2.794592315640901e+02,5.882352941176471e-01,797758
2.837690392421725e+02,2.784749215951137e+02,1.764705882352941e+00,797757
2.884106413867773e+02,2.866459355044244e+02,5.882352941176471e-01,797760
2.899470590694334e+02,2.868231754190031e+02,5.882352941176471e-01,797762
2.919400531514832e+02,2.864176473047275e+02,1.764705882352941e+00,797759
2.919641633624638e+02,2.866700457154050e+02,1.764705882352941e+00,797761
2.958074635196321e+02,2.940427576372791e+02,5.882352941176471e-01,797764
2.991929613293544e+02,2.938988436822956e+02,1.764705882352941e+00,797763
3.009576672117074e+02,2.991696950047342e+02,5.882352941176471e-01,797767
3.023872855069833e+02,2.970931678599244e+02,1.764705882352941e+00,797765
3.027223730940603e+02,3.009025050764715e+02,5.882352941176471e-01,797768
3.030107892630452e+02,2.977166716159864e+02,1.764705882352941e+00,797766
3.041519913893362e+02,3.020192113393871e+02,5.882352941176471e-01,797769
3.083451616094673e+02,3.030510439624084e+02,1.764705882352941e+00,797770
3.094802586066975e+02,3.041861409596387e+02,1.764705882352941e+00,797771
3.113887504436486e+02,3.096240445612957e+02,5.882352941176471e-01,797772
3.153154199254811e+02,3.100213022784222e+02,1.764705882352941e+00,797773
3.177690848207352e+02,3.160043789383822e+02,5.882352941176471e-01,797774
3.182266386547137e+02,3.164619327723608e+02,5.882352941176471e-01,797775
3.210226402648088e+02,3.174932285001029e+02,1.176470588235294e+00,797776
3.230632024677940e+02,3.176188740226171e+02,1.764705882352941e+00,797777
3.284442640513565e+02,3.266795581690035e+02,5.882352941176471e-01,797778
3.306680215302717e+02,3.289033156479188e+02,5.882352941176471e-01,797780
3.323993901274734e+02,3.271052724804146e+02,1.764705882352941e+00,797779
3.325703472356026e+02,3.308056413532496e+02,5.882352941176471e-01,797781
3.333072565053928e+02,3.315425506230398e+02,5.882352941176471e-01,797782
3.375502366493067e+02,3.357855307669537e+02,5.882352941176471e-01,797783
3.379979982582000e+02,3.362332923758470e+02,5.882352941176471e-01,797784
3.450342633724974e+02,3.432695574901444e+02,5.882352941176471e-01,797785
3.503911514540246e+02,3.486264455716716e+02,5.882352941176471e-01,797786
3.555633445230749e+02,3.502692268760161e+02,1.764705882352941e+00,797787
3.622059202862804e+02,3.604412144039274e+02,5.882352941176471e-01,797788
3.675714941041079e+02,3.658067882217550e+02,5.882352941176471e-01,797790
3.692499216621394e+02,3.639558040150806e+02,1.764705882352941e+00,797789
3.744522047453520e+02,3.726874988629990e+02,5.882352941176471e-01,797791
3.752105706067068e+02,3.734458647243538e+02,5.882352941176471e-01,797792
3.824274929365085e+02,3.806627870541555e+02,5.882352941176471e-01,797793
3.879975082064488e+02,3.827033905593900e+02,1.764705882352941e+00,797794
3.890172878394629e+02,3.854878760747570e+02,1.176470588235294e+00,797795
3.916332916358892e+02,3.898685857535362e+02,5.882352941176471e-01,797796
3.933438229947947e+02,3.915791171124417e+02,5.882352941176471e-01,797798
3.937494023133802e+02,3.919846964310272e+02,5.882352941176471e-01,797799
3.941075715510026e+02,3.905781597862967e+02,1.176470588235294e+00,797797
3.970476310355079e+02,3.952829251531550e+02,5.882352941176471e-01,797800
3.991581974576233e+02,3.973934915752703e+02,5.882352941176471e-01,797801
4.034523205985301e+02,3.999229088338242e+02,1.176470588235294e+00,797802
4.052080770621024e+02,4.034433711797495e+02,5.882352941176471e-01,797803
4.081316279666423e+02,4.063669220842894e+02,5.882352941176471e-01,797804
4.128830773436180e+02,4.111183714612650e+02,5.882352941176471e-01,797805
4.202475082753832e+02,4.149533906283244e+02,1.764705882352941e+00,797806
4.346847954969556e+02,4.329200896146026e+02,5.882352941176471e-01,797809
4.354914614102769e+02,4.301973437632181e+02,1.764705882352941e+00,797807
4.357547391960765e+02,4.304606215490177e+02,1.764705882352941e+00,797808
4.379760724516773e+02,4.362113665693243e+02,5.882352941176471e-01,797810
4.395770641306580e+02,4.378123582483051e+02,5.882352941176471e-01,797812
4.402747559307412e+02,4.385100500483883e+02,5.882352941176471e-01,797813
4.430453288649172e+02,4.377512112178584e+02,1.764705882352941e+00,797811
4.443083297434637e+02,4.425436238611107e+02,5.882352941176471e-01,797815
4.467627122542985e+02,4.414685946072397e+02,1.764705882352941e+00,797814
4.473983736455525e+02,4.456336677631996e+02,5.882352941176471e-01,797816
4.486697218457750e+02,4.469050159634221e+02,5.882352941176471e-01,797817
4.530842525573851e+02,4.513195466750321e+02,5.882352941176471e-01,797818
4.612051574597001e+02,4.576757456949942e+02,1.176470588235294e+00,797819
4.629043345955674e+02,4.611396287132145e+02,5.882352941176471e-01,797821
4.632195981079165e+02,4.614548922255636e+02,5.882352941176471e-01,797822
4.646690404779203e+02,4.628334991129407e+02,5.882352941176471e-01,797823
4.656347185143746e+02,4.603406008673157e+02,1.764705882352941e+00,797820
4.661476335520696e+02,4.643829276697166e+02,5.882352941176471e-01,797824
4.702789444782702e+02,4.649848268312114e+02,1.764705882352941e+00,797825
4.722101657013949e+02,4.704454598190420e+02,5.882352941176471e-01,797827
4.731388413907420e+02,4.678447237436832e+02,1.764705882352941e+00,797826
4.739548801980100e+02,4.721901743156571e+02,5.882352941176471e-01,797828
4.760417657241810e+02,4.742770598418281e+02,5.882352941176471e-01,797829
4.778635096457305e+02,4.760988037633775e+02,5.882352941176471e-01,797831
4.783796467005606e+02,4.766149408182077e+02,5.882352941176471e-01,797832
4.806367547707766e+02,4.753426371237178e+02,1.764705882352941e+00,797830
4.818766783619311e+02,4.801119724795782e+02,5.882352941176471e-01,797833
4.886910505437748e+02,4.833969328967160e+02,1.764705882352941e+00,797834
4.931944518856449e+02,4.914297460032919e+02,5.882352941176471e-01,797835
4.999102985587519e+02,4.963808867940461e+02,1.176470588235294e+00,797837
4.999903519161569e+02,4.946962342690980e+02,1.764705882352941e+00,797836
5.017463874614665e+02,4.999816815791136e+02,5.882352941176471e-01,797839
5.044863220791136e+02,4.991922044320547e+02,1.764705882352941e+00,797838
5.076152125449737e+02,5.058505066626208e+02,5.882352941176471e-01,797840
5.082570623990111e+02,5.064923565166581e+02,5.882352941176471e-01,797841
5.122394382628120e+02,5.069453206157532e+02,1.764705882352941e+00,797842
5.129093301920325e+02,5.075035302001525e+02,1.764705882352941e+00,797843
5.182189915602216e+02,5.146895797955157e+02,1.176470588235294e+00,797844
5.188847775436702e+02,5.171200716613173e+02,5.882352941176471e-01,797845
5.194185752601380e+02,5.176538693777850e+02,5.882352941176471e-01,797846
5.229648689605843e+02,5.212001630782313e+02,5.882352941176471e-01,797847
5.244006168531345e+02,5.226359109707815e+02,5.882352941176471e-01,797848
5.275644743155775e+02,5.257997684332245e+02,5.882352941176471e-01,797850
5.285864463606279e+02,5.232923287135690e+02,1.764705882352941e+00,797849
5.319647618298472e+02,5.302000559474943e+02,5.882352941176471e-01,797852
5.329573038852187e+02,5.276631862381599e+02,1.764705882352941e+00,797851
5.471840120354233e+02,5.418898943883645e+02,1.764705882352941e+00,797853
5.497570682180365e+02,5.479923623356835e+02,5.882352941176471e-01,797854
5.511093662907265e+02,5.493446604083736e+02,5.882352941176471e-01,797855
5.550827603234473e+02,5.515533485587414e+02,1.176470588235294e+00,797856
5.572382750514445e+02,5.554735691690915e+02,5.882352941176471e-01,797857
5.585814493221827e+02,5.568167434398298e+02,5.882352941176471e-01,797859
5.591434008368551e+02,5.556139890721493e+02,1.176470588235294e+00,797858
5.613527945650362e+02,5.595880886826833e+02,5.882352941176471e-01,797860
5.649430542975958e+02,5.596489366505370e+02,1.764705882352941e+00,797861
5.693154243265514e+02,5.640213066794926e+02,1.764705882352941e+00,797862
5.700626858548514e+02,5.647685682077926e+02,1.764705882352941e+00,797863
5.723275014205545e+02,5.670333837734956e+02,1.764705882352941e+00,797864
5.778570549501420e+02,5.760923490677891e+02,5.882352941176471e-01,797865
5.798597935109395e+02,5.780950876285865e+02,5.882352941176471e-01,797866
5.813824054535197e+02,5.796176995711668e+02,5.882352941176471e-01,797867
5.818024329876482e+02,5.800377271052952e+02,5.882352941176471e-01,797868
5.868335112992448e+02,5.815393936521859e+02,1.764705882352941e+00,797869
5.868471388110366e+02,5.815530211639778e+02,1.764705882352941e+00,797870
5.965788662897614e+02,5.912847486427026e+02,1.764705882352941e+00,797871
6.003629987104203e+02,5.950688810633615e+02,1.764705882352941e+00,797872
6.029249561903569e+02,5.976308385432981e+02,1.764705882352941e+00,797873
6.041795493707580e+02,6.010003770514708e+02,5.882352941176471e-01,797877
6.041795493707580e+02,6.008278202256282e+02,5.882352941176471e-01,797876
6.061142928204282e+02,6.029987784659498e+02,5.882352941176471e-01,797880
6.061142928204282e+02,6.031378649541713e+02,5.882352941176471e-01,797881
6.061142928204282e+02,6.034597169758443e+02,5.882352941176471e-01,797882
6.078789987027812e+02,6.057476274610931e+02,5.882352941176471e-01,797883
6.084672339968988e+02,6.006070710059258e+02,1.176470588235294e+00,797874
6.102319398792517e+02,6.083434089728619e+02,5.882352941176470e-01,797884
6.102319398792517e+02,6.026367278310060e+02,1.764705882352941e+00,797879
6.102319398792517e+02,6.006716709061153e+02,1.764705882352941e+00,797875
6.175009807407743e+02,6.122068630937154e+02,1.764705882352941e+00,797885
6.178757734671444e+02,6.161110675847914e+02,5.882352941176471e-01,797887
6.187644141122976e+02,6.134702964652388e+02,1.764705882352941e+00,797886
6.223714626456833e+02,6.206067567633303e+02,5.882352941176471e-01,797890
6.227950983878331e+02,6.174161034973867e+02,1.764705882352941e+00,797888
6.242318453096299e+02,6.224671394272770e+02,5.882352941176471e-01,797891
6.245598042701860e+02,6.225131707205446e+02,5.882352941176471e-01,797892
6.256165821076604e+02,6.203224644606015e+02,1.764705882352941e+00,797889
6.314884057306101e+02,6.297236998482571e+02,5.882352941176471e-01,797894
6.317154156287877e+02,6.299507097464347e+02,5.882352941176471e-01,797895
6.322185185218448e+02,6.269244008747860e+02,1.764705882352941e+00,797893
6.395117723549864e+02,6.342176547079275e+02,1.764705882352941e+00,797896
6.421174439962576e+02,6.403527381139047e+02,5.882352941176471e-01,797897
6.451454306449869e+02,6.433807247626340e+02,5.882352941176471e-01,797898
6.467590698113946e+02,6.449943639290416e+02,5.882352941176471e-01,797899
6.470493598107446e+02,6.452846539283917e+02,5.882352941176471e-01,797900
6.486234921037041e+02,6.468587862213512e+02,5.882352941176471e-01,797901
6.500235656888316e+02,6.482588598064786e+02,5.882352941176471e-01,797903
6.515735026660389e+02,6.480440909013330e+02,1.176470588235294e+00,797902
6.530124154767054e+02,6.512477095943525e+02,5.882352941176471e-01,797905
6.552270569059895e+02,6.499329392589307e+02,1.764705882352941e+00,797904
6.584010397831057e+02,6.548716280183998e+02,1.176470588235294e+00,797907
6.597963126944070e+02,6.545021950473482e+02,1.764705882352941e+00,797906
6.625531861678266e+02,6.607884802854737e+02,5.882352941176471e-01,797909
6.632935312790729e+02,6.579994136320140e+02,1.764705882352941e+00,797908
6.638244505499232e+02,6.620597446675702e+02,5.882352941176471e-01,797910
6.645957007958598e+02,6.628309949135069e+02,5.882352941176471e-01,797911
6.692068535262872e+02,6.674421476439343e+02,5.882352941176471e-01,797912
6.840959042740166e+02,6.805664925093107e+02,1.176470588235294e+00,797913
6.912702891682467e+02,6.895055832858938e+02,5.882352941176471e-01,797915
6.924400837686447e+02,6.871459661215859e+02,1.764705882352941e+00,797914
7.022953515000608e+02,7.005306456177078e+02,5.882352941176471e-01,797917
7.027445612598581e+02,7.009798553775052e+02,5.882352941176471e-01,797918
7.040600573824137e+02,7.021299418010330e+02,5.882352941176471e-01,797919
7.044834734093550e+02,6.991893557622962e+02,1.764705882352941e+00,797916
7.075002778592034e+02,7.057355719768504e+02,5.882352941176471e-01,797921
7.080386789069170e+02,7.025051450475138e+02,1.764705882352941e+00,797920
7.091483686854868e+02,7.073836628031339e+02,5.882352941176471e-01,797922
7.108612095211982e+02,7.090965036388453e+02,5.882352941176471e-01,797923
7.137652806367581e+02,7.120005747544052e+02,5.882352941176471e-01,797924
7.153572668575701e+02,7.135925609752171e+02,5.882352941176471e-01,797926
7.156414162837671e+02,7.121120045190612e+02,1.176470588235294e+00,797925
7.206668783857267e+02,7.171374666210208e+02,1.176470588235294e+00,797927
7.245075341245885e+02,7.227428282422356e+02,5.882352941176471e-01,797928
7.302845874648283e+02,7.285198815824754e+02,5.882352941176471e-01,797929
7.365336481594490e+02,7.312395305123902e+02,1.764705882352941e+00,797930
7.394002168167145e+02,7.376355109343615e+02,5.882352941176471e-01,797931
7.405033969608604e+02,7.387386910785074e+02,5.882352941176471e-01,797933
7.426890399643831e+02,7.409243340820302e+02,5.882352941176471e-01,797934
7.432966090517786e+02,7.380024914047197e+02,1.764705882352941e+00,797932
7.461351382029519e+02,7.443704323205989e+02,5.882352941176471e-01,797935
7.501970783428758e+02,7.484323724605228e+02,5.882352941176471e-01,797937
7.517265229992310e+02,7.481971112345251e+02,1.176470588235294e+00,797936
7.546155094780504e+02,7.510860977133445e+02,1.176470588235294e+00,797938
7.553377888362384e+02,7.535730829538854e+02,5.882352941176471e-01,797939
7.575175937579586e+02,7.557528878756056e+02,5.882352941176471e-01,797940
7.580826225136845e+02,7.563179166313316e+02,5.882352941176471e-01,797941
7.626124016546787e+02,7.590829898899729e+02,1.176470588235294e+00,797944
7.630838706868416e+02,7.577897530397828e+02,1.764705882352941e+00,797942
7.631682710697398e+02,7.578741534226810e+02,1.764705882352941e+00,797943
7.688855654647639e+02,7.671208595824109e+02,5.882352941176471e-01,797946
7.710867102661664e+02,7.693220043838135e+02,5.882352941176471e-01,797947
7.716481139738935e+02,7.663539963268346e+02,1.764705882352941e+00,797945
7.768999254968709e+02,7.716058078498121e+02,1.764705882352941e+00,797948
7.784715719904338e+02,7.749421602257279e+02,1.176470588235294e+00,797949
7.841423520709273e+02,7.788482344238685e+02,1.764705882352941e+00,797950
7.869526398526248e+02,7.834232280879189e+02,1.176470588235294e+00,797951
7.929961453417728e+02,7.912314394594198e+02,5.882352941176471e-01,797953
7.938456750039990e+02,7.885515573569401e+02,1.764705882352941e+00,797952
7.982930805786750e+02,7.965283746963220e+02,5.882352941176471e-01,797954
8.016766193691778e+02,7.999119134868249e+02,5.882352941176471e-01,797955
8.046641156706813e+02,8.028994097883284e+02,5.882352941176471e-01,797956
8.084867331704396e+02,8.031926155233808e+02,1.764705882352941e+00,797957
8.135340688531117e+02,8.117693629707588e+02,5.882352941176471e-01,797958
8.158174391382483e+02,8.140527332558953e+02,5.882352941176471e-01,797959
8.187562395368426e+02,8.169915336544897e+02,5.882352941176471e-01,797961
8.197890398326632e+02,8.144949221856044e+02,1.764705882352941e+00,797960
8.198058885338853e+02,8.180411826515324e+02,5.882352941176471e-01,797962
8.205209454191956e+02,8.183620167594452e+02,5.882352941176471e-01,797963
8.240424708502826e+02,8.222777649679297e+02,5.882352941176471e-01,797964
8.283145051166129e+02,8.265497992342600e+02,5.882352941176471e-01,797965
8.332413053890590e+02,8.314765995067060e+02,5.882352941176471e-01,797967
8.333939231403481e+02,8.316292172579952e+02,5.882352941176471e-01,797968
8.338862527195472e+02,8.285921350724883e+02,1.764705882352941e+00,797966
8.385354230361178e+02,8.331974013984421e+02,1.764705882352941e+00,797969
8.424800060674506e+02,8.407153001850977e+02,5.882352941176471e-01,797970
8.447413953060576e+02,8.412119835413518e+02,1.176470588235294e+00,797971
8.501308954896762e+02,8.483661896073232e+02,5.882352941176471e-01,797973
8.501432527580599e+02,8.483785468757069e+02,5.882352941176471e-01,797974
8.525811080107505e+02,8.472869903636917e+02,1.764705882352941e+00,797972
8.580621610447496e+02,8.527680433976907e+02,1.764705882352941e+00,797975
8.686519726666004e+02,8.633578550195416e+02,1.764705882352941e+00,797976
8.691389505272034e+02,8.673742446448505e+02,5.882352941176471e-01,797977
8.746109762221338e+02,8.728462703397808e+02,5.882352941176471e-01,797978
8.823972467723489e+02,8.806325408899960e+02,5.882352941176471e-01,797979
8.865401966607475e+02,8.812460790136887e+02,1.764705882352941e+00,797980
8.907913471314889e+02,8.854972294844301e+02,1.764705882352941e+00,797981
8.912188097074629e+02,8.894541038251100e+02,5.882352941176471e-01,797982
8.916699457695738e+02,8.899052398872208e+02,5.882352941176471e-01,797983
8.950893344560356e+02,8.933246285736826e+02,5.882352941176471e-01,797984
9.008987931599187e+02,8.991340872775658e+02,5.882352941176471e-01,797986
9.037214758331530e+02,8.984273581860941e+02,1.764705882352941e+00,797985
9.142664684223548e+02,9.089723507752960e+02,1.764705882352941e+00,797987
9.154359345945660e+02,9.136712287122131e+02,5.882352941176471e-01,797989
9.161436274818284e+02,9.108495098347695e+02,1.764705882352941e+00,797988
9.191432293539767e+02,9.173785234716238e+02,5.882352941176471e-01,797991
9.219260229906113e+02,9.166319053435525e+02,1.764705882352941e+00,797990
9.223372946525792e+02,9.205725887702263e+02,5.882352941176471e-01,797993
9.240340356680197e+02,9.205046239033138e+02,1.176470588235294e+00,797992
9.296207067625930e+02,9.243265891155341e+02,1.764705882352941e+00,797994
9.321807420937825e+02,9.304160362114296e+02,5.882352941176471e-01,797996
9.322525339192731e+02,9.304878280369202e+02,5.882352941176471e-01,797997
9.350002857093460e+02,9.297061680622872e+02,1.764705882352941e+00,797995
9.385029560899939e+02,9.332088384429350e+02,1.764705882352941e+00,797998
9.393912194006163e+02,9.376265135182634e+02,5.882352941176471e-01,797999
9.468993875611332e+02,9.451346816787803e+02,5.882352941176471e-01,798000
9.506365620210580e+02,9.488718561387051e+02,5.882352941176471e-01,798003
9.511032076096934e+02,9.458090899626345e+02,1.764705882352941e+00,798001
9.513709161634866e+02,9.460767985164277e+02,1.764705882352941e+00,798002
9.526345906977286e+02,9.503271860224878e+02,5.882352941176471e-01,798005
9.543992965800816e+02,9.499451833836788e+02,1.176470588235294e+00,798004
9.543992965800816e+02,9.518129697270366e+02,5.882352941176471e-01,798007
9.563310129118048e+02,9.539273971470391e+02,5.882352941176471e-01,798009
9.566650338105454e+02,9.511190251158645e+02,1.764705882352941e+00,798006
9.598604246765107e+02,9.533019609437863e+02,1.764705882352941e+00,798008
9.638260658667725e+02,9.620613599844196e+02,5.882352941176471e-01,798011
9.706568690258160e+02,9.688921631434631e+02,5.882352941176471e-01,798014
9.718985476258771e+02,9.666044299788182e+02,1.764705882352941e+00,798012
9.728681785671824e+02,9.675740609201236e+02,1.764705882352941e+00,798013
9.759509866728748e+02,9.695401070013039e+02,1.764705882352941e+00,798015
9.797195857723971e+02,9.779548798900441e+02,5.882352941176471e-01,798017
9.830648321174971e+02,9.777707144704383e+02,1.764705882352941e+00,798016
9.842392638629099e+02,9.824745579805570e+02,5.882352941176471e-01,798019
9.850518413079537e+02,9.797577236608949e+02,1.764705882352941e+00,798018
9.919253685372951e+02,9.901606626549422e+02,5.882352941176471e-01,798021
9.922709077601459e+02,9.869767901130871e+02,1.764705882352941e+00,798020
9.939551842229920e+02,9.921904783406391e+02,5.882352941176471e-01,798022
9.949179578448878e+02,9.931532519625348e+02,5.882352941176471e-01,798023
9.977751953435556e+02,9.960104894612027e+02,5.882352941176471e-01,798024
1.001758217183469e+03,9.999935113011158e+02,5.882352941176471e-01,798025
1.002990130922264e+03,1.001225425039911e+03,5.882352941176471e-01,798026
1.004929531194113e+03,1.003164825311760e+03,5.882352941176471e-01,798027
1.007586310184932e+03,1.005821604302579e+03,5.882352941176471e-01,798028
1.011687214789312e+03,1.006393097142253e+03,1.764705882352941e+00,798029
1.013642282162382e+03,1.011877576280029e+03,5.882352941176471e-01,798030
1.014962008137343e+03,1.013197302254990e+03,5.882352941176471e-01,798031
1.017198755306032e+03,1.015434049423679e+03,5.882352941176471e-01,798032
1.023886583170070e+03,1.018592465523012e+03,1.764705882352941e+00,798033
1.024527914779825e+03,1.020998503015119e+03,1.176470588235294e+00,798035
1.025611187621295e+03,1.020317069974236e+03,1.764705882352941e+00,798034
1.029501366622006e+03,1.023681490168713e+03,1.764705882352941e+00,798037
1.029501366622006e+03,1.023675305630662e+03,1.764705882352941e+00,798036
1.030018082345229e+03,1.028253376462876e+03,5.882352941176471e-01,798038
1.031782788227582e+03,1.029914760455883e+03,5.882352941176471e-01,798041
1.033110171746302e+03,1.031345465863949e+03,5.882352941176471e-01,798042
1.033153805104538e+03,1.029440743923213e+03,1.176470588235294e+00,798039
1.035312199992288e+03,1.029703786699422e+03,1.764705882352941e+00,798040
1.037482627771381e+03,1.033953216006676e+03,1.176470588235294e+00,798043
1.044165994681423e+03,1.042401288799070e+03,5.882352941176471e-01,798044
1.047948253886332e+03,1.042654136239274e+03,1.764705882352941e+00,798045
1.048795661146886e+03,1.043501543499827e+03,1.764705882352941e+00,798046
1.049629094509280e+03,1.047864388626927e+03,5.882352941176471e-01,798047
1.055172294604867e+03,1.053407588722514e+03,5.882352941176471e-01,798048
1.060647959259908e+03,1.058883253377555e+03,5.882352941176471e-01,798049
1.066367379044228e+03,1.064602673161875e+03,5.882352941176471e-01,798050
1.069000443419629e+03,1.067235737537276e+03,5.882352941176471e-01,798051
1.070919552294302e+03,1.069154846411949e+03,5.882352941176471e-01,798052
1.080082274369543e+03,1.078317568487190e+03,5.882352941176471e-01,798053
1.081397409921657e+03,1.079632704039304e+03,5.882352941176471e-01,798055
1.083862689554517e+03,1.078568571907458e+03,1.764705882352941e+00,798054
1.085840940962114e+03,1.084076235079761e+03,5.882352941176471e-01,798057
1.086319373929598e+03,1.084554668047245e+03,5.882352941176471e-01,798058
1.088731684426667e+03,1.083437566779608e+03,1.764705882352941e+00,798056
1.089600356021516e+03,1.087835650139163e+03,5.882352941176471e-01,798059
1.098200323946869e+03,1.092906206299810e+03,1.764705882352941e+00,798060
1.100938048426800e+03,1.099173342544447e+03,5.882352941176471e-01,798062
1.104467460191506e+03,1.097967771751831e+03,1.764705882352941e+00,798061
1.104541691261799e+03,1.099247573614741e+03,1.764705882352941e+00,798063
1.105026595281243e+03,1.099314026410906e+03,1.764705882352941e+00,798064
1.117651877830240e+03,1.115887171947887e+03,5.882352941176471e-01,798065
1.118617900300737e+03,1.116853194418385e+03,5.882352941176471e-01,798066
1.121121081284041e+03,1.119356375401688e+03,5.882352941176471e-01,798069
1.121328531844770e+03,1.119563825962417e+03,5.882352941176471e-01,798070
1.122677389780372e+03,1.117699060386983e+03,1.176470588235294e+00,798067
1.124650493048746e+03,1.119248037708747e+03,1.764705882352941e+00,798068
1.125072439276832e+03,1.121543027512126e+03,1.176470588235294e+00,798071
1.125724096170576e+03,1.123959390288223e+03,5.882352941176471e-01,798072
1.130867212745567e+03,1.125573095098508e+03,1.764705882352941e+00,798073
1.135353400187233e+03,1.130059282540174e+03,1.764705882352941e+00,798074
1.136923455402140e+03,1.131629337755081e+03,1.764705882352941e+00,798075
1.137596932367674e+03,1.135832226485321e+03,5.882352941176471e-01,798077
1.139661162990413e+03,1.134367045343355e+03,1.764705882352941e+00,798076
1.139765122349041e+03,1.138000416466688e+03,5.882352941176471e-01,798078
1.143162738367279e+03,1.139633326602573e+03,1.176470588235294e+00,798079
1.145860402967738e+03,1.144095697085385e+03,5.882352941176471e-01,798080
1.147528756972726e+03,1.145764051090373e+03,5.882352941176471e-01,798081
1.153926517461747e+03,1.152161811579394e+03,5.882352941176471e-01,798083
1.154002158012455e+03,1.152237452130102e+03,5.882352941176471e-01,798084
1.155016191954701e+03,1.149722074307643e+03,1.764705882352941e+00,798082
1.155691223344100e+03,1.153715309746441e+03,5.882352941176471e-01,798085
1.164539303927654e+03,1.162774598045301e+03,5.882352941176471e-01,798087
1.164968549537354e+03,1.159674431890295e+03,1.764705882352941e+00,798086
1.166937517546203e+03,1.165172811663850e+03,5.882352941176471e-01,798088
1.174529336030705e+03,1.172764630148352e+03,5.882352941176471e-01,798090
1.175198805887317e+03,1.173434100004964e+03,5.882352941176471e-01,798091
1.176000894047553e+03,1.170706776400494e+03,1.764705882352941e+00,798089
1.177137752228807e+03,1.175373046346454e+03,5.882352941176471e-01,798092
1.180272985030122e+03,1.178508279147769e+03,5.882352941176471e-01,798093
1.183342476448197e+03,1.181577770565844e+03,5.882352941176471e-01,798094
1.184165205060517e+03,1.182400499178164e+03,5.882352941176471e-01,798095
1.188293145255445e+03,1.182999027608386e+03,1.764705882352941e+00,798096
1.188806831811197e+03,1.187042125928844e+03,5.882352941176471e-01,798097
1.192892724072090e+03,1.191128018189738e+03,5.882352941176471e-01,798098
1.193798540241635e+03,1.192033834359282e+03,5.882352941176471e-01,798100
1.196317085646723e+03,1.194552379764370e+03,5.882352941176471e-01,798102
1.196422135836796e+03,1.192426494975806e+03,1.176470588235294e+00,798101
1.196484975059077e+03,1.191190857412018e+03,1.764705882352941e+00,798099
1.198081791529076e+03,1.195812589588007e+03,5.882352941176471e-01,798103
1.199167821644854e+03,1.197403115762501e+03,5.882352941176471e-01,798105
1.200296109944231e+03,1.196766698179525e+03,1.176470588235294e+00,798104
1.205197177305543e+03,1.199903059658485e+03,1.764705882352941e+00,798106
1.208831078451397e+03,1.203536960804338e+03,1.764705882352941e+00,798107
1.209675811029463e+03,1.204381693382405e+03,1.764705882352941e+00,798108
1.209862842215863e+03,1.208098136333510e+03,5.882352941176471e-01,798109
1.216053418728073e+03,1.214288712845720e+03,5.882352941176471e-01,798110
1.216454533933901e+03,1.214689828051549e+03,5.882352941176471e-01,798111
1.217105978325710e+03,1.215341272443357e+03,5.882352941176471e-01,798112
1.224915346493809e+03,1.223150640611456e+03,5.882352941176471e-01,798113
1.235093005154258e+03,1.233328299271905e+03,5.882352941176471e-01,798115
1.235869813377173e+03,1.230575695730114e+03,1.764705882352941e+00,798114
1.237246115148068e+03,1.234974116384265e+03,5.882352941176471e-01,798118
1.237246115148068e+03,1.234549511811815e+03,5.882352941176471e-01,798117
1.239761212254577e+03,1.234467094607518e+03,1.764705882352941e+00,798116
1.242942571108450e+03,1.237648453461391e+03,1.764705882352941e+00,798119
1.248635595319859e+03,1.246870889437506e+03,5.882352941176471e-01,798120
1.255448349196152e+03,1.251918937431446e+03,1.176470588235294e+00,798121
1.263842171279386e+03,1.258548053632327e+03,1.764705882352941e+00,798122
1.264463232914717e+03,1.262698527032364e+03,5.882352941176471e-01,798124
1.264928817894410e+03,1.259634700247351e+03,1.764705882352941e+00,798123
1.269285666905585e+03,1.263991549258527e+03,1.764705882352941e+00,798125
1.274343115017092e+03,1.269048997370033e+03,1.764705882352941e+00,798126
1.276058465812104e+03,1.274293759929751e+03,5.882352941176471e-01,798128
1.278102795713081e+03,1.272808678066022e+03,1.764705882352941e+00,798127
1.283819393147771e+03,1.282054687265418e+03,5.882352941176471e-01,798130
1.285581404809804e+03,1.280287287162745e+03,1.764705882352941e+00,798129
1.288529999616457e+03,1.286765293734105e+03,5.882352941176471e-01,798133
1.288818690800055e+03,1.283524573152997e+03,1.764705882352941e+00,798131
1.289677621469182e+03,1.284383503822123e+03,1.764705882352941e+00,798132
1.290325454624766e+03,1.288560748742413e+03,5.882352941176471e-01,798134
1.292885115313368e+03,1.291120409431015e+03,5.882352941176471e-01,798135
1.293732594282734e+03,1.291967888400381e+03,5.882352941176471e-01,798136
1.297469615460763e+03,1.295704909578410e+03,5.882352941176471e-01,798137
1.299964518353146e+03,1.298199812470793e+03,5.882352941176471e-01,798138
1.301615577553058e+03,1.299850871670705e+03,5.882352941176471e-01,798139
1.301974001234292e+03,1.300209295351939e+03,5.882352941176471e-01,798140
1.310946858313787e+03,1.305652740666728e+03,1.764705882352941e+00,798141
1.311371661210137e+03,1.309115841842872e+03,5.882352941176471e-01,798146
1.312685246195972e+03,1.307842249445431e+03,1.176470588235294e+00,798143
1.314449952078325e+03,1.307325849136638e+03,1.764705882352941e+00,798142
1.314456093370354e+03,1.312691387488001e+03,5.882352941176471e-01,798147
1.314939217789002e+03,1.313174511906649e+03,5.882352941176471e-01,798148
1.323330096182445e+03,1.318035978535386e+03,1.764705882352941e+00,798149
1.325666590585805e+03,1.323901884703452e+03,5.882352941176471e-01,798151
1.326136886151252e+03,1.322607474386546e+03,1.176470588235294e+00,798150
1.327448046154029e+03,1.325683340271676e+03,5.882352941176471e-01,798152
1.331024976409511e+03,1.329260270527158e+03,5.882352941176471e-01,798153
1.333165763408577e+03,1.331401057526224e+03,5.882352941176471e-01,798154
1.336886951010663e+03,1.335122245128310e+03,5.882352941176471e-01,798155
1.345627670725064e+03,1.340333553078005e+03,1.764705882352941e+00,798156
1.349934454455083e+03,1.344640336808024e+03,1.764705882352941e+00,798157
1.353396431760222e+03,1.348102314113163e+03,1.764705882352941e+00,798158
1.359041261048216e+03,1.353747143401157e+03,1.764705882352941e+00,798159
1.366769935741561e+03,1.365005229859208e+03,5.882352941176471e-01,798162
1.367015247058477e+03,1.361721129411418e+03,1.764705882352941e+00,798160
1.368757986808427e+03,1.363463869161368e+03,1.764705882352941e+00,798161
1.372128685763854e+03,1.370363979881501e+03,5.882352941176471e-01,798164
1.372166846526092e+03,1.370402140643739e+03,5.882352941176471e-01,798165
1.372741415727682e+03,1.370634799369931e+03,5.882352941176471e-01,798166
1.373893391646207e+03,1.371330898928862e+03,5.882352941176471e-01,798167
1.375283889631007e+03,1.373519183748654e+03,5.882352941176471e-01,798168
1.375696258290798e+03,1.369212003962976e+03,1.764705882352941e+00,798163
1.377235699462136e+03,1.375202065912184e+03,5.882352941176471e-01,798171
1.377540822210188e+03,1.375776116327835e+03,5.882352941176471e-01,798172
1.380685253189805e+03,1.373628720325931e+03,1.764705882352941e+00,798169
1.380765111226842e+03,1.374068330029755e+03,1.764705882352941e+00,798170
1.382067639721736e+03,1.380302933839383e+03,5.882352941176471e-01,798173
1.386908476313877e+03,1.381614358666819e+03,1.764705882352941e+00,798174
1.387594092474966e+03,1.385829386592613e+03,5.882352941176471e-01,798176
1.390040617980528e+03,1.384746500333469e+03,1.764705882352941e+00,798175
1.391548533115189e+03,1.388019121350484e+03,1.176470588235294e+00,798177
1.392428611606731e+03,1.390663905724378e+03,5.882352941176471e-01,798179
1.393541386879738e+03,1.391776680997385e+03,5.882352941176471e-01,798180
1.395617566922965e+03,1.390323449275906e+03,1.764705882352941e+00,798178
1.396829918691530e+03,1.393300506926824e+03,1.176470588235294e+00,798181
1.397471801884693e+03,1.395707096002340e+03,5.882352941176471e-01,798182
1.409714272402869e+03,1.407949566520516e+03,5.882352941176471e-01,798183
1.411602865231497e+03,1.409838159349144e+03,5.882352941176471e-01,798185
1.412303933544820e+03,1.408774521780114e+03,1.176470588235294e+00,798184
1.415078778664320e+03,1.413314072781967e+03,5.882352941176471e-01,798187
1.415409611803298e+03,1.413644905920945e+03,5.882352941176471e-01,798188
1.416868313086091e+03,1.411574195439032e+03,1.764705882352941e+00,798186
1.417358101332344e+03,1.415593395449991e+03,5.882352941176471e-01,798189
1.424875303635731e+03,1.420885873462456e+03,1.176470588235294e+00,798190
1.426373774090693e+03,1.421486794161422e+03,1.176470588235294e+00,798192
1.426640009518084e+03,1.424802851189518e+03,5.882352941176470e-01,798194
1.426640009518084e+03,1.421204989580627e+03,1.764705882352941e+00,798191
1.437540315799829e+03,1.432246198152770e+03,1.764705882352941e+00,798195
1.441082615467647e+03,1.435788497820589e+03,1.764705882352941e+00,798196
1.441505600250436e+03,1.436211482603377e+03,1.764705882352941e+00,798197
1.443869322796664e+03,1.440339911031958e+03,1.176470588235294e+00,798198
1.446471027405811e+03,1.441176909758752e+03,1.764705882352941e+00,798199
1.448921609167930e+03,1.443627491520872e+03,1.764705882352941e+00,798200
1.458817438139208e+03,1.455288026374502e+03,1.176470588235294e+00,798201
1.462103686018316e+03,1.460338980135963e+03,5.882352941176471e-01,798202
1.466425373779790e+03,1.464660667897437e+03,5.882352941176471e-01,798203
1.470029502963856e+03,1.468264797081503e+03,5.882352941176471e-01,798205
1.470090527166962e+03,1.466561115402256e+03,1.176470588235294e+00,798204
1.470864796005414e+03,1.469100090123061e+03,5.882352941176471e-01,798206
1.476603817496324e+03,1.471309699849265e+03,1.764705882352941e+00,798207
1.477223407938351e+03,1.471929290291292e+03,1.764705882352941e+00,798208
1.480118355635272e+03,1.478353649752919e+03,5.882352941176471e-01,798209
1.482931587210430e+03,1.481166881328077e+03,5.882352941176471e-01,798210
1.488234119246733e+03,1.484704707482027e+03,1.176470588235294e+00,798212
1.489972798792351e+03,1.484678681145292e+03,1.764705882352941e+00,798211
1.493873828773730e+03,1.492109122891377e+03,5.882352941176471e-01,798213
1.494498909402043e+03,1.492734203519690e+03,5.882352941176471e-01,798214
1.496183790432638e+03,1.494419084550286e+03,5.882352941176471e-01,798215
1.496689482263471e+03,1.494924776381118e+03,5.882352941176471e-01,798217
1.498281674115801e+03,1.496516968233448e+03,5.882352941176471e-01,798219
1.498332273295240e+03,1.494630347500511e+03,1.176470588235294e+00,798216
1.501477908079697e+03,1.495152467134798e+03,1.764705882352941e+00,798218
1.501980145348104e+03,1.498450733583398e+03,1.176470588235294e+00,798220
1.504022702972037e+03,1.502257997089684e+03,5.882352941176471e-01,798222
1.505484854169767e+03,1.500190736522708e+03,1.764705882352941e+00,798221
1.505725090246037e+03,1.503960384363684e+03,5.882352941176471e-01,798223
1.506057395985599e+03,1.504292690103246e+03,5.882352941176471e-01,798224
1.507249560052120e+03,1.504465384283370e+03,5.882352941176471e-01,798225
1.507489796128390e+03,1.505710450972973e+03,5.882352941176471e-01,798226
1.510066176308567e+03,1.508301470426214e+03,5.882352941176471e-01,798227
1.514105614677944e+03,1.512340908795591e+03,5.882352941176471e-01,798229
1.516539121139591e+03,1.511245003492533e+03,1.764705882352941e+00,798228
1.523459333624014e+03,1.521694627741661e+03,5.882352941176471e-01,798230
1.533825197563707e+03,1.532060491681354e+03,5.882352941176471e-01,798231
1.537727495013559e+03,1.535962789131206e+03,5.882352941176471e-01,798232
1.543880583957150e+03,1.542115878074797e+03,5.882352941176471e-01,798233
1.546016611601494e+03,1.544251905719141e+03,5.882352941176471e-01,798234
1.546590152381969e+03,1.544825446499616e+03,5.882352941176471e-01,798235
1.551073477760146e+03,1.545779360113087e+03,1.764705882352941e+00,798236
1.554459037794155e+03,1.549164920147096e+03,1.764705882352941e+00,798237
1.555374222541368e+03,1.553609516659015e+03,5.882352941176471e-01,798238
1.556196261129319e+03,1.554431555246966e+03,5.882352941176471e-01,798239
1.556691395377609e+03,1.554926689495256e+03,5.882352941176471e-01,798240
1.560668340188427e+03,1.555041825674902e+03,1.764705882352941e+00,798241
1.560680192764154e+03,1.558915486881801e+03,5.882352941176471e-01,798242
1.565470585018854e+03,1.563705879136501e+03,5.882352941176471e-01,798243
1.565948090360364e+03,1.564183384478011e+03,5.882352941176471e-01,798244
1.568671135427513e+03,1.566906429545160e+03,5.882352941176471e-01,798245
1.574596253646565e+03,1.572831547764212e+03,5.882352941176471e-01,798247
1.576986455865419e+03,1.575221749983066e+03,5.882352941176471e-01,798248
1.578014539385258e+03,1.572720421738200e+03,1.764705882352941e+00,798246
1.579545163519094e+03,1.577780457636741e+03,5.882352941176471e-01,798249
1.585536534686665e+03,1.583771828804312e+03,5.882352941176471e-01,798250
1.586316946756440e+03,1.584552240874087e+03,5.882352941176471e-01,798251
1.589884736152110e+03,1.586355324387404e+03,1.176470588235294e+00,798252
1.589944476121577e+03,1.588179770239224e+03,5.882352941176471e-01,798253
1.598220317234460e+03,1.596455611352107e+03,5.882352941176471e-01,798254
1.599244757978229e+03,1.597480052095876e+03,5.882352941176471e-01,798256
1.600851854782817e+03,1.597322443018111e+03,1.176470588235294e+00,798255
1.604503292538828e+03,1.599209174891769e+03,1.764705882352941e+00,798257
1.605043669526304e+03,1.603278963643951e+03,5.882352941176471e-01,798258
1.606184870240284e+03,1.604420164357931e+03,5.882352941176471e-01,798259
1.611210964165507e+03,1.607681552400801e+03,1.176470588235294e+00,798260
1.617959018307771e+03,1.616194312425418e+03,5.882352941176471e-01,798261
1.619060457583994e+03,1.617295751701641e+03,5.882352941176471e-01,798262
1.621305583559314e+03,1.619540877676961e+03,5.882352941176471e-01,798263
1.623387494314329e+03,1.621622788431976e+03,5.882352941176471e-01,798265
1.624943990623498e+03,1.623179284741145e+03,5.882352941176471e-01,798266
1.626893052093074e+03,1.621598934446015e+03,1.764705882352941e+00,798264
1.637078989366729e+03,1.635314283484376e+03,5.882352941176471e-01,798268
1.637653910602364e+03,1.632359792955305e+03,1.764705882352941e+00,798267
1.640238975083776e+03,1.638474269201423e+03,5.882352941176471e-01,798270
1.641563526239502e+03,1.636269408592443e+03,1.764705882352941e+00,798269
1.643082875523469e+03,1.641318169641116e+03,5.882352941176471e-01,798271
1.653346947639838e+03,1.651582241757486e+03,5.882352941176471e-01,798274
1.653711582023696e+03,1.650182170258990e+03,1.176470588235294e+00,798273
1.654770656907859e+03,1.649476539260800e+03,1.764705882352941e+00,798272
1.655431302419547e+03,1.653666596537194e+03,5.882352941176471e-01,798275
1.657955725810989e+03,1.656191019928636e+03,5.882352941176471e-01,798277
1.660053203704116e+03,1.654759086057057e+03,1.764705882352941e+00,798276
1.670978465851470e+03,1.669213759969117e+03,5.882352941176471e-01,798278
1.675535476962487e+03,1.670241359315428e+03,1.764705882352941e+00,798279
1.684232656586992e+03,1.680703244822286e+03,1.176470588235294e+00,798280
1.684834949351557e+03,1.683070243469205e+03,5.882352941176471e-01,798281
1.686322349662369e+03,1.684557643780017e+03,5.882352941176471e-01,798283
1.688648195760236e+03,1.683354078113177e+03,1.764705882352941e+00,798282
1.688994792339851e+03,1.687230086457498e+03,5.882352941176471e-01,798284
1.694165014727644e+03,1.692400308845291e+03,5.882352941176471e-01,798286
1.694818610020882e+03,1.689524492373823e+03,1.764705882352941e+00,798285
1.698550696480347e+03,1.693256578833288e+03,1.764705882352941e+00,798287
1.699603135000369e+03,1.696073723235663e+03,1.176470588235294e+00,798288
1.705347896711012e+03,1.703583190828659e+03,5.882352941176471e-01,798289
1.709274967361573e+03,1.705745555596867e+03,1.176470588235294e+00,798290
1.715810607843736e+03,1.714045901961383e+03,5.882352941176471e-01,798293
1.716989852173226e+03,1.714776366944443e+03,5.882352941176471e-01,798294
1.717575313726089e+03,1.713460440408520e+03,1.176470588235294e+00,798292
1.717737528245195e+03,1.712443410598136e+03,1.764705882352941e+00,798291
1.719172384118272e+03,1.717407678235919e+03,5.882352941176471e-01,798295
1.720347301806162e+03,1.718582595923809e+03,5.882352941176471e-01,798296
1.731193021658956e+03,1.727663609894250e+03,1.176470588235294e+00,798297
1.733291289162577e+03,1.731526583280224e+03,5.882352941176471e-01,798299
1.733631572245172e+03,1.731866866362819e+03,5.882352941176471e-01,798300
1.734817202553832e+03,1.729523084906773e+03,1.764705882352941e+00,798298
1.741423980176976e+03,1.737894568412270e+03,1.176470588235294e+00,798301
1.744502476564431e+03,1.742737770682078e+03,5.882352941176471e-01,798303
1.746652141894318e+03,1.741358024247259e+03,1.764705882352941e+00,798302
1.747356355048635e+03,1.745591649166282e+03,5.882352941176471e-01,798304
1.749254988136773e+03,1.747490282254421e+03,5.882352941176471e-01,798305
1.750258456167103e+03,1.748493750284750e+03,5.882352941176471e-01,798306
1.750483412515777e+03,1.748718706633424e+03,5.882352941176471e-01,798307
1.756100922554132e+03,1.750806804907073e+03,1.764705882352941e+00,798308
1.761861134439606e+03,1.760096428557254e+03,5.882352941176471e-01,798309
1.765952690827602e+03,1.760658573180544e+03,1.764705882352941e+00,798310
1.770742870610024e+03,1.765448752962966e+03,1.764705882352941e+00,798311
1.771050171558342e+03,1.765756053911283e+03,1.764705882352941e+00,798312
1.772031621148994e+03,1.768603238866403e+03,5.882352941176471e-01,798314
1.773796327031347e+03,1.771448215730141e+03,5.882352941176471e-01,798316
1.774579583323048e+03,1.768026254040905e+03,1.764705882352941e+00,798313
1.775561032913700e+03,1.769236739089573e+03,1.764705882352941e+00,798315
1.778819526362761e+03,1.777054820480408e+03,5.882352941176471e-01,798317
1.782436497443969e+03,1.780671791561616e+03,5.882352941176471e-01,798319
1.784782665016244e+03,1.779488547369185e+03,1.764705882352941e+00,798318
1.786812398634509e+03,1.785047692752156e+03,5.882352941176471e-01,798321
1.787859749971259e+03,1.786095044088906e+03,5.882352941176471e-01,798322
1.788987681391521e+03,1.783693563744462e+03,1.764705882352941e+00,798320
1.790750154606740e+03,1.788985448724387e+03,5.882352941176471e-01,798323
1.797279961756435e+03,1.791985844109376e+03,1.764705882352941e+00,798324
1.800478610750748e+03,1.798713904868395e+03,5.882352941176471e-01,798325
1.806229893038763e+03,1.804465187156410e+03,5.882352941176471e-01,798326
1.807549815095487e+03,1.805785109213134e+03,5.882352941176471e-01,798327
1.807745868043411e+03,1.805981162161058e+03,5.882352941176471e-01,798328
1.809896715144422e+03,1.808132009262069e+03,5.882352941176471e-01,798329
1.811495234505535e+03,1.809730528623182e+03,5.882352941176471e-01,798330
1.814186574486998e+03,1.812421868604645e+03,5.882352941176471e-01,798332
1.817212390981974e+03,1.811918273334916e+03,1.764705882352941e+00,798331
1.822437619213831e+03,1.817143501566772e+03,1.764705882352941e+00,798333
1.824031154160904e+03,1.818737036513845e+03,1.764705882352941e+00,798334
1.840491297028024e+03,1.835197179380965e+03,1.764705882352941e+00,798335
1.840498080193201e+03,1.835203962546142e+03,1.764705882352941e+00,798336
1.842307641960149e+03,1.840542936077797e+03,5.882352941176471e-01,798337
1.846157110238164e+03,1.840862992591105e+03,1.764705882352941e+00,798338
1.848675418980927e+03,1.846910713098575e+03,5.882352941176471e-01,798340
1.851873648872575e+03,1.846579531225516e+03,1.764705882352941e+00,798339
1.853731945653468e+03,1.848437828006409e+03,1.764705882352941e+00,798341
1.855684023685418e+03,1.852154611920712e+03,1.176470588235294e+00,798342
1.861459403852423e+03,1.856165286205364e+03,1.764705882352941e+00,798343
1.868498608594045e+03,1.866733902711692e+03,5.882352941176471e-01,798345
1.869572392268745e+03,1.864278274621686e+03,1.764705882352941e+00,798344
1.871135648447917e+03,1.869370942565564e+03,5.882352941176471e-01,798346
1.872116826123417e+03,1.870352120241064e+03,5.882352941176471e-01,798347
1.873933949553971e+03,1.872169243671618e+03,5.882352941176471e-01,798348
1.877578138677646e+03,1.875813432795293e+03,5.882352941176471e-01,798349
1.885668947268748e+03,1.880374829621690e+03,1.764705882352941e+00,798350
1.885780473688225e+03,1.884015767805872e+03,5.882352941176471e-01,798351
1.888013339369094e+03,1.886248633486741e+03,5.882352941176471e-01,798352
1.889304519783922e+03,1.887539813901569e+03,5.882352941176471e-01,798353
1.892855218222035e+03,1.887561100574977e+03,1.764705882352941e+00,798354
1.893944335259639e+03,1.888650217612580e+03,1.764705882352941e+00,798355
1.894619924104388e+03,1.892352727862249e+03,5.882352941176471e-01,798358
1.895610510417342e+03,1.890316392770283e+03,1.176470588235294e+00,798356
1.895709041141992e+03,1.892091337138563e+03,1.176470588235294e+00,798357
1.898395133765135e+03,1.896630427882782e+03,5.882352941176471e-01,798360
1.901222511071157e+03,1.895928393424098e+03,1.764705882352941e+00,798359
1.905698197943285e+03,1.900404080296227e+03,1.764705882352941e+00,798361
1.906540843049483e+03,1.901246725402424e+03,1.764705882352941e+00,798362
1.907461267717349e+03,1.905696561834996e+03,5.882352941176471e-01,798363
1.910309656936548e+03,1.908544951054195e+03,5.882352941176471e-01,798364
1.911233938268735e+03,1.909469232386382e+03,5.882352941176471e-01,798365
1.914984297571631e+03,1.909690179924572e+03,1.764705882352941e+00,798366
1.919605172143279e+03,1.917840466260926e+03,5.882352941176471e-01,798367
1.923249882345919e+03,1.921485176463566e+03,5.882352941176471e-01,798369
1.926604225126167e+03,1.921310107479108e+03,1.764705882352941e+00,798368
1.929659647859256e+03,1.924365530212197e+03,1.764705882352941e+00,798370
1.932670329643407e+03,1.930905623761054e+03,5.882352941176471e-01,798371
1.935266975041790e+03,1.933502269159437e+03,5.882352941176471e-01,798372
1.941920612221923e+03,1.938391200457217e+03,1.176470588235294e+00,798373
1.944853716856299e+03,1.943089010973946e+03,5.882352941176471e-01,798375
1.946389659217525e+03,1.944624953335172e+03,5.882352941176471e-01,798376
1.947188705810728e+03,1.941894588163669e+03,1.764705882352941e+00,798374
1.954973666872781e+03,1.949679549225722e+03,1.764705882352941e+00,798377
1.956905636213004e+03,1.955140930330652e+03,5.882352941176471e-01,798378
1.961768678985592e+03,1.960003973103239e+03,5.882352941176471e-01,798379
1.969297338044664e+03,1.967532632162311e+03,5.882352941176471e-01,798381
1.969956389640608e+03,1.966426977875902e+03,1.176470588235294e+00,798380
1.972638280806622e+03,1.970873574924269e+03,5.882352941176471e-01,798384
1.972949267218572e+03,1.967655149571513e+03,1.764705882352941e+00,798382
1.974402986688975e+03,1.971968930342455e+03,5.882352941176471e-01,798385
1.975228828916097e+03,1.969934711269038e+03,1.764705882352941e+00,798383
1.977922815982271e+03,1.976158110099918e+03,5.882352941176471e-01,798387
1.981105959175062e+03,1.975811841528003e+03,1.764705882352941e+00,798386
1.981886186072774e+03,1.976592068425716e+03,1.764705882352941e+00,798388
1.984415404156450e+03,1.982650698274097e+03,5.882352941176471e-01,798389
1.984490388327658e+03,1.982725682445305e+03,5.882352941176471e-01,798390
1.989610809314213e+03,1.987846103431860e+03,5.882352941176471e-01,798391
1.993708757465251e+03,1.988414639818192e+03,1.764705882352941e+00,798392
1.996094709707194e+03,1.994330003824841e+03,5.882352941176471e-01,798395
1.998723259234808e+03,1.993429141587750e+03,1.764705882352941e+00,798393
1.998945158347422e+03,1.993651040700363e+03,1.764705882352941e+00,798394
2.004449747929315e+03,1.999155630282256e+03,1.764705882352941e+00,798396
2.005079636435809e+03,2.002770770116976e+03,5.882352941176471e-01,798399
2.006014913204403e+03,2.001550224671103e+03,1.176470588235294e+00,798397
2.007779619086756e+03,2.002285960832433e+03,1.764705882352941e+00,798398
2.008609156885174e+03,2.006844451002821e+03,5.882352941176471e-01,798400
2.013104676512169e+03,2.007810558865110e+03,1.764705882352941e+00,798401
2.013667354220735e+03,2.008373236573677e+03,1.764705882352941e+00,798402
2.018714903902983e+03,2.013420786255924e+03,1.764705882352941e+00,798403
2.024981600347219e+03,2.023216894464866e+03,5.882352941176471e-01,798404
2.026930259480158e+03,2.025165553597805e+03,5.882352941176471e-01,798405
2.027342197456862e+03,2.025577491574509e+03,5.882352941176471e-01,798406
2.032509694044524e+03,2.030744988162172e+03,5.882352941176471e-01,798407
2.039272326034817e+03,2.033978208387758e+03,1.764705882352941e+00,798408
2.057720977459638e+03,2.055956271577285e+03,5.882352941176471e-01,798409
2.065466135378407e+03,2.060172017731349e+03,1.764705882352941e+00,798410
2.067089169758834e+03,2.061795052111775e+03,1.764705882352941e+00,798411
2.071584010236448e+03,2.069819304354095e+03,5.882352941176471e-01,798413
2.072341156177473e+03,2.067047038530414e+03,1.764705882352941e+00,798412
2.073660113618509e+03,2.071895407736156e+03,5.882352941176471e-01,798414
2.074817209105554e+03,2.073052503223201e+03,5.882352941176471e-01,798415
2.078009431096330e+03,2.076244725213977e+03,5.882352941176471e-01,798417
2.079818322056971e+03,2.078053616174618e+03,5.882352941176471e-01,798418
2.080934402998187e+03,2.075640285351128e+03,1.764705882352941e+00,798416
2.083731325538249e+03,2.078437207891190e+03,1.764705882352941e+00,798419
2.086661130413301e+03,2.084896424530948e+03,5.882352941176471e-01,798420
2.086880333416926e+03,2.085115627534573e+03,5.882352941176471e-01,798421
2.090913855886764e+03,2.089149150004411e+03,5.882352941176471e-01,798424
2.092603005944630e+03,2.087308888297571e+03,1.764705882352941e+00,798422
2.093980963965958e+03,2.088686846318899e+03,1.764705882352941e+00,798423
2.098149750430860e+03,2.096385044548507e+03,5.882352941176471e-01,798425
2.098817836707087e+03,2.097053130824734e+03,5.882352941176471e-01,798426
2.099112036344679e+03,2.097347330462326e+03,5.882352941176471e-01,798427
2.105816107676677e+03,2.100521990029618e+03,1.764705882352941e+00,798428
2.106334933643460e+03,2.104570227761107e+03,5.882352941176471e-01,798429
2.112299327640739e+03,2.107005209993680e+03,1.764705882352941e+00,798430
2.120494613691038e+03,2.118729907808685e+03,5.882352941176471e-01,798431
2.124137554978502e+03,2.118843437331443e+03,1.764705882352941e+00,798432
2.124781636100123e+03,2.119487518453065e+03,1.764705882352941e+00,798433
2.127167207637357e+03,2.121873089990298e+03,1.764705882352941e+00,798434
2.130217736399508e+03,2.128453030517155e+03,5.882352941176471e-01,798435
2.130295180073453e+03,2.128530474191100e+03,5.882352941176471e-01,798436
2.133069025786935e+03,2.131304319904582e+03,5.882352941176471e-01,798437
2.138887636018613e+03,2.137122930136260e+03,5.882352941176471e-01,798438
2.143148344224817e+03,2.141383638342464e+03,5.882352941176471e-01,798440
2.144546026861989e+03,2.139251909214930e+03,1.764705882352941e+00,798439
2.153885321925333e+03,2.152120616042980e+03,5.882352941176471e-01,798441
2.156996649152249e+03,2.155231943269896e+03,5.882352941176471e-01,798443
2.158343278611085e+03,2.153049160964026e+03,1.764705882352941e+00,798442
2.166215822316559e+03,2.162686410551854e+03,1.176470588235294e+00,798444
2.175532003261231e+03,2.170237885614172e+03,1.764705882352941e+00,798445
2.177170098013529e+03,2.172918057331025e+03,1.176470588235294e+00,798446
2.179409221444647e+03,2.174115103797588e+03,1.764705882352941e+00,798447
2.179679353462601e+03,2.177914647580248e+03,5.882352941176471e-01,798449
2.180103491990492e+03,2.174809374343433e+03,1.764705882352941e+00,798448
2.188945174322083e+03,2.185415762557377e+03,1.176470588235294e+00,798450
2.193516543144948e+03,2.191751837262595e+03,5.882352941176471e-01,798452
2.194418275626717e+03,2.190888863862012e+03,1.176470588235294e+00,798451
2.200153698881876e+03,2.198388992999523e+03,5.882352941176471e-01,798453
2.201647582449660e+03,2.199882876567308e+03,5.882352941176471e-01,798455
2.202454222147948e+03,2.200689516265595e+03,5.882352941176471e-01,798456
2.204908869626745e+03,2.199614751979686e+03,1.764705882352941e+00,798454
2.207488548939280e+03,2.205723843056927e+03,5.882352941176471e-01,798458
2.207795488168960e+03,2.202501370521901e+03,1.764705882352941e+00,798457
2.208218544184821e+03,2.206453838302468e+03,5.882352941176471e-01,798459
2.211896268702230e+03,2.210131562819877e+03,5.882352941176471e-01,798460
2.212067944804057e+03,2.210303238921704e+03,5.882352941176471e-01,798461
2.212540667957440e+03,2.210775962075088e+03,5.882352941176471e-01,798462
2.215324836923959e+03,2.213560131041606e+03,5.882352941176471e-01,798463
2.220277665940751e+03,2.218512960058398e+03,5.882352941176471e-01,798464
2.223480074504929e+03,2.221715368622577e+03,5.882352941176471e-01,798467
2.223894676371229e+03,2.221766086270839e+03,5.882352941176471e-01,798468
2.224893362770331e+03,2.219599245123272e+03,1.764705882352941e+00,798465
2.226658068652684e+03,2.223987335708090e+03,5.882352941176471e-01,798470
2.227009486269635e+03,2.220365264606523e+03,1.764705882352941e+00,798466
2.229188794018287e+03,2.223700573626494e+03,1.764705882352941e+00,798469
2.231110689770739e+03,2.229345983888386e+03,5.882352941176471e-01,798471
2.232380484162795e+03,2.230615778280442e+03,5.882352941176471e-01,798472
2.236698691296672e+03,2.234933985414319e+03,5.882352941176471e-01,798475
2.237857042934837e+03,2.235704795570722e+03,5.882352941176471e-01,798476
2.238429237284323e+03,2.233135119637264e+03,1.764705882352941e+00,798473
2.239621748817190e+03,2.237763631319320e+03,5.882352941176471e-01,798477
2.240228103061378e+03,2.234327631170131e+03,1.764705882352941e+00,798474
2.248930778780309e+03,2.247166072897956e+03,5.882352941176471e-01,798478
2.249256452723576e+03,2.247491746841223e+03,5.882352941176471e-01,798479
2.249707543166084e+03,2.247942837283731e+03,5.882352941176471e-01,798480
2.260041280419091e+03,2.254747162772032e+03,1.764705882352941e+00,798481
2.263192296959523e+03,2.261427591077170e+03,5.882352941176471e-01,798482
2.263814763174684e+03,2.262050057292331e+03,5.882352941176471e-01,798483
2.264310381099889e+03,2.262545675217536e+03,5.882352941176471e-01,798484
2.269289308479751e+03,2.267524602597399e+03,5.882352941176471e-01,798485
2.270095037263722e+03,2.268330331381370e+03,5.882352941176471e-01,798487
2.271054014362104e+03,2.269244886267828e+03,5.882352941176471e-01,798488
2.271612833750307e+03,2.268083421985601e+03,1.176470588235294e+00,798486
2.281816493751733e+03,2.280051787869380e+03,5.882352941176471e-01,798489
2.286711799008672e+03,2.284947093126319e+03,5.882352941176471e-01,798490
2.287353355787451e+03,2.285588649905098e+03,5.882352941176471e-01,798491
2.291099192751959e+03,2.287569780987253e+03,1.176470588235294e+00,798492
2.292519202326772e+03,2.290754496444419e+03,5.882352941176471e-01,798493
2.298351693644418e+03,2.296586987762065e+03,5.882352941176471e-01,798494
2.301419358917959e+03,2.299654653035606e+03,5.882352941176471e-01,798495
2.305152836586442e+03,2.301623424821736e+03,1.176470588235294e+00,798496
2.308514162588547e+03,2.303220044941488e+03,1.764705882352941e+00,798497
2.311621588902886e+03,2.309856883020533e+03,5.882352941176471e-01,798498
2.321022845684013e+03,2.319258139801660e+03,5.882352941176471e-01,798500
2.323502799609025e+03,2.318208681961966e+03,1.764705882352941e+00,798499
2.324009691537747e+03,2.322244985655394e+03,5.882352941176471e-01,798501
2.324560721263530e+03,2.322796015381177e+03,5.882352941176471e-01,798502
2.326173688948430e+03,2.324408983066078e+03,5.882352941176471e-01,798503
2.335107178388754e+03,2.333342472506401e+03,5.882352941176471e-01,798504
2.344732734152155e+03,2.341203322387450e+03,1.176470588235294e+00,798505
2.351440094888926e+03,2.349675389006573e+03,5.882352941176471e-01,798506
2.361333907174062e+03,2.359569201291709e+03,5.882352941176471e-01,798508
2.362366902616520e+03,2.360602196734167e+03,5.882352941176471e-01,798509
2.364738629814512e+03,2.359444512167454e+03,1.764705882352941e+00,798507
2.365977968615851e+03,2.364213262733498e+03,5.882352941176471e-01,798511
2.367159626505348e+03,2.365394920622995e+03,5.882352941176471e-01,798512
2.368289835283638e+03,2.366525129401285e+03,5.882352941176471e-01,798513
2.368924332387701e+03,2.366916279099452e+03,5.882352941176471e-01,798514
2.368959319124626e+03,2.363665201477567e+03,1.764705882352941e+00,798510
2.370054541165990e+03,2.367453530573386e+03,5.882352941176471e-01,798515
2.374218450034760e+03,2.368584940087215e+03,1.764705882352941e+00,798516
2.379330944069978e+03,2.377566238187625e+03,5.882352941176471e-01,798518
2.379576186219868e+03,2.377811480337515e+03,5.882352941176471e-01,798519
2.382225394521397e+03,2.376931276874338e+03,1.764705882352941e+00,798517
2.382484267478099e+03,2.380719561595746e+03,5.882352941176471e-01,798520
2.391135753865953e+03,2.385841636218895e+03,1.764705882352941e+00,798521
2.391808010503983e+03,2.390043304621630e+03,5.882352941176471e-01,798522
2.397273999549235e+03,2.395509293666882e+03,5.882352941176471e-01,798523
2.403071941986011e+03,2.401307236103658e+03,5.882352941176471e-01,798525
2.403356260334975e+03,2.401591554452622e+03,5.882352941176471e-01,798526
2.404494838130098e+03,2.400965426365392e+03,1.176470588235294e+00,798524
2.407490933981500e+03,2.405726228099147e+03,5.882352941176471e-01,798528
2.410523961972571e+03,2.405229844325512e+03,1.764705882352941e+00,798527
2.411469987903213e+03,2.409705282020860e+03,5.882352941176471e-01,798529
2.413025581149010e+03,2.411260875266657e+03,5.882352941176471e-01,798530
2.416813941640184e+03,2.415049235757831e+03,5.882352941176471e-01,798531
2.420572089318433e+03,2.415277971671374e+03,1.764705882352941e+00,798532
2.420648823905673e+03,2.418884118023320e+03,5.882352941176471e-01,798533
2.422826725784372e+03,2.419297314019667e+03,1.176470588235294e+00,798534
2.424591431666725e+03,2.422687391605595e+03,5.882352941176471e-01,798537
2.425904574259112e+03,2.420450266618314e+03,1.764705882352941e+00,798536
2.425904574259112e+03,2.419663752843909e+03,1.764705882352941e+00,798535
2.428565948923870e+03,2.426801243041517e+03,5.882352941176471e-01,798538
2.431645700173984e+03,2.429880994291631e+03,5.882352941176471e-01,798539
2.431915431781352e+03,2.430150725898999e+03,5.882352941176471e-01,798540
2.437477033045473e+03,2.435712327163120e+03,5.882352941176471e-01,798542
2.437637379071372e+03,2.432343261424314e+03,1.764705882352941e+00,798541
2.445514657192162e+03,2.443749951309809e+03,5.882352941176471e-01,798543
2.446477202239446e+03,2.444712496357093e+03,5.882352941176471e-01,798544
2.448422411974897e+03,2.446657706092544e+03,5.882352941176471e-01,798545
2.459582321476642e+03,2.457817615594289e+03,5.882352941176471e-01,798547
2.460571953583327e+03,2.455277835936269e+03,1.764705882352941e+00,798546
2.462329180944220e+03,2.458799769179514e+03,1.176470588235294e+00,798548
2.466101023508421e+03,2.464336317626068e+03,5.882352941176471e-01,798549
2.469855284879122e+03,2.464561167232063e+03,1.764705882352941e+00,798550
2.472199483491707e+03,2.468670071727001e+03,1.176470588235294e+00,798551
2.473370053288119e+03,2.471605347405766e+03,5.882352941176471e-01,798552
2.491436225047217e+03,2.489671519164864e+03,5.882352941176471e-01,798553
2.493971553927182e+03,2.490442142162476e+03,1.176470588235294e+00,798554
2.503646831303586e+03,2.501882125421233e+03,5.882352941176471e-01,798555
2.505400266832243e+03,2.503635560949891e+03,5.882352941176471e-01,798556
2.507609321736578e+03,2.505844615854225e+03,5.882352941176471e-01,798557
2.510111390182479e+03,2.508346684300126e+03,5.882352941176471e-01,798558
2.511876096064832e+03,2.509671181310036e+03,5.882352941176471e-01,798561
2.512115706773709e+03,2.510311197486330e+03,5.882352941176471e-01,798562
2.514972137892624e+03,2.509244650308651e+03,1.764705882352941e+00,798560
2.514972137892624e+03,2.508586295009003e+03,1.764705882352941e+00,798559
2.519537620069514e+03,2.516008208304808e+03,1.176470588235294e+00,798563
2.524287088634149e+03,2.518992970987090e+03,1.764705882352941e+00,798564
2.526941552741988e+03,2.525176846859635e+03,5.882352941176471e-01,798566
2.528211730480964e+03,2.522917612833905e+03,1.764705882352941e+00,798565
2.532687960017937e+03,2.530923254135584e+03,5.882352941176471e-01,798568
2.534422100960655e+03,2.532657395078302e+03,5.882352941176471e-01,798569
2.534460976438293e+03,2.529166858791235e+03,1.764705882352941e+00,798567
2.538030999505674e+03,2.536266293623321e+03,5.882352941176471e-01,798570
2.539458157724459e+03,2.537693451842106e+03,5.882352941176471e-01,798572
2.541331284789675e+03,2.539566578907322e+03,5.882352941176471e-01,798573
2.542371741608760e+03,2.537077623961701e+03,1.764705882352941e+00,798571
2.549225289226800e+03,2.547460583344447e+03,5.882352941176471e-01,798574
2.549270961841913e+03,2.547506255959560e+03,5.882352941176471e-01,798575
2.552599572215302e+03,2.550834866332949e+03,5.882352941176471e-01,798576
2.554205704205229e+03,2.552440998322876e+03,5.882352941176471e-01,798577
2.555613075360109e+03,2.553848369477756e+03,5.882352941176471e-01,798578
2.557850555570491e+03,2.556085849688138e+03,5.882352941176471e-01,798579
2.560943818826526e+03,2.559179112944173e+03,5.882352941176471e-01,798580
2.561139050172731e+03,2.559374344290378e+03,5.882352941176471e-01,798581
2.565847918649647e+03,2.564083212767294e+03,5.882352941176471e-01,798582
2.568234071550023e+03,2.566469365667670e+03,5.882352941176471e-01,798583
2.574233343147429e+03,2.572468637265076e+03,5.882352941176471e-01,798585
2.574787707535186e+03,2.573023001652833e+03,5.882352941176471e-01,798586
2.576013663649335e+03,2.573732135308866e+03,5.882352941176471e-01,798587
2.576029278268889e+03,2.570735160621830e+03,1.764705882352941e+00,798584
2.579837594994813e+03,2.578072889112460e+03,5.882352941176471e-01,798589
2.583401406757897e+03,2.581636700875544e+03,5.882352941176471e-01,798590
2.584861425473335e+03,2.583096719590982e+03,5.882352941176471e-01,798591
2.587797761895475e+03,2.586033056013122e+03,5.882352941176471e-01,798593
2.587931388077575e+03,2.586166682195222e+03,5.882352941176471e-01,798594
2.590805933968181e+03,2.585511816321122e+03,1.764705882352941e+00,798592
2.593091879542534e+03,2.587653870779092e+03,1.764705882352941e+00,798595
2.594590616429385e+03,2.592825910547032e+03,5.882352941176471e-01,798596
2.600115509637168e+03,2.598350803754815e+03,5.882352941176471e-01,798598
2.600433621485239e+03,2.596904209720533e+03,1.176470588235294e+00,798597
2.601656878220726e+03,2.599892172338373e+03,5.882352941176471e-01,798599
2.605454735014433e+03,2.603690029132081e+03,5.882352941176471e-01,798600
2.613308995091957e+03,2.609779583327251e+03,1.176470588235294e+00,798601
2.619446772481064e+03,2.617682066598711e+03,5.882352941176471e-01,798603
2.620198888278506e+03,2.614904770631447e+03,1.764705882352941e+00,798602
2.622565840637004e+03,2.620801134754651e+03,5.882352941176471e-01,798604
2.623464048269056e+03,2.621699342386703e+03,5.882352941176471e-01,798605
2.627247054897803e+03,2.625482349015450e+03,5.882352941176471e-01,798608
2.627512900901291e+03,2.622218783254232e+03,1.764705882352941e+00,798606
2.630516758122915e+03,2.628729272664924e+03,5.882352941176471e-01,798611
2.630641032432411e+03,2.625087206245758e+03,1.764705882352941e+00,798607
2.633666957932904e+03,2.631547132508043e+03,5.882352941176471e-01,798613
2.634108307042369e+03,2.628372840285845e+03,1.764705882352941e+00,798610
2.634108307042369e+03,2.626987346358209e+03,1.764705882352941e+00,798609
2.635873012924722e+03,2.628928598510052e+03,1.176470588235294e+00,798612
2.638386463671919e+03,2.634857051907213e+03,1.176470588235294e+00,798615
2.638961075579963e+03,2.633666782414943e+03,1.764705882352941e+00,798614
2.641949856182119e+03,2.638420444417413e+03,1.176470588235294e+00,798616
2.652401000361625e+03,2.647106882714566e+03,1.764705882352941e+00,798617
2.653322200138880e+03,2.648028082491821e+03,1.764705882352941e+00,798618
2.655641072057182e+03,2.650346954410123e+03,1.764705882352941e+00,798619
2.661493958868256e+03,2.659729252985903e+03,5.882352941176471e-01,798621
2.663240935822037e+03,2.661476229939684e+03,5.882352941176471e-01,798622
2.664876136977019e+03,2.659582019329961e+03,1.764705882352941e+00,798620
2.665053889780554e+03,2.662449481730845e+03,5.882352941176471e-01,798625
2.665053889780554e+03,2.662302467308449e+03,5.882352941176471e-01,798624
2.668405548741725e+03,2.661572726092012e+03,1.764705882352941e+00,798623
2.670186568555939e+03,2.668421862673586e+03,5.882352941176471e-01,798626
2.674819890629965e+03,2.669525772982906e+03,1.764705882352941e+00,798627
2.677701109965504e+03,2.674171698200798e+03,1.176470588235294e+00,798628
2.678984905335595e+03,2.677220199453242e+03,5.882352941176471e-01,798629
2.682510542620595e+03,2.680745836738242e+03,5.882352941176471e-01,798630
2.683859117757633e+03,2.682094411875280e+03,5.882352941176471e-01,798631
2.696134754755220e+03,2.692605342990514e+03,1.176470588235294e+00,798632
2.698831782041542e+03,2.697067076159189e+03,5.882352941176471e-01,798635
2.699927621808013e+03,2.694633504160954e+03,1.764705882352941e+00,798633
2.702049030946234e+03,2.696754913299175e+03,1.764705882352941e+00,798634
2.704039094395478e+03,2.702274388513125e+03,5.882352941176471e-01,798636
2.704761109841209e+03,2.702996403958857e+03,5.882352941176471e-01,798637
2.705509647870823e+03,2.703744941988470e+03,5.882352941176471e-01,798638
2.712287289068005e+03,2.710522583185652e+03,5.882352941176471e-01,798639
2.716245485215532e+03,2.714480779333179e+03,5.882352941176471e-01,798641
2.716758654140437e+03,2.714993948258084e+03,5.882352941176471e-01,798642
2.717005704147079e+03,2.711711586500020e+03,1.764705882352941e+00,798640
2.721817690201375e+03,2.720052984319022e+03,5.882352941176471e-01,798644
2.721828641079633e+03,2.720063935197280e+03,5.882352941176471e-01,798645
2.723587871522857e+03,2.721707032302353e+03,5.882352941176471e-01,798646
2.723587871522857e+03,2.721713521987396e+03,5.882352941176471e-01,798647
2.724019075950085e+03,2.718724958303026e+03,1.764705882352941e+00,798643
2.725874058775392e+03,2.724109352893039e+03,5.882352941176471e-01,798649
2.726208561688532e+03,2.724443855806179e+03,5.882352941176471e-01,798650
2.727201628966623e+03,2.723672217201918e+03,1.176470588235294e+00,798648
2.731100838495001e+03,2.729336132612648e+03,5.882352941176471e-01,798652
2.731954104008312e+03,2.726659986361253e+03,1.764705882352941e+00,798651
2.734537389093735e+03,2.732772683211382e+03,5.882352941176471e-01,798654
2.736655525538104e+03,2.731361407891046e+03,1.764705882352941e+00,798653
2.738696941471937e+03,2.735167529707232e+03,1.176470588235294e+00,798655
2.740496894784824e+03,2.738732188902471e+03,5.882352941176471e-01,798656
2.744830289635677e+03,2.743065583753324e+03,5.882352941176471e-01,798658
2.744949917420452e+03,2.741420505655746e+03,1.176470588235294e+00,798657
2.750148742311077e+03,2.748384036428724e+03,5.882352941176471e-01,798659
2.754834613374309e+03,2.749540495727250e+03,1.764705882352941e+00,798660
2.757721712096666e+03,2.752427594449607e+03,1.764705882352941e+00,798661
2.766629744877931e+03,2.764865038995578e+03,5.882352941176471e-01,798662
2.772249377624939e+03,2.770484671742586e+03,5.882352941176471e-01,798663
2.773584330710606e+03,2.771819624828253e+03,5.882352941176471e-01,798664
2.777630966793283e+03,2.775866260910930e+03,5.882352941176471e-01,798665
2.782829404634403e+03,2.777535286987344e+03,1.764705882352941e+00,798666
2.783575103421560e+03,2.781571800262166e+03,5.882352941176471e-01,798669
2.785838885089367e+03,2.784074179207014e+03,5.882352941176471e-01,798670
2.786252734344337e+03,2.780852534642507e+03,1.764705882352941e+00,798668
2.786252734344337e+03,2.780045691656854e+03,1.764705882352941e+00,798667
2.793102783815885e+03,2.791338077933532e+03,5.882352941176471e-01,798672
2.794877413827147e+03,2.789583296180088e+03,1.764705882352941e+00,798671
2.801583524847080e+03,2.799818818964727e+03,5.882352941176471e-01,798673
2.804752976406917e+03,2.802988270524564e+03,5.882352941176471e-01,798676
2.806496108924702e+03,2.802966697159997e+03,1.176470588235294e+00,798675
2.807880517020432e+03,2.802586399373373e+03,1.764705882352941e+00,798674
2.810465846634539e+03,2.805171728987480e+03,1.764705882352941e+00,798677
2.811675146353888e+03,2.809910440471535e+03,5.882352941176471e-01,798678
2.820189616987135e+03,2.818424911104782e+03,5.882352941176471e-01,798679
2.822660279679551e+03,2.819130867914845e+03,1.176470588235294e+00,798680
2.825471916552136e+03,2.823707210669783e+03,5.882352941176471e-01,798683
2.826226237789089e+03,2.820932120142030e+03,1.764705882352941e+00,798681
2.828003510759521e+03,2.822709393112462e+03,1.764705882352941e+00,798682
2.832855088376101e+03,2.831090382493748e+03,5.882352941176471e-01,798684
2.843909687158315e+03,2.842144981275962e+03,5.882352941176471e-01,798686
2.844245755917729e+03,2.838951638270670e+03,1.764705882352941e+00,798685
2.847795714420303e+03,2.846031008537950e+03,5.882352941176471e-01,798688
2.850505962239569e+03,2.845211844592511e+03,1.764705882352941e+00,798687
2.851550422700603e+03,2.849785716818250e+03,5.882352941176471e-01,798689
2.853775437880426e+03,2.852010731998073e+03,5.882352941176471e-01,798690
2.860828291995077e+03,2.859063586112724e+03,5.882352941176471e-01,798691
2.871133342285505e+03,2.869368636403152e+03,5.882352941176471e-01,798692
2.879699476598106e+03,2.877934770715753e+03,5.882352941176471e-01,798693
2.881701493753265e+03,2.879936787870912e+03,5.882352941176471e-01,798694
2.886354299163110e+03,2.884589593280757e+03,5.882352941176471e-01,798695
2.891558024036631e+03,2.888028612271925e+03,1.176470588235294e+00,798696
2.897809143643267e+03,2.896044437760914e+03,5.882352941176471e-01,798697
2.902010653041480e+03,2.896716535394421e+03,1.764705882352941e+00,798698
2.911387548083424e+03,2.909622842201071e+03,5.882352941176471e-01,798700
2.911876051748207e+03,2.906581934101148e+03,1.764705882352941e+00,798699
2.914532381840460e+03,2.912767675958107e+03,5.882352941176471e-01,798701
2.920033917740412e+03,2.918269211858059e+03,5.882352941176471e-01,798702
2.922741991197252e+03,2.920977285314899e+03,5.882352941176471e-01,798703
2.928732634418676e+03,2.926967928536323e+03,5.882352941176471e-01,798705
2.929913900412398e+03,2.928149194530045e+03,5.882352941176471e-01,798706
2.932078185640558e+03,2.926784067993500e+03,1.764705882352941e+00,798704
2.932900659354875e+03,2.929371247590170e+03,1.176470588235294e+00,798707
2.935208018059456e+03,2.929772827507765e+03,1.764705882352941e+00,798708
2.936705169476181e+03,2.933175757711475e+03,1.176470588235294e+00,798709
2.943840973027425e+03,2.938546855380366e+03,1.764705882352941e+00,798710
2.944194851561176e+03,2.938900733914117e+03,1.764705882352941e+00,798711
2.947370384792131e+03,2.941799188630037e+03,1.764705882352941e+00,798712
2.948858012159449e+03,2.941906623031089e+03,1.764705882352941e+00,798713
2.949135090674484e+03,2.947187742644842e+03,5.882352941176471e-01,798715
2.950523112527291e+03,2.945228994880232e+03,1.764705882352941e+00,798714
2.951283798090013e+03,2.949519092207660e+03,5.882352941176471e-01,798716
2.959550179961865e+03,2.954256062314806e+03,1.764705882352941e+00,798717
2.964167847987839e+03,2.962403142105487e+03,5.882352941176471e-01,798718
2.967267223590172e+03,2.965502517707819e+03,5.882352941176471e-01,798719
2.975485416849668e+03,2.973720710967315e+03,5.882352941176471e-01,798720
2.975836300954303e+03,2.974071595071950e+03,5.882352941176471e-01,798721
2.981787231584454e+03,2.980022525702101e+03,5.882352941176471e-01,798722
2.984295672467285e+03,2.982530966584932e+03,5.882352941176471e-01,798723
2.985670006117851e+03,2.983905300235498e+03,5.882352941176471e-01,798725
2.987856167035110e+03,2.982562049388051e+03,1.764705882352941e+00,798724
2.989869804179525e+03,2.988105098297172e+03,5.882352941176471e-01,798726
2.995019260554130e+03,2.989725142907071e+03,1.764705882352941e+00,798727
2.996624623117798e+03,2.990927290400597e+03,1.764705882352941e+00,798728
2.997986113930008e+03,2.991787748572064e+03,1.764705882352941e+00,798730
2.998389329000151e+03,2.995647578248695e+03,5.882352941176471e-01,798732
2.999750819812361e+03,2.997462572971658e+03,5.882352941176471e-01,798733
3.000470719722857e+03,2.995176602075799e+03,1.764705882352941e+00,798731
3.001786762062314e+03,3.000022056179961e+03,5.882352941176471e-01,798734
3.004486483239035e+03,3.002721777356682e+03,5.882352941176471e-01,798735
3.011854012851772e+03,3.006559895204714e+03,1.764705882352941e+00,798736
3.012905969322489e+03,3.011141263440136e+03,5.882352941176471e-01,798737
3.013088693525352e+03,3.011323987642999e+03,5.882352941176471e-01,798738
3.015914263438305e+03,3.014149557555952e+03,5.882352941176471e-01,798741
3.016441571691466e+03,3.014609159422532e+03,5.882352941176471e-01,798743
3.019616228732826e+03,3.012912159926760e+03,1.764705882352941e+00,798740
3.019616228732826e+03,3.012729958733230e+03,1.764705882352941e+00,798739
3.019970983456171e+03,3.014293834402464e+03,1.764705882352941e+00,798742
3.022775417246582e+03,3.021010711364229e+03,5.882352941176471e-01,798744
3.023380219822015e+03,3.021615513939662e+03,5.882352941176471e-01,798745
3.026901758123771e+03,3.025137052241418e+03,5.882352941176471e-01,798746
3.028108538664642e+03,3.026343832782289e+03,5.882352941176471e-01,798747
3.028122371357795e+03,3.026357665475442e+03,5.882352941176471e-01,798748
3.029232030024696e+03,3.027467324142343e+03,5.882352941176471e-01,798749
3.031983947342677e+03,3.030219241460324e+03,5.882352941176471e-01,798750
3.034572639755601e+03,3.032807933873248e+03,5.882352941176471e-01,798751
3.047710436076809e+03,3.045945730194456e+03,5.882352941176471e-01,798752
3.050393771135228e+03,3.046864359370522e+03,1.176470588235294e+00,798753
3.052029102961230e+03,3.050264397078878e+03,5.882352941176471e-01,798754
3.054483800834991e+03,3.050954389070285e+03,1.176470588235294e+00,798755
3.058284884241679e+03,3.052990766594620e+03,1.764705882352941e+00,798756
3.058473265387790e+03,3.053179147740732e+03,1.764705882352941e+00,798757
3.060445252102682e+03,3.058680546220329e+03,5.882352941176471e-01,798760
3.060759117528663e+03,3.055464999881604e+03,1.764705882352941e+00,798758
3.062209957985035e+03,3.060285957597900e+03,5.882352941176471e-01,798761
3.063360239109631e+03,3.061595533227278e+03,5.882352941176471e-01,798762
3.063579001888737e+03,3.057634766416268e+03,1.764705882352941e+00,798759
3.064158298848187e+03,3.061872125471089e+03,5.882352941176471e-01,798763
3.065124944991984e+03,3.062577227946634e+03,5.882352941176471e-01,798765
3.067861056950622e+03,3.066096351068269e+03,5.882352941176471e-01,798766
3.075468596368016e+03,3.073703890485663e+03,5.882352941176471e-01,798768
3.077621533708689e+03,3.072327416061630e+03,1.764705882352941e+00,798767
3.080904780868730e+03,3.075610663221672e+03,1.764705882352941e+00,798769
3.082823249315977e+03,3.079293837551271e+03,1.176470588235294e+00,798770
3.085340560222512e+03,3.083575854340159e+03,5.882352941176471e-01,798771
3.089656577312255e+03,3.087891871429902e+03,5.882352941176471e-01,798772
3.091198468338964e+03,3.089433762456611e+03,5.882352941176471e-01,798773
3.096269393238212e+03,3.090975275591153e+03,1.764705882352941e+00,798774
3.096398641437715e+03,3.091104523790656e+03,1.764705882352941e+00,798775
3.099248898786560e+03,3.097484192904207e+03,5.882352941176471e-01,798778
3.099798805002918e+03,3.093029013146675e+03,1.764705882352941e+00,798776
3.100087836676087e+03,3.093324469298845e+03,1.764705882352941e+00,798777
3.104978044035351e+03,3.099683926388292e+03,1.764705882352941e+00,798779
3.111370207173252e+03,3.107840795408547e+03,1.176470588235294e+00,798780
3.116499342844201e+03,3.114734636961848e+03,5.882352941176471e-01,798783
3.116874052796242e+03,3.111579935149183e+03,1.764705882352941e+00,798781
3.117986767874247e+03,3.112692650227188e+03,1.764705882352941e+00,798782
3.129885060288549e+03,3.128120354406196e+03,5.882352941176471e-01,798784
3.138196135102230e+03,3.132902017455171e+03,1.764705882352941e+00,798785
3.141541891275287e+03,3.139777185392934e+03,5.882352941176471e-01,798787
3.141631094078760e+03,3.139866388196407e+03,5.882352941176471e-01,798788
3.142421224765083e+03,3.137127107118024e+03,1.764705882352941e+00,798786
3.143559461786916e+03,3.141794755904563e+03,5.882352941176471e-01,798789
3.145553554165349e+03,3.143788848282996e+03,5.882352941176471e-01,798790
3.145827653286030e+03,3.144062947403677e+03,5.882352941176471e-01,798791
3.150883448326523e+03,3.149118742444170e+03,5.882352941176471e-01,798792
3.153513435933337e+03,3.151748730050985e+03,5.882352941176471e-01,798794
3.154466963792026e+03,3.149172846144968e+03,1.764705882352941e+00,798793
3.156804693521949e+03,3.155039987639596e+03,5.882352941176471e-01,798795
3.158047492701925e+03,3.156282786819572e+03,5.882352941176471e-01,798796
3.159546899084225e+03,3.157782193201872e+03,5.882352941176471e-01,798797
3.162119153062693e+03,3.160354447180340e+03,5.882352941176471e-01,798799
3.162131504194836e+03,3.160366798312484e+03,5.882352941176471e-01,798800
3.165026320403645e+03,3.159732202756586e+03,1.764705882352941e+00,798798
3.166483001533694e+03,3.164718295651341e+03,5.882352941176471e-01,798802
3.168122199728687e+03,3.162828082081628e+03,1.764705882352941e+00,798801
3.176215685011868e+03,3.174450979129515e+03,5.882352941176471e-01,798803
3.181613339467571e+03,3.179848633585218e+03,5.882352941176471e-01,798805
3.182172072098937e+03,3.178642660334232e+03,1.176470588235294e+00,798804
3.183358559695577e+03,3.181593853813224e+03,5.882352941176471e-01,798806
3.186344182948839e+03,3.184579477066486e+03,5.882352941176471e-01,798808
3.189540982176782e+03,3.184246864529723e+03,1.764705882352941e+00,798807
3.198894236931265e+03,3.193600119284206e+03,1.764705882352941e+00,798809
3.208958766264770e+03,3.207194060382417e+03,5.882352941176471e-01,798810
3.209058695258039e+03,3.207293989375686e+03,5.882352941176471e-01,798811
3.212736495949954e+03,3.210971790067601e+03,5.882352941176471e-01,798812
3.212897272186123e+03,3.211132566303770e+03,5.882352941176471e-01,798813
3.214995758801593e+03,3.213231052919240e+03,5.882352941176471e-01,798814
3.217822469538991e+03,3.216057763656638e+03,5.882352941176471e-01,798816
3.219795634333581e+03,3.214501516686522e+03,1.764705882352941e+00,798815
3.221805230394685e+03,3.218275818629979e+03,1.176470588235294e+00,798817
3.223529546611079e+03,3.221764840728726e+03,5.882352941176471e-01,798818
3.224770191354166e+03,3.223005485471813e+03,5.882352941176471e-01,798819
3.226248259865090e+03,3.224483553982737e+03,5.882352941176471e-01,798820
3.227583758103822e+03,3.225819052221469e+03,5.882352941176471e-01,798822
3.228276371897151e+03,3.224746960132445e+03,1.176470588235294e+00,798821
3.235323990203939e+03,3.233559284321586e+03,5.882352941176471e-01,798824
3.235511591940596e+03,3.230217474293538e+03,1.764705882352941e+00,798823
3.236523475582138e+03,3.234758769699785e+03,5.882352941176471e-01,798825
3.241262662372576e+03,3.239497956490223e+03,5.882352941176471e-01,798828
3.241931739132624e+03,3.236637621485565e+03,1.764705882352941e+00,798826
3.243762779629281e+03,3.238468661982222e+03,1.764705882352941e+00,798827
3.247444764781434e+03,3.245680058899081e+03,5.882352941176471e-01,798830
3.249204564495718e+03,3.243910446848659e+03,1.764705882352941e+00,798829
3.252087705576628e+03,3.250322999694276e+03,5.882352941176471e-01,798831
3.260030307823848e+03,3.258265601941495e+03,5.882352941176471e-01,798834
3.262094643223528e+03,3.256800525576469e+03,1.764705882352941e+00,798832
3.262760007464543e+03,3.257465889817484e+03,1.764705882352941e+00,798833
3.268806795114630e+03,3.267042089232277e+03,5.882352941176471e-01,798836
3.271956571764786e+03,3.266662454117727e+03,1.764705882352941e+00,798835
3.274281840450127e+03,3.272517134567774e+03,5.882352941176471e-01,798837
3.275393948726447e+03,3.273629242844094e+03,5.882352941176471e-01,798839
3.278758699298305e+03,3.273464581651247e+03,1.764705882352941e+00,798838
3.279495095777110e+03,3.275965684012404e+03,1.176470588235294e+00,798840
3.285533089803801e+03,3.280238972156742e+03,1.764705882352941e+00,798841
3.287018423300906e+03,3.283489011536200e+03,1.176470588235294e+00,798842
3.295940051265172e+03,3.294175345382819e+03,5.882352941176471e-01,798844
3.296984445727552e+03,3.293455033962846e+03,1.176470588235294e+00,798843
3.297147811074243e+03,3.295383105191890e+03,5.882352941176471e-01,798845
3.298511237932733e+03,3.296746532050380e+03,5.882352941176471e-01,798846
3.301743234104311e+03,3.299978528221958e+03,5.882352941176471e-01,798848
3.301987331424801e+03,3.300222625542448e+03,5.882352941176471e-01,798849
3.303485386628991e+03,3.299955974864285e+03,1.176470588235294e+00,798847
3.307028529529904e+03,3.303499117765198e+03,1.176470588235294e+00,798850
3.307786324041855e+03,3.306021618159502e+03,5.882352941176471e-01,798852
3.308813201980275e+03,3.307048496097922e+03,5.882352941176471e-01,798853
3.309140293203890e+03,3.303846175556832e+03,1.764705882352941e+00,798851
3.312553127730518e+03,3.309023715965813e+03,1.176470588235294e+00,798855
3.313080441688914e+03,3.307054773881046e+03,1.764705882352941e+00,798854
3.314317833612871e+03,3.312253836543208e+03,5.882352941176471e-01,798857
3.315466709423212e+03,3.313370955985689e+03,5.882352941176471e-01,798859
3.317847245377577e+03,3.311937297658506e+03,1.764705882352941e+00,798856
3.318374559335973e+03,3.312669856138107e+03,1.764705882352941e+00,798858
3.320597079879086e+03,3.318832373996733e+03,5.882352941176471e-01,798861
3.324007248188084e+03,3.318713130541025e+03,1.764705882352941e+00,798860
3.329109267721232e+03,3.323815150074173e+03,1.764705882352941e+00,798862
3.330633922749044e+03,3.327104510984338e+03,1.176470588235294e+00,798863
3.334248870693399e+03,3.330719458928693e+03,1.176470588235294e+00,798865
3.334918771066739e+03,3.329624653419680e+03,1.764705882352941e+00,798864
3.336344772387979e+03,3.331050654740920e+03,1.764705882352941e+00,798866
3.339871100705845e+03,3.338106394823492e+03,5.882352941176471e-01,798867
3.343196279510710e+03,3.341431573628357e+03,5.882352941176471e-01,798869
3.344415895079794e+03,3.342651189197441e+03,5.882352941176471e-01,798870
3.346171295073141e+03,3.344406589190788e+03,5.882352941176471e-01,798871
3.346256050821977e+03,3.340961933174918e+03,1.764705882352941e+00,798868
3.348562768925089e+03,3.345033357160383e+03,1.176470588235294e+00,798872
3.348730824763395e+03,3.346966118881042e+03,5.882352941176471e-01,798873
3.349282842318477e+03,3.347518136436124e+03,5.882352941176471e-01,798874
3.353082224035456e+03,3.351317518153103e+03,5.882352941176471e-01,798875
3.363916201344088e+03,3.358622083697030e+03,1.764705882352941e+00,798876
3.367537433995504e+03,3.362243316348445e+03,1.764705882352941e+00,798877
3.367872629148240e+03,3.366107923265887e+03,5.882352941176471e-01,798879
3.369290719549852e+03,3.365761307785146e+03,1.176470588235294e+00,798878
3.374003018680920e+03,3.372238312798568e+03,5.882352941176471e-01,798880
3.377440136596313e+03,3.375675430713960e+03,5.882352941176471e-01,798882
3.377564212638236e+03,3.372270094991177e+03,1.764705882352941e+00,798881
3.381282233441897e+03,3.379517527559544e+03,5.882352941176471e-01,798884
3.381722544105444e+03,3.376428426458385e+03,1.764705882352941e+00,798883
3.386212115461447e+03,3.382682703696741e+03,1.176470588235294e+00,798885
3.387227079032139e+03,3.385462373149786e+03,5.882352941176471e-01,798886
3.391714347340636e+03,3.389949641458283e+03,5.882352941176471e-01,798887
3.395037023846033e+03,3.393272317963680e+03,5.882352941176471e-01,798888
3.395165321046143e+03,3.393400615163790e+03,5.882352941176471e-01,798889
3.397148837591682e+03,3.395384131709329e+03,5.882352941176471e-01,798890
3.398087318223211e+03,3.396322612340858e+03,5.882352941176471e-01,798891
3.398954507054099e+03,3.397189801171746e+03,5.882352941176471e-01,798893
3.400630616128447e+03,3.398865910246094e+03,5.882352941176471e-01,798895
3.401616729987917e+03,3.399207788692110e+03,5.882352941176471e-01,798896
3.402362400486452e+03,3.396979686031388e+03,1.764705882352941e+00,798892
3.402395322010800e+03,3.400600478699400e+03,5.882352941176471e-01,798897
3.405146141752623e+03,3.397737970365673e+03,1.764705882352941e+00,798894
3.408048066603768e+03,3.406283360721415e+03,5.882352941176471e-01,798898
3.409162592711514e+03,3.407397886829161e+03,5.882352941176471e-01,798900
3.410347765108716e+03,3.407722972125310e+03,5.882352941176471e-01,798902
3.412692004476220e+03,3.407353345966605e+03,1.764705882352941e+00,798899
3.413877176873422e+03,3.407495128963049e+03,1.764705882352941e+00,798901
3.414600468694033e+03,3.412835762811680e+03,5.882352941176471e-01,798903
3.418436379886180e+03,3.416671674003827e+03,5.882352941176471e-01,798905
3.419595756668989e+03,3.417831050786636e+03,5.882352941176471e-01,798906
3.420539980110967e+03,3.415245862463908e+03,1.764705882352941e+00,798904
3.423273925920159e+03,3.421509220037806e+03,5.882352941176471e-01,798908
3.424304186589266e+03,3.420774774824561e+03,1.176470588235294e+00,798907
3.428885461240235e+03,3.427120755357882e+03,5.882352941176471e-01,798910
3.429641931595441e+03,3.426112519830735e+03,1.176470588235294e+00,798909
3.431675562970674e+03,3.429910857088321e+03,5.882352941176471e-01,798911
3.433437833305388e+03,3.431673127423035e+03,5.882352941176471e-01,798912
3.435712932020116e+03,3.432183520255410e+03,1.176470588235294e+00,798913
3.437379282263742e+03,3.435614576381390e+03,5.882352941176471e-01,798915
3.437824093020352e+03,3.432529975373293e+03,1.764705882352941e+00,798914
3.444954487678500e+03,3.439660370031441e+03,1.764705882352941e+00,798916
3.455917606965891e+03,3.454152901083539e+03,5.882352941176471e-01,798917
3.463169578573441e+03,3.461404872691088e+03,5.882352941176471e-01,798918
3.466014459504764e+03,3.464249753622411e+03,5.882352941176471e-01,798919
3.468392253734610e+03,3.466627547852257e+03,5.882352941176471e-01,798921
3.469729105789737e+03,3.464434988142678e+03,1.764705882352941e+00,798920
3.480543368001844e+03,3.475249250354785e+03,1.764705882352941e+00,798922
3.484595765271604e+03,3.479301647624545e+03,1.764705882352941e+00,798923
3.487178906362864e+03,3.485414200480511e+03,5.882352941176471e-01,798925
3.487452049388508e+03,3.482157931741450e+03,1.764705882352941e+00,798924
3.491304144809329e+03,3.486010027162270e+03,1.764705882352941e+00,798926
3.497283878808042e+03,3.495519172925690e+03,5.882352941176471e-01,798927
3.499997964622279e+03,3.498233258739926e+03,5.882352941176471e-01,798928
3.502182572842698e+03,3.500417866960345e+03,5.882352941176471e-01,798930
3.502455579066408e+03,3.498926167301702e+03,1.176470588235294e+00,798929
3.507828250082926e+03,3.506063544200573e+03,5.882352941176471e-01,798932
3.509219085259784e+03,3.503924967612725e+03,1.764705882352941e+00,798931
3.511557546529221e+03,3.508028134764515e+03,1.176470588235294e+00,798933
3.515380820042174e+03,3.513616114159822e+03,5.882352941176471e-01,798935
3.516776501825656e+03,3.511482384178598e+03,1.764705882352941e+00,798934
3.520379081589123e+03,3.516849669824417e+03,1.176470588235294e+00,798936
3.523022219173969e+03,3.517728101526910e+03,1.764705882352941e+00,798937
3.525878468228897e+03,3.522349056464191e+03,1.176470588235294e+00,798939
3.527163123730620e+03,3.521869006083561e+03,1.764705882352941e+00,798938
3.531464591755035e+03,3.529699885872682e+03,5.882352941176471e-01,798940
3.531950493322673e+03,3.530185787440320e+03,5.882352941176471e-01,798942
3.533479372367861e+03,3.529949960603155e+03,1.176470588235294e+00,798941
3.536651190559442e+03,3.533121778794736e+03,1.176470588235294e+00,798943
3.540231466565204e+03,3.538466760682852e+03,5.882352941176471e-01,798945
3.540993278145087e+03,3.535699160498028e+03,1.764705882352941e+00,798944
3.545432931303544e+03,3.543668225421191e+03,5.882352941176471e-01,798946
3.548952506993807e+03,3.547187801111454e+03,5.882352941176471e-01,798947
3.550990285622709e+03,3.549225579740356e+03,5.882352941176471e-01,798948
3.552454429065172e+03,3.550689723182819e+03,5.882352941176471e-01,798949
3.552749920839222e+03,3.550985214956869e+03,5.882352941176471e-01,798950
3.556438142929064e+03,3.552908731164358e+03,1.176470588235294e+00,798951
3.559467232525552e+03,3.557702526643199e+03,5.882352941176471e-01,798953
3.560762398906935e+03,3.555468281259876e+03,1.764705882352941e+00,798952
3.564955098309484e+03,3.559660980662425e+03,1.764705882352941e+00,798954
3.571933348797420e+03,3.566639231150361e+03,1.764705882352941e+00,798955
3.572630212683036e+03,3.567336095035978e+03,1.764705882352941e+00,798956
3.573698054679773e+03,3.570927736899588e+03,5.882352941176471e-01,798958
3.575648147144009e+03,3.570354029496950e+03,1.764705882352941e+00,798957
3.579252130235832e+03,3.573958012588773e+03,1.764705882352941e+00,798959
3.580400553605687e+03,3.576871141840981e+03,1.176470588235294e+00,798960
3.589373666007709e+03,3.584079548360650e+03,1.764705882352941e+00,798961
3.590134123166960e+03,3.587456104166495e+03,5.882352941176471e-01,798964
3.590980207551267e+03,3.588375075092117e+03,5.882352941176471e-01,798966
3.593283306352040e+03,3.587450795786561e+03,1.764705882352941e+00,798963
3.593283306352040e+03,3.586599053594745e+03,1.764705882352941e+00,798962
3.594921670084963e+03,3.591981923029915e+03,5.882352941176471e-01,798968
3.594921670084963e+03,3.592808955927966e+03,5.882352941176471e-01,798970
3.596814230242603e+03,3.593725854793758e+03,5.882352941176471e-01,798972
3.598578936124956e+03,3.595433087186112e+03,5.882352941176471e-01,798975
3.598860281461991e+03,3.591139574021395e+03,1.176470588235294e+00,798967
3.600484314675826e+03,3.597376920916673e+03,5.882352941176471e-01,798976
3.600624987344344e+03,3.592310166858376e+03,1.764705882352941e+00,798969
3.604013726440532e+03,3.598162894951208e+03,1.764705882352941e+00,798977
3.605704283366203e+03,3.602174871601497e+03,1.176470588235294e+00,798978
3.607990977473214e+03,3.604461565708508e+03,1.176470588235294e+00,798979
3.608644396292754e+03,3.606879690410402e+03,5.882352941176471e-01,798980
3.615959072451060e+03,3.614194366568707e+03,5.882352941176471e-01,798981
3.616713416192782e+03,3.614948710310429e+03,5.882352941176471e-01,798982
3.618305334631164e+03,3.616540628748811e+03,5.882352941176471e-01,798983
3.622027595104975e+03,3.618498183340270e+03,1.176470588235294e+00,798984
3.626344277677497e+03,3.621050160030438e+03,1.764705882352941e+00,798985
3.627781410918657e+03,3.622487293271599e+03,1.764705882352941e+00,798986
3.630748527925006e+03,3.625454410277948e+03,1.764705882352941e+00,798987
3.633244525244605e+03,3.631479819362252e+03,5.882352941176471e-01,798988
3.642594110886989e+03,3.640829405004636e+03,5.882352941176471e-01,798989
3.644503920523472e+03,3.642739214641119e+03,5.882352941176471e-01,798990
3.650511693892066e+03,3.645217576245007e+03,1.764705882352941e+00,798991
3.652606668104120e+03,3.647312550457061e+03,1.764705882352941e+00,798992
3.656001061345558e+03,3.650706943698499e+03,1.764705882352941e+00,798993
3.657370308214572e+03,3.655605602332219e+03,5.882352941176471e-01,798994
3.660705743942508e+03,3.658941038060155e+03,5.882352941176471e-01,798995
3.666217969441826e+03,3.664453263559473e+03,5.882352941176471e-01,798996
3.672856893552942e+03,3.671092187670589e+03,5.882352941176471e-01,798998
3.675824836784340e+03,3.670530719137281e+03,1.764705882352941e+00,798997
3.676536623092520e+03,3.674771917210167e+03,5.882352941176471e-01,798999
3.676651176992960e+03,3.674886471110607e+03,5.882352941176471e-01,799000
3.681842440721421e+03,3.676548323074362e+03,1.764705882352941e+00,799001
3.684488363788217e+03,3.679194246141159e+03,1.764705882352941e+00,799002
3.685303586540431e+03,3.680009468893372e+03,1.764705882352941e+00,799003
3.686781772115237e+03,3.684027357726601e+03,5.882352941176471e-01,799006
3.686781772115237e+03,3.683570674487904e+03,5.882352941176471e-01,799005
3.688832998305137e+03,3.683516711572865e+03,1.764705882352941e+00,799004
3.690351883552564e+03,3.688587177670211e+03,5.882352941176471e-01,799008
3.691123218510309e+03,3.689358512627956e+03,5.882352941176471e-01,799009
3.693363558676268e+03,3.691598852793915e+03,5.882352941176471e-01,799011
3.693991455183708e+03,3.692226749301355e+03,5.882352941176471e-01,799012
3.695216181966851e+03,3.689922064319792e+03,1.764705882352941e+00,799010
3.697238309120304e+03,3.695473603237951e+03,5.882352941176471e-01,799013
3.700385399013313e+03,3.698620693130960e+03,5.882352941176471e-01,799014
3.705201675084279e+03,3.703436969201926e+03,5.882352941176471e-01,799015
3.709082845077970e+03,3.703788727430911e+03,1.764705882352941e+00,799016
3.715040177188637e+03,3.709746059541578e+03,1.764705882352941e+00,799017
3.718032984513899e+03,3.712738866866840e+03,1.764705882352941e+00,799018
3.718156061196769e+03,3.716391355314416e+03,5.882352941176471e-01,799020
3.719388811323946e+03,3.714094693676887e+03,1.764705882352941e+00,799019
3.726905886038906e+03,3.725141180156553e+03,5.882352941176471e-01,799023
3.726998116466039e+03,3.723468704701333e+03,1.176470588235294e+00,799021
3.728716707134825e+03,3.726561714920874e+03,5.882352941176471e-01,799025
3.729567278157608e+03,3.727522162016779e+03,5.882352941176471e-01,799027
3.730481413017178e+03,3.728690084036955e+03,5.882352941176471e-01,799028
3.732813166248053e+03,3.725921301606856e+03,1.764705882352941e+00,799024
3.732813166248053e+03,3.724273160510550e+03,1.764705882352941e+00,799022
3.735863403066703e+03,3.734098697184350e+03,5.882352941176471e-01,799029
3.740949594948345e+03,3.735655477301286e+03,1.764705882352941e+00,799030
3.742567847707042e+03,3.740803141824689e+03,5.882352941176471e-01,799031
3.743453959021849e+03,3.741689253139496e+03,5.882352941176471e-01,799032
3.748902435288634e+03,3.747137729406281e+03,5.882352941176471e-01,799033
3.753895370704457e+03,3.752130664822104e+03,5.882352941176471e-01,799034
3.754591274286660e+03,3.752826568404307e+03,5.882352941176471e-01,799035
3.758309177870983e+03,3.756544471988630e+03,5.882352941176471e-01,799037
3.761223043454044e+03,3.755928925806985e+03,1.764705882352941e+00,799036
3.762586819458515e+03,3.760822113576162e+03,5.882352941176471e-01,799038
3.766277487314175e+03,3.764512781431822e+03,5.882352941176471e-01,799039
3.771531245725999e+03,3.769766539843646e+03,5.882352941176471e-01,799041
3.773604752724379e+03,3.768310635077320e+03,1.764705882352941e+00,799040
3.775553750128624e+03,3.770259632481566e+03,1.764705882352941e+00,799042
3.777969760815354e+03,3.774440349050648e+03,1.176470588235294e+00,799043
3.785112279540410e+03,3.783347573658057e+03,5.882352941176471e-01,799044
3.787577771990910e+03,3.785813066108557e+03,5.882352941176471e-01,799045
3.788318741944717e+03,3.786554036062365e+03,5.882352941176471e-01,799046
3.788881994450808e+03,3.787117288568455e+03,5.882352941176471e-01,799047
3.794176298297258e+03,3.788882180650199e+03,1.764705882352941e+00,799048
3.796802551146644e+03,3.793273139381938e+03,1.176470588235294e+00,799049
3.807738932835374e+03,3.805974226953021e+03,5.882352941176471e-01,799051
3.807955084695353e+03,3.804425672930647e+03,1.176470588235294e+00,799050
3.810316768959318e+03,3.806787357194612e+03,1.176470588235294e+00,799052
3.816606983210868e+03,3.814842277328515e+03,5.882352941176471e-01,799053
3.821856583985635e+03,3.816562466338576e+03,1.764705882352941e+00,799054
3.831915445730551e+03,3.826621328083492e+03,1.764705882352941e+00,799055
3.836305615903255e+03,3.834540910020902e+03,5.882352941176471e-01,799057
3.836339061169964e+03,3.832809649405258e+03,1.176470588235294e+00,799056
3.837393936843112e+03,3.835629230960759e+03,5.882352941176471e-01,799058
3.838070321785608e+03,3.835819691120085e+03,5.882352941176471e-01,799059
3.838386005505654e+03,3.836621299623301e+03,5.882352941176471e-01,799060
3.839282189432975e+03,3.837517483550622e+03,5.882352941176471e-01,799061
3.842957878899694e+03,3.841193173017341e+03,5.882352941176471e-01,799062
3.856791004698021e+03,3.855026298815668e+03,5.882352941176471e-01,799064
3.858827902422998e+03,3.853533784775940e+03,1.764705882352941e+00,799063
3.862481688499619e+03,3.860716982617266e+03,5.882352941176471e-01,799065
3.865661286476527e+03,3.862131874711821e+03,1.176470588235294e+00,799066
3.875126232847510e+03,3.873361526965157e+03,5.882352941176471e-01,799067
3.877385313220291e+03,3.875620607337938e+03,5.882352941176471e-01,799068
3.879639775018368e+03,3.877875069136015e+03,5.882352941176471e-01,799069
3.890946146638424e+03,3.889181440756071e+03,5.882352941176471e-01,799070
3.897882283687954e+03,3.892588166040895e+03,1.764705882352941e+00,799071
3.900205674018210e+03,3.898440968135857e+03,5.882352941176471e-01,799072
3.908109559061228e+03,3.906344853178875e+03,5.882352941176471e-01,799073
3.908356881010665e+03,3.906592175128312e+03,5.882352941176471e-01,799074
3.909132289859474e+03,3.907367583977121e+03,5.882352941176471e-01,799075
3.913132992962893e+03,3.911368287080541e+03,5.882352941176471e-01,799076
3.914504054381020e+03,3.912739348498667e+03,5.882352941176471e-01,799077
3.919616163200739e+03,3.914322045553680e+03,1.764705882352941e+00,799078
3.920667499289387e+03,3.918902793407034e+03,5.882352941176471e-01,799080
3.921989100933471e+03,3.916694983286413e+03,1.764705882352941e+00,799079
3.922754600065376e+03,3.920989894183023e+03,5.882352941176471e-01,799081
3.929566614694255e+03,3.924272497047196e+03,1.764705882352941e+00,799082
3.929991490997359e+03,3.928226785115006e+03,5.882352941176471e-01,799083
3.930553148308356e+03,3.928788442426003e+03,5.882352941176471e-01,799084
3.937005391665725e+03,3.935240685783372e+03,5.882352941176471e-01,799085
3.945939548135601e+03,3.944174842253248e+03,5.882352941176471e-01,799088
3.947362526849438e+03,3.945516824040473e+03,5.882352941176471e-01,799089
3.949314174262251e+03,3.943865270977135e+03,1.764705882352941e+00,799087
3.949314174262251e+03,3.943833115084733e+03,1.764705882352941e+00,799086
3.952315429717071e+03,3.950550723834718e+03,5.882352941176471e-01,799090
3.954971108847259e+03,3.953206402964906e+03,5.882352941176471e-01,799091
3.958204234932524e+03,3.956439529050171e+03,5.882352941176471e-01,799093
3.959262687058966e+03,3.953968569411907e+03,1.764705882352941e+00,799092
3.961916369246672e+03,3.958386957481966e+03,1.176470588235294e+00,799094
3.966649222439357e+03,3.964884516557004e+03,5.882352941176471e-01,799096
3.968465906761096e+03,3.966701200878743e+03,5.882352941176471e-01,799097
3.968616970958758e+03,3.966852265076405e+03,5.882352941176471e-01,799098
3.969931606634780e+03,3.964637488987721e+03,1.764705882352941e+00,799095
3.970230612643449e+03,3.968331976040277e+03,5.882352941176471e-01,799099
3.971425259916842e+03,3.969660554034489e+03,5.882352941176471e-01,799100
3.974508815016064e+03,3.972744109133711e+03,5.882352941176471e-01,799101
3.978499258814794e+03,3.976734552932441e+03,5.882352941176471e-01,799102
3.979660119359094e+03,3.977895413476741e+03,5.882352941176471e-01,799103
3.983896462818753e+03,3.982131756936400e+03,5.882352941176471e-01,799105
3.986039717960625e+03,3.980745600313567e+03,1.764705882352941e+00,799104
3.986883376501550e+03,3.985118670619197e+03,5.882352941176471e-01,799106
3.993083758406775e+03,3.991319052524422e+03,5.882352941176471e-01,799107
3.994619448613655e+03,3.992854742731302e+03,5.882352941176471e-01,799108
3.996055267029525e+03,3.994290561147172e+03,5.882352941176471e-01,799109
3.996830056159150e+03,3.995065350276798e+03,5.882352941176471e-01,799110
4.002340462910071e+03,4.000575757027719e+03,5.882352941176471e-01,799111
4.004888772670858e+03,4.003124066788505e+03,5.882352941176471e-01,799113
4.005322405000673e+03,4.001792993235967e+03,1.176470588235294e+00,799112
4.006653478553211e+03,4.004300595861476e+03,5.882352941176471e-01,799115
4.009548627423640e+03,4.004254509776581e+03,1.764705882352941e+00,799114
4.013958877270945e+03,4.008664759623886e+03,1.764705882352941e+00,799116
4.019056464788525e+03,4.017291758906172e+03,5.882352941176471e-01,799119
4.020797826285257e+03,4.015503708638198e+03,1.764705882352941e+00,799117
4.021499989851875e+03,4.019735283969522e+03,5.882352941176471e-01,799120
4.021542853758963e+03,4.016248736111904e+03,1.764705882352941e+00,799118
4.022562532167610e+03,4.019928226771585e+03,5.882352941176471e-01,799121
4.023305142291110e+03,4.021540436408757e+03,5.882352941176471e-01,799122
4.028607247663666e+03,4.023313130016607e+03,1.764705882352941e+00,799123
4.031727745198312e+03,4.029963039315959e+03,5.882352941176471e-01,799125
4.033840831847866e+03,4.028546714200807e+03,1.764705882352941e+00,799124
4.035854849733031e+03,4.030560732085973e+03,1.764705882352941e+00,799126
4.037073373969779e+03,4.035308668087426e+03,5.882352941176471e-01,799127
4.039505256048613e+03,4.037740550166260e+03,5.882352941176471e-01,799128
4.042428573188572e+03,4.040663867306219e+03,5.882352941176471e-01,799130
4.044632699562857e+03,4.039338581915799e+03,1.764705882352941e+00,799129
4.048542193641676e+03,4.043248075994617e+03,1.764705882352941e+00,799131
4.049176395453578e+03,4.047411689571225e+03,5.882352941176471e-01,799133
4.050337166613894e+03,4.045043048966835e+03,1.764705882352941e+00,799132
4.052071605406381e+03,4.048064556268300e+03,1.176470588235294e+00,799134
4.055946046019108e+03,4.050651928372049e+03,1.764705882352941e+00,799135
4.058411319680498e+03,4.056646613798145e+03,5.882352941176471e-01,799136
4.059245660823998e+03,4.057480954941645e+03,5.882352941176471e-01,799138
4.062377146663855e+03,4.057083029016796e+03,1.764705882352941e+00,799137
4.068315325512175e+03,4.066550619629822e+03,5.882352941176471e-01,799139
4.069754707943606e+03,4.067990002061253e+03,5.882352941176471e-01,799140
4.072261685803597e+03,4.068732274038891e+03,1.176470588235294e+00,799141
4.073133601994571e+03,4.071368896112218e+03,5.882352941176471e-01,799143
4.075684264284178e+03,4.073919558401825e+03,5.882352941176471e-01,799144
4.075901847101996e+03,4.074137141219643e+03,5.882352941176471e-01,799145
4.076144703149024e+03,4.070850585501966e+03,1.764705882352941e+00,799142
4.080075197536753e+03,4.078310491654400e+03,5.882352941176471e-01,799148
4.080978381931237e+03,4.074377942785012e+03,1.764705882352941e+00,799146
4.084684487691090e+03,4.079730838301813e+03,1.176470588235294e+00,799151
4.085095587890174e+03,4.078581036804773e+03,1.764705882352941e+00,799149
4.085095587890174e+03,4.077559941714787e+03,1.764705882352941e+00,799147
4.086449193573443e+03,4.083096475803884e+03,5.882352941176471e-01,799153
4.088124392768022e+03,4.086359686885669e+03,5.882352941176471e-01,799155
4.089416752524385e+03,4.085887340759679e+03,1.176470588235294e+00,799154
4.090172980678004e+03,4.088408274795651e+03,5.882352941176471e-01,799156
4.091899305306691e+03,4.090134599424338e+03,5.882352941176471e-01,799157
4.094292909109217e+03,4.092528203226864e+03,5.882352941176471e-01,799158
4.098666178347646e+03,4.093372060700587e+03,1.764705882352941e+00,799159
4.099759168753091e+03,4.097994462870738e+03,5.882352941176471e-01,799161
4.100776798706175e+03,4.097247386941469e+03,1.176470588235294e+00,799160
4.107194835314808e+03,4.101900717667749e+03,1.764705882352941e+00,799162
4.107504923963601e+03,4.105740218081248e+03,5.882352941176471e-01,799164
4.110353189626981e+03,4.105059071979922e+03,1.764705882352941e+00,799163
4.113071945628475e+03,4.111307239746122e+03,5.882352941176471e-01,799165
4.119468657047460e+03,4.114174539400401e+03,1.764705882352941e+00,799166
4.119747241268599e+03,4.114453123621540e+03,1.764705882352941e+00,799167
4.120596241171627e+03,4.118831535289274e+03,5.882352941176471e-01,799168
4.122360947053980e+03,4.120004672299215e+03,5.882352941176471e-01,799171
4.123216409531778e+03,4.119686997767072e+03,1.176470588235294e+00,799169
4.125131021563034e+03,4.119836903915975e+03,1.764705882352941e+00,799170
4.128504729811556e+03,4.124975318046850e+03,1.176470588235294e+00,799172
4.135906929742246e+03,4.130612812095187e+03,1.764705882352941e+00,799173
4.140630584883114e+03,4.138865879000761e+03,5.882352941176471e-01,799174
4.145732491444341e+03,4.143967785561988e+03,5.882352941176471e-01,799176
4.149260851760823e+03,4.143966734113764e+03,1.764705882352941e+00,799175
4.152103199563166e+03,4.150338493680813e+03,5.882352941176471e-01,799177
4.157493944762726e+03,4.152199827115667e+03,1.764705882352941e+00,799178
4.158926510675604e+03,4.157161804793252e+03,5.882352941176471e-01,799179
4.164054415989028e+03,4.162289710106675e+03,5.882352941176471e-01,799180
4.164348549099572e+03,4.162583843217219e+03,5.882352941176471e-01,799181
4.165930981397644e+03,4.164166275515291e+03,5.882352941176471e-01,799182
4.166001130758484e+03,4.164236424876131e+03,5.882352941176471e-01,799183
4.168315597215599e+03,4.166550891333246e+03,5.882352941176471e-01,799185
4.169464297669239e+03,4.167699591786886e+03,5.882352941176471e-01,799186
4.169642666746631e+03,4.164244612962356e+03,1.764705882352941e+00,799184
4.170080303097952e+03,4.167757196139876e+03,5.882352941176471e-01,799187
4.174296318225546e+03,4.172531612343193e+03,5.882352941176471e-01,799188
4.178032142578024e+03,4.176267436695672e+03,5.882352941176471e-01,799189
4.181103088555098e+03,4.179338382672745e+03,5.882352941176471e-01,799190
4.190432869561089e+03,4.185138751914030e+03,1.764705882352941e+00,799191
4.190541303666262e+03,4.185247186019204e+03,1.764705882352941e+00,799192
4.197824329422133e+03,4.192530211775075e+03,1.764705882352941e+00,799193
4.198047389367513e+03,4.196282683485160e+03,5.882352941176471e-01,799194
4.199156125104457e+03,4.197391419222104e+03,5.882352941176471e-01,799195
4.202075021520506e+03,4.200310315638153e+03,5.882352941176471e-01,799196
4.209168374762258e+03,4.207403668879905e+03,5.882352941176471e-01,799198
4.211777043967403e+03,4.206482926320345e+03,1.764705882352941e+00,799197
4.212934116626599e+03,4.211169410744246e+03,5.882352941176471e-01,799199
4.218182810523849e+03,4.216418104641496e+03,5.882352941176471e-01,799200
4.221162003911823e+03,4.219397298029470e+03,5.882352941176471e-01,799201
4.221774547674044e+03,4.220009841791691e+03,5.882352941176471e-01,799202
4.226481309404168e+03,4.221187191757110e+03,1.764705882352941e+00,799203
4.227322727670511e+03,4.225558021788158e+03,5.882352941176471e-01,799204
4.234204164314223e+03,4.232439458431870e+03,5.882352941176471e-01,799206
4.236315518220859e+03,4.234550812338506e+03,5.882352941176471e-01,799207
4.236425321142475e+03,4.231131203495416e+03,1.764705882352941e+00,799205
4.238963692201078e+03,4.237198986318725e+03,5.882352941176471e-01,799208
4.242684264865151e+03,4.240919558982798e+03,5.882352941176471e-01,799209
4.246022818763306e+03,4.244258112880953e+03,5.882352941176471e-01,799211
4.247921225437296e+03,4.242627107790237e+03,1.764705882352941e+00,799210
4.249812197569939e+03,4.248047491687587e+03,5.882352941176471e-01,799212
4.251771522065847e+03,4.248242110301141e+03,1.176470588235294e+00,799213
4.254256727008639e+03,4.252492021126286e+03,5.882352941176471e-01,799215
4.254707468423546e+03,4.249413350776487e+03,1.764705882352941e+00,799214
4.257403527331183e+03,4.255638821448830e+03,5.882352941176471e-01,799216
4.264849685283551e+03,4.263084979401198e+03,5.882352941176471e-01,799217
4.265066677943887e+03,4.263301972061534e+03,5.882352941176471e-01,799218
4.268616455080289e+03,4.263322337433230e+03,1.764705882352941e+00,799219
4.279971403312454e+03,4.274677285665395e+03,1.764705882352941e+00,799220
4.280009295959750e+03,4.278244590077397e+03,5.882352941176471e-01,799222
4.281689064462607e+03,4.276394946815548e+03,1.764705882352941e+00,799221
4.282033920302478e+03,4.280269214420125e+03,5.882352941176471e-01,799223
4.282377909415252e+03,4.280613203532899e+03,5.882352941176471e-01,799224
4.284192055488080e+03,4.282427349605727e+03,5.882352941176471e-01,799225
4.288848298615564e+03,4.283554180968506e+03,1.764705882352941e+00,799226
4.291264569478220e+03,4.289499863595867e+03,5.882352941176471e-01,799228
4.292555358068888e+03,4.287261240421829e+03,1.764705882352941e+00,799227
4.292980192219028e+03,4.291215486336676e+03,5.882352941176471e-01,799229
4.293318193793489e+03,4.291553487911136e+03,5.882352941176471e-01,799230
4.294429233232588e+03,4.292664527350235e+03,5.882352941176471e-01,799231
4.295491011209273e+03,4.293726305326920e+03,5.882352941176471e-01,799232
4.299635643284631e+03,4.297870937402278e+03,5.882352941176471e-01,799233
4.299987528178127e+03,4.298222822295774e+03,5.882352941176471e-01,799234
4.309189011054793e+03,4.303894893407734e+03,1.764705882352941e+00,799235
4.309403750966805e+03,4.307639045084452e+03,5.882352941176471e-01,799237
4.310372639764718e+03,4.305078522117659e+03,1.764705882352941e+00,799236
4.311061086893152e+03,4.308060367343018e+03,5.882352941176471e-01,799238
4.313313808618089e+03,4.311549102735737e+03,5.882352941176471e-01,799240
4.314590498657858e+03,4.309110788842729e+03,1.764705882352941e+00,799239
4.317124055691496e+03,4.313594643926790e+03,1.176470588235294e+00,799241
4.318679738685007e+03,4.316915032802654e+03,5.882352941176471e-01,799242
4.319035015617689e+03,4.317270309735336e+03,5.882352941176471e-01,799243
4.324553791016995e+03,4.322789085134642e+03,5.882352941176471e-01,799244
4.329837296791996e+03,4.324543179144937e+03,1.764705882352941e+00,799245
4.331602002674349e+03,4.329595583203583e+03,5.882352941176471e-01,799248
4.332773403683356e+03,4.330972564385026e+03,5.882352941176471e-01,799249
4.333769684323866e+03,4.328475566676807e+03,1.764705882352941e+00,799246
4.337097608204990e+03,4.331145832356655e+03,1.764705882352941e+00,799250
4.337097608204990e+03,4.329243991918650e+03,1.764705882352941e+00,799247
4.338067521330414e+03,4.332417220854679e+03,1.764705882352941e+00,799251
4.340627019969696e+03,4.335855357513023e+03,1.176470588235294e+00,799252
4.345014758763174e+03,4.343250052880821e+03,5.882352941176471e-01,799253
4.347449344551705e+03,4.345684638669352e+03,5.882352941176471e-01,799254
4.351007390147502e+03,4.347477978382797e+03,1.176470588235294e+00,799256
4.352123828260586e+03,4.346829710613527e+03,1.764705882352941e+00,799255
4.352772096029855e+03,4.350873073072533e+03,5.882352941176471e-01,799258
4.355149946893583e+03,4.353385241011230e+03,5.882352941176471e-01,799259
4.355484654523633e+03,4.350190536876575e+03,1.764705882352941e+00,799257
4.358239805082847e+03,4.356475099200494e+03,5.882352941176471e-01,799260
4.367140363074580e+03,4.365375657192227e+03,5.882352941176471e-01,799261
4.371529066114737e+03,4.369764360232384e+03,5.882352941176471e-01,799263
4.372310169463957e+03,4.370545463581604e+03,5.882352941176471e-01,799264
4.372572751077530e+03,4.369043339312824e+03,1.176470588235294e+00,799262
4.375086061530136e+03,4.373321355647783e+03,5.882352941176471e-01,799266
4.377258455305934e+03,4.371964337658875e+03,1.764705882352941e+00,799265
4.378720714611780e+03,4.373426596964721e+03,1.764705882352941e+00,799267
4.379023161188287e+03,4.374222519516984e+03,1.176470588235294e+00,799268
4.380380179177195e+03,4.375760859059959e+03,1.176470588235294e+00,799269
4.381648833904287e+03,4.379884128021934e+03,5.882352941176471e-01,799270
4.384688895671612e+03,4.382924189789259e+03,5.882352941176471e-01,799271
4.386632202575836e+03,4.384867496693483e+03,5.882352941176471e-01,799272
4.389328173367281e+03,4.387563467484928e+03,5.882352941176471e-01,799274
4.390713373506175e+03,4.385419255859116e+03,1.764705882352941e+00,799273
4.393522723864590e+03,4.391758017982237e+03,5.882352941176471e-01,799275
4.396380634742637e+03,4.394615928860284e+03,5.882352941176471e-01,799276
4.400503235788868e+03,4.398738529906515e+03,5.882352941176471e-01,799278
4.400547602117201e+03,4.398782896234848e+03,5.882352941176471e-01,799279
4.401499840129207e+03,4.399070122574780e+03,5.882352941176471e-01,799280
4.402868399556347e+03,4.401103693673995e+03,5.882352941176471e-01,799281
4.404032647553574e+03,4.397970428364501e+03,1.764705882352941e+00,799277
4.408850373946352e+03,4.407085668063999e+03,5.882352941176471e-01,799283
4.410586824284812e+03,4.405292706637754e+03,1.764705882352941e+00,799282
4.410615079828705e+03,4.408195596458509e+03,5.882352941176471e-01,799285
4.411862009248020e+03,4.409430114364121e+03,5.882352941176471e-01,799287
4.411862009248020e+03,4.408932773529869e+03,5.882352941176471e-01,799286
4.413522072935069e+03,4.407843076564170e+03,1.176470588235294e+00,799284
4.413992754959214e+03,4.412228049076861e+03,5.882352941176471e-01,799289
4.416013839671068e+03,4.410719722024009e+03,1.764705882352941e+00,799288
4.420296316150305e+03,4.415002198503246e+03,1.764705882352941e+00,799290
4.421105354670306e+03,4.419340648787953e+03,5.882352941176471e-01,799291
4.424464238794262e+03,4.422699532911909e+03,5.882352941176471e-01,799293
4.426559133213093e+03,4.421265015566035e+03,1.764705882352941e+00,799292
4.428300157222276e+03,4.426535451339923e+03,5.882352941176471e-01,799294
4.436075351900505e+03,4.434310646018152e+03,5.882352941176471e-01,799295
4.436807854491175e+03,4.435043148608822e+03,5.882352941176471e-01,799296
4.437569133737567e+03,4.435804427855214e+03,5.882352941176471e-01,799297
4.438170722384634e+03,4.436406016502281e+03,5.882352941176471e-01,799298
4.442955827264625e+03,4.439426415499919e+03,1.176470588235294e+00,799299
4.446885770564323e+03,4.441591652917264e+03,1.764705882352941e+00,799300
4.454517745076436e+03,4.449223627429377e+03,1.764705882352941e+00,799301
4.456290599670392e+03,4.452761187905687e+03,1.176470588235294e+00,799303
4.457429052621968e+03,4.455664346739615e+03,5.882352941176471e-01,799304
4.457542022265209e+03,4.452247904618151e+03,1.764705882352941e+00,799302
4.459250243325942e+03,4.457300009570225e+03,5.882352941176471e-01,799307
4.459250243325942e+03,4.456549913970463e+03,5.882352941176471e-01,799306
4.461584717317451e+03,4.457944884654966e+03,1.176470588235294e+00,799308
4.461603743566536e+03,4.459839037684183e+03,5.882352941176471e-01,799309
4.462779655090648e+03,4.455734097477802e+03,1.764705882352941e+00,799305
4.469110578764619e+03,4.465581166999914e+03,1.176470588235294e+00,799310
4.471003498311646e+03,4.469238792429294e+03,5.882352941176471e-01,799311
4.471341647177752e+03,4.469576941295399e+03,5.882352941176471e-01,799312
4.476069693296895e+03,4.474304987414543e+03,5.882352941176471e-01,799314
4.476490670620662e+03,4.471196552973603e+03,1.764705882352941e+00,799313
4.481523005287165e+03,4.479758299404812e+03,5.882352941176471e-01,799315
4.482651243777195e+03,4.480886537894842e+03,5.882352941176471e-01,799316
4.483980128083186e+03,4.482215422200833e+03,5.882352941176471e-01,799317
4.484030853541265e+03,4.482266147658912e+03,5.882352941176471e-01,799318
4.487036604385630e+03,4.483507192620924e+03,1.176470588235294e+00,799319
4.490632733910560e+03,4.488868028028207e+03,5.882352941176471e-01,799321
4.491070749957903e+03,4.485776632310844e+03,1.764705882352941e+00,799320
4.491241598878749e+03,4.489476892996396e+03,5.882352941176471e-01,799322
4.493701479561635e+03,4.491936773679282e+03,5.882352941176471e-01,799324
4.494074587474276e+03,4.492309881591923e+03,5.882352941176471e-01,799325
4.495466185443988e+03,4.493472239632523e+03,5.882352941176471e-01,799326
4.495926851557618e+03,4.489684330989017e+03,1.764705882352941e+00,799323
4.496010251899725e+03,4.494245546017372e+03,5.882352941176471e-01,799327
4.498642160484010e+03,4.496877454601657e+03,5.882352941176471e-01,799328
4.502514201918160e+03,4.500749496035807e+03,5.882352941176471e-01,799329
4.504894257546596e+03,4.501364845781890e+03,1.176470588235294e+00,799330
4.506090796276633e+03,4.504326090394280e+03,5.882352941176471e-01,799331
4.508368131078949e+03,4.506603425196596e+03,5.882352941176471e-01,799333
4.510170991511304e+03,4.504876873864245e+03,1.764705882352941e+00,799332
4.511516072672197e+03,4.509751366789844e+03,5.882352941176471e-01,799334
4.515305524265511e+03,4.513540818383158e+03,5.882352941176471e-01,799336
4.515971224576252e+03,4.510677106929193e+03,1.764705882352941e+00,799335
4.520814501857840e+03,4.515520384210781e+03,1.764705882352941e+00,799337
4.520934640800363e+03,4.515640523153305e+03,1.764705882352941e+00,799338
4.525467673543408e+03,4.523702967661055e+03,5.882352941176471e-01,799339
4.530160577650626e+03,4.528395871768274e+03,5.882352941176471e-01,799340
4.531505615472702e+03,4.529740909590349e+03,5.882352941176471e-01,799341
4.537653736520896e+03,4.535889030638543e+03,5.882352941176471e-01,799343
4.541161243456522e+03,4.535867125809463e+03,1.764705882352941e+00,799342
4.541232385258715e+03,4.539467679376362e+03,5.882352941176471e-01,799345
4.541277933530276e+03,4.535983815883217e+03,1.764705882352941e+00,799344
4.542925949338875e+03,4.540019444028132e+03,5.882352941176471e-01,799346
4.546069463918069e+03,4.542540052153364e+03,1.176470588235294e+00,799347
4.548519364007191e+03,4.543225246360133e+03,1.764705882352941e+00,799348
4.555673030569186e+03,4.552143618804480e+03,1.176470588235294e+00,799349
4.562177124861630e+03,4.560412418979277e+03,5.882352941176471e-01,799350
4.582629768278036e+03,4.577335650630977e+03,1.764705882352941e+00,799351
4.583822091345780e+03,4.582057385463427e+03,5.882352941176471e-01,799352
4.585503081072533e+03,4.583738375190180e+03,5.882352941176471e-01,799353
4.587478310267862e+03,4.585713604385509e+03,5.882352941176471e-01,799356
4.589452215580810e+03,4.584158097933751e+03,1.764705882352941e+00,799354
4.590108576430546e+03,4.584814458783487e+03,1.764705882352941e+00,799355
4.592983778734765e+03,4.591219072852412e+03,5.882352941176471e-01,799357
4.596879749196025e+03,4.593350337431319e+03,1.176470588235294e+00,799359
4.596956797923285e+03,4.591662680276226e+03,1.764705882352941e+00,799358
4.599090710808302e+03,4.597326004925949e+03,5.882352941176471e-01,799360
4.599776453121766e+03,4.598011747239413e+03,5.882352941176471e-01,799361
4.604826543942459e+03,4.603061838060106e+03,5.882352941176471e-01,799363
4.605939839507766e+03,4.600645721860707e+03,1.764705882352941e+00,799362
4.609070078877547e+03,4.607305372995195e+03,5.882352941176471e-01,799365
4.610020748895103e+03,4.608256043012750e+03,5.882352941176471e-01,799366
4.610089622426745e+03,4.604795504779686e+03,1.764705882352941e+00,799364
4.616370936965744e+03,4.614606231083391e+03,5.882352941176471e-01,799367
4.616761933352882e+03,4.614997227470529e+03,5.882352941176471e-01,799368
4.619605562281021e+03,4.617840856398668e+03,5.882352941176471e-01,799369
4.624117752361244e+03,4.622353046478891e+03,5.882352941176471e-01,799371
4.627048276788791e+03,4.621754159141732e+03,1.764705882352941e+00,799370
4.627426368020914e+03,4.625661662138561e+03,5.882352941176471e-01,799372
4.628686260794839e+03,4.626921554912486e+03,5.882352941176471e-01,799373
4.631416256248960e+03,4.629651550366607e+03,5.882352941176471e-01,799374
4.636498203221173e+03,4.634733497338820e+03,5.882352941176471e-01,799376
4.639234908402370e+03,4.633940790755311e+03,1.764705882352941e+00,799375
4.641092158302867e+03,4.637562746538161e+03,1.176470588235294e+00,799377
4.643130483164014e+03,4.637836365516955e+03,1.764705882352941e+00,799378
4.643426278918275e+03,4.641661573035922e+03,5.882352941176471e-01,799380
4.644671031405030e+03,4.639376913757971e+03,1.764705882352941e+00,799379
4.646793463522013e+03,4.645028757639660e+03,5.882352941176471e-01,799381
4.649257520309932e+03,4.647492814427579e+03,5.882352941176471e-01,799384
4.650685355504506e+03,4.648343322741318e+03,5.882352941176471e-01,799385
4.650869410167092e+03,4.647155943739800e+03,1.176470588235294e+00,799382
4.652450061386859e+03,4.649515275245748e+03,5.882352941176471e-01,799386
4.652634116049445e+03,4.647187182377194e+03,1.764705882352941e+00,799383
4.653764034747321e+03,4.651999328864968e+03,5.882352941176471e-01,799387
4.656851892878816e+03,4.655087186996463e+03,5.882352941176471e-01,799388
4.658017008415249e+03,4.656252302532896e+03,5.882352941176471e-01,799389
4.665753350577835e+03,4.663988644695482e+03,5.882352941176471e-01,799390
4.667218878141835e+03,4.665454172259482e+03,5.882352941176471e-01,799391
4.672082098516817e+03,4.670317392634464e+03,5.882352941176471e-01,799393
4.673922399628321e+03,4.672157693745968e+03,5.882352941176471e-01,799394
4.674114389339429e+03,4.668820271692370e+03,1.764705882352941e+00,799392
4.675799584169062e+03,4.674034878286709e+03,5.882352941176471e-01,799395
4.678020211413885e+03,4.676255505531532e+03,5.882352941176471e-01,799396
4.682301826063940e+03,4.680537120181587e+03,5.882352941176471e-01,799398
4.682416202047275e+03,4.680651496164922e+03,5.882352941176471e-01,799399
4.683690843279390e+03,4.678396725632331e+03,1.764705882352941e+00,799397
4.684066531946293e+03,4.680934939905857e+03,5.882352941176471e-01,799400
4.687411641598740e+03,4.685646935716387e+03,5.882352941176471e-01,799402
4.688009606526973e+03,4.682715488879914e+03,1.764705882352941e+00,799401
4.688031846299584e+03,4.686267140417231e+03,5.882352941176471e-01,799403
4.695074453792011e+03,4.693309747909658e+03,5.882352941176471e-01,799404
4.700734714477764e+03,4.695440596830705e+03,1.764705882352941e+00,799405
4.702187982835638e+03,4.700423276953285e+03,5.882352941176471e-01,799406
4.702643187889035e+03,4.700878482006682e+03,5.882352941176471e-01,799408
4.704000768391154e+03,4.701049433040683e+03,5.882352941176471e-01,799410
4.704000768391154e+03,4.701040440309291e+03,5.882352941176471e-01,799409
4.706172599653741e+03,4.700519436299612e+03,1.764705882352941e+00,799407
4.713895874029046e+03,4.712131168146693e+03,5.882352941176471e-01,799411
4.717006263478150e+03,4.715241557595797e+03,5.882352941176471e-01,799414
4.717545532528330e+03,4.712251414881272e+03,1.764705882352941e+00,799412
4.718471885412260e+03,4.715409512837268e+03,5.882352941176471e-01,799415
4.719311058489456e+03,4.717546352607103e+03,5.882352941176471e-01,799416
4.720236591294613e+03,4.717978833971244e+03,5.882352941176471e-01,799417
4.720535675242856e+03,4.714942473647554e+03,1.764705882352941e+00,799413
4.723357890265565e+03,4.721593184383212e+03,5.882352941176471e-01,799418
4.723437437494314e+03,4.721672731611961e+03,5.882352941176471e-01,799419
4.725122596147918e+03,4.722377155358030e+03,5.882352941176471e-01,799421
4.725761816455386e+03,4.722232404690680e+03,1.176470588235294e+00,799420
4.728242533624406e+03,4.726477827742053e+03,5.882352941176471e-01,799422
4.737721162847221e+03,4.735956456964868e+03,5.882352941176471e-01,799423
4.739575517298274e+03,4.737810811415921e+03,5.882352941176471e-01,799425
4.741350896368271e+03,4.736056778721212e+03,1.764705882352941e+00,799424
4.744372494732012e+03,4.740843082967306e+03,1.176470588235294e+00,799426
4.745046142659650e+03,4.743281436777297e+03,5.882352941176471e-01,799427
4.748943565121954e+03,4.747178859239601e+03,5.882352941176471e-01,799429
4.750847041441355e+03,4.745552923794297e+03,1.764705882352941e+00,799428
4.752871132414789e+03,4.751106426532436e+03,5.882352941176471e-01,799430
4.757553640604849e+03,4.752259522957790e+03,1.764705882352941e+00,799431
4.764480200137831e+03,4.762715494255478e+03,5.882352941176471e-01,799432
4.765372955970391e+03,4.763608250088038e+03,5.882352941176471e-01,799433
4.768201492898785e+03,4.766436787016432e+03,5.882352941176471e-01,799435
4.771664463260221e+03,4.766370345613162e+03,1.764705882352941e+00,799434
4.772229132529181e+03,4.768699720764475e+03,1.176470588235294e+00,799436
4.773175049370452e+03,4.769645637605746e+03,1.176470588235294e+00,799437
4.773429169142574e+03,4.771571137675966e+03,5.882352941176471e-01,799438
4.774849209044481e+03,4.773084503162128e+03,5.882352941176471e-01,799439
4.776584522893779e+03,4.774819817011426e+03,5.882352941176471e-01,799440
4.781110417152501e+03,4.779345711270148e+03,5.882352941176471e-01,799443
4.782199585934327e+03,4.778670174169621e+03,1.176470588235294e+00,799442
4.783030346086599e+03,4.777736228439540e+03,1.764705882352941e+00,799441
4.785074506340099e+03,4.783309800457746e+03,5.882352941176471e-01,799445
4.786404534799560e+03,4.780977913716653e+03,1.764705882352941e+00,799444
4.787903932842593e+03,4.786139226960240e+03,5.882352941176471e-01,799447
4.789839896167130e+03,4.784545778520071e+03,1.764705882352941e+00,799446
4.795556706394225e+03,4.790262588747166e+03,1.764705882352941e+00,799448
4.797321412276578e+03,4.794888953409059e+03,5.882352941176471e-01,799451
4.797576680557803e+03,4.792282562910745e+03,1.764705882352941e+00,799449
4.799086118158931e+03,4.796967008272026e+03,5.882352941176471e-01,799452
4.799400605599969e+03,4.797635899717616e+03,5.882352941176471e-01,799453
4.800181841144540e+03,4.794887723497481e+03,1.764705882352941e+00,799450
4.801008067761803e+03,4.798734721740245e+03,5.882352941176471e-01,799455
4.801008067761803e+03,4.797663764316979e+03,5.882352941176471e-01,799454
4.805445439915259e+03,4.803680734032906e+03,5.882352941176471e-01,799456
4.811021212338870e+03,4.807491800574164e+03,1.176470588235294e+00,799457
4.814721234054451e+03,4.809427116407393e+03,1.764705882352941e+00,799458
4.815930583769421e+03,4.812401172004715e+03,1.176470588235294e+00,799459
4.818187005110663e+03,4.816422299228310e+03,5.882352941176471e-01,799460
4.819046391039155e+03,4.817281685156802e+03,5.882352941176471e-01,799461
4.826884169680847e+03,4.825119463798494e+03,5.882352941176471e-01,799462
4.834139961300708e+03,4.832375255418355e+03,5.882352941176471e-01,799463
4.836559970049822e+03,4.834795264167469e+03,5.882352941176471e-01,799464
4.837973907123440e+03,4.836209201241087e+03,5.882352941176471e-01,799465
4.838085644627216e+03,4.836320938744863e+03,5.882352941176471e-01,799466
4.844327203166340e+03,4.840797791401634e+03,1.176470588235294e+00,799467
4.845078615618386e+03,4.843313909736033e+03,5.882352941176471e-01,799468
4.849381721987490e+03,4.847617016105137e+03,5.882352941176471e-01,799469
4.851921926177308e+03,4.850157220294955e+03,5.882352941176471e-01,799470
4.852786391229411e+03,4.851021685347058e+03,5.882352941176471e-01,799471
4.859095658138733e+03,4.857330952256380e+03,5.882352941176471e-01,799473
4.859688540284001e+03,4.856159128519295e+03,1.176470588235294e+00,799472
4.869451300290445e+03,4.867686594408092e+03,5.882352941176471e-01,799475
4.871184375253805e+03,4.869419669371452e+03,5.882352941176471e-01,799476
4.871735374553815e+03,4.866441256906756e+03,1.764705882352941e+00,799474
4.872949081136158e+03,4.870146729939919e+03,5.882352941176471e-01,799478
4.873821880568112e+03,4.872057174685759e+03,5.882352941176471e-01,799479
4.874879642469795e+03,4.869585524822736e+03,1.764705882352941e+00,799477
4.876978569696301e+03,4.875213863813948e+03,5.882352941176471e-01,799480
4.877554006757965e+03,4.875789300875612e+03,5.882352941176471e-01,799481
4.882129119923445e+03,4.880364414041093e+03,5.882352941176471e-01,799482
4.884476933523676e+03,4.882712227641323e+03,5.882352941176471e-01,799483
4.885108615744735e+03,4.883343909862382e+03,5.882352941176471e-01,799484
4.889896449041016e+03,4.888131743158663e+03,5.882352941176471e-01,799485
4.890092485948743e+03,4.888327780066390e+03,5.882352941176471e-01,799486
4.890579892273040e+03,4.888815186390687e+03,5.882352941176471e-01,799487
4.900733236681243e+03,4.897203824916537e+03,1.176470588235294e+00,799489
4.901373660668952e+03,4.896079543021893e+03,1.764705882352941e+00,799488
4.904189260533739e+03,4.902424554651386e+03,5.882352941176471e-01,799490
4.908247904071185e+03,4.906483198188832e+03,5.882352941176471e-01,799491
4.913009059351798e+03,4.907714941704739e+03,1.764705882352941e+00,799492
4.915408982878695e+03,4.913644276996342e+03,5.882352941176471e-01,799493
4.917081974533210e+03,4.915317268650857e+03,5.882352941176471e-01,799494
4.918147716257780e+03,4.916383010375427e+03,5.882352941176471e-01,799495
4.925189786344513e+03,4.919895668697454e+03,1.764705882352941e+00,799496
4.925951684297684e+03,4.924186978415331e+03,5.882352941176471e-01,799498
4.927614671270880e+03,4.922320553623821e+03,1.764705882352941e+00,799497
4.928197601767704e+03,4.926432895885351e+03,5.882352941176471e-01,799500
4.929138785421731e+03,4.926809713481509e+03,5.882352941176471e-01,799501
4.931144083035586e+03,4.925609373657025e+03,1.764705882352941e+00,799499
4.934359902726773e+03,4.929065785079714e+03,1.764705882352941e+00,799502
4.936252037693515e+03,4.934487331811162e+03,5.882352941176471e-01,799505
4.936276387107585e+03,4.930982269460526e+03,1.764705882352941e+00,799503
4.936628106940845e+03,4.931333989293786e+03,1.764705882352941e+00,799504
4.940428437018415e+03,4.938663731136062e+03,5.882352941176471e-01,799506
4.940521216518554e+03,4.938756510636201e+03,5.882352941176471e-01,799507
4.943014701295511e+03,4.939485289530805e+03,1.176470588235294e+00,799508
4.943973601789300e+03,4.942208895906947e+03,5.882352941176471e-01,799509
4.946453016999232e+03,4.944688311116880e+03,5.882352941176471e-01,799511
4.948777213738710e+03,4.943483096091652e+03,1.764705882352941e+00,799510
4.952413620122210e+03,4.950648914239857e+03,5.882352941176471e-01,799512
4.958384777420115e+03,4.956620071537762e+03,5.882352941176471e-01,799513
4.960993990550774e+03,4.957464578786068e+03,1.176470588235294e+00,799514
4.963389324231823e+03,4.961624618349470e+03,5.882352941176471e-01,799516
4.966902378184161e+03,4.961608260537102e+03,1.764705882352941e+00,799515
4.967626615171987e+03,4.965861909289635e+03,5.882352941176471e-01,799517
4.970980342120890e+03,4.969215636238538e+03,5.882352941176471e-01,799518
4.973398248797575e+03,4.971633542915222e+03,5.882352941176471e-01,799520
4.975002335834626e+03,4.969708218187568e+03,1.764705882352941e+00,799519
4.977147357969791e+03,4.975382652087438e+03,5.882352941176471e-01,799521
4.977730535702472e+03,4.975965829820119e+03,5.882352941176471e-01,799522
4.978856897487720e+03,4.977092191605367e+03,5.882352941176471e-01,799523
4.979648587552459e+03,4.977883881670106e+03,5.882352941176471e-01,799524
4.984699225417339e+03,4.982934519534986e+03,5.882352941176471e-01,799525
4.986635619594089e+03,4.984870913711736e+03,5.882352941176471e-01,799526
4.991110333835827e+03,4.989345627953474e+03,5.882352941176471e-01,799527
4.993371772443988e+03,4.991607066561636e+03,5.882352941176471e-01,799528
4.999700907795061e+03,4.997936201912708e+03,5.882352941176471e-01,799530
5.000992397530543e+03,4.995698279883484e+03,1.764705882352941e+00,799529
5.005802275116669e+03,5.004037569234316e+03,5.882352941176471e-01,799532
5.006688650551730e+03,5.004923944669378e+03,5.882352941176471e-01,799533
5.008022742388476e+03,5.002728624741417e+03,1.764705882352941e+00,799531
5.009365180104879e+03,5.007600474222526e+03,5.882352941176471e-01,799534
5.011301371045140e+03,5.009536665162787e+03,5.882352941176471e-01,799536
5.012153407781541e+03,5.008623996016835e+03,1.176470588235294e+00,799535
5.013303693027721e+03,5.011538987145368e+03,5.882352941176471e-01,799537
5.015346235020152e+03,5.013581529137799e+03,5.882352941176471e-01,799538
5.016005703456810e+03,5.014240997574457e+03,5.882352941176471e-01,799539
5.023807591284388e+03,5.022042885402035e+03,5.882352941176471e-01,799540
5.029702104096443e+03,5.027937398214090e+03,5.882352941176471e-01,799542
5.031882696043225e+03,5.026588578396166e+03,1.764705882352941e+00,799541
5.033237232490756e+03,5.031472526608403e+03,5.882352941176471e-01,799543
5.037214100747786e+03,5.035449394865433e+03,5.882352941176471e-01,799544
5.039155651133550e+03,5.037390945251197e+03,5.882352941176471e-01,799545
5.040862960094785e+03,5.039098254212432e+03,5.882352941176471e-01,799546
5.042403010535513e+03,5.040638304653160e+03,5.882352941176471e-01,799547
5.044747556767050e+03,5.042982850884697e+03,5.882352941176471e-01,799550
5.047680772849377e+03,5.042386655202318e+03,1.764705882352941e+00,799548
5.048260564849415e+03,5.042966447202356e+03,1.764705882352941e+00,799549
5.051530159193899e+03,5.049765453311546e+03,5.882352941176471e-01,799551
5.053103872455375e+03,5.051339166573022e+03,5.882352941176471e-01,799552
5.056267326592174e+03,5.052737914827468e+03,1.176470588235294e+00,799553
5.057952128139262e+03,5.056187422256909e+03,5.882352941176471e-01,799555
5.059169762555616e+03,5.053875644908557e+03,1.764705882352941e+00,799554
5.059401522327617e+03,5.057636816445264e+03,5.882352941176471e-01,799556
5.065181858775172e+03,5.063417152892819e+03,5.882352941176471e-01,799557
5.078626951153819e+03,5.073332833506760e+03,1.764705882352941e+00,799558
5.082391703756975e+03,5.077097586109916e+03,1.764705882352941e+00,799559
5.083238701781578e+03,5.081473995899225e+03,5.882352941176471e-01,799560
5.086931179597734e+03,5.085166473715381e+03,5.882352941176471e-01,799561
5.087245303593811e+03,5.085480597711458e+03,5.882352941176471e-01,799562
5.093285027638460e+03,5.091520321756107e+03,5.882352941176471e-01,799563
5.097508283885464e+03,5.095743578003111e+03,5.882352941176471e-01,799565
5.098973285703300e+03,5.093679168056241e+03,1.764705882352941e+00,799564
5.104729125600616e+03,5.102964419718263e+03,5.882352941176471e-01,799567
5.106318358405327e+03,5.104553652522974e+03,5.882352941176471e-01,799568
5.107334825920796e+03,5.102040708273737e+03,1.764705882352941e+00,799566
5.111676616695586e+03,5.106382499048527e+03,1.764705882352941e+00,799569
5.114089051208853e+03,5.108794933561794e+03,1.764705882352941e+00,799570
5.119279426522349e+03,5.113985308875290e+03,1.764705882352941e+00,799571
5.119584148587959e+03,5.117819442705606e+03,5.882352941176471e-01,799572
5.120585659502704e+03,5.118820953620352e+03,5.882352941176471e-01,799573
5.127645163073837e+03,5.122351045426778e+03,1.764705882352941e+00,799574
5.127662636523182e+03,5.122368518876124e+03,1.764705882352941e+00,799575
5.134988762260031e+03,5.133224056377678e+03,5.882352941176471e-01,799576
5.135038601990056e+03,5.133273896107703e+03,5.882352941176471e-01,799577
5.136904784546706e+03,5.135140078664353e+03,5.882352941176471e-01,799580
5.137025239852977e+03,5.133495828088271e+03,1.176470588235294e+00,799578
5.140282879907090e+03,5.134459982395235e+03,1.764705882352941e+00,799579
5.151858974601400e+03,5.150094268719047e+03,5.882352941176471e-01,799582
5.153652833574265e+03,5.151888127691912e+03,5.882352941176471e-01,799583
5.154136408661956e+03,5.148842291014897e+03,1.764705882352941e+00,799581
5.156118304472860e+03,5.154353598590508e+03,5.882352941176471e-01,799584
5.159406515839446e+03,5.157641809957093e+03,5.882352941176471e-01,799586
5.159916120528524e+03,5.158151414646171e+03,5.882352941176471e-01,799587
5.161171221721798e+03,5.156952135417805e+03,1.176470588235294e+00,799585
5.164010958947216e+03,5.158512688561566e+03,1.764705882352941e+00,799588
5.170903315119136e+03,5.167373903354430e+03,1.176470588235294e+00,799591
5.171619187469381e+03,5.166325069822322e+03,1.764705882352941e+00,799589
5.172018716401992e+03,5.166724598754933e+03,1.764705882352941e+00,799590
5.172799455841141e+03,5.169590278939212e+03,5.882352941176471e-01,799592
5.173383893351734e+03,5.171100467378614e+03,5.882352941176471e-01,799595
5.183146628359648e+03,5.179617216594942e+03,1.176470588235294e+00,799596
5.187830782228657e+03,5.186066076346305e+03,5.882352941176471e-01,799598
5.190090756443602e+03,5.188326050561249e+03,5.882352941176471e-01,799599
5.191152483128934e+03,5.185858365481875e+03,1.764705882352941e+00,799597
5.192851831537958e+03,5.191087125655605e+03,5.882352941176471e-01,799600
5.196128584320606e+03,5.194363878438254e+03,5.882352941176471e-01,799601
5.197356420600383e+03,5.195591714718030e+03,5.882352941176471e-01,799602
5.200086075723868e+03,5.198321369841515e+03,5.882352941176471e-01,799603
5.203035780824718e+03,5.201271074942365e+03,5.882352941176471e-01,799604
5.206738755099490e+03,5.203209343334784e+03,1.176470588235294e+00,799605
5.220006177561039e+03,5.216476765796333e+03,1.176470588235294e+00,799606
5.223216235685662e+03,5.217922118038603e+03,1.764705882352941e+00,799607
5.228335192375624e+03,5.223041074728565e+03,1.764705882352941e+00,799608
5.231882063744534e+03,5.226587946097475e+03,1.764705882352941e+00,799609
5.232126664023168e+03,5.230361958140815e+03,5.882352941176471e-01,799611
5.234711857348593e+03,5.229417739701534e+03,1.764705882352941e+00,799610
5.239842773381772e+03,5.236313361617066e+03,1.176470588235294e+00,799612
5.243617492894224e+03,5.240088081129518e+03,1.176470588235294e+00,799614
5.244034695152504e+03,5.238740577505445e+03,1.764705882352941e+00,799613
5.245542413883551e+03,5.242336992387820e+03,5.882352941176471e-01,799616
5.245702628990525e+03,5.240408511343466e+03,1.764705882352941e+00,799615
5.246130686871520e+03,5.244365980989167e+03,5.882352941176471e-01,799618
5.256573480680795e+03,5.254808774798442e+03,5.882352941176471e-01,799619
5.268637389012486e+03,5.266872683130133e+03,5.882352941176471e-01,799622
5.269352120401559e+03,5.265822708636853e+03,1.176470588235294e+00,799621
5.270895076954726e+03,5.265600959307667e+03,1.764705882352941e+00,799620
5.275289167522762e+03,5.269995049875704e+03,1.764705882352941e+00,799623
5.275781650874112e+03,5.274016944991759e+03,5.882352941176471e-01,799624
5.277257464010973e+03,5.275492758128620e+03,5.882352941176471e-01,799625
5.281472005147327e+03,5.277942593382621e+03,1.176470588235294e+00,799626
5.284695910830838e+03,5.282931204948485e+03,5.882352941176471e-01,799628
5.286247549657025e+03,5.280953432009966e+03,1.764705882352941e+00,799627
5.289399843132844e+03,5.286826278931506e+03,5.882352941176471e-01,799632
5.290104742782563e+03,5.284810625135505e+03,1.764705882352941e+00,799629
5.291164549015197e+03,5.289195257813991e+03,5.882352941176471e-01,799633
5.291759178825767e+03,5.285870431368138e+03,1.764705882352941e+00,799630
5.295098246116329e+03,5.293333540233976e+03,5.882352941176471e-01,799635
5.298550730480081e+03,5.293256612833022e+03,1.764705882352941e+00,799634
5.300978772015354e+03,5.299214066133001e+03,5.882352941176471e-01,799636
5.301540088064321e+03,5.299775382181968e+03,5.882352941176471e-01,799637
5.303802031748369e+03,5.300272619983663e+03,1.176470588235294e+00,799638
5.304434326284300e+03,5.302669620401947e+03,5.882352941176471e-01,799639
5.305625636726451e+03,5.303860930844098e+03,5.882352941176471e-01,799640
5.310736310715144e+03,5.305442193068085e+03,1.764705882352941e+00,799641
5.310905229725956e+03,5.309140523843603e+03,5.882352941176471e-01,799642
5.314704033196389e+03,5.312939327314036e+03,5.882352941176471e-01,799643
5.315881196386113e+03,5.314116490503760e+03,5.882352941176471e-01,799644
5.316121719229301e+03,5.314357013346949e+03,5.882352941176471e-01,799645
5.322028811985802e+03,5.320264106103450e+03,5.882352941176471e-01,799647
5.324111602934875e+03,5.318817485287816e+03,1.764705882352941e+00,799646
5.331073773398281e+03,5.329309067515928e+03,5.882352941176471e-01,799648
5.334689035664074e+03,5.332924329781721e+03,5.882352941176471e-01,799649
5.335552079854079e+03,5.333787373971726e+03,5.882352941176471e-01,799651
5.336453741546427e+03,5.334020476555055e+03,5.882352941176471e-01,799652
5.337706993076542e+03,5.335942287194189e+03,5.882352941176471e-01,799653
5.338867039826493e+03,5.333572922179435e+03,1.764705882352941e+00,799650
5.341352987252984e+03,5.339588281370631e+03,5.882352941176471e-01,799655
5.342955638193931e+03,5.337661520546872e+03,1.764705882352941e+00,799654
5.344082982736106e+03,5.342318276853753e+03,5.882352941176471e-01,799656
5.354111271134782e+03,5.352346565252429e+03,5.882352941176471e-01,799657
5.360017286800548e+03,5.358252580918195e+03,5.882352941176471e-01,799659
5.362357831703981e+03,5.357063714056922e+03,1.764705882352941e+00,799658
5.363154034095490e+03,5.361389328213138e+03,5.882352941176471e-01,799661
5.363677704307855e+03,5.358383586660796e+03,1.764705882352941e+00,799660
5.369254330832313e+03,5.367489624949960e+03,5.882352941176471e-01,799662
5.375584068974041e+03,5.373819363091688e+03,5.882352941176471e-01,799664
5.377364822792269e+03,5.375600116909916e+03,5.882352941176471e-01,799665
5.378729922667597e+03,5.376965216785244e+03,5.882352941176471e-01,799666
5.378782029622613e+03,5.373487911975554e+03,1.764705882352941e+00,799663
5.385580403670473e+03,5.380286286023414e+03,1.764705882352941e+00,799667
5.388912213314685e+03,5.387147507432332e+03,5.882352941176471e-01,799668
5.391517352283755e+03,5.389752646401402e+03,5.882352941176471e-01,799671
5.392621805023996e+03,5.389092393259290e+03,1.176470588235294e+00,799670
5.392818496406219e+03,5.387524378759161e+03,1.764705882352941e+00,799669
5.398728829682735e+03,5.393434712035677e+03,1.764705882352941e+00,799672
5.402215302709333e+03,5.400450596826980e+03,5.882352941176471e-01,799673
5.404006686922044e+03,5.402241981039691e+03,5.882352941176471e-01,799675
5.405905353208078e+03,5.400611235561019e+03,1.764705882352941e+00,799674
5.414370623564600e+03,5.409076505917541e+03,1.764705882352941e+00,799676
5.419729318394505e+03,5.417964612512152e+03,5.882352941176471e-01,799678
5.422381935552814e+03,5.417087817905755e+03,1.764705882352941e+00,799677
5.423589967602870e+03,5.418295849955811e+03,1.764705882352941e+00,799679
5.426206365712430e+03,5.424441659830077e+03,5.882352941176471e-01,799680
5.426585662272886e+03,5.424820956390533e+03,5.882352941176471e-01,799681
5.432570680343624e+03,5.430805974461271e+03,5.882352941176471e-01,799682
5.437219799302335e+03,5.431925681655276e+03,1.764705882352941e+00,799683
5.449530501589225e+03,5.444236383942167e+03,1.764705882352941e+00,799684
5.449790853739850e+03,5.448026147857497e+03,5.882352941176471e-01,799685
5.450801190820228e+03,5.449036484937875e+03,5.882352941176471e-01,799686
5.453393386053606e+03,5.451628680171253e+03,5.882352941176471e-01,799687
5.453852776973535e+03,5.452088071091183e+03,5.882352941176471e-01,799688
5.460692288509149e+03,5.458927582626796e+03,5.882352941176471e-01,799689
5.462010095502613e+03,5.460245389620260e+03,5.882352941176471e-01,799690
5.464933804492397e+03,5.463169098610044e+03,5.882352941176471e-01,799691
5.465491196940350e+03,5.463726491057997e+03,5.882352941176471e-01,799692
5.468776200083439e+03,5.465246788318733e+03,1.176470588235294e+00,799693
5.476060507243100e+03,5.474295801360747e+03,5.882352941176471e-01,799694
5.480323671458307e+03,5.475029553811248e+03,1.764705882352941e+00,799695
5.481680798715796e+03,5.476386681068737e+03,1.764705882352941e+00,799696
5.482447100481057e+03,5.478917688716351e+03,1.176470588235294e+00,799697
5.485839651814562e+03,5.480545534167503e+03,1.764705882352941e+00,799698
5.489060669566602e+03,5.487250959725256e+03,5.882352941176471e-01,799703
5.490244841644886e+03,5.485388613030636e+03,1.176470588235294e+00,799699
5.492009547527239e+03,5.485531257801896e+03,1.764705882352941e+00,799700
5.492590081331308e+03,5.486734567185635e+03,1.764705882352941e+00,799702
5.497238726143458e+03,5.491944608496399e+03,1.764705882352941e+00,799704
5.505726715147213e+03,5.503962009264860e+03,5.882352941176471e-01,799706
5.507739819724574e+03,5.502445702077515e+03,1.764705882352941e+00,799705
5.509582229710794e+03,5.506052817946088e+03,1.176470588235294e+00,799707
5.513464783248406e+03,5.509935371483700e+03,1.176470588235294e+00,799708
5.518577673070430e+03,5.516812967188077e+03,5.882352941176471e-01,799710
5.519819698460202e+03,5.514525580813143e+03,1.764705882352941e+00,799709
5.521109588561839e+03,5.517580176797133e+03,1.176470588235294e+00,799711
5.527539216251566e+03,5.525774510369213e+03,5.882352941176471e-01,799712
5.530126988534838e+03,5.528362282652485e+03,5.882352941176471e-01,799713
5.534358567399523e+03,5.532593861517170e+03,5.882352941176471e-01,799716
5.534469750886780e+03,5.530940339122074e+03,1.176470588235294e+00,799714
5.536502405151407e+03,5.531208287504348e+03,1.764705882352941e+00,799715
5.541017284404789e+03,5.539252578522436e+03,5.882352941176471e-01,799717
5.541186860638013e+03,5.539422154755660e+03,5.882352941176471e-01,799718
5.541221472230252e+03,5.539456766347899e+03,5.882352941176471e-01,799719
5.546289246571585e+03,5.544524540689232e+03,5.882352941176471e-01,799720
5.553693774282574e+03,5.548399656635516e+03,1.764705882352941e+00,799721
5.556141956567406e+03,5.554377250685053e+03,5.882352941176471e-01,799722
5.558499656576912e+03,5.556734950694559e+03,5.882352941176471e-01,799723
5.560718131629817e+03,5.558953425747464e+03,5.882352941176471e-01,799725
5.560761553630564e+03,5.557232141865859e+03,1.176470588235294e+00,799724
5.560994147793655e+03,5.559229441911302e+03,5.882352941176471e-01,799726
5.562482837512170e+03,5.560011225489305e+03,5.882352941176471e-01,799727
5.562706122154069e+03,5.560941416271716e+03,5.882352941176471e-01,799728
5.578989656241586e+03,5.577224950359233e+03,5.882352941176471e-01,799730
5.579792811063766e+03,5.574498693416708e+03,1.764705882352941e+00,799729
5.591034569901089e+03,5.589269864018737e+03,5.882352941176471e-01,799731
5.593812070764116e+03,5.592047364881763e+03,5.882352941176471e-01,799732
5.596277273577846e+03,5.594512567695493e+03,5.882352941176471e-01,799733
5.597178245332413e+03,5.595413539450060e+03,5.882352941176471e-01,799734
5.597220004010213e+03,5.595455298127860e+03,5.882352941176471e-01,799735
5.600068387957845e+03,5.598303682075492e+03,5.882352941176471e-01,799737
5.600865575870345e+03,5.599100869987992e+03,5.882352941176471e-01,799738
5.602127504506785e+03,5.596833386859726e+03,1.764705882352941e+00,799736
5.605817103405438e+03,5.604052397523085e+03,5.882352941176471e-01,799739
5.607358287339045e+03,5.605593581456693e+03,5.882352941176471e-01,799740
5.610125905896453e+03,5.608361200014100e+03,5.882352941176471e-01,799741
5.611580182329939e+03,5.609815476447586e+03,5.882352941176471e-01,799742
5.611913692401477e+03,5.610148986519124e+03,5.882352941176471e-01,799743
5.617455640287042e+03,5.615690934404689e+03,5.882352941176471e-01,799745
5.618600028487639e+03,5.613305910840580e+03,1.764705882352941e+00,799744
5.621734004955869e+03,5.619969299073516e+03,5.882352941176471e-01,799746
5.621963607571260e+03,5.620198901688907e+03,5.882352941176471e-01,799747
5.630270646547808e+03,5.628505940665455e+03,5.882352941176471e-01,799749
5.630409478607685e+03,5.628644772725332e+03,5.882352941176471e-01,799750
5.631282479979817e+03,5.625988362332758e+03,1.764705882352941e+00,799748
5.633800058312514e+03,5.628787780665849e+03,1.176470588235294e+00,799751
5.639008738291297e+03,5.633714620644238e+03,1.764705882352941e+00,799752
5.640014475656155e+03,5.634720358009096e+03,1.764705882352941e+00,799753
5.640643407853551e+03,5.637557057483845e+03,5.882352941176471e-01,799755
5.641779181538508e+03,5.639967103071352e+03,5.882352941176471e-01,799756
5.642491265233566e+03,5.640726559351213e+03,5.882352941176471e-01,799757
5.642538150056003e+03,5.637113996088845e+03,1.764705882352941e+00,799754
5.644019399107228e+03,5.642254693224875e+03,5.882352941176471e-01,799758
5.645700475364622e+03,5.643935769482269e+03,5.882352941176471e-01,799759
5.648017881431314e+03,5.646253175548961e+03,5.882352941176471e-01,799761
5.651278140961168e+03,5.645984023314109e+03,1.764705882352941e+00,799760
5.653510755565584e+03,5.648216637918525e+03,1.764705882352941e+00,799762
5.654592251923828e+03,5.652827546041475e+03,5.882352941176471e-01,799763
5.655961622953703e+03,5.654196917071351e+03,5.882352941176471e-01,799765
5.658914820914130e+03,5.653620703267071e+03,1.764705882352941e+00,799764
5.659419207126674e+03,5.657654501244321e+03,5.882352941176471e-01,799766
5.660603652081809e+03,5.658838946199456e+03,5.882352941176471e-01,799767
5.665888239473453e+03,5.662358827708747e+03,1.176470588235294e+00,799768
5.668321986824463e+03,5.666557280942110e+03,5.882352941176471e-01,799769
5.670390254870857e+03,5.668625548988504e+03,5.882352941176471e-01,799770
5.671092086998896e+03,5.669327381116543e+03,5.882352941176471e-01,799771
5.677487346914505e+03,5.675722641032152e+03,5.882352941176471e-01,799773
5.677767771369083e+03,5.672473653722025e+03,1.764705882352941e+00,799772
5.685390668232408e+03,5.683625962350055e+03,5.882352941176471e-01,799774
5.691585997210132e+03,5.689821291327779e+03,5.882352941176471e-01,799775
5.695275676939138e+03,5.689981559292079e+03,1.764705882352941e+00,799776
5.697827369048856e+03,5.696062663166503e+03,5.882352941176471e-01,799778
5.698385529610439e+03,5.693091411963380e+03,1.764705882352941e+00,799777
5.701970698879461e+03,5.700205992997108e+03,5.882352941176471e-01,799779
5.702144605186947e+03,5.700379899304594e+03,5.882352941176471e-01,799780
5.706550217806422e+03,5.704785511924069e+03,5.882352941176471e-01,799782
5.707543147589307e+03,5.704013735824601e+03,1.176470588235294e+00,799781
5.708335083577326e+03,5.706570377694973e+03,5.882352941176471e-01,799783
5.710486671342648e+03,5.708721965460295e+03,5.882352941176471e-01,799784
5.713244510969204e+03,5.711479805086851e+03,5.882352941176471e-01,799785
5.717152518329801e+03,5.715387812447448e+03,5.882352941176471e-01,799786
5.718534786344373e+03,5.716770080462020e+03,5.882352941176471e-01,799787
5.718901388922358e+03,5.717136683040005e+03,5.882352941176471e-01,799788
5.720893781346233e+03,5.719129075463880e+03,5.882352941176471e-01,799789
5.722658487228586e+03,5.720303051241650e+03,5.882352941176471e-01,799792
5.724793896860069e+03,5.719499779213010e+03,1.764705882352941e+00,799790
5.725556975685069e+03,5.720262858038010e+03,1.764705882352941e+00,799791
5.726443696539172e+03,5.722914284774466e+03,1.176470588235294e+00,799793
5.727000555739721e+03,5.725235849857368e+03,5.882352941176471e-01,799794
5.732709756571705e+03,5.730945050689352e+03,5.882352941176471e-01,799795
5.736133578541996e+03,5.734368872659644e+03,5.882352941176471e-01,799796
5.739403957813039e+03,5.737639251930686e+03,5.882352941176471e-01,799798
5.739891705175854e+03,5.734597587528796e+03,1.764705882352941e+00,799797
5.741491147758121e+03,5.739726441875768e+03,5.882352941176471e-01,799799
5.745130310235989e+03,5.739836192588931e+03,1.764705882352941e+00,799800
5.745515729440118e+03,5.743751023557765e+03,5.882352941176471e-01,799802
5.746801602822951e+03,5.741507485175892e+03,1.764705882352941e+00,799801
5.746895016118342e+03,5.744434095433695e+03,5.882352941176471e-01,799803
5.747776308369055e+03,5.746011602486702e+03,5.882352941176471e-01,799804
5.757739884983312e+03,5.752445767336253e+03,1.764705882352941e+00,799805
5.762173108730463e+03,5.760408402848110e+03,5.882352941176471e-01,799808
5.762885806705954e+03,5.759356394941248e+03,1.176470588235294e+00,799806
5.762902713787402e+03,5.759373302022696e+03,1.176470588235294e+00,799807
5.771092122379858e+03,5.769327416497505e+03,5.882352941176471e-01,799809
5.771102558920699e+03,5.769337853038347e+03,5.882352941176471e-01,799810
5.774735255395034e+03,5.769441137747975e+03,1.764705882352941e+00,799811
5.775860096971078e+03,5.772330685206372e+03,1.176470588235294e+00,799812
5.777764422015196e+03,5.774235010250490e+03,1.176470588235294e+00,799813
5.780119693036665e+03,5.774825575389606e+03,1.764705882352941e+00,799814
5.780123274258718e+03,5.778358568376365e+03,5.882352941176471e-01,799815
5.786980625124275e+03,5.781686507477217e+03,1.764705882352941e+00,799816
5.787106296436087e+03,5.781812178789028e+03,1.764705882352941e+00,799817
5.795143781286910e+03,5.793379075404557e+03,5.882352941176471e-01,799818
5.796002442573991e+03,5.794237736691638e+03,5.882352941176471e-01,799819
5.798717690213872e+03,5.795188278449166e+03,1.176470588235294e+00,799820
5.802009487863618e+03,5.798480076098913e+03,1.176470588235294e+00,799822
5.802234873635384e+03,5.796940755988325e+03,1.764705882352941e+00,799821
5.802675575092209e+03,5.800910869209856e+03,5.882352941176471e-01,799823
5.812181445147157e+03,5.810416739264804e+03,5.882352941176471e-01,799825
5.815618543891812e+03,5.810324426244753e+03,1.764705882352941e+00,799824
5.818098828414034e+03,5.816334122531681e+03,5.882352941176471e-01,799826
5.820009640159719e+03,5.817858117049907e+03,5.882352941176471e-01,799830
5.820009640159719e+03,5.817815558832596e+03,5.882352941176471e-01,799829
5.822835596743318e+03,5.816626334258345e+03,1.764705882352941e+00,799827
5.822835596743318e+03,5.816838023915152e+03,1.764705882352941e+00,799828
5.830626971483440e+03,5.825332853836381e+03,1.764705882352941e+00,799831
5.831041638043905e+03,5.827512226279199e+03,1.176470588235294e+00,799832
5.837253788135123e+03,5.835489082252770e+03,5.882352941176471e-01,799833
5.838415815275995e+03,5.836651109393642e+03,5.882352941176471e-01,799834
5.841148373113784e+03,5.839383667231431e+03,5.882352941176471e-01,799835
5.845035934613063e+03,5.843271228730710e+03,5.882352941176471e-01,799838
5.845821873673094e+03,5.840527756026035e+03,1.764705882352941e+00,799836
5.846249674918771e+03,5.840955557271712e+03,1.764705882352941e+00,799837
5.851055755862872e+03,5.849291049980519e+03,5.882352941176471e-01,799840
5.851851139161293e+03,5.850086433278940e+03,5.882352941176471e-01,799841
5.852820461745225e+03,5.850568324095198e+03,5.882352941176471e-01,799842
5.852839631103652e+03,5.847545513456593e+03,1.764705882352941e+00,799839
5.855873565197532e+03,5.854108859315179e+03,5.882352941176471e-01,799843
5.861112783666578e+03,5.855818666019519e+03,1.764705882352941e+00,799844
5.863765861271518e+03,5.860236449506812e+03,1.176470588235294e+00,799845
5.864517221270274e+03,5.862752515387921e+03,5.882352941176471e-01,799846
5.868554912673945e+03,5.865025500909239e+03,1.176470588235294e+00,799848
5.869986294522196e+03,5.864692176875137e+03,1.764705882352941e+00,799847
5.870137156930402e+03,5.868372451048049e+03,5.882352941176471e-01,799849
5.870523618360779e+03,5.868758912478426e+03,5.882352941176471e-01,799850
5.874347516955482e+03,5.872582811073129e+03,5.882352941176471e-01,799851
5.881533133792010e+03,5.879768427909657e+03,5.882352941176471e-01,799852
5.883107153607146e+03,5.881342447724794e+03,5.882352941176471e-01,799853
5.884385566189753e+03,5.882620860307400e+03,5.882352941176471e-01,799854
5.895170517136611e+03,5.893405811254258e+03,5.882352941176471e-01,799855
5.897333076841815e+03,5.895568370959462e+03,5.882352941176471e-01,799856
5.899949206811942e+03,5.898184500929589e+03,5.882352941176471e-01,799859
5.900677066579355e+03,5.898262661650105e+03,5.882352941176471e-01,799860
5.901713912694294e+03,5.899784221704299e+03,5.882352941176471e-01,799861
5.902982130484384e+03,5.897147654814649e+03,1.764705882352941e+00,799857
5.907823199095039e+03,5.906058493212686e+03,5.882352941176471e-01,799862
5.908585750423886e+03,5.906821044541533e+03,5.882352941176471e-01,799863
5.913165773291067e+03,5.911401067408714e+03,5.882352941176471e-01,799864
5.915911631410740e+03,5.914146925528387e+03,5.882352941176471e-01,799865
5.918801752191914e+03,5.915272340427208e+03,1.176470588235294e+00,799866
5.921883495454726e+03,5.916589377807667e+03,1.764705882352941e+00,799867
5.928072074989574e+03,5.922777957342515e+03,1.764705882352941e+00,799868
5.940345043957495e+03,5.938580338075142e+03,5.882352941176471e-01,799869
5.952163452961305e+03,5.950398747078952e+03,5.882352941176471e-01,799870
5.952794378518240e+03,5.951029672635888e+03,5.882352941176471e-01,799871
5.954237370552641e+03,5.952472664670288e+03,5.882352941176471e-01,799873
5.954775030842492e+03,5.951245619077786e+03,1.176470588235294e+00,799872
5.956002076434994e+03,5.954159565772143e+03,5.882352941176471e-01,799875
5.956323790282946e+03,5.952679955870809e+03,1.176470588235294e+00,799874
5.962653812286268e+03,5.960889106403915e+03,5.882352941176471e-01,799877
5.964391729383901e+03,5.960862317619196e+03,1.176470588235294e+00,799876
5.968057082326592e+03,5.966292376444239e+03,5.882352941176471e-01,799879
5.968721850297342e+03,5.963427732650283e+03,1.764705882352941e+00,799878
5.972438000125378e+03,5.968908588360672e+03,1.176470588235294e+00,799880
5.973640839397708e+03,5.971876133515355e+03,5.882352941176471e-01,799881
5.979000857544271e+03,5.973706739897213e+03,1.764705882352941e+00,799882
5.980100702411473e+03,5.978335996529120e+03,5.882352941176471e-01,799883
5.981331934468162e+03,5.979567228585809e+03,5.882352941176471e-01,799884
5.985517103510624e+03,5.983752397628271e+03,5.882352941176471e-01,799885
5.990004105817296e+03,5.988239399934943e+03,5.882352941176471e-01,799887
5.991369866061304e+03,5.986075748414245e+03,1.764705882352941e+00,799886
5.994045263492274e+03,5.992280557609921e+03,5.882352941176471e-01,799888
5.996546567726726e+03,5.993017155962020e+03,1.176470588235294e+00,799889
5.999289116137187e+03,5.993994998490128e+03,1.764705882352941e+00,799890
6.001502262873766e+03,5.999737556991413e+03,5.882352941176471e-01,799892
6.002941819231248e+03,5.999412407466542e+03,1.176470588235294e+00,799891
6.008066405868067e+03,6.006301699985714e+03,5.882352941176471e-01,799894
6.008459296114791e+03,6.003165178467732e+03,1.764705882352941e+00,799893
6.011304496484046e+03,6.009539790601693e+03,5.882352941176471e-01,799895
6.015762117111227e+03,6.010467999464168e+03,1.764705882352941e+00,799896
6.019876136822546e+03,6.018111430940194e+03,5.882352941176471e-01,799897
6.025573626773852e+03,6.023808920891499e+03,5.882352941176471e-01,799899
6.026123300543799e+03,6.020829182896740e+03,1.764705882352941e+00,799898
6.029365103688775e+03,6.024070986041716e+03,1.764705882352941e+00,799900
6.029674259203606e+03,6.027909553321253e+03,5.882352941176471e-01,799901
6.031660301899628e+03,6.029895596017275e+03,5.882352941176471e-01,799902
6.032701476511745e+03,6.030936770629392e+03,5.882352941176471e-01,799903
6.038191265453821e+03,6.034661853689115e+03,1.176470588235294e+00,799904
6.039061788984160e+03,6.037297083101807e+03,5.882352941176471e-01,799905
6.043328039034614e+03,6.039798627269908e+03,1.176470588235294e+00,799907
6.043588942615256e+03,6.038294824968198e+03,1.764705882352941e+00,799906
6.044331556549426e+03,6.042566850667073e+03,5.882352941176471e-01,799908
6.045092744916967e+03,6.042938490987403e+03,5.882352941176471e-01,799909
6.049929927774387e+03,6.044635810127329e+03,1.764705882352941e+00,799910
6.061546434516535e+03,6.059781728634182e+03,5.882352941176471e-01,799911
6.066354728206445e+03,6.064590022324092e+03,5.882352941176471e-01,799912
6.070362613361013e+03,6.065068495713954e+03,1.764705882352941e+00,799913
6.070621276942237e+03,6.068856571059884e+03,5.882352941176471e-01,799915
6.072454735573968e+03,6.067160617926909e+03,1.764705882352941e+00,799914
6.075573814936650e+03,6.073809109054297e+03,5.882352941176471e-01,799917
6.075859574147681e+03,6.074094868265328e+03,5.882352941176471e-01,799918
6.076000414179217e+03,6.072471002414512e+03,1.176470588235294e+00,799916
6.077338520819003e+03,6.074546499907968e+03,5.882352941176471e-01,799919
6.084459113429045e+03,6.080929701664339e+03,1.176470588235294e+00,799920
6.090328810882812e+03,6.088564105000460e+03,5.882352941176471e-01,799923
6.091299468568938e+03,6.089100512709847e+03,5.882352941176471e-01,799924
6.092578845608228e+03,6.087770056804232e+03,1.176470588235294e+00,799921
6.093414873243036e+03,6.089867020915087e+03,1.176470588235294e+00,799925
6.094343551490581e+03,6.088120755595977e+03,1.764705882352941e+00,799922
6.107960659402123e+03,6.106195953519770e+03,5.882352941176471e-01,799926
6.115312478298482e+03,6.113547772416129e+03,5.882352941176471e-01,799928
6.115458415188978e+03,6.110164297541919e+03,1.764705882352941e+00,799927
6.119447294890544e+03,6.117682589008191e+03,5.882352941176471e-01,799929
6.130006274119092e+03,6.126476862354386e+03,1.176470588235294e+00,799930
6.132556996448633e+03,6.130792290566280e+03,5.882352941176471e-01,799932
6.133192373825022e+03,6.131427667942669e+03,5.882352941176471e-01,799933
6.134308699052103e+03,6.130779287287397e+03,1.176470588235294e+00,799931
6.134975862304067e+03,6.133211156421714e+03,5.882352941176471e-01,799934
6.146453084375621e+03,6.144688378493268e+03,5.882352941176471e-01,799936
6.146810035715256e+03,6.145045329832903e+03,5.882352941176471e-01,799937
6.146880661729966e+03,6.141586544082907e+03,1.764705882352941e+00,799935
6.154526401131177e+03,6.149232283484118e+03,1.764705882352941e+00,799938
6.154558404096437e+03,6.149264286449378e+03,1.764705882352941e+00,799939
6.154908360871817e+03,6.152444706825569e+03,5.882352941176471e-01,799941
6.156291107013530e+03,6.153915086288675e+03,5.882352941176471e-01,799942
6.158055812895883e+03,6.155516378775849e+03,5.882352941176471e-01,799944
6.158087815861142e+03,6.151378949107111e+03,1.764705882352941e+00,799940
6.160608890910629e+03,6.155314773263570e+03,1.764705882352941e+00,799943
6.176148421141247e+03,6.170854303494188e+03,1.764705882352941e+00,799945
6.180117173840005e+03,6.178352467957652e+03,5.882352941176471e-01,799947
6.181429567814000e+03,6.176135450166941e+03,1.764705882352941e+00,799946
6.190962239417842e+03,6.189197533535489e+03,5.882352941176471e-01,799948
6.196108794770571e+03,6.194344088888218e+03,5.882352941176471e-01,799949
6.203818283566985e+03,6.198524165919926e+03,1.764705882352941e+00,799950
6.207502772712480e+03,6.205738066830127e+03,5.882352941176471e-01,799952
6.208827601484799e+03,6.203533483837740e+03,1.764705882352941e+00,799951
6.210775624961038e+03,6.209010919078685e+03,5.882352941176471e-01,799953
6.216546541246460e+03,6.214781835364107e+03,5.882352941176471e-01,799954
6.218834885003139e+03,6.217070179120786e+03,5.882352941176471e-01,799955
6.218852280486287e+03,6.217087574603934e+03,5.882352941176471e-01,799956
6.221423473394429e+03,6.219658767512076e+03,5.882352941176471e-01,799957
6.225201648577453e+03,6.223436942695101e+03,5.882352941176471e-01,799958
6.231900943637930e+03,6.228371531873225e+03,1.176470588235294e+00,799959
6.234958857664070e+03,6.233194151781717e+03,5.882352941176471e-01,799961
6.235238656523656e+03,6.233473950641303e+03,5.882352941176471e-01,799962
6.236624484476446e+03,6.234859778594093e+03,5.882352941176471e-01,799963
6.237539870550918e+03,6.235775164668565e+03,5.882352941176471e-01,799964
6.238359465695219e+03,6.232966268978183e+03,1.764705882352941e+00,799960
6.238389190358799e+03,6.235950009282511e+03,5.882352941176471e-01,799965
6.240316697505864e+03,6.238551991623511e+03,5.882352941176471e-01,799967
6.241871006784155e+03,6.238341595019449e+03,1.176470588235294e+00,799966
6.244777135463282e+03,6.243012429580929e+03,5.882352941176471e-01,799968
6.256117220269587e+03,6.254352514387234e+03,5.882352941176471e-01,799970
6.259511061216039e+03,6.257746355333686e+03,5.882352941176471e-01,799971
6.259632025073000e+03,6.254337907425941e+03,1.764705882352941e+00,799969
6.260220748037017e+03,6.258456042154664e+03,5.882352941176471e-01,799972
6.265328080596802e+03,6.260033962949743e+03,1.764705882352941e+00,799973
6.265402383233336e+03,6.263637677350983e+03,5.882352941176471e-01,799975
6.267402501717156e+03,6.262108384070097e+03,1.764705882352941e+00,799974
6.268772839413666e+03,6.267008133531313e+03,5.882352941176471e-01,799977
6.272123716082744e+03,6.266829598435685e+03,1.764705882352941e+00,799976
6.276685156105744e+03,6.271391038458685e+03,1.764705882352941e+00,799978
6.279991776809160e+03,6.274697659162101e+03,1.764705882352941e+00,799979
6.280803073644843e+03,6.279038367762490e+03,5.882352941176471e-01,799980
6.286021142109689e+03,6.280727024462630e+03,1.764705882352941e+00,799981
6.287756060784375e+03,6.282461943137316e+03,1.764705882352941e+00,799982
6.292348692062951e+03,6.290583986180598e+03,5.882352941176471e-01,799983
6.295233101568246e+03,6.293468395685893e+03,5.882352941176471e-01,799984
6.296073874484810e+03,6.294309168602457e+03,5.882352941176471e-01,799985
6.300984418805999e+03,6.299219712923646e+03,5.882352941176471e-01,799986
6.302977004659228e+03,6.301212298776875e+03,5.882352941176471e-01,799987
6.309891384868496e+03,6.308126678986143e+03,5.882352941176471e-01,799990
6.310682744137273e+03,6.305388626490215e+03,1.764705882352941e+00,799988
6.311656090750849e+03,6.309145304373900e+03,5.882352941176471e-01,799991
6.312496428634959e+03,6.307202310987900e+03,1.764705882352941e+00,799989
6.313533712807113e+03,6.311769006924760e+03,5.882352941176471e-01,799992
6.314597502977108e+03,6.312832797094755e+03,5.882352941176471e-01,799994
6.316270940792212e+03,6.312741529027506e+03,1.176470588235294e+00,799993
6.323016155335436e+03,6.321251449453083e+03,5.882352941176471e-01,799996
6.323918584924354e+03,6.322153879042001e+03,5.882352941176471e-01,799997
6.324257563408602e+03,6.322347375224541e+03,5.882352941176471e-01,799998
6.324780861217789e+03,6.320728151643896e+03,1.176470588235294e+00,799995
6.332433014100509e+03,6.327138896453450e+03,1.764705882352941e+00,799999
6.342478040810533e+03,6.340713334928180e+03,5.882352941176471e-01,800001
6.344667354018404e+03,6.339373236371345e+03,1.764705882352941e+00,800000
6.346006857766729e+03,6.344242151884376e+03,5.882352941176471e-01,800002
6.347378261055889e+03,6.345613555173536e+03,5.882352941176471e-01,800004
6.348105938381736e+03,6.346341232499383e+03,5.882352941176471e-01,800005
6.350109154552465e+03,6.348344448670112e+03,5.882352941176471e-01,800006
6.350852631381808e+03,6.345558513734749e+03,1.764705882352941e+00,800003
6.353247785032042e+03,6.351483079149689e+03,5.882352941176471e-01,800007
6.356834245311890e+03,6.351540127664832e+03,1.764705882352941e+00,800008
6.358039694708468e+03,6.354510282943762e+03,1.176470588235294e+00,800009
6.360454903297026e+03,6.358690197414673e+03,5.882352941176471e-01,800011
6.362219609179379e+03,6.360276349492809e+03,5.882352941176471e-01,800013
6.362696467570005e+03,6.357402349922946e+03,1.764705882352941e+00,800010
6.364805280887440e+03,6.359511163240381e+03,1.764705882352941e+00,800012
6.366972893036135e+03,6.365208187153782e+03,5.882352941176471e-01,800014
6.374238885160643e+03,6.372474179278290e+03,5.882352941176471e-01,800016
6.376123430048521e+03,6.370829312401462e+03,1.764705882352941e+00,800015
6.377628366092126e+03,6.375863660209773e+03,5.882352941176471e-01,800017
6.382240532770744e+03,6.376946415123685e+03,1.764705882352941e+00,800018
6.383161527102247e+03,6.381396821219894e+03,5.882352941176471e-01,800019
6.391965587367040e+03,6.390200881484687e+03,5.882352941176471e-01,800020
6.395740157710695e+03,6.390446040063636e+03,1.764705882352941e+00,800021
6.403474720031922e+03,6.399945308267216e+03,1.176470588235294e+00,800022
6.405847320580245e+03,6.404082614697892e+03,5.882352941176471e-01,800024
6.407114168419476e+03,6.401820050772417e+03,1.764705882352941e+00,800023
6.407168952104404e+03,6.405404246222051e+03,5.882352941176471e-01,800025
6.409135077056315e+03,6.407370371173962e+03,5.882352941176471e-01,800026
6.410738240473546e+03,6.408973534591193e+03,5.882352941176471e-01,800027
6.428258447872874e+03,6.422964330225815e+03,1.764705882352941e+00,800028
6.428990624145213e+03,6.427225918262860e+03,5.882352941176471e-01,800029
6.434724279487738e+03,6.429430161840679e+03,1.764705882352941e+00,800030
6.437408116892876e+03,6.432113999245817e+03,1.764705882352941e+00,800031
6.441640974250097e+03,6.439876268367744e+03,5.882352941176471e-01,800032
6.455032544591662e+03,6.453267838709309e+03,5.882352941176471e-01,800033
6.458049331766340e+03,6.454519920001634e+03,1.176470588235294e+00,800034
6.468560029262241e+03,6.463265911615182e+03,1.764705882352941e+00,800035
6.476368012488888e+03,6.474603306606535e+03,5.882352941176471e-01,800036
6.485318365122136e+03,6.480024247475077e+03,1.764705882352941e+00,800037
6.485394336408247e+03,6.483629630525894e+03,5.882352941176471e-01,800038
6.487485600708390e+03,6.485720894826037e+03,5.882352941176471e-01,800039
6.487930934103498e+03,6.486166228221145e+03,5.882352941176471e-01,800040
6.488764780548233e+03,6.487000074665880e+03,5.882352941176471e-01,800041
6.493526440263773e+03,6.491761734381420e+03,5.882352941176471e-01,800042
6.501621813030605e+03,6.499857107148252e+03,5.882352941176471e-01,800043
6.502071946860911e+03,6.500307240978558e+03,5.882352941176471e-01,800044
6.504919515917076e+03,6.503154810034723e+03,5.882352941176471e-01,800045
6.505522916747896e+03,6.503758210865543e+03,5.882352941176471e-01,800046
6.506054636194985e+03,6.504289930312632e+03,5.882352941176471e-01,800047
6.508957299768380e+03,6.505427888003675e+03,1.176470588235294e+00,800048
6.512874328504331e+03,6.511109622621978e+03,5.882352941176471e-01,800049
6.520761540847906e+03,6.517232129083200e+03,1.176470588235294e+00,800050
6.523742208481945e+03,6.521977502599593e+03,5.882352941176471e-01,800051
6.525658258457382e+03,6.523893552575029e+03,5.882352941176471e-01,800052
6.526082352961473e+03,6.524317647079120e+03,5.882352941176471e-01,800053
6.532753552330126e+03,6.527459434683068e+03,1.764705882352941e+00,800054
6.543260855050701e+03,6.541496149168348e+03,5.882352941176471e-01,800055
6.545665997036086e+03,6.543901291153733e+03,5.882352941176471e-01,800058
6.547857552465363e+03,6.542563434818304e+03,1.764705882352941e+00,800056
6.548945728963986e+03,6.543651611316927e+03,1.764705882352941e+00,800057
6.553447605714174e+03,6.549918193949468e+03,1.176470588235294e+00,800059
6.557308666858084e+03,6.552014549211025e+03,1.764705882352941e+00,800060
6.559167942332578e+03,6.557403236450225e+03,5.882352941176471e-01,800061
6.561112829008262e+03,6.558599937055011e+03,5.882352941176471e-01,800064
6.562369600535661e+03,6.558301675633160e+03,1.176470588235294e+00,800062
6.564134306418014e+03,6.558332254416002e+03,1.764705882352941e+00,800063
6.565360499162572e+03,6.559528303919240e+03,1.764705882352941e+00,800066
6.587529169480355e+03,6.582235051833297e+03,1.764705882352941e+00,800067
6.593534429136741e+03,6.588240311489682e+03,1.764705882352941e+00,800068
6.598383555494137e+03,6.596618849611784e+03,5.882352941176471e-01,800069
6.602628520034233e+03,6.600863814151880e+03,5.882352941176471e-01,800071
6.605413350903789e+03,6.600119233256730e+03,1.764705882352941e+00,800070
6.607387119336262e+03,6.605622413453909e+03,5.882352941176471e-01,800072
6.609919807475900e+03,6.608155101593548e+03,5.882352941176471e-01,800075
6.611980064882274e+03,6.606685947235215e+03,1.764705882352941e+00,800073
6.612438136598085e+03,6.607144018951026e+03,1.764705882352941e+00,800074
6.616730005307786e+03,6.614965299425433e+03,5.882352941176471e-01,800076
6.624015765986354e+03,6.618721648339296e+03,1.764705882352941e+00,800077
6.624570988419452e+03,6.619276870772393e+03,1.764705882352941e+00,800078
6.625573240023368e+03,6.620279122376309e+03,1.764705882352941e+00,800079
6.631866433258214e+03,6.630101727375861e+03,5.882352941176471e-01,800080
6.635211668491993e+03,6.633446962609640e+03,5.882352941176471e-01,800081
6.639007187756293e+03,6.637242481873940e+03,5.882352941176471e-01,800083
6.640003062327671e+03,6.636473650562965e+03,1.176470588235294e+00,800082
6.640814089152778e+03,6.639049383270425e+03,5.882352941176471e-01,800084
6.642083488961270e+03,6.640318783078917e+03,5.882352941176471e-01,800086
6.644402827025332e+03,6.639108709378273e+03,1.764705882352941e+00,800085
6.650510926313122e+03,6.648746220430769e+03,5.882352941176471e-01,800088
6.652932903352651e+03,6.647638785705592e+03,1.764705882352941e+00,800087
6.654732421108664e+03,6.652967715226311e+03,5.882352941176471e-01,800089
6.655745736680870e+03,6.653981030798517e+03,5.882352941176471e-01,800091
6.657491009303281e+03,6.653961597538575e+03,1.176470588235294e+00,800090
6.658477941961706e+03,6.654948530197001e+03,1.176470588235294e+00,800092
6.660037947674019e+03,6.658273241791666e+03,5.882352941176471e-01,800093
6.666387529887854e+03,6.662858118123148e+03,1.176470588235294e+00,800094
6.667391124003497e+03,6.665626418121144e+03,5.882352941176471e-01,800095
6.673469402379741e+03,6.671704696497388e+03,5.882352941176471e-01,800097
6.675275513966752e+03,6.669981396319693e+03,1.764705882352941e+00,800096
6.679108594921318e+03,6.677343889038965e+03,5.882352941176471e-01,800099
6.681505176578468e+03,6.676211058931409e+03,1.764705882352941e+00,800098
6.686807050544183e+03,6.685042344661830e+03,5.882352941176471e-01,800101
6.687792499764222e+03,6.685667442842434e+03,5.882352941176471e-01,800103
6.688571756426536e+03,6.686309961317820e+03,5.882352941176471e-01,800104
6.691612559144517e+03,6.685116701328649e+03,1.764705882352941e+00,800102
6.691612559144517e+03,6.684263087999516e+03,1.764705882352941e+00,800100
6.692373486289197e+03,6.687079368642138e+03,1.764705882352941e+00,800105
6.696615273558738e+03,6.694850567676385e+03,5.882352941176471e-01,800108
6.697453857987558e+03,6.693924446222852e+03,1.176470588235294e+00,800107
6.698379979441091e+03,6.696456810572489e+03,5.882352941176471e-01,800109
6.698510326889818e+03,6.693216209242759e+03,1.764705882352941e+00,800106
6.699240153105666e+03,6.697475447223313e+03,5.882352941176471e-01,800110
6.700972039815354e+03,6.699207333933001e+03,5.882352941176471e-01,800111
6.703716709666493e+03,6.700187297901787e+03,1.176470588235294e+00,800113
6.704677453760774e+03,6.699383336113715e+03,1.764705882352941e+00,800112
6.712231628439054e+03,6.710466922556701e+03,5.882352941176471e-01,800114
6.717185375144172e+03,6.715420669261820e+03,5.882352941176471e-01,800116
6.719458202629651e+03,6.714164084982592e+03,1.764705882352941e+00,800115
6.719961157078782e+03,6.718196451196429e+03,5.882352941176471e-01,800117
6.721226424370676e+03,6.719461718488323e+03,5.882352941176471e-01,800118
6.726190390609315e+03,6.724425684726962e+03,5.882352941176471e-01,800119
6.726297389552238e+03,6.724532683669885e+03,5.882352941176471e-01,800120
6.732501886727255e+03,6.730737180844902e+03,5.882352941176471e-01,800121
6.733246145371066e+03,6.731481439488713e+03,5.882352941176471e-01,800122
6.736476859358956e+03,6.734712153476604e+03,5.882352941176471e-01,800123
6.736723626462886e+03,6.734958920580533e+03,5.882352941176471e-01,800124
6.742217103212749e+03,6.740452397330396e+03,5.882352941176471e-01,800126
6.744529482516842e+03,6.742764776634489e+03,5.882352941176471e-01,800127
6.744734552591515e+03,6.739440434944457e+03,1.764705882352941e+00,800125
6.745086608739469e+03,6.743321902857116e+03,5.882352941176471e-01,800128
6.747565087805377e+03,6.745800381923024e+03,5.882352941176471e-01,800129
6.752636143572965e+03,6.747342025925907e+03,1.764705882352941e+00,800130
6.753009104164157e+03,6.751244398281804e+03,5.882352941176471e-01,800131
6.757153315586829e+03,6.755388609704476e+03,5.882352941176471e-01,800133
6.758462876047736e+03,6.753168758400677e+03,1.764705882352941e+00,800132
6.758517628646327e+03,6.756752922763974e+03,5.882352941176471e-01,800134
6.762282761085899e+03,6.758753349321193e+03,1.176470588235294e+00,800135
6.765966422919412e+03,6.762437011154706e+03,1.176470588235294e+00,800136
6.768013905145721e+03,6.766249199263368e+03,5.882352941176471e-01,800137
6.776181055485571e+03,6.774416349603218e+03,5.882352941176471e-01,800139
6.777621739231776e+03,6.772327621584717e+03,1.764705882352941e+00,800138
6.778988121573077e+03,6.777223415690724e+03,5.882352941176471e-01,800140
6.782208400897055e+03,6.780443695014702e+03,5.882352941176471e-01,800141
6.782991704534778e+03,6.781226998652425e+03,5.882352941176471e-01,800142
6.784252545686868e+03,6.782487839804515e+03,5.882352941176471e-01,800143
6.785205429245319e+03,6.783440723362966e+03,5.882352941176471e-01,800144
6.796606772419799e+03,6.791312654772740e+03,1.764705882352941e+00,800145
6.801421690527243e+03,6.797892278762538e+03,1.176470588235294e+00,800146
6.801463447352368e+03,6.799698741470015e+03,5.882352941176471e-01,800147
6.803891596733997e+03,6.802126890851645e+03,5.882352941176471e-01,800149
6.804508764042572e+03,6.802744058160219e+03,5.882352941176471e-01,800150
6.805206331741431e+03,6.803261565474467e+03,5.882352941176471e-01,800151
6.807412979007578e+03,6.805648273125225e+03,5.882352941176471e-01,800152
6.807421008498703e+03,6.801676919976725e+03,1.764705882352941e+00,800148
6.809912519419559e+03,6.808147813537206e+03,5.882352941176471e-01,800153
6.812417253962906e+03,6.808887842198200e+03,1.176470588235294e+00,800154
6.813549103018517e+03,6.810019691253811e+03,1.176470588235294e+00,800156
6.814181959845259e+03,6.812218905292938e+03,5.882352941176471e-01,800157
6.814897796609060e+03,6.809603678962002e+03,1.764705882352941e+00,800155
6.815313808900870e+03,6.812896223402679e+03,5.882352941176471e-01,800158
6.817470096973054e+03,6.815705391090701e+03,5.882352941176471e-01,800159
6.817655144465540e+03,6.815890438583187e+03,5.882352941176471e-01,800160
6.818856647555569e+03,6.817091941673216e+03,5.882352941176471e-01,800161
6.820374942392367e+03,6.818610236510014e+03,5.882352941176471e-01,800162
6.824505060050295e+03,6.822740354167942e+03,5.882352941176471e-01,800163
6.826907180415478e+03,6.825142474533125e+03,5.882352941176471e-01,800164
6.829059748494616e+03,6.827295042612263e+03,5.882352941176471e-01,800167
6.830076406636106e+03,6.828176972723758e+03,5.882352941176471e-01,800168
6.830734423638164e+03,6.826546994871400e+03,1.176470588235294e+00,800165
6.831841112518459e+03,6.830040791686039e+03,5.882352941176471e-01,800169
6.832499129520516e+03,6.830081094591588e+03,5.882352941176470e-01,800170
6.832499129520516e+03,6.827114981134653e+03,1.764705882352941e+00,800166
6.833626378167446e+03,6.831861672285093e+03,5.882352941176471e-01,800171
6.838715959358752e+03,6.835186547594046e+03,1.176470588235294e+00,800172
6.840774453048277e+03,6.835480335401218e+03,1.764705882352941e+00,800173
6.841027557795938e+03,6.837498146031233e+03,1.176470588235294e+00,800174
6.842736528741002e+03,6.840971822858649e+03,5.882352941176471e-01,800175
6.847265538262232e+03,6.843736126497526e+03,1.176470588235294e+00,800176
6.849934612789379e+03,6.848169906907026e+03,5.882352941176471e-01,800178
6.849938244678964e+03,6.848173538796611e+03,5.882352941176471e-01,800179
6.850495436243238e+03,6.845201318596179e+03,1.764705882352941e+00,800177
6.855228730436437e+03,6.848593982151069e+03,1.764705882352941e+00,800180
6.856046231711062e+03,6.854281525828709e+03,5.882352941176471e-01,800181
6.862907485368112e+03,6.861142779485759e+03,5.882352941176471e-01,800182
6.865219780904203e+03,6.863455075021850e+03,5.882352941176471e-01,800183
6.867015886622136e+03,6.865251180739783e+03,5.882352941176471e-01,800184
6.871212924528324e+03,6.869448218645971e+03,5.882352941176471e-01,800186
6.871771446254078e+03,6.866477328607019e+03,1.764705882352941e+00,800185
6.872977630410677e+03,6.871115124620956e+03,5.882352941176471e-01,800188
6.876033678617737e+03,6.870739560970678e+03,1.764705882352941e+00,800187
6.880717339134642e+03,6.875423221487583e+03,1.764705882352941e+00,800189
6.893001219878692e+03,6.889471808113986e+03,1.176470588235294e+00,800190
6.893616272058031e+03,6.891851566175678e+03,5.882352941176471e-01,800192
6.896808019880260e+03,6.891513902233202e+03,1.764705882352941e+00,800191
6.898716763927192e+03,6.896952058044839e+03,5.882352941176471e-01,800193
6.907314295806028e+03,6.903784884041322e+03,1.176470588235294e+00,800194
6.909941628600346e+03,6.908176922717993e+03,5.882352941176471e-01,800195
6.910063865480571e+03,6.908299159598218e+03,5.882352941176471e-01,800196
6.913180002799672e+03,6.911415296917319e+03,5.882352941176471e-01,800197
6.919745227770298e+03,6.917980521887945e+03,5.882352941176471e-01,800198
6.920218210533311e+03,6.918453504650958e+03,5.882352941176471e-01,800199
6.923016364200890e+03,6.921251658318537e+03,5.882352941176471e-01,800200
6.929631332792487e+03,6.924337215145428e+03,1.764705882352941e+00,800201
6.930274961626231e+03,6.924980843979172e+03,1.764705882352941e+00,800202
6.932334686988734e+03,6.930569981106381e+03,5.882352941176471e-01,800203
6.936637504316774e+03,6.931343386669716e+03,1.764705882352941e+00,800204
6.938254211628687e+03,6.936489505746334e+03,5.882352941176471e-01,800205
6.938646269992925e+03,6.936881564110572e+03,5.882352941176471e-01,800206
6.939453868550188e+03,6.937689162667835e+03,5.882352941176471e-01,800207
6.945892157289963e+03,6.944127451407610e+03,5.882352941176471e-01,800208
6.949631991390136e+03,6.944337873743077e+03,1.764705882352941e+00,800209
6.950911025954954e+03,6.949146320072601e+03,5.882352941176471e-01,800210
6.960833119320342e+03,6.959068413437989e+03,5.882352941176471e-01,800211
6.968470349827851e+03,6.966705643945498e+03,5.882352941176471e-01,800213
6.968698161848602e+03,6.966933455966249e+03,5.882352941176471e-01,800214
6.969135903096034e+03,6.963841785448975e+03,1.764705882352941e+00,800212
6.970731210536618e+03,6.968966504654265e+03,5.882352941176471e-01,800216
6.971999761592557e+03,6.967218339766083e+03,1.176470588235294e+00,800215
6.976189873353896e+03,6.974425167471543e+03,5.882352941176471e-01,800219
6.976670134410516e+03,6.971376016763457e+03,1.764705882352941e+00,800217
6.977411183616168e+03,6.972117065969109e+03,1.764705882352941e+00,800218
6.981772877848473e+03,6.976478760201414e+03,1.764705882352941e+00,800220
6.982206795854333e+03,6.976912678207274e+03,1.764705882352941e+00,800221
6.988138755781730e+03,6.986374049899377e+03,5.882352941176471e-01,800224
6.989360764847080e+03,6.984066647200022e+03,1.764705882352941e+00,800222
6.989737832860025e+03,6.984443715212966e+03,1.764705882352941e+00,800223
6.990514466196758e+03,6.987364847487882e+03,5.882352941176471e-01,800226
6.990514466196758e+03,6.987256813349934e+03,5.882352941176471e-01,800225
7.003410847452771e+03,7.001646141570418e+03,5.882352941176471e-01,800227
7.005008665366841e+03,7.003243959484488e+03,5.882352941176471e-01,800228
7.013828388797705e+03,7.012063682915352e+03,5.882352941176471e-01,800230
7.014087517621883e+03,7.012322811739530e+03,5.882352941176471e-01,800231
7.015425421679519e+03,7.011896009914814e+03,1.176470588235294e+00,800229
7.022181931879835e+03,7.016887814232776e+03,1.764705882352941e+00,800232
7.025647281061488e+03,7.023882575179135e+03,5.882352941176471e-01,800234
7.025710296755386e+03,7.020416179108327e+03,1.764705882352941e+00,800233
7.031854630419761e+03,7.030089924537408e+03,5.882352941176471e-01,800236
7.033899457212107e+03,7.028605339565049e+03,1.764705882352941e+00,800235
7.038742396327726e+03,7.036977690445373e+03,5.882352941176471e-01,800239
7.039507139682070e+03,7.034213022035012e+03,1.764705882352941e+00,800237
7.041188909809082e+03,7.035894792162024e+03,1.764705882352941e+00,800238
7.043155597898689e+03,7.041390892016336e+03,5.882352941176471e-01,800241
7.044804761490178e+03,7.043040055607825e+03,5.882352941176471e-01,800242
7.045310387343172e+03,7.043545681460820e+03,5.882352941176471e-01,800243
7.046558764547070e+03,7.041264646900011e+03,1.764705882352941e+00,800240
7.047780322786637e+03,7.046015616904285e+03,5.882352941176471e-01,800245
7.048334173254884e+03,7.044792537779689e+03,1.176470588235294e+00,800244
7.050964007999205e+03,7.047434596234499e+03,1.176470588235294e+00,800246
7.051887595071416e+03,7.048358183306711e+03,1.176470588235294e+00,800247
7.052302380837711e+03,7.050537674955358e+03,5.882352941176471e-01,800248
7.052728713881558e+03,7.050653789570998e+03,5.882352941176471e-01,800249
7.053765958834525e+03,7.052001252952172e+03,5.882352941176471e-01,800250
7.059298613977413e+03,7.057533908095060e+03,5.882352941176471e-01,800252
7.062140089732259e+03,7.056845972085200e+03,1.764705882352941e+00,800251
7.063530741299218e+03,7.061766035416866e+03,5.882352941176471e-01,800253
7.066062469633488e+03,7.064297763751135e+03,5.882352941176471e-01,800254
7.070047568796370e+03,7.068282862914018e+03,5.882352941176471e-01,800257
7.071969468614385e+03,7.066675350967326e+03,1.764705882352941e+00,800255
7.072886654260505e+03,7.067592536613446e+03,1.764705882352941e+00,800256
7.077593591963125e+03,7.075828886080772e+03,5.882352941176471e-01,800258
7.082464076978395e+03,7.080699371096042e+03,5.882352941176471e-01,800259
7.089644243227791e+03,7.087879537345438e+03,5.882352941176471e-01,800261
7.092468648141722e+03,7.087174530494663e+03,1.764705882352941e+00,800260
7.094821109126866e+03,7.089526991479807e+03,1.764705882352941e+00,800262
7.095313550240369e+03,7.091784138475663e+03,1.176470588235294e+00,800263
7.098122811733257e+03,7.092828694086198e+03,1.764705882352941e+00,800264
7.099497113838436e+03,7.097732407956083e+03,5.882352941176471e-01,800265
7.104265458901056e+03,7.102500753018703e+03,5.882352941176471e-01,800266
7.106372633222007e+03,7.104607927339654e+03,5.882352941176471e-01,800267
7.112762741982182e+03,7.110998036099829e+03,5.882352941176471e-01,800269
7.112903993011775e+03,7.107609875364716e+03,1.764705882352941e+00,800268
7.118021208072974e+03,7.112727090425915e+03,1.764705882352941e+00,800270
7.119665231521668e+03,7.117900525639315e+03,5.882352941176471e-01,800271
7.123456820204267e+03,7.121692114321914e+03,5.882352941176471e-01,800272
7.125985810477079e+03,7.124221104594726e+03,5.882352941176471e-01,800273
7.129482115738060e+03,7.127717409855707e+03,5.882352941176471e-01,800275
7.131256919755793e+03,7.125962802108734e+03,1.764705882352941e+00,800274
7.135219234755598e+03,7.133454528873245e+03,5.882352941176471e-01,800276
7.136588450844686e+03,7.134823744962333e+03,5.882352941176471e-01,800277
7.141529096074405e+03,7.139764390192052e+03,5.882352941176471e-01,800280
7.141853147696773e+03,7.136559030049714e+03,1.764705882352941e+00,800278
7.144073501105973e+03,7.138779383458914e+03,1.764705882352941e+00,800279
7.148517231470774e+03,7.146752525588421e+03,5.882352941176471e-01,800282
7.148599182483750e+03,7.143305064836691e+03,1.764705882352941e+00,800281
7.155154186269794e+03,7.153389480387441e+03,5.882352941176471e-01,800284
7.157588079769868e+03,7.155823373887515e+03,5.882352941176471e-01,800286
7.157860060141545e+03,7.152565942494486e+03,1.764705882352941e+00,800283
7.159725840572895e+03,7.157961134690542e+03,5.882352941176471e-01,800287
7.160706216048693e+03,7.155412098401635e+03,1.764705882352941e+00,800285
7.161087398182581e+03,7.159322692300228e+03,5.882352941176471e-01,800288
7.161600240497095e+03,7.159835534614742e+03,5.882352941176471e-01,800289
7.163794187205909e+03,7.162029481323556e+03,5.882352941176471e-01,800290
7.164021661872622e+03,7.162256955990269e+03,5.882352941176471e-01,800291
7.171350689648429e+03,7.169585983766077e+03,5.882352941176471e-01,800292
7.173945090303968e+03,7.170415678539262e+03,1.176470588235294e+00,800293
7.180695066678791e+03,7.178930360796438e+03,5.882352941176471e-01,800294
7.186833008196398e+03,7.185068302314045e+03,5.882352941176471e-01,800296
7.190108162631895e+03,7.184814044984836e+03,1.764705882352941e+00,800295
7.202590894275047e+03,7.197296776627988e+03,1.764705882352941e+00,800297
7.203458661907287e+03,7.201693956024934e+03,5.882352941176471e-01,800298
7.205853860432354e+03,7.202324448667648e+03,1.176470588235294e+00,800299
7.209638824245500e+03,7.207874118363147e+03,5.882352941176471e-01,800301
7.212154898253991e+03,7.206860780606932e+03,1.764705882352941e+00,800300
7.217329297348454e+03,7.215564591466101e+03,5.882352941176471e-01,800302
7.218425584876908e+03,7.216660878994555e+03,5.882352941176471e-01,800304
7.221660322557572e+03,7.219895616675219e+03,5.882352941176471e-01,800305
7.221730879016596e+03,7.216436761369537e+03,1.764705882352941e+00,800303
7.231195769873461e+03,7.229431063991108e+03,5.882352941176471e-01,800306
7.240064121323348e+03,7.234770003676289e+03,1.764705882352941e+00,800307
7.240596386751196e+03,7.235302269104137e+03,1.764705882352941e+00,800308
7.241828827205701e+03,7.239703165463976e+03,5.882352941176471e-01,800310
7.242959405882139e+03,7.237665288235080e+03,1.764705882352941e+00,800309
7.243161965022645e+03,7.241397259140292e+03,5.882352941176471e-01,800311
7.243666493670892e+03,7.241901787788539e+03,5.882352941176471e-01,800312
7.244724111764492e+03,7.242234447278170e+03,5.882352941176471e-01,800313
7.250415956239350e+03,7.246886544474644e+03,1.176470588235294e+00,800314
7.258990846177801e+03,7.253696728530742e+03,1.764705882352941e+00,800315
7.261215637637627e+03,7.258913856286006e+03,5.882352941176471e-01,800320
7.261215637637627e+03,7.258813048567671e+03,5.882352941176471e-01,800319
7.262136793841889e+03,7.256151562779304e+03,1.764705882352941e+00,800316
7.262980343519980e+03,7.259833292435349e+03,5.882352941176471e-01,800322
7.264745049402333e+03,7.256974617814984e+03,1.764705882352941e+00,800318
7.269612683832269e+03,7.264318566185211e+03,1.764705882352941e+00,800323
7.270683804811813e+03,7.268919098929460e+03,5.882352941176471e-01,800324
7.283191090269707e+03,7.277896972622648e+03,1.764705882352941e+00,800325
7.283887767523730e+03,7.282123061641377e+03,5.882352941176471e-01,800326
7.291238614151488e+03,7.289473908269136e+03,5.882352941176471e-01,800327
7.294210629386009e+03,7.292445923503657e+03,5.882352941176471e-01,800328
7.297976706040910e+03,7.296212000158557e+03,5.882352941176471e-01,800330
7.298336913344880e+03,7.293042795697821e+03,1.764705882352941e+00,800329
7.303955218106118e+03,7.302190512223765e+03,5.882352941176471e-01,800332
7.305837729476318e+03,7.300543611829259e+03,1.764705882352941e+00,800331
7.308653761710816e+03,7.306889055828463e+03,5.882352941176471e-01,800334
7.309300728417579e+03,7.305771316652873e+03,1.176470588235294e+00,800333
7.309886851038137e+03,7.308122145155784e+03,5.882352941176471e-01,800335
7.314541416837372e+03,7.312776710955019e+03,5.882352941176471e-01,800336
7.315657032367130e+03,7.313892326484777e+03,5.882352941176471e-01,800337
7.316021540441417e+03,7.314256834559064e+03,5.882352941176471e-01,800338
7.317421738249483e+03,7.315025628443802e+03,5.882352941176471e-01,800340
7.318753744271343e+03,7.316989038388990e+03,5.882352941176471e-01,800341
7.320221220494884e+03,7.314927102847825e+03,1.764705882352941e+00,800339
7.321568889263846e+03,7.319804183381494e+03,5.882352941176471e-01,800344
7.322609585227652e+03,7.319934425981884e+03,5.882352941176471e-01,800345
7.323233244078066e+03,7.317142104411577e+03,1.764705882352941e+00,800342
7.326222501360316e+03,7.324457795477963e+03,5.882352941176471e-01,800347
7.331384896440687e+03,7.326090778793628e+03,1.764705882352941e+00,800348
7.336889033634356e+03,7.331594915987297e+03,1.764705882352941e+00,800349
7.337232412677320e+03,7.335467706794967e+03,5.882352941176471e-01,800350
7.342997105503462e+03,7.341232399621109e+03,5.882352941176471e-01,800352
7.343726115970101e+03,7.341961410087748e+03,5.882352941176471e-01,800353
7.344292949156272e+03,7.338998831509213e+03,1.764705882352941e+00,800351
7.346307905253711e+03,7.344543199371358e+03,5.882352941176471e-01,800354
7.351537779280741e+03,7.348008367516035e+03,1.176470588235294e+00,800356
7.351923918916999e+03,7.346629801269940e+03,1.764705882352941e+00,800355
7.354472122072143e+03,7.352707416189790e+03,5.882352941176471e-01,800357
7.356659781622918e+03,7.353130369858212e+03,1.176470588235294e+00,800358
7.359732041040531e+03,7.357967335158178e+03,5.882352941176471e-01,800359
7.360830164370689e+03,7.359065458488336e+03,5.882352941176471e-01,800360
7.366837722577135e+03,7.365073016694782e+03,5.882352941176471e-01,800362
7.368894316967370e+03,7.367129611085017e+03,5.882352941176471e-01,800364
7.369348111739744e+03,7.364053994092685e+03,1.764705882352941e+00,800361
7.370761740902068e+03,7.365467623255009e+03,1.764705882352941e+00,800363
7.374029105284462e+03,7.372264399402109e+03,5.882352941176471e-01,800366
7.374341051842384e+03,7.372576345960031e+03,5.882352941176471e-01,800367
7.377071034447748e+03,7.371776916800689e+03,1.764705882352941e+00,800365
7.378743421706099e+03,7.376978715823746e+03,5.882352941176471e-01,800368
7.382531144433301e+03,7.380766438550948e+03,5.882352941176471e-01,800369
7.382820237189779e+03,7.381055531307426e+03,5.882352941176471e-01,800370
7.398148101957154e+03,7.396383396074801e+03,5.882352941176471e-01,800371
7.398451975030940e+03,7.396687269148587e+03,5.882352941176471e-01,800372
7.400010685249789e+03,7.398245979367436e+03,5.882352941176471e-01,800373
7.406545239648713e+03,7.404780533766360e+03,5.882352941176471e-01,800374
7.407681516532164e+03,7.405916810649811e+03,5.882352941176471e-01,800376
7.411156170908174e+03,7.405862053261115e+03,1.764705882352941e+00,800375
7.412920876790527e+03,7.410876307119444e+03,5.882352941176471e-01,800379
7.414763077319871e+03,7.409468959672813e+03,1.764705882352941e+00,800377
7.414976067573599e+03,7.409681949926540e+03,1.764705882352941e+00,800378
7.416489035878728e+03,7.413727124330359e+03,5.882352941176471e-01,800381
7.418505479338305e+03,7.412662853739338e+03,1.764705882352941e+00,800380
7.420018447643434e+03,7.414626388162236e+03,1.764705882352941e+00,800382
7.428095294609155e+03,7.426330588726802e+03,5.882352941176471e-01,800383
7.429419265832487e+03,7.427654559950134e+03,5.882352941176471e-01,800385
7.431948387543067e+03,7.426654269896008e+03,1.764705882352941e+00,800384
7.432785946854599e+03,7.431021240972246e+03,5.882352941176471e-01,800387
7.435889943894029e+03,7.430595826246970e+03,1.764705882352941e+00,800386
7.436825626215735e+03,7.435060920333382e+03,5.882352941176471e-01,800388
7.439618557999701e+03,7.437853852117348e+03,5.882352941176471e-01,800389
7.439839462847120e+03,7.438074756964767e+03,5.882352941176471e-01,800390
7.442156457307838e+03,7.440391751425485e+03,5.882352941176471e-01,800392
7.442629059654124e+03,7.440864353771771e+03,5.882352941176471e-01,800393
7.443921163190191e+03,7.442103327210308e+03,5.882352941176471e-01,800394
7.444370075971657e+03,7.439075958324598e+03,1.764705882352941e+00,800391
7.448944519379945e+03,7.445415107615239e+03,1.176470588235294e+00,800396
7.450349249879654e+03,7.445055132232595e+03,1.764705882352941e+00,800395
7.451869482214709e+03,7.450104776332356e+03,5.882352941176471e-01,800397
7.458728605046882e+03,7.456963899164529e+03,5.882352941176471e-01,800398
7.464728943086187e+03,7.462964237203834e+03,5.882352941176471e-01,800401
7.465707305540004e+03,7.463400517590729e+03,5.882352941176471e-01,800403
7.465707305540004e+03,7.463159536534461e+03,5.882352941176471e-01,800402
7.466646661666391e+03,7.464881955784038e+03,5.882352941176471e-01,800404
7.469160210955785e+03,7.462592700506885e+03,1.764705882352941e+00,800400
7.469160210955785e+03,7.461763087043712e+03,1.764705882352941e+00,800399
7.472675749358693e+03,7.469146337593987e+03,1.176470588235294e+00,800405
7.489980324601091e+03,7.484686206954032e+03,1.764705882352941e+00,800406
7.492078291941238e+03,7.490313586058885e+03,5.882352941176471e-01,800408
7.492149516346653e+03,7.490384810464300e+03,5.882352941176471e-01,800409
7.493425538607514e+03,7.488131420960456e+03,1.764705882352941e+00,800407
7.495808006100173e+03,7.494043300217820e+03,5.882352941176471e-01,800410
7.498016967160622e+03,7.496252261278269e+03,5.882352941176471e-01,800412
7.499550078555055e+03,7.494255960907996e+03,1.764705882352941e+00,800411
7.502756227063999e+03,7.500991521181646e+03,5.882352941176471e-01,800414
7.504405072077381e+03,7.500875660312675e+03,1.176470588235294e+00,800413
7.511434460900107e+03,7.506140343253048e+03,1.764705882352941e+00,800415
7.512098260686998e+03,7.506804143039940e+03,1.764705882352941e+00,800416
7.519049443345344e+03,7.517284737462991e+03,5.882352941176471e-01,800417
7.520902790570386e+03,7.519138084688033e+03,5.882352941176471e-01,800418
7.528072265914531e+03,7.526307560032178e+03,5.882352941176471e-01,800419
7.529831743223026e+03,7.528067037340673e+03,5.882352941176471e-01,800420
7.532656483565352e+03,7.530891777682999e+03,5.882352941176471e-01,800421
7.533489141225332e+03,7.531724435342979e+03,5.882352941176471e-01,800422
7.541381589593960e+03,7.539616883711607e+03,5.882352941176471e-01,800424
7.543153943973003e+03,7.537859826325944e+03,1.764705882352941e+00,800423
7.543820020877492e+03,7.542055314995139e+03,5.882352941176471e-01,800425
7.546175129760895e+03,7.544410423878542e+03,5.882352941176471e-01,800427
7.548709254689768e+03,7.543415137042709e+03,1.764705882352941e+00,800426
7.553152037026398e+03,7.551387331144045e+03,5.882352941176471e-01,800429
7.556439244376236e+03,7.551145126729177e+03,1.764705882352941e+00,800428
7.561349965838357e+03,7.559585259956004e+03,5.882352941176471e-01,800430
7.573323594185427e+03,7.571558888303074e+03,5.882352941176471e-01,800432
7.576286657325356e+03,7.570992539678298e+03,1.764705882352941e+00,800431
7.579143852594400e+03,7.577379146712047e+03,5.882352941176471e-01,800434
7.580942503028657e+03,7.575648385381598e+03,1.764705882352941e+00,800433
7.585976060327650e+03,7.584211354445297e+03,5.882352941176471e-01,800435
7.591831184768640e+03,7.590066478886287e+03,5.882352941176471e-01,800438
7.592574293338576e+03,7.587280175691517e+03,1.764705882352941e+00,800436
7.593272001266795e+03,7.587977883619736e+03,1.764705882352941e+00,800437
7.594979999919717e+03,7.593215294037364e+03,5.882352941176471e-01,800440
7.597664931185826e+03,7.592370813538768e+03,1.764705882352941e+00,800439
7.604126371903272e+03,7.602361666020920e+03,5.882352941176471e-01,800441
7.608674776386997e+03,7.603380658739938e+03,1.764705882352941e+00,800442
7.609019000973130e+03,7.607254295090777e+03,5.882352941176471e-01,800443
7.609941616326148e+03,7.608176910443795e+03,5.882352941176471e-01,800444
7.610911970779188e+03,7.609147264896835e+03,5.882352941176471e-01,800446
7.613386380769201e+03,7.611621674886849e+03,5.882352941176471e-01,800447
7.614312604637229e+03,7.609018486990170e+03,1.764705882352941e+00,800445
7.618775865334140e+03,7.615246453569434e+03,1.176470588235294e+00,800448
7.620036348099274e+03,7.616506936334568e+03,1.176470588235294e+00,800449
7.625830460254078e+03,7.624065754371725e+03,5.882352941176471e-01,800450
7.627207737744521e+03,7.625443031862168e+03,5.882352941176471e-01,800451
7.633049624129834e+03,7.631284918247482e+03,5.882352941176471e-01,800452
7.634235164080776e+03,7.632470458198423e+03,5.882352941176471e-01,800453
7.640809032785575e+03,7.639044326903222e+03,5.882352941176471e-01,800454
7.643066489080551e+03,7.641301783198198e+03,5.882352941176471e-01,800455
7.643981604397595e+03,7.642216898515242e+03,5.882352941176471e-01,800456
7.644806272740956e+03,7.643041566858603e+03,5.882352941176471e-01,800457
7.650505092694878e+03,7.645210975047819e+03,1.764705882352941e+00,800458
7.652912746093683e+03,7.651148040211330e+03,5.882352941176471e-01,800461
7.653588746774274e+03,7.648294629127216e+03,1.764705882352941e+00,800459
7.653944498007947e+03,7.651509735742926e+03,5.882352941176471e-01,800462
7.657118158538980e+03,7.650415086243241e+03,1.764705882352941e+00,800460
7.658206863740742e+03,7.652510636490664e+03,1.764705882352941e+00,800463
7.659494200267465e+03,7.657729494385112e+03,5.882352941176471e-01,800464
7.663930953139282e+03,7.658636835492223e+03,1.764705882352941e+00,800465
7.668668308483298e+03,7.666903602600945e+03,5.882352941176471e-01,800466
7.671032001735598e+03,7.669267295853245e+03,5.882352941176471e-01,800467
7.672067030546995e+03,7.670302324664642e+03,5.882352941176471e-01,800469
7.672820395529533e+03,7.671055689647180e+03,5.882352941176471e-01,800470
7.675242495516932e+03,7.669948377869874e+03,1.764705882352941e+00,800468
7.679283759898904e+03,7.673989642251845e+03,1.764705882352941e+00,800471
7.679382296163126e+03,7.677617590280773e+03,5.882352941176471e-01,800472
7.684296906609532e+03,7.679002788962473e+03,1.764705882352941e+00,800473
7.685015059434933e+03,7.681485647670228e+03,1.176470588235294e+00,800474
7.686779765317286e+03,7.684733553805613e+03,5.882352941176471e-01,800477
7.688057715759219e+03,7.682763598112161e+03,1.764705882352941e+00,800475
7.689591024256591e+03,7.683744288534038e+03,1.764705882352941e+00,800476
7.697496666154139e+03,7.693967254389433e+03,1.176470588235294e+00,800478
7.703874166900050e+03,7.702109461017697e+03,5.882352941176471e-01,800479
7.706793847722921e+03,7.705029141840568e+03,5.882352941176471e-01,800480
7.714445021992133e+03,7.712680316109780e+03,5.882352941176471e-01,800482
7.715422238903498e+03,7.711892827138792e+03,1.176470588235294e+00,800481
7.720777926246638e+03,7.719013220364285e+03,5.882352941176471e-01,800483
7.721808495277243e+03,7.720043789394890e+03,5.882352941176471e-01,800484
7.722457720521272e+03,7.720693014638919e+03,5.882352941176471e-01,800485
7.726421479838829e+03,7.724656773956476e+03,5.882352941176471e-01,800488
7.727525832614221e+03,7.722231714967162e+03,1.764705882352941e+00,800486
7.728137533553082e+03,7.724608121788376e+03,1.176470588235294e+00,800487
7.730142723899083e+03,7.728378018016730e+03,5.882352941176471e-01,800489
7.731454001320711e+03,7.729689295438358e+03,5.882352941176471e-01,800490
7.744524598230277e+03,7.742759892347924e+03,5.882352941176471e-01,800491
7.749484463879025e+03,7.744190346231966e+03,1.764705882352941e+00,800492
7.750443896147620e+03,7.745149778500561e+03,1.764705882352941e+00,800493
7.756268042238669e+03,7.754503336356316e+03,5.882352941176471e-01,800495
7.758425153502418e+03,7.753131035855359e+03,1.764705882352941e+00,800494
7.758478929028319e+03,7.756714223145966e+03,5.882352941176471e-01,800496
7.759878190790069e+03,7.758113484907716e+03,5.882352941176471e-01,800497
7.760189859384771e+03,7.758397838084771e+03,5.882352941176471e-01,800498
7.761642896672422e+03,7.759612916996369e+03,5.882352941176471e-01,800500
7.761954565267124e+03,7.760061685820185e+03,5.882352941176471e-01,800501
7.762547661528152e+03,7.759018249763446e+03,1.176470588235294e+00,800499
7.769797737261313e+03,7.768033031378960e+03,5.882352941176471e-01,800502
7.774820356759253e+03,7.773055650876900e+03,5.882352941176471e-01,800503
7.775839727321849e+03,7.774075021439496e+03,5.882352941176471e-01,800504
7.778238294848723e+03,7.776473588966370e+03,5.882352941176471e-01,800505
7.781723523073172e+03,7.779958817190819e+03,5.882352941176471e-01,800506
7.782506780664370e+03,7.780742074782017e+03,5.882352941176471e-01,800507
7.786406685132241e+03,7.781112567485182e+03,1.764705882352941e+00,800508
7.788779124741295e+03,7.783485007094236e+03,1.764705882352941e+00,800509
7.789572219181361e+03,7.784278101534302e+03,1.764705882352941e+00,800510
7.795651010807466e+03,7.790356893160407e+03,1.764705882352941e+00,800511
7.801474391994683e+03,7.796180274347625e+03,1.764705882352941e+00,800512
7.804681528387767e+03,7.799387410740708e+03,1.764705882352941e+00,800513
7.807256437147375e+03,7.805491731265022e+03,5.882352941176471e-01,800514
7.808819253202210e+03,7.807054547319857e+03,5.882352941176471e-01,800515
7.809454393319750e+03,7.807689687437398e+03,5.882352941176471e-01,800516
7.815096518230258e+03,7.813331812347905e+03,5.882352941176471e-01,800517
7.816254135143935e+03,7.814489429261582e+03,5.882352941176471e-01,800518
7.817008371720098e+03,7.815243665837745e+03,5.882352941176471e-01,800519
7.821305991148365e+03,7.816011873501306e+03,1.764705882352941e+00,800520
7.824930326313869e+03,7.819636208666810e+03,1.764705882352941e+00,800521
7.826735021338175e+03,7.821440903691116e+03,1.764705882352941e+00,800522
7.831134575432091e+03,7.827605163667385e+03,1.176470588235294e+00,800524
7.831821732570853e+03,7.830057026688500e+03,5.882352941176471e-01,800525
7.832496203631300e+03,7.827202085984241e+03,1.764705882352941e+00,800523
7.843073432041035e+03,7.841308726158682e+03,5.882352941176471e-01,800526
7.848662036039545e+03,7.846897330157192e+03,5.882352941176471e-01,800527
7.854023693842729e+03,7.852258987960376e+03,5.882352941176471e-01,800528
7.856993730839455e+03,7.855229024957102e+03,5.882352941176471e-01,800529
7.862349187897149e+03,7.858819776132444e+03,1.176470588235294e+00,800530
7.863768375608122e+03,7.860238963843416e+03,1.176470588235294e+00,800531
7.872512328878799e+03,7.867218211231741e+03,1.764705882352941e+00,800532
7.877359860762701e+03,7.875595154880348e+03,5.882352941176471e-01,800533
7.878389587166678e+03,7.876624881284325e+03,5.882352941176471e-01,800535
7.880885376704623e+03,7.879120670822270e+03,5.882352941176471e-01,800536
7.881792351386377e+03,7.876498233739318e+03,1.764705882352941e+00,800534
7.882102432220235e+03,7.880337726337882e+03,5.882352941176471e-01,800537
7.884174122772455e+03,7.882409416890102e+03,5.882352941176471e-01,800538
7.886581732056778e+03,7.884817026174425e+03,5.882352941176471e-01,800539
7.895612294383204e+03,7.890318176736145e+03,1.764705882352941e+00,800540
7.901394728433182e+03,7.899630022550829e+03,5.882352941176471e-01,800541
7.903749382413216e+03,7.901984676530863e+03,5.882352941176471e-01,800542
7.908559531381886e+03,7.903265413734827e+03,1.764705882352941e+00,800543
7.908649579964324e+03,7.906884874081971e+03,5.882352941176471e-01,800544
7.917326365279558e+03,7.915561659397205e+03,5.882352941176471e-01,800546
7.918168862286310e+03,7.916404156403958e+03,5.882352941176471e-01,800547
7.919444038731720e+03,7.914149921084662e+03,1.764705882352941e+00,800545
7.919933568168663e+03,7.917800384558491e+03,5.882352941176471e-01,800549
7.922634689154544e+03,7.919105277389838e+03,1.176470588235294e+00,800550
7.922959244268500e+03,7.916894223854675e+03,1.764705882352941e+00,800548
7.928105745699430e+03,7.922811628052371e+03,1.764705882352941e+00,800551
7.933155822199882e+03,7.929626410435176e+03,1.176470588235294e+00,800552
7.935308029089914e+03,7.933543323207561e+03,5.882352941176471e-01,800553
7.937765726328331e+03,7.936001020445978e+03,5.882352941176471e-01,800555
7.939628303057307e+03,7.934334185410248e+03,1.764705882352941e+00,800554
7.941506062689383e+03,7.939741356807030e+03,5.882352941176471e-01,800556
7.942846530154162e+03,7.941081824271809e+03,5.882352941176471e-01,800557
7.949071238270622e+03,7.943777120623563e+03,1.764705882352941e+00,800558
7.949562022133916e+03,7.947797316251563e+03,5.882352941176471e-01,800559
7.962952163947847e+03,7.957658046300788e+03,1.764705882352941e+00,800560
7.965380051168408e+03,7.961850639403702e+03,1.176470588235294e+00,800561
7.973320464121882e+03,7.968026346474823e+03,1.764705882352941e+00,800562
7.974666358074325e+03,7.972901652191972e+03,5.882352941176471e-01,800563
7.975925701179355e+03,7.974160995297002e+03,5.882352941176471e-01,800565
7.977116202461008e+03,7.975351496578655e+03,5.882352941176471e-01,800566
7.979356589284063e+03,7.974062471637004e+03,1.764705882352941e+00,800564
7.981297170980986e+03,7.976003053333927e+03,1.764705882352941e+00,800567
7.983109079417007e+03,7.981344373534655e+03,5.882352941176471e-01,800568
7.983219610298893e+03,7.981454904416540e+03,5.882352941176471e-01,800569
7.989057282372077e+03,7.987292576489724e+03,5.882352941176471e-01,800570
7.990864641856497e+03,7.989099935974144e+03,5.882352941176471e-01,800571
7.996413705166285e+03,7.994648999283932e+03,5.882352941176471e-01,800572
8.001980001055633e+03,8.000215295173280e+03,5.882352941176471e-01,800573
8.009617473222468e+03,8.007852767340115e+03,5.882352941176471e-01,800576
8.010175807037751e+03,8.004881689390692e+03,1.764705882352941e+00,800574
8.010701826942123e+03,8.005407709295064e+03,1.764705882352941e+00,800575
8.011764297071140e+03,8.009999591188787e+03,5.882352941176471e-01,800577
8.011980655254733e+03,8.010215949372380e+03,5.882352941176471e-01,800578
8.020939266109921e+03,8.015645148462863e+03,1.764705882352941e+00,800579
8.024743637779738e+03,8.022978931897385e+03,5.882352941176471e-01,800580
8.028131385336624e+03,8.026366679454271e+03,5.882352941176471e-01,800581
8.029714757136817e+03,8.027950051254464e+03,5.882352941176471e-01,800582
8.029880387514927e+03,8.028115681632574e+03,5.882352941176471e-01,800583
8.041980871550434e+03,8.040216165668081e+03,5.882352941176471e-01,800584
8.043976053433134e+03,8.042211347550781e+03,5.882352941176471e-01,800586
8.046656555659197e+03,8.041362438012138e+03,1.764705882352941e+00,800585
8.049812989833400e+03,8.048048283951047e+03,5.882352941176471e-01,800588
8.051079004828866e+03,8.045784887181807e+03,1.764705882352941e+00,800587
8.056225201166786e+03,8.050931083519727e+03,1.764705882352941e+00,800589
8.058617309092048e+03,8.056852603209695e+03,5.882352941176471e-01,800591
8.059271810950881e+03,8.053977693303822e+03,1.764705882352941e+00,800590
8.060148810495283e+03,8.058384104612930e+03,5.882352941176471e-01,800592
8.068490734812650e+03,8.064961323047945e+03,1.176470588235294e+00,800593
8.070338148457026e+03,8.068573442574673e+03,5.882352941176471e-01,800595
8.070631779524629e+03,8.068867073642276e+03,5.882352941176471e-01,800596
8.071016216450961e+03,8.067486804686255e+03,1.176470588235294e+00,800594
8.074339558867413e+03,8.072574852985060e+03,5.882352941176471e-01,800597
8.074950310220916e+03,8.073185604338563e+03,5.882352941176471e-01,800598
8.077050881787350e+03,8.075286175904997e+03,5.882352941176471e-01,800599
8.081876108128460e+03,8.080111402246107e+03,5.882352941176471e-01,800600
8.089422319284137e+03,8.087657613401784e+03,5.882352941176471e-01,800601
8.092149125838545e+03,8.090384419956192e+03,5.882352941176471e-01,800602
8.099656442535082e+03,8.097891736652730e+03,5.882352941176471e-01,800603
8.100313321475515e+03,8.098548615593162e+03,5.882352941176471e-01,800604
8.101083843311860e+03,8.099319137429507e+03,5.882352941176471e-01,800605
8.106857212684738e+03,8.101563095037679e+03,1.764705882352941e+00,800606
8.107308177665086e+03,8.105543471782733e+03,5.882352941176471e-01,800608
8.107967103962216e+03,8.102672986315157e+03,1.764705882352941e+00,800607
8.108621918567091e+03,8.105777287234365e+03,5.882352941176471e-01,800609
8.110391781304096e+03,8.108627075421743e+03,5.882352941176471e-01,800610
8.111793587966452e+03,8.110028882084099e+03,5.882352941176471e-01,800612
8.113988122052946e+03,8.108694004405887e+03,1.764705882352941e+00,800611
8.116090725928892e+03,8.114326020046540e+03,5.882352941176471e-01,800613
8.119466927277542e+03,8.117702221395189e+03,5.882352941176471e-01,800614
8.122428812991733e+03,8.120664107109380e+03,5.882352941176471e-01,800615
8.124497322822799e+03,8.122732616940446e+03,5.882352941176471e-01,800616
8.124637752076775e+03,8.122873046194422e+03,5.882352941176471e-01,800617
8.131032538765567e+03,8.129267832883215e+03,5.882352941176471e-01,800619
8.131327693107972e+03,8.126033575460913e+03,1.764705882352941e+00,800618
8.134714482857660e+03,8.132949776975307e+03,5.882352941176471e-01,800620
8.137265807533276e+03,8.133736395768570e+03,1.176470588235294e+00,800621
8.142258792842084e+03,8.140494086959731e+03,5.882352941176471e-01,800622
8.152392421729685e+03,8.148863009964979e+03,1.176470588235294e+00,800623
8.158696554602368e+03,8.156931848720015e+03,5.882352941176471e-01,800625
8.159306378815970e+03,8.154012261168911e+03,1.764705882352941e+00,800624
8.161996503473159e+03,8.158467091708453e+03,1.176470588235294e+00,800626
8.166144888861461e+03,8.164380182979108e+03,5.882352941176471e-01,800627
8.175914373939410e+03,8.174149668057057e+03,5.882352941176471e-01,800628
8.177974879110050e+03,8.176210173227697e+03,5.882352941176471e-01,800630
8.179297250011748e+03,8.177532544129395e+03,5.882352941176471e-01,800631
8.180122122705706e+03,8.174828005058647e+03,1.764705882352941e+00,800629
8.185741712078174e+03,8.183977006195821e+03,5.882352941176471e-01,800633
8.185932994554179e+03,8.180638876907120e+03,1.764705882352941e+00,800632
8.189727581842248e+03,8.184433464195190e+03,1.764705882352941e+00,800634
8.190817888039754e+03,8.189053182157401e+03,5.882352941176471e-01,800635
8.194624332778100e+03,8.192859626895747e+03,5.882352941176471e-01,800637
8.194921939605008e+03,8.189627821957949e+03,1.764705882352941e+00,800636
8.203877526005881e+03,8.202112820123528e+03,5.882352941176471e-01,800638
8.210369341491320e+03,8.206839929726615e+03,1.176470588235294e+00,800641
8.210694443148571e+03,8.205400325501512e+03,1.764705882352941e+00,800639
8.211276711607443e+03,8.205982593960384e+03,1.764705882352941e+00,800640
8.212134047373673e+03,8.209024902801888e+03,5.882352941176471e-01,800642
8.216457160289784e+03,8.214692454407431e+03,5.882352941176471e-01,800645
8.216984753208611e+03,8.211690635561552e+03,1.764705882352941e+00,800643
8.217118950589248e+03,8.211824832942189e+03,1.764705882352941e+00,800644
8.219922804078991e+03,8.218158098196638e+03,5.882352941176471e-01,800647
8.222504558348688e+03,8.217210440701629e+03,1.764705882352941e+00,800646
8.222557730099683e+03,8.220793024217330e+03,5.882352941176471e-01,800649
8.225294156419923e+03,8.220000038772865e+03,1.764705882352941e+00,800648
8.230143791993384e+03,8.226614380228678e+03,1.176470588235294e+00,800650
8.234460042488217e+03,8.232695336605864e+03,5.882352941176471e-01,800652
8.236321395010462e+03,8.231027277363403e+03,1.764705882352941e+00,800651
8.237989454252923e+03,8.236205154069252e+03,5.882352941176471e-01,800655
8.238040251440783e+03,8.232746133793725e+03,1.764705882352941e+00,800653
8.239779558729206e+03,8.237648064845378e+03,5.882352941176471e-01,800656
8.239779558729206e+03,8.237921639812602e+03,5.882352941176471e-01,800657
8.239850806775168e+03,8.234259613621774e+03,1.764705882352941e+00,800654
8.245225202759728e+03,8.239931085112670e+03,1.764705882352941e+00,800658
8.250081709913523e+03,8.248317004031170e+03,5.882352941176471e-01,800659
8.255295669428974e+03,8.253530963546621e+03,5.882352941176471e-01,800662
8.257471600412903e+03,8.252177482765844e+03,1.764705882352941e+00,800660
8.257576637209058e+03,8.252282519561999e+03,1.764705882352941e+00,800661
8.263255153932200e+03,8.257961036285142e+03,1.764705882352941e+00,800663
8.264196595843380e+03,8.258902478196321e+03,1.764705882352941e+00,800664
8.265019859814553e+03,8.263127106070129e+03,5.882352941176471e-01,800667
8.266455710349721e+03,8.261213625758547e+03,1.176470588235294e+00,800665
8.266784565696906e+03,8.262370398728887e+03,1.176470588235294e+00,800666
8.268438744852142e+03,8.266674038969789e+03,5.882352941176471e-01,800669
8.269542746546323e+03,8.264248628899264e+03,1.764705882352941e+00,800668
8.270088573922635e+03,8.268323868040282e+03,5.882352941176471e-01,800670
8.270634937837228e+03,8.268870231954875e+03,5.882352941176471e-01,800671
8.271307452428676e+03,8.268998496772237e+03,5.882352941176471e-01,800672
8.278358890537689e+03,8.276594184655336e+03,5.882352941176471e-01,800673
8.280658334264334e+03,8.278893628381981e+03,5.882352941176471e-01,800674
8.282656657906354e+03,8.280891952024001e+03,5.882352941176471e-01,800675
8.285971997847539e+03,8.284207291965186e+03,5.882352941176471e-01,800676
8.290131511711287e+03,8.284837394064228e+03,1.764705882352941e+00,800677
8.293414436939399e+03,8.291649731057046e+03,5.882352941176471e-01,800678
8.298286699925225e+03,8.296521994042872e+03,5.882352941176471e-01,800680
8.299582838946581e+03,8.296053427181875e+03,1.176470588235294e+00,800679
8.303296389011383e+03,8.299766977246677e+03,1.176470588235294e+00,800681
8.303951741451068e+03,8.302187035568715e+03,5.882352941176471e-01,800683
8.306044335729802e+03,8.300750218082743e+03,1.764705882352941e+00,800682
8.310843830960446e+03,8.309079125078094e+03,5.882352941176471e-01,800684
8.312646765552567e+03,8.310882059670214e+03,5.882352941176471e-01,800685
8.315920477167052e+03,8.312391065402346e+03,1.176470588235294e+00,800686
8.319170274468330e+03,8.313876156821271e+03,1.764705882352941e+00,800687
8.323338895242704e+03,8.321574189360351e+03,5.882352941176471e-01,800688
8.338273889814947e+03,8.332979772167888e+03,1.764705882352941e+00,800689
8.340755586845250e+03,8.338990880962897e+03,5.882352941176471e-01,800690
8.342033248415861e+03,8.340268542533508e+03,5.882352941176471e-01,800691
8.345432419026379e+03,8.343667713144026e+03,5.882352941176471e-01,800692
8.348402104933399e+03,8.346637399051046e+03,5.882352941176471e-01,800693
8.352086929734430e+03,8.350322223852077e+03,5.882352941176471e-01,800694
8.353584178179935e+03,8.351819472297582e+03,5.882352941176471e-01,800696
8.354160666716834e+03,8.350631254952129e+03,1.176470588235294e+00,800695
8.355949040665685e+03,8.354184334783332e+03,5.882352941176471e-01,800697
8.358042735659918e+03,8.354513323895212e+03,1.176470588235294e+00,800698
8.358711381162546e+03,8.356946675280193e+03,5.882352941176471e-01,800699
8.363552161311288e+03,8.361787455428936e+03,5.882352941176471e-01,800700
8.368576079360694e+03,8.366811373478341e+03,5.882352941176471e-01,800701
8.374624410983724e+03,8.371094999219018e+03,1.176470588235294e+00,800702
8.376462062215231e+03,8.371167944568172e+03,1.764705882352941e+00,800703
8.378885055148294e+03,8.377120349265941e+03,5.882352941176471e-01,800705
8.380618881965890e+03,8.375324764318831e+03,1.764705882352941e+00,800704
8.381955502168802e+03,8.380190796286449e+03,5.882352941176471e-01,800706
8.383099509945336e+03,8.381334804062983e+03,5.882352941176471e-01,800708
8.383720208051155e+03,8.381657649563595e+03,5.882352941176471e-01,800709
8.385938968998461e+03,8.380644851351402e+03,1.764705882352941e+00,800707
8.392836262723478e+03,8.391071556841125e+03,5.882352941176471e-01,800710
8.393736111937534e+03,8.391971406055182e+03,5.882352941176471e-01,800711
8.397852311452685e+03,8.396087605570332e+03,5.882352941176471e-01,800713
8.399354390605819e+03,8.397589684723467e+03,5.882352941176471e-01,800714
8.400468918361279e+03,8.398704212478926e+03,5.882352941176471e-01,800715
8.401119096488172e+03,8.399106100834447e+03,5.882352941176471e-01,800716
8.401244082483180e+03,8.395949964836121e+03,1.764705882352941e+00,800712
8.406613436669337e+03,8.401319319022278e+03,1.764705882352941e+00,800717
8.406713471737233e+03,8.404948765854880e+03,5.882352941176471e-01,800718
8.409119523118304e+03,8.407354817235951e+03,5.882352941176471e-01,800719
8.409950776329791e+03,8.408186070447438e+03,5.882352941176471e-01,800720
8.410014741487734e+03,8.408250035605381e+03,5.882352941176471e-01,800721
8.410884229000657e+03,8.408667731865331e+03,5.882352941176471e-01,800722
8.415244893976850e+03,8.409515044303527e+03,1.764705882352941e+00,800723
8.422375609140057e+03,8.420610903257704e+03,5.882352941176471e-01,800724
8.424752812328564e+03,8.422988106446211e+03,5.882352941176471e-01,800725
8.429921229186713e+03,8.428156523304360e+03,5.882352941176471e-01,800726
8.430033898470926e+03,8.428269192588574e+03,5.882352941176471e-01,800727
8.430637917664399e+03,8.428873211782046e+03,5.882352941176471e-01,800728
8.431685935069066e+03,8.429064835082266e+03,5.882352941176471e-01,800729
8.433470415356745e+03,8.431705709474392e+03,5.882352941176471e-01,800730
8.437619930058290e+03,8.435855224175937e+03,5.882352941176471e-01,800731
8.447608400449507e+03,8.445843694567154e+03,5.882352941176471e-01,800733
8.447733301497702e+03,8.442439183850643e+03,1.764705882352941e+00,800732
8.449765222627270e+03,8.448000516744917e+03,5.882352941176471e-01,800734
8.450089283600512e+03,8.448324577718159e+03,5.882352941176471e-01,800735
8.452417185162363e+03,8.450652479280010e+03,5.882352941176471e-01,800736
8.459394340246284e+03,8.457629634363931e+03,5.882352941176471e-01,800737
8.468269023348285e+03,8.466504317465932e+03,5.882352941176471e-01,800738
8.478109035610635e+03,8.476344329728282e+03,5.882352941176471e-01,800739
8.480900813903576e+03,8.477371402138870e+03,1.176470588235294e+00,800740
8.481238019500671e+03,8.479473313618318e+03,5.882352941176471e-01,800742
8.482665519785929e+03,8.480662499448639e+03,5.882352941176471e-01,800743
8.483002725383024e+03,8.481015969596961e+03,5.882352941176471e-01,800744
8.483082906622380e+03,8.477788788975322e+03,1.764705882352941e+00,800741
8.491414168314080e+03,8.487884756549374e+03,1.176470588235294e+00,800745
8.499973115719231e+03,8.498208409836878e+03,5.882352941176471e-01,800746
8.502224326385741e+03,8.500459620503389e+03,5.882352941176471e-01,800747
8.505365246402330e+03,8.503600540519977e+03,5.882352941176471e-01,800749
8.506448541656862e+03,8.501154424009803e+03,1.764705882352941e+00,800748
8.508337179220092e+03,8.506572473337739e+03,5.882352941176471e-01,800750
8.510528107604031e+03,8.508763401721678e+03,5.882352941176471e-01,800751
8.511403002690267e+03,8.509638296807914e+03,5.882352941176471e-01,800752
8.512100840451228e+03,8.510336134568875e+03,5.882352941176471e-01,800753
8.513769499510475e+03,8.512004793628122e+03,5.882352941176471e-01,800754
8.513795510915524e+03,8.512030805033171e+03,5.882352941176471e-01,800755
8.517062627436951e+03,8.515297921554598e+03,5.882352941176471e-01,800756
8.518690347337417e+03,8.516925641455064e+03,5.882352941176471e-01,800757
8.523994297358265e+03,8.518700179711206e+03,1.764705882352941e+00,800758
8.524306201393468e+03,8.522541495511116e+03,5.882352941176471e-01,800760
8.525243393644471e+03,8.519949275997412e+03,1.764705882352941e+00,800759
8.525759003240618e+03,8.523636065386950e+03,5.882352941176471e-01,800761
8.526070907275821e+03,8.523998667629860e+03,5.882352941176471e-01,800762
8.528140358949563e+03,8.526375653067211e+03,5.882352941176471e-01,800763
8.531767190373486e+03,8.530002484491133e+03,5.882352941176471e-01,800764
8.533171373996271e+03,8.531406668113918e+03,5.882352941176471e-01,800766
8.534527884333430e+03,8.532763178451077e+03,5.882352941176471e-01,800767
8.534936079878624e+03,8.532859071624875e+03,5.882352941176471e-01,800768
8.535387139879333e+03,8.530093022232274e+03,1.764705882352941e+00,800765
8.536496687988380e+03,8.533783437559271e+03,5.882352941176471e-01,800770
8.537151845761686e+03,8.535250292842666e+03,5.882352941176471e-01,800771
8.538261393870733e+03,8.536085700835284e+03,5.882352941176471e-01,800772
8.540026099753086e+03,8.533331393660371e+03,1.764705882352941e+00,800769
8.541970428382875e+03,8.540205722500523e+03,5.882352941176471e-01,800774
8.545494944292539e+03,8.540200826645480e+03,1.764705882352941e+00,800773
8.551509139371253e+03,8.546215021724194e+03,1.764705882352941e+00,800775
8.552113043318818e+03,8.550348337436465e+03,5.882352941176471e-01,800776
8.553032844198232e+03,8.551268138315879e+03,5.882352941176471e-01,800777
8.553482576286912e+03,8.551717870404559e+03,5.882352941176471e-01,800778
8.557861192058946e+03,8.556096486176593e+03,5.882352941176471e-01,800781
8.561290579959619e+03,8.555896438448528e+03,1.764705882352941e+00,800780
8.561290579959619e+03,8.555712479020165e+03,1.764705882352941e+00,800779
8.562771302549577e+03,8.557443072475502e+03,1.764705882352941e+00,800782
8.563548860038625e+03,8.561114865184635e+03,5.882352941176471e-01,800785
8.565313565920978e+03,8.562873986763227e+03,5.882352941176471e-01,800786
8.567078271803331e+03,8.564647379738279e+03,5.882352941176470e-01,800787
8.567078271803331e+03,8.560942116971154e+03,1.764705882352941e+00,800784
8.567078271803331e+03,8.559641231032336e+03,1.764705882352941e+00,800783
8.569902100305841e+03,8.568137394423488e+03,5.882352941176471e-01,800790
8.571236724751184e+03,8.567707312986478e+03,1.176470588235294e+00,800789
8.572889904433679e+03,8.567595786786620e+03,1.764705882352941e+00,800788
8.575253736415552e+03,8.573489030533199e+03,5.882352941176471e-01,800791
8.579674403442430e+03,8.574380285795372e+03,1.764705882352941e+00,800792
8.580213880992879e+03,8.574919763345820e+03,1.764705882352941e+00,800793
8.580623383894160e+03,8.575329266247102e+03,1.764705882352941e+00,800794
8.582110319722676e+03,8.580345613840323e+03,5.882352941176471e-01,800796
8.584968521089489e+03,8.579234479449636e+03,1.764705882352941e+00,800795
8.586262312034274e+03,8.580968194387215e+03,1.764705882352941e+00,800797
8.588593951333422e+03,8.583299833686363e+03,1.764705882352941e+00,800798
8.590027181267764e+03,8.584272499080068e+03,1.176470588235294e+00,800799
8.591957625124122e+03,8.585905424155000e+03,1.764705882352941e+00,800801
8.591957625124122e+03,8.585391073707240e+03,1.764705882352941e+00,800800
8.597483548394714e+03,8.595718842512361e+03,5.882352941176471e-01,800802
8.598989355625656e+03,8.597224649743303e+03,5.882352941176471e-01,800803
8.604016768542187e+03,8.602252062659835e+03,5.882352941176471e-01,800804
8.607898278152427e+03,8.602604160505368e+03,1.764705882352941e+00,800805
8.609119370027200e+03,8.607354664144847e+03,5.882352941176471e-01,800807
8.609662984034780e+03,8.607644833209157e+03,5.882352941176471e-01,800808
8.610429928335831e+03,8.606900516571125e+03,1.176470588235294e+00,800806
8.611483733955762e+03,8.609719028073409e+03,5.882352941176471e-01,800809
8.616929257532112e+03,8.615164551649759e+03,5.882352941176471e-01,800810
8.618192166239840e+03,8.616427460357487e+03,5.882352941176471e-01,800811
8.619956872122193e+03,8.617630610663224e+03,5.882352941176471e-01,800814
8.620013838121141e+03,8.616484426356435e+03,1.176470588235294e+00,800812
8.621953662176881e+03,8.620188956294528e+03,5.882352941176471e-01,800815
8.622622499328427e+03,8.617328381681368e+03,1.764705882352941e+00,800813
8.628939434952726e+03,8.627174729070373e+03,5.882352941176471e-01,800817
8.629332036954028e+03,8.625802625189323e+03,1.176470588235294e+00,800816
8.630831506461445e+03,8.629066800579093e+03,5.882352941176471e-01,800818
8.631415734292500e+03,8.629651028410147e+03,5.882352941176471e-01,800819
8.632596212343798e+03,8.629978625807117e+03,5.882352941176471e-01,800821
8.635200252242387e+03,8.629906134595328e+03,1.764705882352941e+00,800820
8.636884723746688e+03,8.635120017864335e+03,5.882352941176471e-01,800823
8.640325270620189e+03,8.635031152973130e+03,1.764705882352941e+00,800822
8.645688005785809e+03,8.643923299903456e+03,5.882352941176471e-01,800824
8.647159429864654e+03,8.645394723982301e+03,5.882352941176471e-01,800826
8.650502257341529e+03,8.645208139694470e+03,1.764705882352941e+00,800825
8.654087931233115e+03,8.652323225350762e+03,5.882352941176471e-01,800827
8.661975969996122e+03,8.656681852349063e+03,1.764705882352941e+00,800828
8.664078325914221e+03,8.662313620031868e+03,5.882352941176471e-01,800829
8.667278748169965e+03,8.665514042287612e+03,5.882352941176471e-01,800830
8.671713527520187e+03,8.669948821637835e+03,5.882352941176471e-01,800831
8.681040652208716e+03,8.679275946326363e+03,5.882352941176471e-01,800832
8.687066053799743e+03,8.685301347917391e+03,5.882352941176471e-01,800833
8.689279126657231e+03,8.687514420774878e+03,5.882352941176471e-01,800835
8.690280314750106e+03,8.688515608867753e+03,5.882352941176471e-01,800836
8.690781130254965e+03,8.685487012607907e+03,1.764705882352941e+00,800834
8.691544426586021e+03,8.688863841888150e+03,5.882352941176471e-01,800838
8.695073838350727e+03,8.688861692206101e+03,1.764705882352941e+00,800837
8.696838544233080e+03,8.694842480096905e+03,5.882352941176471e-01,800841
8.698870487528817e+03,8.693544584777418e+03,1.764705882352941e+00,800839
8.700367955997786e+03,8.693688436480415e+03,1.764705882352941e+00,800840
8.700715474905486e+03,8.695421357258427e+03,1.764705882352941e+00,800842
8.706378366109700e+03,8.701084248462642e+03,1.764705882352941e+00,800843
8.706455679337695e+03,8.701161561690636e+03,1.764705882352941e+00,800844
8.707513542762507e+03,8.702219425115448e+03,1.764705882352941e+00,800845
8.709795301880599e+03,8.708030595998246e+03,5.882352941176471e-01,800846
8.710940848692170e+03,8.709176142809817e+03,5.882352941176471e-01,800847
8.716959823506295e+03,8.715195117623942e+03,5.882352941176471e-01,800848
8.721087824213858e+03,8.717558412449152e+03,1.176470588235294e+00,800850
8.722232969519593e+03,8.716938851872534e+03,1.764705882352941e+00,800849
8.725181953628620e+03,8.723417247746267e+03,5.882352941176471e-01,800851
8.728230773158903e+03,8.726466067276550e+03,5.882352941176471e-01,800852
8.733105348396284e+03,8.731340642513931e+03,5.882352941176471e-01,800854
8.735279775493897e+03,8.729985657846838e+03,1.764705882352941e+00,800853
8.742878097370616e+03,8.741113391488263e+03,5.882352941176471e-01,800855
8.746542522755080e+03,8.741248405108021e+03,1.764705882352941e+00,800856
8.750867049168482e+03,8.749102343286129e+03,5.882352941176471e-01,800858
8.751253220682637e+03,8.745959103035578e+03,1.764705882352941e+00,800857
8.756471737037517e+03,8.754707031155164e+03,5.882352941176471e-01,800860
8.756991765052029e+03,8.751697647404970e+03,1.764705882352941e+00,800859
8.761724831689017e+03,8.759960125806665e+03,5.882352941176471e-01,800862
8.762124172763762e+03,8.756830055116703e+03,1.764705882352941e+00,800861
8.768234976933234e+03,8.766470271050881e+03,5.882352941176471e-01,800863
8.771098356125197e+03,8.769333650242844e+03,5.882352941176471e-01,800864
8.771154926649163e+03,8.769390220766810e+03,5.882352941176471e-01,800865
8.776914445693475e+03,8.775149739811122e+03,5.882352941176471e-01,800866
8.776945880963654e+03,8.775181175081302e+03,5.882352941176471e-01,800867
8.778850272955706e+03,8.777085567073353e+03,5.882352941176471e-01,800869
8.781893190676905e+03,8.776599073029846e+03,1.764705882352941e+00,800868
8.782129504180279e+03,8.780364798297926e+03,5.882352941176471e-01,800870
8.783074297353774e+03,8.781309591471421e+03,5.882352941176471e-01,800871
8.784582878693381e+03,8.782818172811028e+03,5.882352941176471e-01,800872
8.785804486588064e+03,8.784039780705711e+03,5.882352941176471e-01,800873
8.793600000441188e+03,8.791835294558835e+03,5.882352941176471e-01,800876
8.795352463385940e+03,8.791823051621234e+03,1.176470588235294e+00,800875
8.796826549316188e+03,8.791532431669130e+03,1.764705882352941e+00,800874
8.797456099252913e+03,8.795691393370560e+03,5.882352941176471e-01,800877
8.799784411477605e+03,8.798019705595252e+03,5.882352941176471e-01,800878
8.800321565347117e+03,8.798556859464764e+03,5.882352941176471e-01,800879
8.801778771434523e+03,8.800014065552170e+03,5.882352941176471e-01,800880
8.807638061292956e+03,8.802343943645897e+03,1.764705882352941e+00,800881
8.810004209297414e+03,8.808239503415061e+03,5.882352941176471e-01,800883
8.812140685951855e+03,8.810375980069502e+03,5.882352941176471e-01,800884
8.813406169693346e+03,8.808112052046287e+03,1.764705882352941e+00,800882
8.814899994632754e+03,8.813135288750402e+03,5.882352941176471e-01,800885
8.823135141645812e+03,8.821370435763459e+03,5.882352941176471e-01,800888
8.823169894599051e+03,8.817875776951993e+03,1.764705882352941e+00,800886
8.823649367833943e+03,8.820119956069238e+03,1.176470588235294e+00,800887
8.825795031256485e+03,8.824030325374132e+03,5.882352941176471e-01,800889
8.829871561840407e+03,8.828106855958054e+03,5.882352941176471e-01,800891
8.832282615023992e+03,8.826988497376933e+03,1.764705882352941e+00,800890
8.833015936866931e+03,8.831251230984578e+03,5.882352941176471e-01,800893
8.833889333598050e+03,8.830359921833344e+03,1.176470588235294e+00,800892
8.837785994734477e+03,8.832491877087418e+03,1.764705882352941e+00,800894
8.841932807026774e+03,8.840168101144421e+03,5.882352941176471e-01,800896
8.842737882860306e+03,8.840973176977953e+03,5.882352941176471e-01,800897
8.844274241961269e+03,8.838980124314210e+03,1.764705882352941e+00,800895
8.844982403767069e+03,8.842395017116179e+03,5.882352941176471e-01,800899
8.846038947843622e+03,8.841273618787762e+03,1.176470588235294e+00,800898
8.848511815531775e+03,8.842732692066420e+03,1.764705882352941e+00,800900
8.848610559055463e+03,8.846845853173110e+03,5.882352941176471e-01,800901
8.853204867573318e+03,8.851440161690965e+03,5.882352941176471e-01,800902
8.858967988956455e+03,8.853673871309397e+03,1.764705882352941e+00,800903
8.860507547130717e+03,8.858742841248364e+03,5.882352941176471e-01,800904
8.861411033418406e+03,8.859646327536053e+03,5.882352941176471e-01,800905
8.862973518058159e+03,8.861208812175806e+03,5.882352941176471e-01,800906
8.866192212462777e+03,8.864427506580424e+03,5.882352941176471e-01,800907
8.866997011371014e+03,8.865232305488661e+03,5.882352941176471e-01,800908
8.867124208618684e+03,8.865359502736331e+03,5.882352941176471e-01,800909
8.870380353571770e+03,8.868615647689417e+03,5.882352941176471e-01,800910
8.876801129628135e+03,8.875036423745782e+03,5.882352941176471e-01,800912
8.878569332746804e+03,8.873275215099745e+03,1.764705882352941e+00,800911
8.879966980873558e+03,8.878202274991205e+03,5.882352941176471e-01,800913
8.890434509256651e+03,8.888669803374298e+03,5.882352941176471e-01,800915
8.890809539304593e+03,8.889044833422240e+03,5.882352941176471e-01,800916
8.891109497188079e+03,8.889344791305726e+03,5.882352941176471e-01,800917
8.892780674485419e+03,8.891015968603066e+03,5.882352941176471e-01,800918
8.893406852724886e+03,8.891642146842533e+03,5.882352941176471e-01,800919
8.893827056608700e+03,8.887443221010716e+03,1.764705882352941e+00,800914
8.898254477967184e+03,8.896489772084831e+03,5.882352941176471e-01,800921
8.899283287756057e+03,8.893989170108998e+03,1.764705882352941e+00,800920
8.902045630436261e+03,8.900280924553908e+03,5.882352941176471e-01,800923
8.905081255077493e+03,8.899787137430435e+03,1.764705882352941e+00,800922
8.906827019274586e+03,8.903297607509880e+03,1.176470588235294e+00,800924
8.907907821065408e+03,8.906143115183055e+03,5.882352941176471e-01,800925
8.912322938223400e+03,8.910558232341047e+03,5.882352941176471e-01,800927
8.912727214595915e+03,8.907433096948856e+03,1.764705882352941e+00,800926
8.917071499264226e+03,8.911777381617168e+03,1.764705882352941e+00,800928
8.918455560492743e+03,8.916690854610390e+03,5.882352941176471e-01,800929
8.921245575790981e+03,8.919480869908628e+03,5.882352941176471e-01,800931
8.921995707093149e+03,8.916701589446090e+03,1.764705882352941e+00,800930
8.924967547116880e+03,8.919673429469821e+03,1.764705882352941e+00,800932
8.926539693438040e+03,8.920689770338585e+03,1.764705882352941e+00,800933
8.930151274580749e+03,8.924857156933690e+03,1.764705882352941e+00,800934
8.931200787366889e+03,8.929436081484536e+03,5.882352941176471e-01,800936
8.931415802429127e+03,8.926121684782068e+03,1.764705882352941e+00,800935
8.932031198620350e+03,8.930266492737997e+03,5.882352941176471e-01,800937
8.933176757767160e+03,8.931412051884807e+03,5.882352941176471e-01,800938
8.936377545672319e+03,8.934612839789966e+03,5.882352941176471e-01,800939
8.936816045632757e+03,8.935051339750404e+03,5.882352941176471e-01,800940
8.938712869597445e+03,8.935183457832739e+03,1.176470588235294e+00,800941
8.941671663319378e+03,8.935490040875155e+03,1.764705882352941e+00,800942
8.944754921086960e+03,8.942990215204607e+03,5.882352941176471e-01,800943
8.948212404696811e+03,8.946282045120579e+03,5.882352941176471e-01,800947
8.948711108514619e+03,8.946946402632266e+03,5.882352941176471e-01,800948
8.949977110579164e+03,8.947760590330161e+03,5.882352941176471e-01,800949
8.950942485217739e+03,8.944682992932105e+03,1.764705882352941e+00,800944
8.951741816461517e+03,8.949564991400416e+03,5.882352941176471e-01,800950
8.952240520279325e+03,8.945326120910206e+03,1.764705882352941e+00,800946
8.956253624099148e+03,8.950117768728503e+03,1.764705882352941e+00,800951
8.957285286017480e+03,8.951365176487697e+03,1.764705882352941e+00,800954
8.957285286017480e+03,8.950976527686440e+03,1.764705882352941e+00,800953
8.958018329981501e+03,8.955606534499669e+03,5.882352941176471e-01,800955
8.959907276849486e+03,8.958142570967133e+03,5.882352941176471e-01,800956
8.962507859829207e+03,8.958978448064501e+03,1.176470588235294e+00,800957
8.968387483543114e+03,8.966622777660761e+03,5.882352941176471e-01,800958
8.968440813122752e+03,8.966676107240399e+03,5.882352941176471e-01,800959
8.978968328089053e+03,8.975438916324347e+03,1.176470588235294e+00,800960
8.980125534770934e+03,8.978360828888581e+03,5.882352941176471e-01,800962
8.981650898662707e+03,8.976356781015648e+03,1.764705882352941e+00,800961
8.981890240653287e+03,8.979054343156445e+03,5.882352941176471e-01,800964
8.982497739853759e+03,8.978916339147239e+03,1.176470588235294e+00,800963
8.987351529645404e+03,8.985586823763051e+03,5.882352941176471e-01,800965
8.991298688685129e+03,8.989533982802776e+03,5.882352941176471e-01,800967
8.991451272652130e+03,8.989686566769777e+03,5.882352941176471e-01,800968
8.992850652948989e+03,8.990112660022055e+03,5.882352941176471e-01,800969
8.993063394567482e+03,8.989321241184283e+03,1.176470588235294e+00,800966
8.999930619347415e+03,8.994636501700356e+03,1.764705882352941e+00,800970
9.006485209548259e+03,9.004720503665906e+03,5.882352941176471e-01,800971
9.007504919890342e+03,9.005740214007989e+03,5.882352941176471e-01,800973
9.009217267598041e+03,9.005687855833336e+03,1.176470588235294e+00,800972
9.013515828050842e+03,9.009986416286136e+03,1.176470588235294e+00,800975
9.014149480513785e+03,9.008855362866726e+03,1.764705882352941e+00,800974
9.015509643763604e+03,9.011980231998898e+03,1.176470588235294e+00,800976
9.017730727736003e+03,9.015966021853650e+03,5.882352941176471e-01,800977
9.019147204491024e+03,9.017382498608671e+03,5.882352941176471e-01,800979
9.021658893304944e+03,9.016364775657885e+03,1.764705882352941e+00,800978
9.022087459028646e+03,9.018558047263940e+03,1.176470588235294e+00,800980
9.024747703371578e+03,9.021218291606872e+03,1.176470588235294e+00,800981
9.030044557498438e+03,9.024750439851379e+03,1.764705882352941e+00,800982
9.031639444256414e+03,9.029874738374061e+03,5.882352941176471e-01,800983
9.034125104670667e+03,9.032360398788314e+03,5.882352941176471e-01,800984
9.046853276050751e+03,9.045088570168398e+03,5.882352941176471e-01,800985
9.047200371273083e+03,9.045435665390731e+03,5.882352941176471e-01,800986
9.048115438800405e+03,9.046350732918052e+03,5.882352941176471e-01,800987
9.048617981933104e+03,9.046603801429944e+03,5.882352941176471e-01,800988
9.050365746949785e+03,9.048601041067432e+03,5.882352941176471e-01,800989
9.062679252978349e+03,9.057385135331290e+03,1.764705882352941e+00,800990
9.066103123883727e+03,9.064338418001375e+03,5.882352941176471e-01,800991
9.069284121070773e+03,9.067519415188420e+03,5.882352941176471e-01,800993
9.071294611163610e+03,9.066000493516552e+03,1.764705882352941e+00,800992
9.083454131939586e+03,9.081689426057233e+03,5.882352941176471e-01,800994
9.086815156791948e+03,9.085050450909595e+03,5.882352941176471e-01,800995
9.091519929851711e+03,9.086225812204653e+03,1.764705882352941e+00,800996
9.095913181355963e+03,9.094148475473610e+03,5.882352941176471e-01,800998
9.096385950450399e+03,9.094621244568046e+03,5.882352941176471e-01,800999
9.098721710688928e+03,9.093427593041869e+03,1.764705882352941e+00,800997
9.101285966300290e+03,9.099521260417937e+03,5.882352941176471e-01,801000
9.101865395670079e+03,9.100100689787726e+03,5.882352941176471e-01,801001
9.106942854392345e+03,9.105178148509992e+03,5.882352941176471e-01,801003
9.108346665007800e+03,9.103052547360741e+03,1.764705882352941e+00,801002
9.110447584489773e+03,9.108682878607420e+03,5.882352941176471e-01,801004
9.111746615986773e+03,9.109981910104421e+03,5.882352941176471e-01,801005
9.114931967359735e+03,9.113167261477382e+03,5.882352941176471e-01,801007
9.117658292516720e+03,9.112364174869662e+03,1.764705882352941e+00,801006
9.118022698997210e+03,9.116257993114857e+03,5.882352941176471e-01,801008
9.122124788198990e+03,9.116830670551931e+03,1.764705882352941e+00,801009
9.125165516233908e+03,9.123400810351555e+03,5.882352941176471e-01,801011
9.126222635090419e+03,9.120928517443360e+03,1.764705882352941e+00,801010
9.129599757549277e+03,9.127835051666924e+03,5.882352941176471e-01,801012
9.129740223476499e+03,9.127975517594146e+03,5.882352941176471e-01,801013
9.138505156615178e+03,9.134975744850472e+03,1.176470588235294e+00,801014
9.141840930934973e+03,9.138311519170267e+03,1.176470588235294e+00,801015
9.142589309569394e+03,9.140824603687041e+03,5.882352941176471e-01,801017
9.142831842996646e+03,9.141067137114293e+03,5.882352941176471e-01,801018
9.144528392530995e+03,9.142763686648642e+03,5.882352941176471e-01,801019
9.145309652103340e+03,9.139241740635601e+03,1.764705882352941e+00,801016
9.148917921581193e+03,9.147153215698840e+03,5.882352941176471e-01,801021
9.151344601664715e+03,9.149579895782362e+03,5.882352941176471e-01,801022
9.151380576227930e+03,9.149615870345577e+03,5.882352941176471e-01,801023
9.151947165991640e+03,9.146653048344581e+03,1.764705882352941e+00,801020
9.153109307547068e+03,9.149967908178835e+03,5.882352941176471e-01,801024
9.156048244233346e+03,9.154283538350993e+03,5.882352941176471e-01,801025
9.156215667897903e+03,9.154450962015550e+03,5.882352941176471e-01,801026
9.156437709756444e+03,9.154673003874092e+03,5.882352941176471e-01,801027
9.161342361880405e+03,9.155885002122288e+03,1.764705882352941e+00,801028
9.165576124128735e+03,9.163811418246382e+03,5.882352941176471e-01,801029
9.176734712754788e+03,9.174970006872435e+03,5.882352941176471e-01,801030
9.179968089847963e+03,9.178203383965610e+03,5.882352941176471e-01,801031
9.180135942698670e+03,9.178371236816317e+03,5.882352941176471e-01,801032
9.182119569810194e+03,9.180354863927841e+03,5.882352941176471e-01,801033
9.183089563631389e+03,9.181324857749036e+03,5.882352941176471e-01,801034
9.188911364135645e+03,9.187146658253292e+03,5.882352941176471e-01,801036
9.188952471623791e+03,9.183658353976732e+03,1.764705882352941e+00,801035
9.190363639929516e+03,9.188598934047163e+03,5.882352941176471e-01,801037
9.198472060548810e+03,9.196707354666457e+03,5.882352941176471e-01,801038
9.199207485101695e+03,9.197442779219342e+03,5.882352941176471e-01,801039
9.201299941015058e+03,9.199535235132705e+03,5.882352941176471e-01,801042
9.203216187890575e+03,9.197922070243516e+03,1.764705882352941e+00,801040
9.204492275974871e+03,9.199198158327813e+03,1.764705882352941e+00,801041
9.205243978017935e+03,9.202256146343872e+03,5.882352941176471e-01,801045
9.205243978017935e+03,9.202063357179942e+03,5.882352941176471e-01,801044
9.207008683900288e+03,9.204687114593267e+03,5.882352941176471e-01,801047
9.208021687739577e+03,9.204437061150915e+03,1.176470588235294e+00,801046
9.208773389782641e+03,9.201977650498236e+03,1.764705882352941e+00,801043
9.209375262942146e+03,9.207610557059793e+03,5.882352941176471e-01,801048
9.217750315114389e+03,9.212456197467331e+03,1.764705882352941e+00,801049
9.218813463999978e+03,9.217048758117625e+03,5.882352941176471e-01,801050
9.218945548113367e+03,9.217180842231015e+03,5.882352941176471e-01,801051
9.235306399777984e+03,9.233541693895631e+03,5.882352941176471e-01,801054
9.236377213018637e+03,9.231083095371578e+03,1.764705882352941e+00,801052
9.237991625760194e+03,9.232697508113135e+03,1.764705882352941e+00,801053
9.240680299483104e+03,9.237150887718398e+03,1.176470588235294e+00,801055
9.253457821504060e+03,9.251693115621707e+03,5.882352941176471e-01,801056
9.259316690939835e+03,9.257551985057483e+03,5.882352941176471e-01,801057
9.260435568422310e+03,9.258670862539958e+03,5.882352941176471e-01,801059
9.263106351095637e+03,9.257812233448578e+03,1.764705882352941e+00,801058
9.267879949512831e+03,9.266115243630478e+03,5.882352941176471e-01,801060
9.269957929083834e+03,9.268193223201481e+03,5.882352941176471e-01,801061
9.271733841265094e+03,9.269969135382741e+03,5.882352941176471e-01,801062
9.272536214376124e+03,9.270771508493771e+03,5.882352941176471e-01,801063
9.282737169697409e+03,9.277443052050350e+03,1.764705882352941e+00,801064
9.284198351781837e+03,9.282433645899484e+03,5.882352941176471e-01,801065
9.286048608995795e+03,9.284283903113442e+03,5.882352941176471e-01,801066
9.287931342953417e+03,9.286166637071065e+03,5.882352941176471e-01,801067
9.288001293275788e+03,9.286236587393435e+03,5.882352941176471e-01,801068
9.292624933277654e+03,9.290860227395301e+03,5.882352941176471e-01,801070
9.292736730044864e+03,9.287442612397805e+03,1.764705882352941e+00,801069
9.293594548765069e+03,9.291829842882716e+03,5.882352941176471e-01,801071
9.296276605740251e+03,9.294511899857898e+03,5.882352941176471e-01,801072
9.299709922992873e+03,9.297945217110520e+03,5.882352941176471e-01,801073
9.301034458563472e+03,9.299269752681119e+03,5.882352941176471e-01,801074
9.310113538949169e+03,9.308348833066816e+03,5.882352941176471e-01,801076
9.310548688331136e+03,9.308783982448783e+03,5.882352941176471e-01,801077
9.311096626589111e+03,9.305802508942052e+03,1.764705882352941e+00,801075
9.315348893319342e+03,9.311819481554636e+03,1.176470588235294e+00,801079
9.315407656596227e+03,9.309275447816583e+03,1.764705882352941e+00,801078
9.317327845615939e+03,9.315563139733586e+03,5.882352941176471e-01,801080
9.321251590515182e+03,9.319486884632829e+03,5.882352941176471e-01,801081
9.327775886567248e+03,9.322481768920189e+03,1.764705882352941e+00,801082
9.330326145819038e+03,9.325032028171979e+03,1.764705882352941e+00,801083
9.334101157414797e+03,9.328807039767738e+03,1.764705882352941e+00,801084
9.336193327376952e+03,9.330899209729894e+03,1.764705882352941e+00,801085
9.341825390140798e+03,9.340060684258445e+03,5.882352941176471e-01,801086
9.345633393341524e+03,9.340339275694465e+03,1.764705882352941e+00,801087
9.347589176438174e+03,9.344059764673468e+03,1.176470588235294e+00,801088
9.350271694771954e+03,9.344977577124896e+03,1.764705882352941e+00,801089
9.351577494428594e+03,9.349603599677318e+03,5.882352941176471e-01,801093
9.352487066496040e+03,9.347192948848981e+03,1.764705882352941e+00,801090
9.353801106536660e+03,9.347356914691974e+03,1.764705882352941e+00,801091
9.354138572992632e+03,9.352373867110279e+03,5.882352941176471e-01,801094
9.357677631730741e+03,9.355912925848388e+03,5.882352941176471e-01,801095
9.362658656462531e+03,9.360893950580178e+03,5.882352941176471e-01,801096
9.363730699827634e+03,9.361965993945281e+03,5.882352941176471e-01,801097
9.363861741777400e+03,9.362097035895047e+03,5.882352941176471e-01,801098
9.372989452502588e+03,9.371224746620235e+03,5.882352941176471e-01,801099
9.373390288047276e+03,9.371625582164923e+03,5.882352941176471e-01,801100
9.374754158384941e+03,9.372949749522921e+03,5.882352941176471e-01,801102
9.375605742988277e+03,9.372076331223571e+03,1.176470588235294e+00,801101
9.385871911091256e+03,9.384107205208903e+03,5.882352941176471e-01,801103
9.387590214665916e+03,9.385825508783563e+03,5.882352941176471e-01,801104
9.389710574216010e+03,9.387945868333657e+03,5.882352941176471e-01,801105
9.393378150297089e+03,9.391613444414736e+03,5.882352941176471e-01,801107
9.395763927207718e+03,9.390469809560660e+03,1.764705882352941e+00,801106
9.397138072180167e+03,9.391843954533109e+03,1.764705882352941e+00,801108
9.398672267944148e+03,9.392757669717673e+03,1.764705882352941e+00,801109
9.399960166596592e+03,9.398195460714239e+03,5.882352941176471e-01,801111
9.402046822319102e+03,9.396752704672043e+03,1.764705882352941e+00,801110
9.404940560378328e+03,9.403175854495975e+03,5.882352941176471e-01,801112
9.406940743056432e+03,9.405176037174079e+03,5.882352941176471e-01,801114
9.408590340737045e+03,9.406825634854692e+03,5.882352941176471e-01,801115
9.408806946099389e+03,9.407042240217036e+03,5.882352941176471e-01,801116
9.410181093716086e+03,9.404886976069027e+03,1.764705882352941e+00,801113
9.410355046619398e+03,9.408507421891769e+03,5.882352941176471e-01,801117
9.410827278933745e+03,9.409062573051392e+03,5.882352941176471e-01,801118
9.415013576448325e+03,9.413248870565972e+03,5.882352941176471e-01,801119
9.416142534806322e+03,9.414377828923969e+03,5.882352941176471e-01,801120
9.421432570573479e+03,9.416138452926420e+03,1.764705882352941e+00,801121
9.421770529924197e+03,9.416476412277138e+03,1.764705882352941e+00,801122
9.424748101866109e+03,9.421218690101403e+03,1.176470588235294e+00,801123
9.426276417524724e+03,9.424511711642371e+03,5.882352941176471e-01,801124
9.426630179638589e+03,9.424865473756236e+03,5.882352941176471e-01,801125
9.430994288384355e+03,9.429229582502002e+03,5.882352941176471e-01,801126
9.432582772290057e+03,9.430818066407704e+03,5.882352941176471e-01,801127
9.435497194744171e+03,9.433732488861819e+03,5.882352941176471e-01,801128
9.437032757390951e+03,9.435268051508598e+03,5.882352941176471e-01,801129
9.440450134518827e+03,9.438685428636474e+03,5.882352941176471e-01,801130
9.445756396852517e+03,9.443991690970164e+03,5.882352941176471e-01,801131
9.451617145208929e+03,9.449852439326576e+03,5.882352941176471e-01,801132
9.458578412484667e+03,9.453284294837608e+03,1.764705882352941e+00,801133
9.459852031270974e+03,9.458087325388621e+03,5.882352941176471e-01,801135
9.461260853824360e+03,9.455966736177301e+03,1.764705882352941e+00,801134
9.461490013589284e+03,9.459725307706931e+03,5.882352941176471e-01,801136
9.465572895805062e+03,9.462043484040356e+03,1.176470588235294e+00,801137
9.467055939667263e+03,9.465291233784910e+03,5.882352941176471e-01,801138
9.470846085751988e+03,9.465551968104929e+03,1.764705882352941e+00,801139
9.472124729924754e+03,9.466830612277695e+03,1.764705882352941e+00,801140
9.472413556114623e+03,9.469480134091417e+03,5.882352941176471e-01,801143
9.475654141689460e+03,9.468686908830200e+03,1.764705882352941e+00,801141
9.475942967879329e+03,9.469359477616258e+03,1.764705882352941e+00,801142
9.477418847571813e+03,9.472764040294001e+03,1.176470588235294e+00,801144
9.477804139163624e+03,9.476039433281271e+03,5.882352941176471e-01,801146
9.479822863823413e+03,9.473902545519826e+03,1.764705882352941e+00,801145
9.484626977130763e+03,9.481097565366057e+03,1.176470588235294e+00,801147
9.486259637793325e+03,9.484494931910973e+03,5.882352941176471e-01,801148
9.489311485204288e+03,9.487546779321935e+03,5.882352941176471e-01,801149
9.491880020912852e+03,9.490115315030499e+03,5.882352941176471e-01,801150
9.492471635485286e+03,9.490706929602933e+03,5.882352941176471e-01,801151
9.499692607535273e+03,9.497927901652920e+03,5.882352941176471e-01,801152
9.503754477097204e+03,9.500225065332498e+03,1.176470588235294e+00,801153
9.504712726898916e+03,9.502948021016563e+03,5.882352941176471e-01,801155
9.507283888861910e+03,9.505474353474050e+03,5.882352941176471e-01,801158
9.508168635078139e+03,9.502874517431080e+03,1.764705882352941e+00,801154
9.508908314261313e+03,9.506688016373234e+03,5.882352941176471e-01,801159
9.509490967852377e+03,9.505378902496608e+03,1.176470588235294e+00,801157
9.511255673734730e+03,9.502989448589964e+03,1.764705882352941e+00,801156
9.513946295960729e+03,9.512181590078376e+03,5.882352941176471e-01,801160
9.518426865092924e+03,9.516662159210571e+03,5.882352941176471e-01,801161
9.518899182405593e+03,9.517134476523240e+03,5.882352941176471e-01,801162
9.523323330979084e+03,9.521558625096731e+03,5.882352941176471e-01,801164
9.524408796415432e+03,9.519114678768373e+03,1.764705882352941e+00,801163
9.527787412758425e+03,9.522493295111366e+03,1.764705882352941e+00,801165
9.528305466188678e+03,9.526540760306325e+03,5.882352941176471e-01,801166
9.531900958884657e+03,9.530136253002304e+03,5.882352941176471e-01,801167
9.539079832600016e+03,9.537315126717663e+03,5.882352941176471e-01,801170
9.540465685927282e+03,9.535171568280224e+03,1.764705882352941e+00,801168
9.540672739488122e+03,9.535378621841063e+03,1.764705882352941e+00,801169
9.542856427136872e+03,9.539327015372166e+03,1.176470588235294e+00,801171
9.546365256104083e+03,9.542835844339377e+03,1.176470588235294e+00,801172
9.549324742197565e+03,9.544030624550506e+03,1.764705882352941e+00,801173
9.549732906213873e+03,9.546203494449167e+03,1.176470588235294e+00,801174
9.552090178158901e+03,9.546796060511842e+03,1.764705882352941e+00,801175
9.552296605477776e+03,9.550531899595423e+03,5.882352941176471e-01,801176
9.553612611390366e+03,9.551847905508014e+03,5.882352941176471e-01,801177
9.558839578606839e+03,9.553545460959781e+03,1.764705882352941e+00,801178
9.560190989904615e+03,9.557564064433418e+03,5.882352941176471e-01,801181
9.562208988815763e+03,9.556754869612922e+03,1.764705882352941e+00,801180
9.562208988815763e+03,9.556661578139909e+03,1.764705882352941e+00,801179
9.563415754511042e+03,9.561651048628689e+03,5.882352941176471e-01,801182
9.572370420908740e+03,9.568841009144034e+03,1.176470588235294e+00,801183
9.573069898759419e+03,9.569540486994713e+03,1.176470588235294e+00,801184
9.578426566410534e+03,9.573132448763475e+03,1.764705882352941e+00,801185
9.578473241792699e+03,9.576708535910346e+03,5.882352941176471e-01,801186
9.582348309769798e+03,9.580583603887445e+03,5.882352941176471e-01,801187
9.591284564106386e+03,9.589519858224033e+03,5.882352941176471e-01,801188
9.597196481811795e+03,9.591902364164736e+03,1.764705882352941e+00,801189
9.602117178132055e+03,9.596823060484996e+03,1.764705882352941e+00,801190
9.605469498330038e+03,9.600175380682979e+03,1.764705882352941e+00,801191
9.609022661707596e+03,9.607257955825243e+03,5.882352941176471e-01,801192
9.611111877347618e+03,9.609347171465265e+03,5.882352941176471e-01,801193
9.613780411355037e+03,9.610250999590331e+03,1.176470588235294e+00,801194
9.614397378957721e+03,9.612632673075368e+03,5.882352941176471e-01,801195
9.617813867758316e+03,9.616049161875963e+03,5.882352941176471e-01,801196
9.627986011840880e+03,9.626221305958527e+03,5.882352941176471e-01,801197
9.629159874915727e+03,9.627395169033374e+03,5.882352941176471e-01,801198
9.629478948125336e+03,9.627714242242983e+03,5.882352941176471e-01,801199
9.643918892235801e+03,9.642154186353448e+03,5.882352941176471e-01,801200
9.644104779885004e+03,9.642340074002651e+03,5.882352941176471e-01,801201
9.646979097660102e+03,9.645214391777749e+03,5.882352941176471e-01,801202
9.650677808375290e+03,9.648913102492937e+03,5.882352941176471e-01,801204
9.653030311183967e+03,9.647736193536908e+03,1.764705882352941e+00,801203
9.659911565264654e+03,9.658146859382301e+03,5.882352941176471e-01,801206
9.661465255852053e+03,9.659700549969700e+03,5.882352941176471e-01,801207
9.661780431515424e+03,9.656486313868365e+03,1.764705882352941e+00,801205
9.670773333271441e+03,9.669008627389088e+03,5.882352941176471e-01,801208
9.680272160980149e+03,9.678507455097796e+03,5.882352941176471e-01,801209
9.680383002503977e+03,9.678618296621624e+03,5.882352941176471e-01,801210
9.683370869202581e+03,9.681606163320229e+03,5.882352941176471e-01,801212
9.685131005484281e+03,9.679836887837222e+03,1.764705882352941e+00,801211
9.686594177104682e+03,9.684829471222329e+03,5.882352941176471e-01,801213
9.688342600371449e+03,9.686577894489096e+03,5.882352941176471e-01,801215
9.688496220402061e+03,9.686731514519708e+03,5.882352941176471e-01,801216
9.689374108631318e+03,9.687000854160068e+03,5.882352941176471e-01,801217
9.690107306253802e+03,9.687796880705902e+03,5.882352941176471e-01,801219
9.692025632166766e+03,9.685657218909675e+03,1.764705882352941e+00,801214
9.694270979019976e+03,9.692506273137623e+03,5.882352941176471e-01,801220
9.698919439107885e+03,9.693625321460826e+03,1.764705882352941e+00,801221
9.699279944603214e+03,9.695750532838508e+03,1.176470588235294e+00,801222
9.699626936003349e+03,9.697862230120996e+03,5.882352941176471e-01,801223
9.700684144990238e+03,9.698057344926916e+03,5.882352941176471e-01,801224
9.702783772296525e+03,9.701019066414172e+03,5.882352941176471e-01,801225
9.705101224673156e+03,9.703336518790803e+03,5.882352941176471e-01,801226
9.705831957235495e+03,9.704067251353143e+03,5.882352941176471e-01,801227
9.709588340736443e+03,9.707823634854090e+03,5.882352941176471e-01,801230
9.710096666971381e+03,9.706567255206675e+03,1.176470588235294e+00,801229
9.710269036899089e+03,9.704974919252030e+03,1.764705882352941e+00,801228
9.713969370943044e+03,9.712204665060691e+03,5.882352941176471e-01,801231
9.714888497104066e+03,9.713123791221713e+03,5.882352941176471e-01,801232
9.721668592350778e+03,9.719903886468425e+03,5.882352941176471e-01,801233
9.724573617067171e+03,9.722808911184818e+03,5.882352941176471e-01,801234
9.727023785781257e+03,9.723494374016551e+03,1.176470588235294e+00,801235
9.730387959282479e+03,9.728623253400126e+03,5.882352941176471e-01,801236
9.730662710817538e+03,9.728898004935185e+03,5.882352941176471e-01,801237
9.743797605495427e+03,9.742032899613074e+03,5.882352941176471e-01,801238
9.748548039130526e+03,9.745018627365820e+03,1.176470588235294e+00,801239
9.755555452348765e+03,9.753790746466412e+03,5.882352941176471e-01,801240
9.756281894251144e+03,9.754517188368791e+03,5.882352941176471e-01,801241
9.757056140867182e+03,9.755291434984829e+03,5.882352941176471e-01,801242
9.759173158152882e+03,9.755643746388176e+03,1.176470588235294e+00,801243
9.772018196480779e+03,9.770253490598426e+03,5.882352941176471e-01,801245
9.772229683127636e+03,9.770464977245283e+03,5.882352941176471e-01,801246
9.772563527376843e+03,9.769034115612138e+03,1.176470588235294e+00,801244
9.774440299499133e+03,9.772675593616780e+03,5.882352941176471e-01,801249
9.776046934478304e+03,9.772517522713598e+03,1.176470588235294e+00,801248
9.776562030786087e+03,9.774797324903735e+03,5.882352941176471e-01,801250
9.777312314127838e+03,9.771003111644586e+03,1.764705882352941e+00,801247
9.778326736668440e+03,9.776506187606608e+03,5.882352941176471e-01,801252
9.779389943378802e+03,9.777625237496449e+03,5.882352941176471e-01,801253
9.781154649261155e+03,9.779290336563810e+03,5.882352941176471e-01,801255
9.781341052125363e+03,9.776033568539670e+03,1.764705882352941e+00,801251
9.782160651511988e+03,9.778631239747283e+03,1.176470588235294e+00,801254
9.782956828439827e+03,9.781192122557474e+03,5.882352941176471e-01,801256
9.792465373810762e+03,9.787171256163703e+03,1.764705882352941e+00,801257
9.792585112775579e+03,9.787290995128520e+03,1.764705882352941e+00,801258
9.794121001373781e+03,9.792356295491428e+03,5.882352941176471e-01,801259
9.796427269724526e+03,9.794662563842173e+03,5.882352941176471e-01,801260
9.797657695332210e+03,9.795892989449857e+03,5.882352941176471e-01,801261
9.798135530792894e+03,9.796370824910541e+03,5.882352941176471e-01,801262
9.798191975606879e+03,9.796381713054166e+03,5.882352941176471e-01,801263
9.810067381111280e+03,9.804773263464221e+03,1.764705882352941e+00,801264
9.811649194400213e+03,9.809884488517860e+03,5.882352941176471e-01,801265
9.822794812608576e+03,9.821030106726224e+03,5.882352941176471e-01,801267
9.823619842877954e+03,9.821855136995601e+03,5.882352941176471e-01,801268
9.824514224545301e+03,9.820984812780595e+03,1.176470588235294e+00,801266
9.825437578103656e+03,9.823672872221303e+03,5.882352941176471e-01,801269
9.826610626276489e+03,9.824845920394136e+03,5.882352941176471e-01,801271
9.828567791473258e+03,9.826803085590905e+03,5.882352941176471e-01,801272
9.830132418352747e+03,9.824838300705688e+03,1.764705882352941e+00,801270
9.830835618835028e+03,9.829070912952675e+03,5.882352941176471e-01,801273
9.833144638431132e+03,9.831379932548779e+03,5.882352941176471e-01,801274
9.836737437874964e+03,9.834972731992611e+03,5.882352941176471e-01,801276
9.838063740318250e+03,9.834534328553544e+03,1.176470588235294e+00,801275
9.838661592405820e+03,9.836896886523467e+03,5.882352941176471e-01,801277
9.839904578091969e+03,9.838139872209617e+03,5.882352941176471e-01,801279
9.843165800528672e+03,9.837871682881613e+03,1.764705882352941e+00,801278
9.847489077040799e+03,9.842194959393740e+03,1.764705882352941e+00,801280
9.848826663098488e+03,9.847061957216135e+03,5.882352941176471e-01,801281
9.848900606776723e+03,9.847135900894370e+03,5.882352941176471e-01,801282
9.849290472598810e+03,9.847525766716457e+03,5.882352941176471e-01,801283
9.854831087884315e+03,9.853066382001962e+03,5.882352941176471e-01,801284
9.857559653567651e+03,9.855794947685298e+03,5.882352941176471e-01,801285
9.865409364556565e+03,9.863644658674212e+03,5.882352941176471e-01,801286
9.866002376846490e+03,9.864237670964137e+03,5.882352941176471e-01,801287
9.870880446857350e+03,9.869115740974997e+03,5.882352941176471e-01,801289
9.871498891923332e+03,9.869734186040979e+03,5.882352941176471e-01,801290
9.872500872785406e+03,9.867206755138347e+03,1.764705882352941e+00,801288
9.875497443639971e+03,9.873732737757618e+03,5.882352941176471e-01,801291
9.882753526156784e+03,9.880988820274431e+03,5.882352941176471e-01,801292
9.885259534085303e+03,9.883494828202950e+03,5.882352941176471e-01,801293
9.889332779858620e+03,9.887568073976267e+03,5.882352941176471e-01,801294
9.889527781543592e+03,9.887763075661239e+03,5.882352941176471e-01,801295
9.892546037605293e+03,9.890781331722941e+03,5.882352941176471e-01,801296
9.901779391117011e+03,9.900014685234658e+03,5.882352941176471e-01,801297
9.906298218294635e+03,9.904533512412282e+03,5.882352941176471e-01,801298
9.909645678951972e+03,9.907880973069619e+03,5.882352941176471e-01,801300
9.909937368940283e+03,9.904643251293224e+03,1.764705882352941e+00,801299
9.913897920247655e+03,9.908603802600596e+03,1.764705882352941e+00,801301
9.914530995790078e+03,9.912766289907725e+03,5.882352941176471e-01,801302
9.920313891500076e+03,9.915019773853017e+03,1.764705882352941e+00,801303
9.921175478191843e+03,9.918854490549168e+03,5.882352941176471e-01,801306
9.922509390728312e+03,9.920206720770978e+03,5.882352941176471e-01,801309
9.922509390728312e+03,9.920017618837992e+03,5.882352941176471e-01,801308
9.925578854866078e+03,9.918060083709726e+03,1.764705882352941e+00,801305
9.925578854866078e+03,9.917646066427137e+03,1.764705882352941e+00,801304
9.926038802493018e+03,9.919955973286238e+03,1.764705882352941e+00,801307
9.927496876624078e+03,9.922803277504406e+03,5.882352941176471e-01,801310
9.927496876624078e+03,9.923236322190826e+03,5.882352941176471e-01,801311
9.927496876624078e+03,9.925091628906483e+03,5.882352941176471e-01,801312
9.931329803861682e+03,9.929565097979329e+03,5.882352941176471e-01,801313
9.934720053919084e+03,9.932955348036731e+03,5.882352941176471e-01,801314
9.942164747013883e+03,9.936870629366825e+03,1.764705882352941e+00,801315
9.942795284961600e+03,9.941030579079247e+03,5.882352941176471e-01,801317
9.944018815569939e+03,9.941679364173263e+03,5.882352941176471e-01,801319
9.944559990843953e+03,9.940578766478936e+03,1.176470588235294e+00,801316
9.945783521452292e+03,9.943848027334885e+03,5.882352941176471e-01,801320
9.947233938731392e+03,9.945469232849039e+03,5.882352941176471e-01,801321
9.947548227334645e+03,9.941057250045462e+03,1.764705882352941e+00,801318
9.951308952051066e+03,9.949544246168713e+03,5.882352941176471e-01,801322
9.954496869642389e+03,9.952732163760036e+03,5.882352941176471e-01,801325
9.956062285811257e+03,9.950768168164199e+03,1.764705882352941e+00,801323
9.956261575524742e+03,9.952034040512562e+03,1.176470588235294e+00,801324
9.959092864041974e+03,9.953105708054808e+03,1.764705882352941e+00,801326
9.960379475369654e+03,9.958614769487301e+03,5.882352941176471e-01,801328
9.961586646930068e+03,9.959821941047715e+03,5.882352941176471e-01,801329
9.963752014588540e+03,9.958457896941482e+03,1.764705882352941e+00,801327
9.967175058105573e+03,9.961880940458514e+03,1.764705882352941e+00,801330
9.979474259182632e+03,9.974180141535573e+03,1.764705882352941e+00,801331
9.980203491706871e+03,9.978438785824518e+03,5.882352941176471e-01,801332
9.985311122445698e+03,9.983546416563345e+03,5.882352941176471e-01,801333
9.990542003958158e+03,9.988777298075805e+03,5.882352941176471e-01,801335
9.991413664351951e+03,9.986119546704892e+03,1.764705882352941e+00,801334
9.995061488798349e+03,9.993296782915996e+03,5.882352941176471e-01,801337
9.997419200325723e+03,9.992125082678665e+03,1.764705882352941e+00,801336
